    3.11218
    2.91122
   0.499978
    1.12588
    2.93992
    2.54722
    1.56648
    2.40998
   0.602839
   0.179468
    3.37166
    2.15942
 -0.0444631
  -0.103655
   0.179109
   0.702301
   0.688435
   -0.19674
  -0.320857
   0.174273
    0.35834
   -0.26959
  -0.318403
   -0.32434
 -0.0873625
   0.506195
   0.560481
   0.180494
   0.234099
  -0.564269
  -0.270464
   0.393379
   0.274259
  -0.165593
  0.0650818
  -0.368818
  -0.420587
  -0.228312
   0.108171
  -0.387959
 -0.0972221
   0.423162
  -0.676625
   -0.30805
   0.355797
   0.138519
 -0.0138197
  -0.401539
   -0.11068
  -0.537596
  -0.364983
  -0.294523
   0.111464
  -0.132426
  -0.123626
  -0.425393
  0.0822457
  -0.247968
  -0.304268
  -0.182111
  -0.355198
   -0.11742
  -0.360368
  -0.215924
  -0.193593
  -0.355128
   0.102359
  -0.355082
  -0.325881
   -0.34138
  -0.234599
   -0.27989
  0.0540786
   0.063037
  -0.175714
  -0.359156
  -0.179977
  -0.247043
  -0.189953
  -0.529898
  -0.342655
  0.0536613
     0.1365
  -0.178767
  -0.387055
  -0.316393
  -0.259113
   0.148225
  -0.119796
  -0.365323
  -0.178017
  -0.144039
  -0.303675
  -0.124356
   0.243876
  -0.210441
   0.119781
   0.050459
  -0.364429
  -0.329878
  0.0422972
   0.150184
   0.145394
  -0.362904
  -0.257666
   0.140846
  -0.267061
  0.0505326
  -0.193206
   -0.21428
  -0.349673
  0.0950334
   0.105862
   -0.31178
  -0.369846
  -0.333849
  -0.364798
  -0.295356
  -0.298408
   -0.29392
  -0.345251
  -0.356562
  -0.344302
  -0.264739
  -0.327192
  -0.338287
   0.373633
   0.631698
    2.14833
   0.183116
  -0.341177
   0.718339
    0.76122
   0.134627
   0.188249
    1.29116
  -0.121085
  -0.207133
    1.53653
   0.553583
   -0.30083
  -0.268114
 -0.0272395
  -0.275274
   0.194731
   0.106361
  -0.147315
  -0.197096
 -0.0574087
  -0.305252
  -0.310459
  -0.529616
  -0.579841
 -0.0529893
  -0.275801
  -0.356973
   0.111864
  0.0578217
  -0.325794
   0.335873
  -0.295375
   0.365343
   0.228441
  -0.268783
   0.197358
  -0.125821
  -0.220295
  -0.265416
  -0.150246
  -0.151554
  -0.202984
  -0.302613
  -0.232124
   -0.30663
   0.262001
   0.197354
  -0.281036
  -0.262209
  -0.380099
  -0.215652
  -0.229936
  -0.408127
  -0.372301
  -0.341282
  -0.367909
  -0.394153
   0.106339
  -0.385982
  -0.317905
  -0.113141
  -0.330505
  -0.333314
 -0.0835931
  0.0645009
  -0.252888
  0.0678534
  -0.369272
  -0.359388
  -0.125917
  -0.379775
  -0.379003
  -0.301104
  -0.403919
  -0.394198
  -0.377409
  -0.385609
    2.41616
    1.04498
  0.0204056
    1.66612
   0.175326
 0.00694775
    1.20052
  -0.339422
   0.469354
   0.342635
  -0.320711
  -0.261261
   0.476808
  0.0359618
-0.00517828
  -0.238664
  -0.241647
  -0.340502
  -0.205856
  -0.408099
  -0.333577
-0.00374763
   0.277631
  -0.294181
  -0.115876
  -0.178827
  -0.346348
  -0.209356
  -0.300681
 -0.0432213
  -0.169688
  -0.159988
  -0.195096
  -0.250992
   -0.27659
 -0.0317361
  -0.275629
  -0.333947
   -0.30593
  -0.154484
   -0.33896
  -0.315962
  -0.328998
  -0.348813
  -0.332066
  -0.321843
  -0.363698
  -0.329683
  -0.235823
   -0.33002
  -0.337537
  -0.345399
  -0.321155
  -0.334054
  -0.319785