-0.993816
 -1.03634
-0.986906
 -1.84353
 -0.93268
 -1.13611
 -1.66182
 -1.15522
-0.997535
-0.952685
 -1.07683
 -1.28102
 -1.25394
 -1.09539
 -1.32961
 -1.50847
 -1.59617
-0.507411
  -1.1511
 -1.10093
 -1.05342
 -1.22229
-0.486843
-0.948844
-0.697075
-0.942951
-0.895137
-0.777157
 -1.07126
-0.888208
-0.741788
 -1.58677
-0.562745
 -1.66273
-0.587113
-0.558654
 -1.01751
-0.656444
 -1.31357
-0.698209
 -1.07695
-0.809913
 -1.41388
 -1.24777
-0.742518
 -1.47928
-0.996121
-0.611752
 -1.01212
-0.661564
-0.770598
-0.787884
 -1.18085
 -1.57558
-0.604135
-0.701965
-0.906786
-0.533698
-0.752946
  -1.6208
 -1.12393
 -1.34842
-0.816325
 -0.83024
-0.978321
-0.806704
 -0.79451
-0.997158
 -1.69317
 -1.70401
   -1.263
  -1.3941
 -1.32586
 -1.63342
 -1.00147
-0.797423
 -1.51364
 -1.18918
-0.632759
 -1.04126
 -1.38647
 -1.10157
 -1.02346
-0.875496
-0.509424
-0.993283
-0.750221
-0.848037
-0.704859
 -1.67796
 -2.36883
 -1.15244
 -1.36808
 -1.17748
-0.734071
-0.671067
   -1.253
 -2.24991
-0.525588
 -0.86696
 -1.43663
-0.875699
-0.645196
 -1.11484
-0.663744
-0.917206
-0.719698
-0.874612
-0.791367
 -1.66762
-0.966853
 -1.44311
 -1.49909
-0.748483
  -1.0821
-0.726969
-0.370267
-0.823422
 -1.36501
 -1.13653
 -1.11144
 -1.39241
 -1.20068
 -1.09144
-0.651816
-0.622424
 -1.70612
 -1.04009
 -1.16307
 -1.13263
 -1.22281
 -1.10266
-0.705245
-0.888783
 -1.36739
-0.715927
-0.835205
-0.780315
-0.805951
-0.972425
 -0.76682
-0.865904
-0.622921
 -1.25451
-0.540358
 -1.10104
 -1.35843
-0.808372
-0.958187
-0.886855
-0.683808
-0.605737
-0.544797
-0.757551
 -1.43313
-0.885365
 -1.33592
 -1.36613
 -1.06699
 -1.31483
 -1.32782
-0.920524
-0.820788
 -1.06101
-0.826874
-0.587499
 -1.16577
 -1.16617
-0.906586
 -1.53452
-0.731439
-0.947659
 -1.08344
 -1.27306
-0.706245
 -1.11435
-0.832618
 -1.02405
-0.957813
 -1.53614
-0.873045
 -1.01061
-0.546046
 -1.01367
 -1.29574
 -1.31128
  -1.0251
-0.859197
 -1.50122
-0.683264
-0.971707
 -1.01084
  -1.1221
 -1.04066
 -1.57968
-0.605628
-0.776693
 -1.58587
-0.719584
-0.895502
 -1.08944
 -1.27676
-0.947903
 -1.45406
 -1.43901
-0.916705
-0.831132
-0.674305
 -1.54918
 -1.68555
 -1.14172
 -1.18126
  -1.0145
 -1.02957
-0.768934
 -1.35472
 -1.04701
-0.781435
-0.905224
-0.976666
 -1.79176
 -1.38915
 -1.68406
-0.407976
-0.941109
-0.541514
-0.952036
-0.984631
 -1.13831
-0.851687
 -1.50721
-0.642202
  -1.0437
 -1.01548
 -0.91261
-0.871668
  -1.2523
-0.662522
-0.918709
  -0.5685
-0.980037
-0.963676
  -1.2102
-0.787128
 -1.18454
-0.749306
 -1.10593
-0.920203
-0.669257
-0.849286
-0.583473
 -0.76151
 -1.04074
-0.798269
-0.767322
 -1.25754
 -1.02886
 -1.12832
 -1.23583
  -1.2614
-0.744567
 -1.01501
-0.811023
 -1.62591
-0.830998
 -1.34862
 -1.16043
  -1.1188
  -1.0967
 -1.03501
 -1.45254
 -1.24089
-0.780961
-0.814437
 -0.56672
-0.961585
-0.736515
-0.942638
-0.808096
-0.881141
 -1.00192
-0.724204
-0.693697
-0.653544
 -1.25913
-0.750858
 -1.21851
-0.857935
 -1.50574
 -1.11197
 -0.69501
 -0.87398
 -1.81412
-0.777512
 -1.06134
  -1.2069
 -1.59369
 -1.22601
-0.839365
-0.441886
  -1.0929
 -1.62476
  -0.6543
-0.688225
-0.991691
-0.552162
-0.986374
-0.957909
  -1.3208
 -1.11373
 -0.59517
 -1.74303
 -1.20275
 -1.15189
 -1.09369
-0.669949
-0.712841
-0.713628
-0.696105
 -1.36436
 -0.97753
 -1.57591
 -1.61956
-0.804432
 -1.69641
-0.856622
 -1.24456
-0.692588
-0.570057
-0.680093
 -0.84377
 -1.21587
-0.908282
-0.796719
 -1.15968
-0.841688
 -1.20321
  -1.0177
 -1.29711
-0.597137
-0.696738
 -1.00503
-0.629403
-0.576773
 -1.28291
  -1.7128
-0.644152
 -1.17344
 -1.05095
-0.865673
-0.998891
-0.656051
-0.716207
 -1.00787
 -1.15659
 -1.50232
-0.715246
 -2.00559
 -1.41618
-0.825707
-0.952177
 -1.57658
-0.769089
 -1.92707
-0.908476
-0.827484
  -1.0682
 -1.30042
-0.846702
-0.566804
-0.915259
 -1.15882
 -1.20435
 -1.12252
-0.908493
 -1.05369
 -1.24267
  -1.1122
 -1.36571
-0.928585
-0.560616
-0.723673
  -1.0704
-0.900933
 -1.28802
 -1.19248
-0.917464
-0.832332
 -1.28058
-0.814865
 -0.73332
-0.983217
 -0.84437
-0.840725
-0.482867
 -1.01906
 -1.33849
 -1.40445
 -1.05399
 -1.15557
  -1.0541
-0.491067
-0.710491
 -1.00082
 -1.20279
-0.817076
-0.874129
-0.783835
 -1.49963
 -1.42959
 -1.27012
-0.847102
 -1.20938
 -1.39107
-0.902424
 -1.06192
-0.917822
-0.857726
 -1.15467
-0.645538
 -1.18727
 -1.44107
 -1.21506
-0.938373
 -1.05233
 -1.32438
-0.966326
-0.439297
 -1.35275
-0.575012
  -1.2836
-0.830605
  -1.0667
-0.766214
 -1.03924
-0.995458
 -1.56187
-0.492713
 -1.18421
-0.910703
 -1.49098
-0.703393
-0.944344
 -1.05064
 -1.36585
 -0.83954
-0.781419
 -1.37462
 -1.42268
-0.847748
 -1.03436
 -1.12817
 -1.15179
 -1.16047
  -1.2722
-0.783894
 -1.66479
 -1.31759
-0.751542
-0.754191
 -1.09374
 -2.19944
 -0.57329
 -0.43497
 -1.13636
 -1.04608
 -1.06153
-0.653986
 -1.30989
 -0.57626
-0.536333
-0.841094
-0.622607
-0.928482
-0.997845
-0.611202
-0.934485
 -1.11157
-0.868193
 -1.10225
-0.722929
-0.565088
-0.345377
-0.599535
 -1.01265
 -1.04135
-0.724872
-0.889947
-0.800093
 -1.34369
-0.998027
-0.726777
 -1.49096
 -1.10607
 -1.14189
 -1.36321
-0.673562
-0.630052
-0.727625
-0.997513
 -1.09467
 -1.53715
 -1.09766
 -1.22296
-0.669422
-0.657381
 -1.16553
-0.888769
-0.878124
-0.937611
 -1.52092
-0.429482