     4.53788
     2.06359
    0.517112
     1.76109
     1.50235
     2.22191
   0.0786913
     1.06791
     0.77054
     2.20639
    0.655874
  -0.0404657
     2.48164
 -0.00687212
   -0.103908
   0.0634547
     0.70779
  -0.0226201
    0.594941
     0.09874
   0.0938356
    0.237688
    0.141678
    0.690381
    -0.16052
   0.0751525
   -0.209609
    0.025946
   0.0238078
   0.0695733
   -0.156308
    0.114052
   -0.253991
  -0.0374667
   0.0294273
  -0.0528933
    0.345274
   -0.133521
  -0.0692177
   -0.252826
   -0.122443
    0.278796
   -0.165838
  -0.0191795
   -0.071539
  -0.0215631
  -0.0109676
    0.258902
  -0.0141845
   0.0966353
    0.068364
  -0.0427998
    0.111127
    0.383913
    0.111142
     0.06287
   -0.195548
   0.0729168
  -0.0840806
  -0.0280181
   -0.103289
 -0.00528192
  -0.0454447
   0.0064727
   0.0939571
   -0.154891
    -0.16892
  -0.0638237
    0.121685
     0.24711
    0.307538
  -0.0156798
   0.0383797
    0.343952
   -0.121512
   -0.116001
   0.0448008
  -0.0698864
   -0.123222
    0.216929
    0.063587
  -0.0180103
  -0.0824602
    0.339851
    -0.14182
   -0.124523
   -0.141198
   0.0127695
   -0.105366
   -0.131396
  -0.0153485
  -0.0255341
   -0.192322
  -0.0732256
    -0.03313
   -0.113197
   -0.132614
  -0.0500552
  -0.0958138
  -0.0483857
   -0.102036
   -0.102926
    0.113967
  -0.0402751
  -0.0986973
  -0.0863954
   -0.115732
  -0.0400883
    0.039241
  -0.0329307
  -0.0964609
 -0.00243762
    0.115568
 -0.00633472
   -0.108202
    -0.16146
  -0.0848873
    0.112144
  -0.0108094
   -0.128205
  -0.0845782
   -0.111988
  -0.0847376
   -0.115892
    0.117561
     0.16902
  -0.0610055
  -0.0595079
  -0.0408666
   -0.038391
  -0.0611431
  -0.0657881
  -0.0604373
  -0.0441583
    0.199857
   -0.109118
  -0.0718322
  -0.0491806
  -0.0726355
  -0.0793324
  -0.0580681
  -0.0718129
  -0.0656168
   -0.116324
  -0.0270224
  -0.0395842
  -0.0252017
  -0.0675214
   -0.122125
    0.204039
  -0.0862017
  -0.0856043
   -0.197069
   -0.105466
  -0.0924142
   -0.135835
  -0.0877639
  -0.0654527
   -0.023419
   -0.114086
  -0.0822623
  -0.0499004
  -0.0264857
-0.000119896
  -0.0558188
   -0.114098
  -0.0663474
   -0.141466
   -0.090515
   0.0964509
  -0.0807676
  -0.0598586
  -0.0689159
   -0.125516
  0.00818602
   -0.149698
  -0.0635347
   -0.119372
    -0.12106
   -0.068851
   -0.110414
   -0.118932
  -0.0993925
   -0.102869
    0.186677
   -0.104779
   -0.112669
  -0.0476953
   -0.101348
   -0.132603
   -0.108606
  -0.0688907
  -0.0717024
   -0.116954
    0.103541
   -0.119062
    -0.11213
  -0.0755377
   -0.104665
  -0.0530807
    -0.10707
    -0.10042
   -0.130709
  -0.0657008
  -0.0946817
   -0.124002
  -0.0946935
   -0.110976
     0.13246
  -0.0792936
  -0.0960398
  -0.0926794
  -0.0446148
  -0.0799515
  -0.0234058
  -0.0961593
   0.0558359
   -0.111432
  -0.0348864
  0.00348722
  -0.0463401
   -0.113078
   -0.113219
   -0.061609
   -0.100064
   -0.107876
  -0.0833839
  -0.0522789
  -0.0419499
   -0.118436
    0.157601
  -0.0784811
   -0.118319
  -0.0899956
  -0.0966326
   -0.107135
 -0.00743313
   -0.113489
   -0.122152
  -0.0958179
   -0.103556
   -0.118452
   -0.118828
   -0.100528
   -0.116019
  -0.0812279
   -0.114552
   -0.109716
  -0.0441114
  -0.0882382
  -0.0583724
   -0.104753
  -0.0391733
    -0.12097
  -0.0693191
  -0.0727748
  -0.0874032
   -0.111502
   -0.117926
  -0.0600774
    0.109399
  -0.0834511
   0.0555833
  -0.0431426
   -0.118564
   -0.107557
  -0.0123932
  -0.0812483
   -0.110748
   -0.071572
   -0.114088
   -0.119729
   -0.110368
  -0.0966437
   -0.108017
   -0.120244
   -0.105496
   -0.104052
   -0.116961
   -0.159852
  -0.0823109
   -0.107323
   -0.115705
   -0.101557
  -0.0989711
   -0.100559
  -0.0845451
   -0.105979
   -0.122021
    -0.12583
   -0.108753
  -0.0881841
   -0.116401
  -0.0251754
   -0.111536
   -0.116895
   -0.125843
  -0.0467528
  -0.0779137
  -0.0941108
   -0.118212
   -0.105165
   -0.111118
   0.0573573
   -0.111793
  -0.0752964
   -0.115191
   -0.117634
   -0.116901
  -0.0999518
   -0.107706
   -0.106443
      -0.112
  -0.0702821
   -0.110581
   -0.114919
  -0.0789588
    -0.12313
   -0.135849
    -0.11897
   -0.127953
   -0.121357
    -0.11007
   -0.119978
   -0.116302
  -0.0884723
  -0.0460201
    -0.10165
   -0.157555
   -0.113419
    -0.11822
     -0.1002
   -0.114914
   -0.108985
     -0.1149
  -0.0982888
    -0.10699
   -0.109626
   -0.125285
    -0.13425
   -0.129402
   -0.119265
   -0.107737
   -0.114026
   -0.129961
   -0.111075
   -0.114383
   -0.118342
   -0.104282
    -0.13031
   -0.129175
   -0.121716
   -0.110974
   -0.116705
   -0.125417
   -0.116263
   -0.114536
   -0.110033
   -0.113728
   -0.108311
   -0.117253
   -0.122736
  -0.0833552
   -0.111094
   -0.096312
   -0.119847
  -0.0990172
   -0.125518
   -0.107266
  -0.0927322
   -0.110652
  -0.0992272
  -0.0705831
   -0.116664
   -0.123106
   -0.111715
   -0.112842
   -0.113962
  -0.0998151
   -0.117796
   -0.116159
   -0.104021
   -0.123048
  -0.0925861
   -0.125343
    -0.10105
   -0.101481
   -0.115268
   -0.113653
   -0.111721
   -0.124219
   -0.147961
 -0.00179197
    -0.15289
    -0.15449
   -0.167374
    0.232588
    0.798559
     1.55438
     1.32157
    0.499947
     2.36371
     2.31985
    0.348649
    0.331053
     1.15414
    0.638995
     1.34176
    0.286826
   0.0338251
    0.320204
    0.408785
    0.935853
   0.0703794
   0.0994279
     0.21027
  0.00823372
    0.307238
   -0.107533
     1.03089
   0.0351859
   0.0373073
   0.0449713
    0.405853
  -0.0274558
  -0.0480475
     0.41548
    0.393441
   0.0237091
  -0.0706446
  -0.0830585
    0.306987
    0.130945
  -0.0021863
  -0.0330034
   0.0290891
    0.119995
   -0.101901
   -0.115627
   -0.164876
  -0.0406327
   0.0283983
    0.200124
   0.0521062
   0.0520909
    0.145208
   0.0632361
    0.241236
    0.369817
  -0.0808361
   0.0631387
   0.0454626
  -0.0945705
   0.0659945
  -0.0749386
  -0.0907459
   0.0643565
  0.00516225
   0.0361923
   0.0369416
    0.116728
  -0.0319327
  -0.0623497
  -0.0605813
   0.0352544
  -0.0876161
 -0.00973656
  -0.0398002
 -0.00494753
    0.134181
    0.255245
  0.00125971
  -0.0267716
   -0.163893
   -0.011728
   0.0843602
  -0.0496747
   -0.063058
     -0.1182
    0.023887
    -0.16891
    0.122953
  -0.0789002
    0.160107
   0.0109275
    0.135421
  -0.0588996
  -0.0502831
  -0.0253755
  -0.0246023
  -0.0241707
   0.0166223
  -0.0312535
  -0.0678887
  -0.0718427
   -0.069959
  -0.0905242
  -0.0274874
 -0.00968347
  -0.0707109
   0.0228731
    0.115204
   0.0250979
   0.0198559
  -0.0335894
    0.406493
   0.0203831
   0.0226217
   0.0670303
   0.0404201
   -0.045539
   0.0490103
   0.0178238
    0.022632
   0.0200306
  -0.0462763
  -0.0519437
   -0.049897
  -0.0186774
 -0.00222147
  -0.0583913
  -0.0163106
  -0.0404483
  -0.0311358
  0.00547557
   -0.035884
   0.0047604
   0.0110061
  -0.0636153
   0.0111619
   0.0575126
  -0.0658587
  -0.0312029
  -0.0707007
   -0.033775
  -0.0724695
  -0.0640805
   0.0469392
    0.264985
   0.0190475
  -0.0652608
   0.0775026
  -0.0107137
 -0.00458651
  -0.0239832
  0.00542349
  -0.0671404
  -0.0798629
   -0.072135
 -0.00593443
 -0.00638991
   0.0556555
   -0.113152
 -0.00506403
    0.004536
  0.00993567
  -0.0684869
  -0.0622222
   0.0809821
  -0.0119616
   0.0843802
  -0.0341065
 -0.00509046
  0.00343958
   0.0230449
  -0.0804543
   0.0620238
   0.0308554
  -0.0595318
  -0.0685594
  -0.0566969
  -0.0589541
  -0.0286425
  -0.0741825
  -0.0677107
   0.0122209
   0.0230011
  -0.0202983
  -0.0630746
   0.0526346
  -0.0586485
  -0.0611261
  -0.0784847
  -0.0603653
  -0.0198613
   0.0475018
   0.0186694
   0.0268866
  0.00409512
 -0.00346526
   0.0637105
  -0.0006391
  -0.0361458
   0.0358904
   0.0216732
  -0.0213772
  -0.0367044
  -0.0611929
  -0.0733253
  -0.0641832
  0.00280102
  -0.0642052
  -0.0763851
  -0.0140464
-0.000687633
 -0.00842592
  -0.0303582
  -0.0821814
  -0.0761844
  -0.0253359
  -0.0734146
  -0.0135174
  -0.0287071
  -0.0735397
  -0.0581916
-0.000130278
  -0.0611199
  -0.0273684
   0.0564295
  -0.0751867
  -0.0625873
  -0.0805762
  -0.0613558
  -0.0327099
  -0.0604668
   -0.046681
  -0.0436639
  -0.0911347
  -0.0181304
  -0.0613658
  -0.0376618
  -0.0729123
  -0.0477358
  -0.0428832
  -0.0718352
 -0.00286509
  -0.0806974
  -0.0717706
  -0.0707941
   -0.063605
  -0.0839835
  -0.0407865
  -0.0675337
  -0.0798668
   -0.078591
   0.0293356
   -0.081511
  -0.0718326
  -0.0854177
  -0.0716554
 -0.00307152
  -0.0557118
  -0.0629989
  -0.0268887
  -0.0311281
  -0.0892201
  -0.0323103
  -0.0659798
  -0.0546742
  -0.0767442
  -0.0803149
  -0.0636018
   0.0104756
  -0.0656894
  -0.0633741
  -0.0772813
  -0.0200191
  -0.0659924
  -0.0706431
  -0.0230505
  -0.0599251
  -0.0704612
    0.020005
   -0.076803
   -0.022986
  -0.0688538
  -0.0755206
   -0.085154
   -0.080761
  -0.0379872
 -0.00232985
  -0.0673227
  -0.0631704
  -0.0559998
  -0.0609386
  -0.0630509
  -0.0686338
   -0.033625
  -0.0609714
  -0.0728241
  -0.0223638
  -0.0809386
  -0.0688578
  -0.0777221
  -0.0785705
  -0.0612717
  -0.0607112
  -0.0675578
  -0.0521878
  -0.0796879
  -0.0764117
  -0.0120448
  -0.0425761
    0.040498
   0.0355049
  -0.0609655
  -0.0140051
  -0.0695038
   -0.127713
  -0.0628142
  -0.0690166
   0.0123082
  -0.0590194
  -0.0644049
  -0.0693449
   -0.076496
  -0.0716417
   -0.057625
  -0.0629794
  -0.0747642
  -0.0202629
  -0.0648195
  -0.0629118
   -0.077691
  -0.0819154
  -0.0707239
  -0.0652325
  -0.0666506
  -0.0659161
  -0.0609711
   -0.064779
  -0.0691784
  -0.0666345
  -0.0703949
  -0.0806185
  -0.0812363
  -0.0703309
  -0.0742839
  -0.0822751
  -0.0538772
  -0.0683748
  -0.0732952
  -0.0670459
  -0.0719177
  -0.0566403
    -0.08041
  -0.0728457
  -0.0670074
  -0.0629535
 -0.00675923
  -0.0557393
  -0.0668523
  -0.0736242
  -0.0862378
  -0.0700015
  -0.0722246
  -0.0715269
  -0.0630427
  -0.0665311
  -0.0730351
  -0.0780379
  -0.0737414
   -0.107094
   -0.119882
   -0.116491
    -0.11475
   -0.111297
   -0.102939
   -0.117561
   -0.117087
   -0.113954
   -0.115621
   -0.117377
    0.518932
    0.680384
     1.05329
    0.575028
    0.467423
     1.20125
   0.0118538
    0.649995
   -0.103985
  -0.0827862
   0.0301832
   0.0606859
  -0.0795372
  -0.0497065
    0.491721
  -0.0649282
    0.387895
     0.14753
   0.0323682
   0.0778782
  -0.0678905
   0.0988705
    0.214627
   -0.109277
   0.0737113
  -0.0502158
  -0.0516962
  -0.0625576
   -0.073459
 -0.00383637
   0.0457206
   -0.103803
  -0.0798175
   0.0358937
   0.0521495
  -0.0343596
   -0.050183
  -0.0984617
  -0.0330583
   0.0306304
  -0.0702276
  0.00187221
   0.0541476
  -0.0657437
  -0.0635572
  -0.0124235
  -0.0745738
   -0.267868
   -0.157052
   -0.108692
 -0.00977356
     0.02656
    0.180052
    0.300421
  0.00691132
   -0.108156
  -0.0785822
  -0.0625747
  -0.0983035
  0.00144018
   -0.042641
  -0.0177056
   0.0526528
   -0.108576
   -0.105051
    -0.11081
   -0.109085
  -0.0551834
    -0.11507
   -0.116334
   0.0205267
  -0.0214178
    0.120163
   -0.110989
   0.0178657
  -0.0769786
   -0.129026
  -0.0232037
  -0.0566963
   0.0235644
  -0.0648179
   -0.100554
   0.0123912
  -0.0545997
   -0.050589
   -0.101575
  -0.0192106
  -0.0113096
  -0.0103881
   -0.109313
   -0.065425
   0.0152835
   -0.102013
  -0.0115424
  -0.0156655
  -0.0992576
  -0.0697893
 -0.00805174
   -0.108209
  -0.0689977
  -0.0406545
  -0.0929815
   -0.118003
  -0.0131038
  -0.0688809
   -0.067666
  0.00517189
  -0.0939845
   -0.151679
  -0.0827772
  -0.0944302
 -0.00714857
  -0.0764449
  -0.0980381
   -0.103536
  -0.0597522
  -0.0997733
  -0.0983098
  -0.0573373
   -0.108669
   -0.108221
  -0.0811293
   -0.105902
   -0.116457
   -0.145974
  -0.0315395
   -0.113777
  -0.0679524
   -0.104318
   -0.100195
   -0.101196
   -0.102748
   -0.114349
   -0.102404
  -0.0393149
  -0.0683091
   -0.106804
   -0.101888
  -0.0896243
   -0.116318
   -0.103267
  -0.0925085
  -0.0944021
   -0.112725
    -0.10031
  -0.0995343
  -0.0672148
  -0.0725504
   -0.095304
   -0.102142
   -0.100534
   -0.108831
   -0.156048
  -0.0998137
   -0.105138
   -0.106273
   -0.107036
  -0.0959763
   -0.108452
  -0.0925595
   -0.106172
  -0.0922193
  -0.0881773
  -0.0718155
   -0.109457
    -0.11255
   -0.111852
   -0.111329
  -0.0979826
   -0.116135
  -0.0874691
   -0.102981
  -0.0964625
  -0.0881155
   -0.109241
   -0.102393
   -0.153864
   -0.142648
    -0.13887
   -0.155819