   0.0442783   -0.0216498     -0.20018     0.051763
  -0.0289102     0.309604    -0.151266    0.0640754
 0.000299338    -0.112013    0.0551927   -0.0232336
  -0.0682504    -0.136207   -0.0163944   -0.0501118
  -0.0815777    -0.173222    -0.168594   -0.0078587
  -0.0499791   0.00596737    0.0396837    0.0213834
  -0.0746764  -0.00343888    0.0150422     0.081284
  -0.0366732    -0.354643     0.107723     0.108275
   -0.126268     -0.16069   -0.0598512   -0.0926777
   0.0821908    0.0776039   -0.0462429   0.00955366
   -0.141558    -0.213615     0.167257    0.0155803
   0.0169435     0.253699     0.182758    0.0280406
  -0.0583726   -0.0288799    -0.132014    0.0226857
  -0.0671913    -0.360816   -0.0173755    -0.122858
  -0.0640922    -0.110569     0.187185    0.0449886
   0.0463595    0.0119682  0.000624719   -0.0617767
  -0.0437249    0.0886694    0.0680881     0.130362
  -0.0316883     0.202784     0.174201    -0.118706
  -0.0319985  -0.00554793    -0.132727    0.0329283
   0.0416306     0.136771    -0.171361   -0.0362892
 0.000168118    -0.262781   -0.0886388     0.122952
  -0.0411225    0.0764765      0.06627    0.0746282
  -0.0648418    -0.237326     0.127042    0.0687189
  -0.0119926     0.066922    -0.118625    0.0549461
   -0.180503    -0.235857     0.571941    -0.105833
  -0.0255219    0.0180083     0.183921 -0.000827743
   0.0582744      -0.0219     0.121374    0.0482166
  -0.0854982   -0.0336163    0.0990135   -0.0519425
  -0.0581448    -0.414472      -0.1399    0.0483409
   -0.108119    0.0654772   -0.0896601    0.0208954
  -0.0148733   -0.0415094   -0.0940562    0.0559433
   0.0168094   -0.0385171    -0.186242    0.0342913
  -0.0659762     0.089184   0.00576832    0.0113019
  -0.0493527   -0.0595522     0.100267   -0.0130643
   0.0722771     0.106453   -0.0571081     0.135576
  -0.0579979    -0.164388     0.271156     0.123422
  -0.0320551  -0.00272428   -0.0406363    0.0813837
   0.0452848    0.0743259  -0.00575737      0.18315
   -0.110194    -0.173979    0.0439382    0.0585395
   0.0547651   -0.0140877    0.0640853    0.0548372
  -0.0250759    -0.276424  -0.00088223     -0.02902
    -0.14148    -0.451854     0.026675     0.060533
  -0.0545825    -0.196255   0.00669383    0.0110896
  -0.0839192   -0.0763897    0.0223522  0.000762666
   -0.126895    -0.152052     0.124386     0.106579
  -0.0496132    -0.317064   -0.0849973     0.100631
  -0.0122286    -0.256347     0.170086   -0.0838565
  -0.0846554    -0.248669   -0.0195958    0.0481367
  -0.0717892    0.0519816    0.0923822    -0.101511
   -0.126862    0.0638967     0.032515    0.0837357
   0.0451339      0.12473     0.150527     0.113059
  -0.0306384     0.046877     0.192038    0.0146498
  -0.0805006    -0.104947    -0.173746    0.0535962
  -0.0265522   -0.0933021   -0.0823643   -0.0370766
  -0.0116675   -0.0076972   -0.0309691    0.0505228
  -0.0356727     0.113936   -0.0710021    0.0218331
  -0.0399576    -0.113578   -0.0418095     0.102405
    0.023397   -0.0090481    -0.123501     0.161912
   -0.045133      -0.1991     0.273371    0.0579689
  -0.0117266   -0.0744408    -0.376302    0.0829178
 -0.00143614   -0.0099123     -0.13585   -0.0522367
    0.105925     0.347777     0.105755    0.0801795
   -0.067907   -0.0145562    0.0080368   -0.0932362
   0.0165291    0.0980503     0.312849   0.00344375
  -0.0830661    -0.109195    -0.117109    0.0340816
  -0.0964934     -0.15547  -0.00131291     0.102566
  -0.0229007   0.00621824    0.0855757    0.0504874
  0.00506152     0.157845     0.318549   0.00445903
   -0.030857    -0.282671     0.166528   -0.0322927
  -0.0423355    0.0546611    -0.163516    0.0135764
 -0.00686997    0.0558561    0.0765082    0.0562523
    0.148052    0.0683369     0.261319    -0.196982
   -0.069032   -0.0382666   -0.0791954  -0.00546725
 -0.00592208    -0.193586     0.166132     0.103303
   -0.101331    -0.118241    -0.190248     0.124761
   0.0176166    -0.226206    -0.103102    0.0301378
  -0.0352928    -0.188801     -0.10202    0.0481907
   0.0574462 -0.000959366   -0.0905439    0.0786304
   0.0330349    0.0149452   -0.0688504    0.0407424
  -0.0164803   -0.0541214    -0.244144     0.178986
   0.0527224    0.0648313   -0.0291049    -0.041354
  -0.0595912    -0.164592    0.0138818    0.0359788
   0.0196855    0.0463972    -0.204806    0.0999762
  -0.0980095   -0.0289837    -0.109433   -0.0456194
  -0.0205858  -0.00493209    -0.128209    0.0555221
   -0.012698    0.0938652    -0.108691   -0.0172229
  -0.0253732    -0.116757   -0.0361015    0.0648748
  -0.0533212     -0.14444    -0.287884     0.016419
   0.0245784    0.0608064    0.0282422    0.0666015
   0.0611193   -0.0746528   -0.0678444     0.103792
   0.0254198    0.0567103    0.0922568     0.132915
  -0.0458247    -0.128093    -0.138047    0.0340098
   0.0334326   -0.0282324     0.176921   -0.0900201
  -0.0281915    -0.118528     0.102005    0.0765097
  -0.0487158     -0.14421    -0.147166     0.107157
  -0.0483725   -0.0678402     -0.13073     0.101528
   -0.149366     -0.37092     0.237627   -0.0164136
  -0.0352697    -0.205107     0.224075    -0.102464
     0.11995     0.310693   -0.0871454   -0.0542551
  -0.0217612     0.214696     0.106088  -0.00644688
   0.0213888     0.209816    -0.166647     0.135033
   0.0644137     0.149018     0.035154   -0.0030932
   0.0484138    -0.144111   -0.0453793    0.0436565
  -0.0679808     0.146476   -0.0146125    0.0793569
  -0.0260329    -0.089333     0.135425   -0.0397396
   0.0128601    -0.280293     0.108548    0.0416453
   0.0125177    0.0569233    0.0803472    0.0195718
   0.0144695     0.171013     0.149779    0.0902604
  0.00400098    0.0677809   -0.0493798    0.0664417
   0.0536689    0.0529295     0.101264    0.0517315
  0.00188539    -0.146433     0.154199    0.0730447
  -0.0538694   0.00940628   -0.0512801    0.0380877
  -0.0438965    -0.262473   0.00922351    0.0137606
  -0.0760584   0.00211364  -0.00804414    0.0774681
  0.00174687     -0.23287    -0.027802    0.0030114
  -0.0288335    -0.173845 -0.000588311    -0.030791
   -0.028132   -0.0315737   -0.0307867   -0.0214605
   -0.138782    -0.294294    0.0364816     0.050594
  -0.0738495    -0.276513    0.0420325    -0.147258
   0.0856202    0.0470999    0.0272421    0.0154891
  -0.0885381    -0.177616     -0.02624   -0.0226939
  -0.0279213     -0.23382   -0.0247969    0.0858267
   0.0364769     0.084938   -0.0100203    0.0585648
   -0.106307     -0.42622    0.0178647    0.0795935
 -0.00688951    0.0126693    -0.276997   -0.0720939
   0.0333879   -0.0892249   -0.0940854     0.091124
  -0.0911332    -0.129757     0.257673   -0.0577922
  -0.0017927   -0.0987474    -0.110256      0.10335
  -0.0177389   -0.0541509     0.270893    0.0363385
    0.076212    -0.007737    0.0676397    0.0527298
 -0.00442978   -0.0285944   -0.0679716    0.0434737
  -0.0659374    -0.197916    -0.137402   0.00997719
   0.0204301   -0.0460767     0.203873    0.0438786
   0.0556916   0.00203097    0.0228892    0.0837041
   0.0477643      0.22417     0.022554     0.162077
  -0.0435029    -0.111246   -0.0173539    0.0463801
  -0.0332255    -0.226873  -0.00289799    0.0809497
   0.0258382     0.109528    -0.153306    0.0526545
  -0.0677937    -0.134053   -0.0993508    0.0304052
  -0.0702473  -0.00693727   -0.0269763  0.000878406
  -0.0202422     0.158802   0.00767561    0.0360261
   0.0061083    0.0335832   0.00173073    0.0190239
  -0.0505827   -0.0817203     0.116549    0.0981405
   0.0446964     -0.13294    -0.126452    0.0969525
   0.0143321    0.0176114    0.0253238    0.0457481
   0.0263765     0.219969   -0.0940118    0.0856968
   0.0872494     0.126454   -0.0232041    0.0278441
  -0.0216391    0.0189084   -0.0585353    0.0778911
   0.0140088    0.0175136   -0.0540884    0.0794956
   0.0126169   -0.0124323     0.119943   -0.0255074
 -0.00585522    0.0738629    -0.181147     0.248724
  0.00388618    -0.253989  -0.00855623     0.162469
   -0.055616    -0.172819     0.102277  -0.00804312
   0.0278526     0.106333    -0.185267  -0.00242367
  -0.0636328    -0.176311   -0.0284293    0.0587647
  -0.0803976    0.0706914     0.246575  -0.00462316
   -0.041823    0.0387448    -0.106087   0.00836662
  -0.0588289   -0.0234179    0.0208351  -0.00830558
   0.0424787     0.180679   -0.0303097    0.0660865
  -0.0399983    -0.292204     0.160234    -0.112986
  -0.0171727    0.0290861    -0.133679      0.02673
  -0.0164531   0.00258379    0.0678808    0.0199504
  -0.0587821    -0.224514     0.052669    0.0372212
  -0.0237114     0.166258  -0.00151323   -0.0203428
  -0.0268219     0.150099    0.0835769    0.0524805
  -0.0277171    -0.380772     0.052685     0.023342
   -0.106233    -0.113219   -0.0729566    -0.005869
   0.0325627   -0.0984612    0.0535335   -0.0226253
  -0.0720343    -0.160717     0.267778    0.0205458
  -0.0199256     0.157396   -0.0637342    0.0595442
   0.0607037      0.14688   -0.0223048   -0.0530791
  0.00861293   -0.0908808    0.0262227     0.137294
  -0.0522875   -0.0373216    -0.223867     0.140528
   0.0219222   -0.0544389     0.185803    0.0632762
  -0.0444263    -0.480923    -0.154767    0.0561182
  -0.0403701    -0.335052    -0.429423    -0.127185
   -0.129864    -0.275423   -0.0411462    0.0712604
 -0.00581537    0.0697027     0.168291   0.00486239
   -0.104827    -0.276581    -0.106944    0.0710126
  -0.0424489    -0.176625   -0.0548869   0.00710065
   0.0790662     0.246355    0.0622213  -0.00455146
   0.0634346     0.306385     -0.27153     0.178882
   0.0488686     0.321302     0.184456   -0.0529306
  -0.0522176    -0.268499    -0.206971   -0.0694515
   -0.137798    -0.548119   -0.0186256    0.0435512
   0.0636991   -0.0971359   -0.0288456       -0.045
    0.045043     0.117178     -0.01057    0.0595297
   -0.116927    -0.153269   -0.0934639    0.0747758
   -0.061686    -0.112976     0.100055     0.111854
  -0.0412662    -0.014525   -0.0580266    0.0772037
   0.0745659    0.0625535    -0.158473    0.0535631
-0.000293545   -0.0742398    0.0804747   -0.0670042
   -0.033727   -0.0687861    0.0481693    0.0231562
  -0.0538704    0.0112207    0.0311959     -0.11581
  -0.0748084    -0.272062     -0.10578    0.0752374
  0.00639414    -0.078154   -0.0339297    0.0404629
    0.101034      0.13199    -0.238118   -0.0266798
    -0.11184    -0.324399     0.183215    -0.112677
 -0.00880177    0.0291748    -0.302771    0.0803922
  -0.0179631     0.186709   -0.0325813     0.099929
  0.00727281  -0.00351969    0.0345419    0.0205812
  -0.0454953    0.0160936    0.0558542    0.0672461
  -0.0489792     0.154046    0.0995402     0.208933
 -0.00589147   -0.0721848    0.0646852    0.0488292
   -0.115793    -0.195912    0.0317673   -0.0890425
  0.00187019   -0.0531771    0.0390995    -0.116508
   -0.006562   -0.0539064   -0.0847179   -0.0741787
   -0.085575    -0.127194    -0.239712     0.117427
   -0.103732   -0.0967367     0.166057   0.00317741
  -0.0285331   -0.0558645   -0.0463607    0.0195224
  -0.0777326   -0.0337601     0.194307    0.0203573
  -0.0781809    -0.265078    0.0474038     0.141767
  -0.0329924     0.093779   -0.0865975     0.110679
  -0.0716232    -0.100997    0.0213281    -0.123423
  -0.0697912   -0.0915564   -0.0361646   -0.0063106
   -0.076409    -0.194263   -0.0855481    0.0249667
  0.00265958    0.0683632     0.039972    0.0250806
   -0.113579    -0.226023   -0.0975456      0.11335
  -0.0571784     0.167493     0.126101   -0.0181434
  -0.0311941    0.0365893    -0.196278     0.105816
  -0.0679558   -0.0661158   -0.0053509    0.0634324
    -0.14164    -0.112522     0.366943 -0.000269054
  -0.0435742   -0.0436525    -0.127563    0.0545443
   -0.101233   -0.0953434     0.112388    0.0171541
  -0.0600277    -0.139721     0.180974    -0.121987
  -0.0178036   -0.0413751   -0.0237129   -0.0190838
   -0.100903    -0.115362    -0.173077   -0.0551517
  -0.0717827     -0.14043    0.0647169     0.042998
   0.0856849   -0.0313392    -0.106133     0.110749
  -0.0367573    -0.273058    0.0922973   -0.0047429
  -0.0168583      0.16702    0.0407949     0.033818
  -0.0239588     0.153966    0.0685126    0.0898139
  -0.0752081    0.0241328    0.0244905    0.0356329
  0.00943566   -0.0524916    -0.114256    0.0142809
  -0.0886716    -0.123479    0.0146531   -0.0778481
  -0.0874729    -0.205617   -0.0771654   -0.0106509
 -0.00960432    0.0167301    0.0285376    0.0255177
   0.0247277    0.0602166    -0.196872     0.106925
   -0.040184    -0.103539   -0.0173701    -0.142588
   0.0301699     0.189323    -0.219125    0.0889246
   0.0120872    0.0883618    -0.209847     0.163159
  -0.0193495   -0.0725777    -0.138267      0.03174
  -0.0352471   -0.0654958    -0.142565   -0.0373539
   0.0223858    0.0775689     0.023998   -0.0350859
   0.0508827     0.418195     0.043208     0.030447
  -0.0240954   -0.0529191     0.123997    0.0621603
 -0.00438465    0.0194637    0.0688923    0.0704562
   0.0118318    0.0737697    -0.203277     0.125081
  -0.0156836    -0.132858    0.0760581   -0.0437461
  0.00505853     0.258312  -0.00583894     0.145738
   0.0041807   -0.0939796    0.0231374      0.13654
   0.0148371    0.0908605    -0.139926   -0.0230387
   -0.125117    -0.165125   -0.0847886    0.0557799
   0.0329843    0.0330785    -0.270396    0.0906618
-0.000766374     0.187188      -0.0275    0.0589683
   0.0290151    0.0508447    0.0522276      0.11718
   -0.105045    -0.247298     0.012694   -0.0127809
  -0.0827147    -0.228121   -0.0508542     0.124098
   0.0309968   -0.0743194    -0.145395   -0.0112394
  -0.0701061   -0.0844406   -0.0701154    0.0583356
  -0.0221891    0.0208471    0.0266849    0.0293153
  -0.0464357   -0.0307781   -0.0955721     0.102705
    -0.02924    -0.282536   -0.0469661    0.0305802
   -0.057396    -0.143142     0.116899    0.0796432
    0.112279     0.191621   -0.0502787    0.0156428
  -0.0909517   -0.0657349   -0.0913614     0.115229
  -0.0406479    -0.106255   -0.0726193    -0.116453
   -0.117383    -0.377508     0.222659    0.0339036
    0.012663   -0.0278692    0.0528928     0.162443
  0.00200233    -0.065775   -0.0579457   -0.0268252
  0.00887164   -0.0812718   -0.0932315   -0.0112962
-0.000585551    0.0537937     -0.32844     0.150351
  -0.0601185   -0.0232297    -0.122922    0.0286063
  -0.0413534   -0.0426582     0.171859    -0.147724
   0.0568781   -0.0339577     0.191655    0.0440673
 -0.00904276   -0.0582366     0.112831    0.0131488
  -0.0105102     0.116897     0.120084    0.0539437
  -0.0719862    -0.128348    0.0630754    -0.103624
    0.057681     0.281856    -0.305906    0.0439679
  -0.0755338    -0.103588     0.104911  -0.00623478
  -0.0105086    0.0780699    0.0134736    0.0988771
  -0.0584489    -0.181225    -0.203375  -0.00284447
   -0.137587    -0.245865   -0.0438886    0.0929727
   -0.112643    -0.116347     0.162449    0.0546545
  -0.0153975     0.021725    -0.118795     0.098488
  -0.0305734   -0.0611234    -0.173213  -0.00263027
  -0.0580182    -0.316146   -0.0505043    -0.056546
  -0.0769288    -0.330158    0.0356443    -0.112946
  -0.0371669    -0.112791    0.0746877   -0.0314298
  0.00434658    0.0939176    -0.101177     0.116915
   0.0420601     0.214073     0.168771    0.0268018
   0.0152243    0.0208459     0.213677     0.149237
   0.0470795     0.121228    0.0984353     0.116266
  0.00987072    0.0888124   -0.0572826   0.00283461
  -0.0536624     0.139197    -0.385793    0.0504013
   0.0246544   0.00436765    -0.262888     0.193244
   0.0329583    0.0535235     0.115829    0.0716385
   0.0443277     0.153513    0.0121817    0.0615982
   0.0506159     0.026924    0.0544615   0.00516112
  -0.0520802    -0.247763   -0.0950042    0.0887559
  -0.0566744     -0.13071     0.105691    0.0721868
  -0.0691866     -0.13877    -0.139141    0.0393665
   0.0657461     0.170225     -0.10293    0.0753365
  -0.0316529    0.0544958    0.0036355    0.0113378
  -0.0832811    -0.120804   -0.0162042     -0.02376
   0.0362358     0.189647     0.159041    -0.122437
  -0.0301269   -0.0550232   0.00651162    0.0116325
  -0.0842127    -0.212742    -0.144359    0.0717457
  -0.0289215     0.299498    -0.393644   -0.0467579
   0.0109466     0.156393     0.032307    0.0590904
   -0.119165    -0.380598     0.122947   0.00523446
  -0.0852551    0.0217885    0.0280906   -0.0106853
  -0.0298856    -0.110977     0.148716   0.00557103
   0.0335601    0.0454484   -0.0201403    0.0191314
  -0.0837009    -0.119319   -0.0416063   -0.0545539
   0.0238144   -0.0364575      0.32649   -0.0775169
   0.0351511     0.119782    0.0455415   0.00011033
   0.0117756  -0.00646888    0.0141463    -0.049008
   -0.056091    -0.130164   -0.0450171    0.0464152
  -0.0299915    -0.211842    0.0160212    0.0329684
   -0.134389   -0.0911597     0.115736    0.0847976
   0.0846495    0.0287215   -0.0446243    0.0200525
   0.0341338    0.0338523   -0.0692152     0.134531
  -0.0621379  -0.00876632  -0.00147435   -0.0471262
   0.0536538     0.216279    -0.106933    0.0573763
  -0.0254944    0.0179746     0.319137    0.0590045
  -0.0208804    0.0450529    0.0427481    0.0562821
  -0.0593219    0.0258087       0.1789  -0.00138575
   0.0464421   -0.0749203   -0.0454912   -0.0753976
  -0.0833254    -0.314771   -0.0715371  -0.00884296
   0.0535569   -0.0108145    -0.304481   -0.0387118
  -0.0846615    -0.117329    0.0768856    0.0473854
   0.0373841    0.0751263   -0.0665131    0.0821595
  -0.0439601    -0.198003   -0.0442826   0.00401306
   0.0618233     0.084556   -0.0950999     0.100166
  -0.0210502    -0.402395     0.245015   -0.0408872
  -0.0987026    0.0108297    0.0835804    -0.123531
  -0.0341108     0.018087    -0.054173   -0.0180358
  -0.0426679   -0.0605582  -0.00791708     0.117168
  -0.0770504    -0.131416    -0.152768   -0.0230144
  0.00854882   -0.0213498     0.145541    0.0593317
  -0.0407645    -0.230561    0.0223425   -0.0980955
  0.00439687     0.177577     0.273976   0.00373825
   -0.101521      -0.2747       0.1057    0.0666983
 -0.00563756   -0.0528447   -0.0705376  -0.00566185
  -0.0233073   -0.0419594    -0.292808   -0.0338223
   -0.118333   -0.0865957    0.0871355    0.0617423
  -0.0635923   -0.0893008     0.270646   -0.0319753
  0.00596526   -0.0717872    -0.177763     0.112635
   0.0430569     0.409629   -0.0351634     0.057661
   0.0404313   -0.0661549     0.120959   -0.0236901
 -0.00526262     0.203786    -0.156658    0.0589303
   -0.117568    -0.141709  -0.00351735   -0.0608488
  -0.0723447    -0.237576      0.16755   -0.0741366
  0.00451527    0.0504597   -0.0468205   -0.0570498
 -0.00131679     0.024571    -0.136385     0.058146
   0.0148057    -0.171351    -0.199491     0.105468
  -0.0592098   -0.0872121     0.182944   -0.0228769
   0.0104025    0.0421489   -0.0694946    0.0827877
   0.0977703     0.398366    0.0316872   0.00953732
  -0.0757303    -0.176985     0.136029   -0.0497028
  -0.0579218    0.0231085   -0.0558338    0.0960348
   -0.101407    -0.116573   -0.0955867    0.0359652
  -0.0668196    -0.177147    -0.126844     0.106712
  0.00858109     0.140919     0.191128    -0.034322
  -0.0678061   -0.0264683     0.104949     0.190345
  -0.0672133    -0.130356     0.193913   -0.0383897
  0.00259317    -0.166976  -0.00881477   -0.0203016
  -0.0169171     0.195772    -0.254665     0.151179
    -0.01178      0.11475     0.143948    0.0851801
   -0.130324   -0.0246483     -0.30399    0.0672067
  -0.0788035   -0.0790559   -0.0480843     0.125968
  -0.0945236    -0.167394     0.142519    0.0377809
   0.0122878    -0.019412    0.0203691   -0.0023334
  -0.0350902    -0.101514     0.076441   -0.0694624
   0.0130024   -0.0414914   -0.0673755    0.0391827
  -0.0367701    -0.059974    -0.173905     0.115277
  -0.0117119     -0.11335   -0.0659737   -0.0623722
  -0.0183232    0.0317913    -0.130327     0.106628
   -0.020706    -0.163231    0.0651842    0.0690205
  -0.0665341   -0.0947166   -0.0217456    -0.061843
  -0.0644495   -0.0648351   -0.0047735     0.175914
  -0.0752027   -0.0198334     0.312582     0.174636
   0.0716059     0.318048   -0.0279897    0.0747435
  -0.0102315    -0.122499    -0.186567  -0.00321486
  -0.0236235   -0.0899619     0.248997   -0.0754062
  -0.0208802   -0.0116964    -0.112917    0.0336552
  -0.0306343    -0.221188    -0.172648    0.0596712
  -0.0517263    -0.146734    -0.137246    0.0251078
  -0.0609526    -0.139513   0.00663166    0.0130677
  -0.0766668    -0.212773      0.11585   0.00769159
 -0.00100578    -0.169537   -0.0240116    -0.159545
  0.00195948    -0.112003    -0.320058   -0.0374722
  -0.0531581    -0.196352    -0.239006     0.128656
  -0.0645037   0.00394827     0.138048   -0.0615379
  -0.0416474     0.133746     0.143472    -0.067575
  -0.0124806     0.215706    0.0753194 -0.000151624
  -0.0644258     -0.19692    0.0993433    0.0185765
  -0.0144065     0.330285     0.283868   -0.0653756
  -0.0606811     0.091073    0.0223108     0.125899
   0.0174784    0.0590381   -0.0865128     0.110971
  -0.0544176    -0.189918    -0.131943      0.10958
  -0.0771254     0.130962    -0.092641    0.0800934
   -0.108267    -0.142547   -0.0603093  -0.00262845
  -0.0625321    -0.067283   -0.0789959    0.0956607
   0.0438289     0.187448    -0.120303     0.144778
 -0.00160932   -0.0619074     0.114902    0.0926708
  -0.0864902    -0.160398     0.134523  -0.00325094
  -0.0196292   -0.0319534   -0.0708797    0.0510304
  -0.0209761    -0.117747   -0.0214073     0.134903
   0.0412672  -0.00110882    -0.136057   -0.0293382
  0.00617334    0.0422976     0.409059   -0.0553566
   0.0965672      0.17441    0.0999822    0.0244648
  -0.0647632    0.0131747    0.0127275    0.0270235
  -0.0562483    0.0616785   -0.0716722    0.0164496
  -0.0833922    -0.187367    0.0242194    -0.251226
   0.0346852    -0.046659   -0.0711984    0.0373112
  -0.0344292    -0.390702    -0.129216     0.130988
  -0.0985081   -0.0912966   -0.0560941    0.0874415
   0.0183808    -0.149632     0.160521   -0.0053056
  -0.0412856      0.13035    0.0158194    -0.131547
  -0.0346164    -0.107882   -0.0826751    0.0294824
  -0.0867809    -0.182957    0.0898187     0.047195
  -0.0290292    -0.252937  -0.00671988    -0.180352
  -0.0169544    -0.076109    0.0550055   0.00268141
   0.0571486     0.214262    -0.220289   0.00161183
  -0.0331827    -0.062024    0.0863424   -0.0716861
   0.0588029     0.116528    0.0627481   0.00753776
   0.0370566      0.15963    0.0732266   -0.0275712
  -0.0427308   -0.0348892    -0.116941   -0.0310782
   0.0443302     0.315808    -0.259872    0.0292891
 -0.00339178    -0.180635    0.0445489   -0.0672859
   0.0401013   -0.0304057    0.0371062    0.0829305
   0.0055915    0.0717304    -0.079049  -0.00218409
  -0.0576529    -0.106554   -0.0924732    0.0711728
   0.0105733   0.00171164     0.142382     0.033773
  -0.0201363  -0.00389312   -0.0718847  -0.00449258
   -0.035276    -0.253985   -0.0844248     0.100129
  -0.0585671   -0.0571935    0.0547613    0.0481356
  -0.0710865    -0.054762  -0.00932655   -0.0510441
  -0.0527664   -0.0417061    -0.114549    0.0973487
 -0.00830869     0.241584    0.0230472    0.0331037
   0.0755375     0.183468    -0.125392    0.0799545
   -0.170553    -0.249593   0.00747119     -0.07045
  0.00747451     0.204789    -0.206659    0.0533451
  -0.0285312    -0.055997   -0.0870467    0.0517914
 -0.00818022    -0.318801    0.0879394  0.000847104
   0.0238279   -0.0753194    -0.217096    0.0697468
  -0.0369698    -0.171405   -0.0697338    0.0670574
   0.0465854     0.179084   -0.0944275    0.0495895
   0.0276587    0.0479133    -0.167603     0.146708
 -0.00533672   -0.0587517      0.19078   -0.0138348
   -0.103398    -0.229905    -0.135999     -0.14122
  -0.0111141     0.132507     0.153358    0.0923363
   0.0292639   -0.0297714     0.146313   -0.0215059
   -0.117303   -0.0203988   -0.0194604     0.098419
   0.0216254    -0.334998   -0.0217548    0.0712484
   0.0702531     0.301058     0.203797    0.0667264
  -0.0194056   -0.0171571   -0.0592087    0.0226648
   0.0345197    -0.182685    -0.109672   -0.0386579
   -0.030088      -0.1026   -0.0895294   -0.0402209
  -0.0967761    -0.221131    -0.171683    0.0896035
  0.00180079    -0.111154    0.0542063    0.0288892
  -0.0973849    -0.264133    -0.203432     0.115741
  -0.0310502    -0.202237    0.0254495   -0.0595217
   0.0558286     0.205364    -0.108808   -0.0636756
  -0.0745201     0.135945     0.264613    0.0894446
   -0.076841    0.0133161    -0.147048     0.101593
  -0.0596531    -0.185421     0.127723    0.0182529
  -0.0787234    -0.113366   0.00216666     0.144966
  -0.0922811   -0.0568854 -0.000803508  -0.00283763
  -0.0463342    -0.219811    -0.151112     0.121941
  -0.0952753    -0.249894     0.175713    0.0670941
   0.0257443    -0.251559    -0.020167     0.104827
  -0.0134494   -0.0423667    0.0054217    0.0562267
  -0.0170164   -0.0967651    -0.148947    0.0122495
  -0.0927959    0.0218794   -0.0946459    0.0664904
 -0.00699188     0.150471     0.117785   -0.0365408
  -0.0734326    -0.163072    0.0851587   -0.0416388
  -0.0580546    -0.141957     0.215833    -0.066096
   0.0758037   -0.0539375    -0.343335   0.00907885
   0.0302972     0.245193   -0.0660374    0.0175449
  -0.0521466    0.0222024     0.173477    0.0664789
   -0.127002    -0.220548    -0.154836    0.0689005
   0.0566891     0.244804    -0.208728    0.0210824
  -0.0372922      0.07586     0.158703   0.00955877
  -0.0539697    0.0613921    0.0507125     0.029468
  -0.0604772    -0.184427     0.174079   -0.0310344
   -0.140212    -0.249208   -0.0757653  -2.5874e-05
   0.0699847     0.241504   -0.0613556   -0.0218832
   -0.125932    -0.202172     0.093458    0.0763498
  0.00210558   -0.0728196    -0.100619    0.0972393
  -0.0311405    -0.110382     0.174189     0.113671
   0.0237224    -0.119688     0.108081    0.0222753
  -0.0408003   -0.0706258    0.0234651    0.0467169
  -0.0223981    0.0296016    -0.132649    0.0918753
  -0.0570406    -0.289396   -0.0667864    0.0114716
   0.0170786     0.135388   -0.0655338    0.0207698
 -0.00777202    -0.106373    0.0959775    0.0301191
   0.0142378    0.0645604   0.00337591   0.00783332
    0.055944     0.307978     0.180649     0.128969
 -0.00177329     0.134623   -0.0451196   -0.0637762
  -0.0331459    -0.024202   -0.0750037    0.0377866
  -0.0633567    0.0217465    -0.061581  -0.00704173
  -0.0419675    0.0116925    0.0263031   -0.0204934
   0.0227411   -0.0666867   -0.0989858    0.0675102
   0.0146191    0.0228782    0.0339232     0.121743
  -0.0471486    -0.275328    0.0545721    0.0520835
   0.0192645    -0.082271     0.103081      0.12395
    0.101916    0.0231828    -0.135403   -0.0677978
  -0.0630406    0.0751179   -0.0202015    0.0153964
-0.000688784    -0.192518      0.17218   -0.0255372