  -0.0473806    0.0990408   -0.0555055   -0.0378213
 -0.00164581   -0.0315114   -0.0278178   -0.0533345
  -0.0352552    0.0376105    0.0433253   -0.0237682
    0.141987    -0.324449    -0.142531    -0.100887
   0.0962511    -0.188026    0.0221623    -0.114456
  -0.0446148     0.087544  -0.00644118     0.128814
   0.0342749     0.103166   -0.0304129     0.114548
  -0.0854514    0.0621087   -0.0303474   0.00174935
   0.0422726   -0.0960353  -0.00463793    0.0315933
  -0.0294058    -0.261427  -0.00593141    -0.189266
  -0.0341122   -0.0756988   -0.0098362    -0.110198
    0.200951    -0.273534    -0.131587    0.0159908
  -0.0760059    0.0142599   -0.0875662   -0.0641503
  -0.0448714    0.0116861    0.0325524   -0.0192954
  -0.0188176    0.0780871   -0.0130503    0.0398787
   0.0654936   -0.0909071    0.0649271     -0.17011
  0.00933242     0.046256    0.0276398    0.0326545
 -0.00895042    -0.221294   -0.0491237    -0.072909
   0.0965054    -0.152264    -0.116755    -0.121671
   0.0708152   -0.0255898    0.0404906    0.0401586
    -0.05643    0.0133199    0.0887415   -0.0738968
   0.0561202    -0.042729   -0.0614221    0.0029282
   0.0917936    -0.238239   -0.0741739   -0.0770794
  -0.0762901    0.0240235    0.0410982    0.0176074
   0.0475576    0.0305316   -0.0325917    0.0563921
   0.0701312   -0.0498603   -0.0400986   -0.0188082
   0.0291812   -0.0703436   -0.0123726    0.0370879
   0.0821777    -0.103649   -0.0675496   -0.0867687
   0.0569912   -0.0572041   -0.0395246  -0.00920326
   0.0454095    -0.129508    -0.107719    -0.146962
   -0.179608     0.162274   -0.0368499    0.0707414
  -0.0347221   -0.0832715     0.034302   -0.0816684
   0.0573132    0.0623952   -0.0481375   -0.0409785
  -0.0254489    0.0171153   -0.0517891    0.0485211
   0.0282025    0.0383312   -0.0439562    0.0753931
   0.0287021     0.102716   -0.0135378      0.12561
  -0.0142031    0.0403555    0.0131955     0.088498
  -0.0687641     0.132285    0.0586734    0.0420784
   0.0224595     0.366969    0.0309944       0.2599
   -0.128853    0.0452463  -0.00350723  -0.00819802
  0.00519618    0.0114452   -0.0636689     0.024473
   0.0494365    -0.234674   -0.0337804     -0.16408
    0.103447    0.0212358   -0.0413829    0.0306088
   0.0289159   0.00677364   -0.0283937    0.0266609
  -0.0976084     0.109315  -0.00695798   -0.0395313
  0.00321116    0.0316399   -0.0646485    -0.123977
  -0.0456342     0.156958   -0.0459904    0.0912284
 -0.00650526     0.214092   -0.0165955    0.0610778
  -0.0976423   -0.0523019   -0.0864098    -0.123718
  -0.0354069    0.0569458   -0.0770814    0.0286463
   0.0509743   -0.0548373   -0.0262448   -0.0327321
  -0.0754513    0.0919953     0.127367   -0.0215241
  -0.0469515   0.00686803    0.0400029    0.0422177
   0.0864585      -0.1186    -0.120858   -0.0833459
  -0.0494423    0.0716789    0.0237067    -0.143552
    0.163302    0.0380336   -0.0942126    0.0852366
  -0.0545043     0.121583  -0.00103023   -0.0250292
   0.0375944   -0.0666022   -0.0497722    -0.036233
    0.157369     0.231789   0.00542292     0.342698
     0.01257    0.0767371   -0.0715774   0.00974868
   -0.104232     0.160934   -0.0206682    0.0436034
  -0.0490385   -0.0740649   -0.0127059    -0.133442
   -0.132736     0.234234   -0.0141865   -0.0278172
  -0.0919911    0.0803455      0.10927    0.0136739
 -0.00224709    0.0922738   -0.0711983    -0.041115
  -0.0514127   -0.0218914   -0.0551272     0.005341
    0.120795    -0.102518   -0.0740897   -0.0082139
     0.03645   0.00954485   -0.0208751   -0.0248227
  -0.0534343     0.118301   -0.0930492   -0.0402399
  -0.0475906     0.151743   -0.0215115    0.0237323
   0.0655937    -0.032585   -0.0940663    -0.067486
   -0.125633    0.0828203    0.0649374    0.0125354
  -0.0117498     0.371598   -0.0389357     0.255156
   -0.166374     0.232452  -0.00304991   -0.0272712
   -0.058451    -0.119375    0.0189675   -0.0576075
  -0.0337139     0.190174    0.0778951   -0.0461867
  -0.0292657    -0.163448   -0.0835057     -0.13889
   0.0878062    -0.079597   -0.0356793   -0.0248915
  -0.0271144       0.1109   -0.0061515    0.0113904
    -0.12945     0.213378   -0.0416931    0.0548798
  0.00975734  -0.00354566   -0.0424336   0.00519892
   -0.263528      0.27801    0.0524118    0.0932279
   -0.135141    0.0353472    0.0569108    -0.079012
   0.0318843   -0.0318976    0.0202092    0.0144942
   0.0204596     -0.23619   -0.0605819    -0.238179
  0.00207258    -0.110986   -0.0314542   -0.0245625
  -0.0897135   -0.0769801   -0.0537133   -0.0850204
   0.0882066    0.0681791    0.0273518      0.10624
   0.0431737     0.108857  -0.00833627     0.171324
    0.124933   -0.0853584    -0.079113    0.0421649
    0.166653    -0.328356   -0.0326311     -0.15563
    0.055277   -0.0196109     0.011072    0.0419737
      0.1145    -0.156157   -0.0411357   -0.0297795
  -0.0278566    0.0524803  -0.00969859    0.0297504
  -0.0197243     0.043605    0.0319003    0.0633571
  -0.0621491      0.13713    0.0796839     0.144312
  -0.0663713    0.0663306   -0.0274331 -0.000973325
  -0.0344486     0.308274   -0.0346908     0.220348
   -0.040621    -0.326237   -0.0784168    -0.282511
   -0.114324  -0.00224079  -0.00879216   -0.0473875
  0.00345553    0.0467406   0.00560178    -0.013172
  -0.0226874    0.0411503    0.0435769   -0.0220858
   0.0224213     0.375354    0.0481987     0.245433
   -0.023635    0.0867405     0.045326    0.0759729
  -0.0481765     0.151987   -0.0940589    0.0228386
    0.106752     0.194714  -0.00855685     0.235528
   0.0907525    -0.130771   -0.0771059    0.0345464
   -0.410353     0.320521    0.0766349   -0.0500173
   -0.027334   -0.0205209   -0.0701886   -0.0572319
   -0.278721     0.262268   0.00721536   -0.0671766
 -0.00826366     0.029187    0.0184482    0.0327885
    0.201869     -0.32965    -0.120883    -0.154647
  -0.0392042    0.0858258   -0.0538724   -0.0858194
  -0.0356649     0.121874    0.0358709    0.0720122
 -0.00143705     0.144747    -0.037601    0.0817544
    0.199734    -0.142232   -0.0609292    0.0381481
   -0.233047      0.33374    0.0219351    -0.062945
  -0.0205553    0.0830367    -0.112098     0.104308
   0.0395559   -0.0480557   -0.0529919     0.121784
  -0.0839643    -0.092626     0.054565   -0.0744872
  0.00881395    0.0972798  -0.00231914   -0.0421461
  -0.0317538   -0.0511236    -0.058695   -0.0677749
  -0.0227814   -0.0359982    0.0452782    -0.113893
    0.134384     0.127355   0.00907566     0.142382
  -0.0142331   0.00677935   -0.0855428    -0.124791
   0.0991385     0.766653     0.162284     0.710667
  -0.0601658     0.144136   -0.0295627    0.0533788
  -0.0721175    0.0365402    -0.058281    0.0175419
     0.12473   -0.0490075  -0.00304598  -0.00343976
  -0.0309668   -0.0835986   -0.0243895    -0.107252
    0.158495    -0.271738    -0.215115   -0.0782136
  -0.0714934     0.127612   -0.0017495    0.0447841
  -0.0461584     -0.10776    0.0577368    -0.122805
   0.0935722    0.0659825    0.0371143     0.164992
  -0.0232484    -0.070838   -0.0295799    -0.102087
  -0.0861259     0.138579   -0.0232837    0.0760059
   0.0949785    -0.284854    0.0111242   -0.0762198
   -0.016553    0.0882659    -0.018829    0.0326146
 -0.00105702      -0.1454    0.0376937    -0.196149
    0.171484    -0.451927    -0.177271    -0.249413
  -0.0541333     0.156767   0.00967761     0.123735
 -0.00477311    0.0720256   -0.0282541    0.0744502
  -0.0532859     -0.02427    0.0229088   -0.0708845
   0.0472038    0.0175668    0.0265016     0.139728
  -0.0655829     0.110068   -0.0321689   -0.0456644
     0.15677     -0.12116   -0.0743193    0.0526713
  -0.0814861     0.128117    0.0820245    0.0846805
  -0.0135252   -0.0495169   0.00596709   -0.0448639
  -0.0261251     0.251841    0.0546792     0.145964
   0.0953389    -0.060544    -0.120513   -0.0203842
   0.0994405   -0.0123779   -0.0659747    0.0233156
   -0.105315     0.111322    0.0235315   -0.0074466
  -0.0518194    -0.169289    -0.105368    -0.269575
   0.0286362    -0.035637   -0.0626623    0.0215264
  0.00938148    0.0242068   -0.0344834    0.0858593
    0.130882  -0.00513104   -0.0940737   0.00373883
  -0.0350302    0.0639671   -0.0409297    0.0847597
    0.129446    -0.232654   -0.0440826    -0.125444
    0.128762    -0.264766    -0.101153     -0.20843
  -0.0239483   -0.0864686   -0.0995112   -0.0630801
   0.0544564    -0.256384    -0.150137    -0.166821
   -0.195022     0.242721   -0.0109818    0.0457917
  -0.0378331    -0.043887   0.00876293   -0.0656842
 -0.00668697  -0.00171889   -0.0935271   -0.0737978
   0.0786676    -0.116762   0.00862966   0.00799626
   0.0210737  2.28605e-05   -0.0839373    0.0619323
   0.0946394     0.100424   -0.0969352     0.222158
   0.0272405   -0.0265387    -0.058992    0.0391252
   0.0887805    -0.387614     -0.17739     -0.14637
     0.14507    -0.123142   -0.0335406   -0.0252655
   0.0999016   -0.0739246    -0.107301   -0.0646142
    0.118889    -0.249659   -0.0226269    -0.169651
    0.117796     0.139248     0.007062     0.217215
 -0.00845627     0.300624    0.0449478       0.2638
   0.0064932   -0.0288099   0.00978358    -0.066858
   0.0696447    -0.182091  -0.00926827   -0.0963561
   0.0216229     0.266971   -0.0107849       0.1356
   0.0681806    -0.128659   -0.0611812   -0.0844589
  -0.0297857     0.182132   -0.0846114    0.0298215
   0.0122643    -0.038169   -0.0705072   -0.0299656
    0.146495    0.0582691  -0.00228554     0.245581
  0.00149469    0.0717797   -0.0187243    0.0474032
  -0.0088356    -0.176525    0.0172315    -0.147471
  -0.0173246     0.185305   0.00631575     0.119857
    0.117712    0.0729939   -0.0880147     0.104768
    0.135287  -0.00947685    0.0166712    0.0496573
    0.136482   -0.0705276    -0.107769    0.0313099
   -0.157925   -0.0819951    -0.119781    -0.302882
   -0.153769     0.376854     0.104055     0.158545
 0.000328797     0.127782   -0.0319904    0.0892415
   -0.137179    0.0559369   -0.0199424   0.00250209
   0.0930111    0.0246261   -0.0644436   0.00894483
   0.0073057  -0.00776852  -0.00132235    0.0373519
 0.000908481   -0.0660119   -0.0721896   -0.0414293
 -0.00749036   -0.0214607    0.0277392  -0.00791627
   -0.013321   -0.0181824   -0.0964754   -0.0165145
   0.0407969    -0.246868   -0.0969632    -0.202495
   -0.115177  -0.00242017   -0.0957671    -0.155052
    -0.14156     0.125837    0.0945658    -0.113138
  -0.0508702    0.0413133   0.00201581  -0.00266158
   0.0607401   0.00934671   0.00994517    0.0536329
  -0.0919392     0.298053    0.0038252    0.0435026
   0.0892505   -0.0242133     -0.05361     0.100008
   0.0273708    0.0982128   -0.0668966   0.00572939
   0.0164139    -0.174621   0.00375576    -0.142906
  -0.0638523      0.68225     0.122523     0.565802
  -0.0844272     0.208937    0.0694031     0.039584
   0.0403601     -0.17367   -0.0472775    -0.100714
   0.0383867   -0.0814168    -0.112065 -0.000351142
   0.0168558   -0.0244577   -0.0908749      0.10526
    0.125601    -0.214927   -0.0625934   -0.0954461
    0.123336   -0.0811584   -0.0625775   -0.0733561
    0.142979    -0.103286   -0.0191078    0.0373855
     0.10474 -0.000307612  -0.00346537     0.054243
  -0.0319719   -0.0344603   -0.0906547    -0.142081
  -0.0895322     0.111804   -0.0710902    0.0172896
   0.0413652     0.396148    -0.030108     0.237962
   0.0734727   0.00767244    -0.120485   -0.0163941
   0.0932815     -0.19479   -0.0714949   -0.0576021
   -0.084112   -0.0644056   -0.0305209    -0.115241
    0.087919    -0.033642    -0.020975    0.0531822
   0.0547714     0.084623    0.0162533    0.0443723
  -0.0912472    0.0428391    0.0455036    0.0930535
   0.0406504    0.0725525   -0.0478851    0.0231752
   0.0252777  0.000136831    0.0179758    0.0331721
  -0.0604416     0.083652   -0.0206188   -0.0700181
   0.0465876   -0.0828778   -0.0425195    0.0218154
  -0.0505527     0.148332    0.0793168    0.0556599
 0.000986634    0.0819495  -0.00787479    0.0548879
    0.130165    -0.201095    -0.133924    -0.151957
   0.0314578    0.0342168   -0.0224322    0.0189868
   -0.203041    0.0778129    0.0149849    -0.121238
 -0.00237164    -0.124407   -0.0775837    -0.115089
 -0.00314462     0.047245   -0.0212692    0.0452796
  -0.0172041    0.0252554   -0.0745365    0.0490283
   0.0726442     -0.23428   -0.0878897    -0.121907
    0.039618    0.0167817   -0.0660375    -0.100917
  -0.0338161     0.198764   -0.0262872    0.0121106
   0.0448933    0.0287131    0.0343349    0.0922142
  -0.0884333    0.0615647   -0.0959957    0.0243025
   0.0387233    -0.159451   -0.0772739    -0.151113
   0.0417539   -0.0619878  -0.00256053   -0.0221546
   -0.265728     0.308028    0.0573069    -0.140345
   -0.149151     0.150598   0.00607058     0.027041
  -0.0161702   -0.0290199    0.0542811   -0.0583776
    -0.18048     0.017239    0.0355642   -0.0980164
   0.0088193     0.102898  -0.00762322   -0.0246877
   0.0602978    -0.284717    -0.086725    -0.121069
    0.114585    0.0182642    -0.088766     0.147842
   0.0264105   -0.0395005   -0.0902957   -0.0300107
  -0.0323013     -0.14567   -0.0559716   -0.0416597
   0.0518933    0.0188172   -0.0285338  -0.00689916
   -0.140674     0.115098    0.0114058   -0.0527285
  -0.0488837     0.225557   -0.0394351     0.204535
   -0.119084    0.0632902   -0.0139973 -0.000934278
   0.0303901    -0.140813    -0.040181    -0.111187
  -0.0155442     0.100717   -0.0217573    0.0916952
  -0.0195907     0.271143   -0.0340854     0.112722
   0.0735816   0.00464824   -0.0541195    0.0562868
   0.0499494    0.0920639   -0.0292966    0.0720637
   -0.051114     0.029519   -0.0017662   -0.0215079
  -0.0501655    0.0208043    0.0362535   -0.0354918
   0.0124259    0.0358194    0.0486157    0.0499433
   0.0650922   -0.0217837   -0.0654701   -0.0710472
    0.125133    -0.039574    -0.106137    0.0312669
  -0.0660883    0.0619725   -0.0917455   -0.0671171
  -0.0235606   -0.0717445    0.0316237    0.0299583
   0.0401088    0.0418792   -0.0719294    0.0666364
   0.0395254    -0.153428 -0.000591362   -0.0304854
   0.0496168    -0.150163   -0.0695301   -0.0615474
    0.118722    0.0815216   -0.0183378     0.138772
  -0.0488696   -0.0666639   -0.0534895    0.0250703
   0.0653237    0.0842404   -0.0932882    0.0963491
 -0.00766686    0.0489674   0.00897577  0.000511955
  -0.0235184   -0.0575535  -0.00877686  -0.00367507
   0.0109907   -0.0693051   -0.0412393   -0.0447047
 -0.00184996    -0.119643  -0.00303843    0.0107938
  -0.0530071   -0.0355193   -0.0472732    0.0402205
   -0.225624     0.097759     0.072585 -0.000126915
   0.0642248   -0.0769147   -0.0267761    0.0158259
  -0.0576265    0.0884796   -0.0534985     0.130769
  -0.0921459     0.181589   0.00155157     0.102051
   0.0198945   -0.0570628   -0.0475854   -0.0613705
  0.00312434    0.0972091   -0.0726249    0.0122641
   0.0350602   -0.0985275   -0.0147953    0.0151146
   0.0557875    -0.153519   -0.0661819   -0.0612107
  -0.0399413   0.00054312   -0.0171968   -0.0451348
   -0.171616     0.137328    -0.022098   -0.0844414
  -0.0322068     0.121632  -0.00916583    0.0117962
 -0.00435416    0.0838244    -0.055441  3.15328e-06
    0.103565    -0.166985   -0.0324774   -0.0500131
    0.247382    -0.190683   -0.0206803 -0.000460648
   0.0323968     0.100371   -0.0677402    0.0731845
   0.0678093    0.0700356    0.0185576     0.145754
  -0.0931484     0.306843   -0.0437508    0.0763397
   0.0842792   -0.0661701    -0.100338   -0.0963845
   0.0961565    0.0343031   -0.0349451    0.0246114
   -0.114006     0.152929    0.0580074   -0.0156262
   0.0774169    -0.210542     -0.10333    -0.167741
   0.0330687    0.0275105   -0.0639319   -0.0730724
   -0.120058     0.207868   -0.0308394     0.101617
  -0.0810828     0.230034   0.00511552    0.0378927
   0.0762813    -0.072846    -0.129215    0.0285675
   0.0188585   -0.0166028   -0.0863376  -0.00133103
-0.000345602    0.0943815   -0.0176612    0.0552053
   0.0333564    -0.267972    0.0148468    -0.140111
   0.0589366    0.0776258   -0.0390151    0.0576024
  -0.0872131     0.231649   -0.0135133     0.126041
    0.097342    -0.166443   -0.0909309   -0.0369067
  -0.0997995     0.149142    0.0344601      0.14033
   0.0188421    0.0247586   -0.0381846   -0.0382648
  -0.0439472    0.0868681    0.0164011   -0.0148575
   -0.170161     0.102354   -0.0703967    -0.119425
   -0.053469     0.043753   -0.0119249   -0.0616206
   0.0657913     -0.40627    -0.136573    -0.203033
   0.0237322   -0.0857457   -0.0221304    -0.051925
  -0.0553416   -0.0470696   -0.0837237   -0.0399035
   -0.059076    0.0687167   -0.0300468    0.0343276
   0.0533485    -0.202305   -0.0185831    -0.157653
   0.0473421    -0.144648     0.036209  -0.00480749
  -0.0319156    -0.106314   -0.0432518   -0.0777047
    0.100221    0.0888539   -0.0122058     0.139288
   0.0497454    -0.138052  -0.00127009    -0.140603
    0.167177     -0.27322   -0.0482513    -0.113325
    0.026026      0.10248    0.0401346    0.0334371
   0.0592482    -0.177554    0.0235603   -0.0904871
   -0.262412     0.435057   0.00368321    0.0575406
   -0.126255     0.223111    0.0323065    0.0590212
 -0.00540245    0.0081366  5.29839e-05    0.0458115
   0.0872273    -0.116533   -0.0356843   -0.0518586
  -0.0478082     0.103328    0.0100201    0.0743405
   0.0655974   0.00393834    -0.122919   -0.0437665
   0.0287868    0.0228103   -0.0433567    0.0042032
    0.123533     -0.10579   -0.0389384   -0.0997851
    0.192213  -0.00364993   -0.0650724      0.17029
  -0.0621082     0.220624     0.105378     0.106618
   -0.142745    -0.112056    0.0539541   -0.0295255
  -0.0265485    0.0575154   -0.0337635  -0.00192376
   0.0729315   -0.0116868   -0.0502829 -0.000366603
    0.193828    -0.136898   -0.0702015   -0.0200643
   0.0136241    0.0499737   0.00188962    0.0121041
   -0.117424     0.182649    -0.043933    0.0297694
    0.182727    -0.335695    -0.169704    -0.119649
   0.0204166     0.120823    0.0116585     0.112716
  -0.0660061   -0.0135967  -0.00717122    0.0475077
   0.0442858    -0.160797   -0.0517656   -0.0791792
  -0.0443885     0.200907   -0.0259775     0.114412
 -0.00896664    -0.131536    0.0112168    -0.161335
  0.00698235    -0.140304    0.0250672   -0.0172662
  -0.0486188   -0.0545938    0.0253162    0.0258177
  -0.0337513    -0.172397    -0.014347    -0.111592
   0.0192814   -0.0246739   -0.0287894   -0.0622227
   0.0488078   -0.0381279   -0.0680403   -0.0111807
 -0.00086449    0.0348201   -0.0151185   -0.0312623
  -0.0636083    0.0102861  -0.00372125   -0.0196846
   -0.327945     0.311556    0.0163601   -0.0427378
   0.0900605    -0.186915   -0.0957001   -0.0479752
  0.00329274     0.144194    0.0106953     0.053891
   0.0113151   -0.0164618    0.0184285   -0.0134005
   0.0050258     0.241013   0.00624824     0.123957
   0.0456909    -0.309317   -0.0951143    -0.150738
  -0.0136595    0.0525863   -0.0649099    0.0403277
 -0.00171168    0.0153784    -0.043075    0.0199059
  -0.0155489   -0.0359669   -0.0733126   -0.0750219
    0.129527     -0.26073   -0.0887276    -0.190083
   0.0361799     0.133652   0.00604873     0.125273
   0.0188762    0.0477327   -0.0557433    0.0784045
   0.0913616    0.0479328   0.00349386    0.0646403
   0.0147938   -0.0470467   -0.0254963   0.00832196
    0.107421    0.0157468     -0.13878    -0.048728
   -0.102452      0.43344   -0.0653967     0.195805
 -0.00125218   -0.0644127    -0.124798   0.00107617
  0.00674703    0.0511219   -0.0296589    0.0770068
   0.0121305   -0.0639625   -0.0329379   -0.0608892
     -0.2525     0.102641    0.0568634    -0.159144
   0.0552308   0.00444177   0.00546878    0.0972665
  -0.0570001   -0.0444089  -0.00440924  -0.00228781
    0.167378     0.180875    0.0140353     0.304568
  -0.0192521    0.0529512   -0.0233158  -0.00489944
  -0.0208854     0.143249   0.00786907    0.0785947
      0.3477    -0.141318   -0.0897203     0.139698
   -0.148887    0.0645198   -0.0431991   -0.0127186
  -0.0415594     0.223213   -0.0277082     0.119162
  0.00463137    0.0514083    0.0199249  -0.00205835
   0.0340005    0.0150293    0.0382185   -0.0886208
   0.0363624     0.249705   0.00773748    0.0673202
  -0.0209689     0.114027   -0.0391965    0.0685942
  0.00575447    -0.116869   -0.0640175   -0.0179317
  -0.0137565      0.11261   -0.0346862   -0.0238294
   0.0535936    0.0978873   -0.0604501   -0.0453405
  -0.0245437    0.0761269    0.0409631    -0.027004
   0.0810045     -0.13914   -0.0668399    0.0166071
   0.0697116    -0.203093   -0.0860919   -0.0949986
   -0.130678     0.330948   -0.0430219     0.145616
   -0.106484     0.238065    0.0522793     0.170531
   -0.169725     0.228211   -0.0261126   -0.0141605
   -0.137185    0.0551541    0.0696992  -0.00483914
   -0.021242     0.115598   -0.0644617    0.0801929
   -0.065499   -0.0213894    0.0348358   -0.0384433
  -0.0384582    0.0290546   -0.0535905    -0.088296
   -0.465547     0.484949     0.113096    0.0496429
 0.000633587    0.0100712    -0.030717    -0.096879
   0.0818646     0.119683   -0.0727663     0.158947
    0.137614    -0.230774    -0.171062    -0.178818
   0.0805725     0.136918   -0.0921353    0.0792428
    0.137426    -0.319786    -0.155215    -0.204439
   -0.048214    0.0482219    0.0107632    0.0471323
    0.100351   -0.0789012    0.0122531   -0.0317332
  -0.0054527   -0.0827146    0.0139118   -0.0835349
     -0.1461    0.0969401     0.046611   -0.0120976
   -0.193463    0.0594816    0.0381227    -0.115894
   -0.102939     0.276329    0.0175203     0.131916
   0.0294626    0.0151665   -0.0508092    0.0428257
  -0.0657383     0.511343     0.129327     0.256857
    0.135231   -0.0330661    0.0312609    0.0579137
  -0.0916515     0.301415    0.0924016    0.0669683
  -0.0516467     0.140272    0.0698038    0.0062918
  0.00925268    0.0766293   -0.0899936    0.0661978
   -0.135349     0.221756    0.0343269    0.0324652
  0.00905416   -0.0296524    0.0283219    0.0334009
   0.0856539    0.0641451   -0.0218546   -0.0120177
    0.112508   0.00953778    -0.101102    0.0588021
   0.0360829     0.153292    -0.101813    0.0544689
   0.0168964   -0.0544158    -0.117843   -0.0246416
   -0.122328     0.102346   -0.0463468   -0.0343986
    0.030426    -0.170568   -0.0455244    -0.130294
   -0.099776    0.0601417   -0.0247378    0.0849089
  -0.0123304     0.106016   -0.0438039  -0.00438769
    0.163818    -0.168073   -0.0498289     0.121458
   0.0445862   -0.0547502    -0.110353   -0.0131644
  0.00158638    0.0592308   -0.0268212   -0.0229874
    0.105547     0.198842   -0.0916836     0.210466
   -0.136707     0.196334   -0.0423268    0.0998294
   0.0120923   -0.0464078    0.0268304   -0.0707865
  -0.0351003   0.00581127   -0.0833115    -0.079923
   0.0354827      0.29538    0.0291844     0.145405
 -0.00554521     0.259494   -0.0182492     0.211666
   -0.148004     0.341496    0.0100819    0.0648647
   0.0811093    -0.103031   -0.0993349   -0.0373998
   -0.019077    0.0373102   -0.0161361   -0.0839667
   0.0352242    0.0370359   -0.0621836   0.00066751
 -0.00145049   -0.0803415    0.0365938    -0.121569
  -0.0439398     0.136589   -0.0720771   -0.0589328
   0.0755619    -0.212642   -0.0229118    -0.129663
    0.103842    -0.148994    0.0569301   -0.0785127
   0.0320322  -0.00808312    0.0210755    -0.104086
  -0.0189112     0.228993   -0.0307085     0.113923
   -0.162323     0.267237    0.0138195   -0.0550238
  0.00508132     0.141264   -0.0749216    0.0437706
  -0.0598978     0.137069    0.0356489    0.0364216
  -0.0153773    -0.174269   -0.0593691    -0.108632
    0.184182    -0.352823   -0.0958829    -0.229363
 -0.00123615     0.185581    0.0764723    0.0855495
    0.128416    0.0858547   -0.0388236     0.146044
    0.109985    0.0252822    0.0113051     0.142502
   0.0454173    0.0191939   -0.0955324  -0.00671782
    0.222813     0.164797    0.0367337     0.258634
  -0.0292995     0.340083  -0.00848376     0.158301
   0.0635078   -0.0996458   -0.0711314   0.00533723
   0.0339874    -0.116089   -0.0547126  -0.00300117
   0.0328762    0.0138884   -0.0186878      0.10309
  -0.0124494     0.024411   -0.0159565     0.117019
   -0.126418     0.126857   -0.0582363   -0.0349293
    0.141064   -0.0499926  -0.00212075    0.0600151
   -0.164427     0.211366    0.0634448    0.0602925
  -0.0448217    -0.037117    -0.025737    -0.119235
   0.0351119   -0.0778881   -0.0493301   -0.0380073
    0.121461   -0.0434478   -0.0564322    0.0235261
   0.0305203      0.10566    0.0423106     0.129662
   0.0511514   0.00280257   -0.0692578   -0.0419869
  0.00897851   -0.0998773   -0.0621278    0.0244001
   0.0894323    -0.113107    -0.109039   -0.0479761
   0.0279992    0.0687887  0.000294851  -0.00029635
   0.0367686     0.126577   0.00585276    0.0408197
  -0.0405489     0.247108    0.0210505    0.0914221
  -0.0294516     0.070895   -0.0377896    0.0618695
  -0.0062728     0.268513   -0.0286868     0.122545
  -0.0799683    0.0159587    0.0627468 -0.000956968
   0.0492926    0.0602907    0.0201749     0.100928
    0.030979    0.0193215   -0.0536372      0.01348
    0.106326   -0.0656384    0.0130477   -0.0141952
   0.0395324   -0.0575369    -0.101438    -0.150219
   0.0176091    0.0980133   -0.0533995    0.0415114
   0.0425858  -0.00171703   -0.0228096   -0.0119354
   0.0216833     0.032107   -0.0330247    0.0681373
-6.68118e-05    0.0311219   -0.0328123   -0.0110798
  -0.0753366    0.0257341   -0.0392348   -0.0894144
     0.11733   -0.0135746   -0.0317169    0.0529969
  -0.0166976     0.152813    0.0316021      0.07139
   0.0168441   -0.0959992    0.0257085   -0.0400106
   0.0195385   -0.0771253   -0.0284826    0.0338627
   -0.106686    0.0342359   -0.0874655   -0.0862755
   0.0731236    0.0672823   -0.0126695    0.0522585
  -0.0680598   -0.0239736    0.0564383   -0.0956672
    0.038049    0.0214316    0.0129239   -0.0798783
  -0.0303655     0.236557   -0.0862278     0.153237
   -0.293696     0.569717    0.0369671     0.132341
    0.060176   -0.0376359   -0.0109902    0.0540912
  -0.0531604     0.204468    0.0637073     0.149911
   -0.090815    0.0119892   -0.0110101   0.00398684
  -0.0359339    0.0683474   -0.0836828     -0.08119
  -0.0586577     0.115501    -0.033904      0.09123
  -0.0436566     0.281441  -0.00373685     0.134231
-0.000658272     0.168462    0.0439216    0.0324295
   0.0367206    0.0259856   0.00361297    0.0900911
    0.106101    -0.199207   -0.0336976    -0.114248
   0.0313554   -0.0242899   -0.0683967   0.00632109
  0.00450419   -0.0331362    0.0257982   -0.0829347
   0.0488691    0.0993777    0.0379315   -0.0111034
    0.104373   -0.0181196   -0.0874925    0.0655732
  -0.0527466     0.156322   -0.0556062     0.065721
    0.126705  -0.00678511   -0.0545062    0.0619097