    0.011839     0.119744    0.0287908    0.0288074
  -0.0409945     0.106021     0.151633    0.0816022
  -0.0440204    -0.138903    -0.061838    0.0562428
   0.0752094    0.0645364    -0.123951     0.121544
  -0.0950924    -0.162556     0.284254   -0.0119926
  -0.0338328    0.0980366     0.102902    0.0983955
   0.0401334    0.0517002     0.183258    0.0563796
   0.0148726   -0.0727193    0.0527572    0.0767205
 -0.00579789    -0.203586    -0.108221     0.122128
  -0.0560469   -0.0394348    0.0364203   0.00752033
  0.00502657    0.0336079     0.141591   -0.0128637
    0.040015     0.223831    0.0299974    0.0169174
 -0.00470081     0.100664    0.0260622    -0.037706
  -0.0139293    -0.106886     0.171024  -0.00949614
  -0.0925321    -0.186528    0.0846278    0.0962006
    0.150146     0.192563   -0.0718249    0.0808341
   -0.111295   -0.0293718    0.0905665   0.00153779
   0.0530691    0.0431244   -0.0635476    0.0980902
   0.0141534    0.0923252    -0.204633   -0.0652478
  -0.0916509   -0.0225905   -0.0204128     0.124114
  0.00785728   -0.0323405    0.0748613  0.000212724
 -0.00904945    0.0909605    0.0944673   0.00613461
   0.0294928     0.254738    -0.183073     0.103407
     0.05889      0.12785     0.162745   -0.0703507
  -0.0218686     0.318991     0.159455    0.0416448
  -0.0102169   -0.0944319     -0.16702    0.0554786
  -0.0160024     0.181691   -0.0446217    0.0804726
   0.0913821 -0.000624061   -0.0197153     0.111741
  -0.0677874   -0.0162213     0.178317   -0.0573695
   0.0452022     0.291689   -0.0344029     0.108672
  -0.0869062    -0.187284  8.90393e-05    0.0504719
  -0.0160493   -0.0733109    0.0100169     0.023157
  -0.0650666    -0.153145    0.0103496   -0.0862441
  -0.0640029    -0.223591   -0.0227722      0.01426
   0.0494906      0.12225     0.120452    0.0672154
  -0.0967482    0.0639916   -0.0382425     0.140204
  -0.0334833    -0.108489    -0.141532     0.158622
   0.0148533    -0.188292     -0.16702    0.0146499
  -0.0177032  0.000459433     0.189336    -0.166804
   0.0245382    0.0253658    -0.050618     0.124862
  -0.0809711    -0.139661    0.0843003    0.0189929
  -0.0825431   -0.0764177    -0.201859    0.0288159
   0.0575953   -0.0289332   -0.0678507     0.085442
  -0.0036437    0.0103917   -0.0184914  -0.00625308
  -0.0697342    -0.123113     0.159934   0.00573708
  -0.0258029    -0.102184     0.011554  -0.00894527
 -0.00661061    -0.115904    -0.246781     0.203698
-0.000782397     0.182954   -0.0658756      0.17953
 -0.00249616     0.218049    -0.227068   0.00897715
   0.0419836    0.0737229     0.192476   -0.0177002
   -0.143437    -0.369704   -0.0514681   -0.0721724
    0.019455   -0.0228849    -0.102875   -0.0309818
  -0.0210888    -0.105558   -0.0231746    0.0738598
   0.0137093    0.0575842   -0.0346903   0.00384064
  -0.0518666    0.0151957     0.121359    0.0291645
 0.000139392     0.139656    0.0684628    -0.194743
  -0.0104319   -0.0435659    0.0739283    0.0538752
   -0.011296    0.0141315    0.0603034     0.164588
 -0.00447876   -0.0122062   -0.0781345    0.0634926
   0.0525201     0.123957   -0.0464834    0.0140051
    0.020631    -0.175526   -0.0371147    0.0928938
   -0.115167    -0.124724    -0.129971  -0.00491493
  -0.0224226    -0.137895    -0.133162    0.0906253
   0.0579822     0.164093   0.00826019    0.0148595
   0.0365972   -0.0472641     0.213321    0.0513073
   -0.109536    -0.174005    -0.139256     0.143311
   0.0203327  -0.00935536    -0.104973   -0.0359215
    -0.05296   0.00845125     0.197266   -0.0180679
 -0.00852545   0.00864031    0.0570891    0.0459983
  -0.0509815   -0.0223923     0.107915   -0.0122337
   -0.149434    -0.282958     0.132538    0.0587457
  -0.0362094   -0.0973929     0.028683    0.0322112
   0.0510913     0.032805     0.114447    0.0480724
  -0.0123003    0.0509948    -0.220466    0.0821363
  -0.0794104    -0.227927    -0.124356    0.0728536
 -0.00391396     0.093699   -0.0226075    -0.036061
    -0.06108    -0.175865    -0.099572    -0.104063
 -0.00394514   -0.0562445  -0.00885074     0.071316
  -0.0765812   -0.0968745    0.0261351   -0.0230779
 -0.00801447     0.149013    -0.240796   -0.0263125
   0.0090468      0.14417     0.249036    -0.162067
  -0.0703032    -0.201977    0.0666376       0.1344
  -0.0228661    -0.361417  -0.00755787   0.00379071
-0.000509454     0.226492    0.0336882   -0.0141382
  -0.0232522     0.117071      0.18622       0.1495
  0.00718394     0.240617     0.017282    -0.031545
 -0.00942423    -0.120354      0.10196    0.0120272
  -0.0284706     -0.10898     0.105574     0.147796
  -0.0552966  -0.00966317     0.101422    0.0407808
   0.0563526     0.189004     0.192746   -0.0262766
   0.0279716     0.158138     0.070876    0.0551917
  -0.0846772    -0.330627    -0.281849     0.106148
   -0.038433      0.14117    0.0331817  -0.00735357
   0.0219751   -0.0892893    0.0268305     0.036301
    -0.01953    -0.136333   -0.0444318    0.0619847
  0.00164464     0.176523     0.147798   0.00676383
    0.105947     0.447195     0.233668     -0.10972
   0.0457648     0.117432   0.00332985  -0.00715558
 -0.00129685    -0.134523   -0.0230761    -0.148058
   0.0294936    0.0388404    -0.104809   -0.0141935
   -0.109955     -0.37791    -0.110373    0.0714045
   0.0810306    0.0811188    0.0712693    -0.030693
  -0.0965933    -0.331695    0.0989561   -0.0772163
   0.0499937    0.0427359   -0.0911418   0.00548173
   0.0594084     0.146309   -0.0646967    0.0505892
    0.043765     0.110706    0.0626708    0.0793009
   0.0268065    0.0173175     0.202175    -0.078333
    0.101002     0.141539    -0.344792   0.00201102
    -0.17642    -0.316625    0.0517173      0.05416
  -0.0117984   0.00143825   -0.0473647    0.0443649
  -0.0107249    -0.135343  -0.00662144   -0.0294827
   -0.162094    -0.351071   -0.0594645    0.0591911
  -0.0592419    -0.014689    0.0223461   -0.0468508
  -0.0244763   -0.0659497   -0.0282803   -0.0667759
  -0.0513985    -0.245934   -0.0199272   -0.0235413
   -0.210649    -0.593201   -0.0407859    0.0876686
  -0.0452474    -0.196656   -0.0349877     0.079032
  -0.0151801   -0.0958946    -0.218407     0.187238
   0.0229111    -0.169182    -0.142006     0.063491
   -0.105521   -0.0445122   -0.0111143   0.00618441
   0.0377669     0.132607   -0.0524628   -0.0290359
   0.0126247     0.190024   0.00548016    0.0360826
   0.0024645     0.098124   -0.0481799    0.0386532
   0.0710833     0.124834     0.222452    0.0668608
   0.0425038    0.0212346    0.0347403    -0.022547
  -0.0443575    -0.169209   -0.0306297     0.109279
   -0.138094    -0.208474     0.284063   -0.0077432
   0.0270149     0.111258     0.119464    0.0366424
   0.0479655   -0.0470375    -0.123387    0.0470394
  -0.0568411     0.121006    0.0290134    -0.209448
   -0.126376   -0.0544828    0.0489284    0.0488397
   0.0506585    0.0159481    -0.215313      0.09974
  -0.0603007    -0.167893     0.182733  -0.00532935
  -0.0859244   -0.0591382   -0.0521132     0.109071
  -0.0703448    -0.133698    0.0267074    -0.236845
   0.0558082   -0.0109782   0.00525355   -0.0137264
  -0.0146097     -0.16312    -0.123146    0.0451287
  -0.0155503   -0.0812604    -0.106401    0.0668756
   0.0607407     0.147849     0.230835    -0.154569
  -0.0575253    -0.163663   -0.0171959    0.0692115
  -0.0144033     -0.11955   -0.0401418    0.0231945
   0.0524026    0.0861794      0.11221    0.0247845
   0.0140064    0.0923595  -0.00487046    0.0752848
   0.0107759    -0.204336    -0.219987    0.0566123
    -0.11048    -0.108488    0.0540019    0.0044078
   -0.112513    -0.156082   -0.0569153   -0.0315154
   -0.158546    -0.172866    0.0683275    0.0675827
   0.0489205    0.0204217    -0.144418    -0.118006
   0.0873488     0.080376     0.177788   -0.0517239
   0.0615494   -0.0788321    -0.118768    0.0194136
   -0.070683    -0.153011    -0.132192   -0.0522104
   0.0192138    0.0645256    -0.153019    0.0402145
   -0.132059    -0.167802    -0.051311    -0.109211
  -0.0301966    -0.111145   -0.0672448   -0.0695157
 -0.00817499   -0.0348412     0.199151   -0.0294066
   0.0823966     0.330128     0.186503   -0.0419907
   0.0236993     0.076212    0.0541983   -0.0803414
  -0.0550295    0.0103038    0.0619658    0.0582261
  0.00482032   -0.0572491    -0.237023     0.147264
   0.0215115    0.0474638     0.262279   -0.0905047
   0.0357163     0.126238    -0.168984    0.0593442
  -0.0649029    -0.335578    -0.124015   0.00622712
  -0.0827387    -0.100729  -0.00666065  -0.00684702
    0.127144    0.0659125    -0.171196  -0.00510884
  -0.0114738     0.152373     0.196693    0.0422911
  -0.0493387     0.108303    0.0496957    0.0602256
   0.0577018    0.0618997   -0.0520519   -0.0728685
   0.0878092     0.124036   -0.0816073     0.065893
  -0.0783192     -0.15667    -0.239778    0.0684298
-0.000126016   -0.0217077    0.0515902    0.0468514
   0.0487153     0.166844    0.0168324     0.026639
   0.0108963   -0.0170189    -0.103172    -0.144136
   0.0339478      0.10968      0.24573   -0.0487688
   0.0523407    0.0382831   -0.0819505    0.0104594
 -0.00915149     0.104146    0.0868306   -0.0398526
   0.0880599     0.111134    -0.233136   -0.0661899
  -0.0359998     -0.11939    0.0863467   -0.0379127
   0.0138727    0.0346812    -0.200487    0.0382525
   0.0176053     0.230558   -0.0857735   -0.0150514
    0.017669    0.0707805    -0.191377    0.0981522
 -0.00156016   -0.0373498      0.16485    0.0841918
   0.0156603  0.000356693   -0.0203031    -0.104257
  -0.0568104   -0.0801916   0.00288964    0.0948905
    0.015529    0.0711066   -0.0757635     -0.14604
   0.0576809     0.308319     0.204629    0.0429918
   0.0640312    0.0657171    -0.132735   0.00346538
  -0.0485418    -0.117634   0.00245399    -0.113452
  -0.0900055    -0.221154      -0.2127     0.172415
   0.0303647    -0.136026    0.0535773    0.0335575
   0.0432103     0.321202     0.345225    -0.135478
   0.0118193      0.10821    -0.233358    0.0756976
   0.0637356     0.207073     0.112693    0.0500354
  -0.0938736      -0.1837    0.0454764    0.0123922
   0.0198412    -0.048722    -0.114904    0.0836109
  -0.0489922    -0.210647    0.0402179     0.038977
 -0.00819784     0.180208    0.0897543   -0.0281198
    0.127466     0.363621  -0.00157939    0.0240136
    0.107298     0.133086    0.0999128    -0.178468
  -0.0650964    -0.183989   -0.0204133   -0.0167416
   0.0806654      0.12998    0.0962604     0.023254
  -0.0707574    -0.319695   -0.0826962  -0.00992244
  -0.0818351   -0.0143104    -0.210143     0.152292
 -0.00334303    0.0586042     -0.11061  -0.00375401
  -0.0443682    0.0455795   -0.0107893     0.076466
  0.00335232    0.0291848   -0.0533505    0.0244454
   0.0798257    -0.109593     0.189287    -0.161982
  -0.0269091   -0.0327961   -0.0460208     0.239084
    -0.15709    -0.363025     0.185993    0.0701433
  -0.0104211     0.161235   -0.0233911    0.0636588
  -0.0199514    -0.044873     0.193045  -0.00438502
  -0.0956749    -0.163917   -0.0127795     0.118101
   0.0810254     0.259499    0.0208978   -0.0353389
  0.00195357   -0.0208503   -0.0810428   -0.0273344
  -0.0690686   -0.0998405     0.162298  3.06409e-05
  -0.0164204   -0.0732837    -0.306086     0.154824
   -0.118224    -0.207289   -0.0649601     0.135559
  -0.0581856    0.0151928     0.058051    0.0836637
  -0.0295712    0.0518571     0.252879   -0.0296759
  -0.0988621    -0.389088    -0.152409    0.0657597
  -0.0902526    -0.216413     0.134532    0.0473671
   -0.039971    -0.021061   -0.0602986   0.00575263
    0.111012     0.276383     0.049726     -0.04873
   0.0201336   -0.0648735   -0.0332194   -0.0538779
  -0.0310715    -0.201948   -0.0171968    -0.110819
  0.00519662     0.244728     0.226504    -0.115841
  -0.0884748   -0.0392092    0.0543795     0.101549
   0.0246036     0.159097     0.157377  -0.00868897
  -0.0557925    0.0294121     0.196566    0.0436133
   0.0527601    -0.032838   -0.0818813     0.167433
   0.0296899    0.0335534    0.0394346   -0.0357237
   0.0337761     0.073115   0.00860589   -0.0066708
    0.078227  -0.00299025     0.058233    0.0155588
  -0.0156978    -0.247824    -0.185314    0.0295254
  -0.0375205   -0.0629643   0.00508688     0.058963
 -0.00210911    -0.212588   -0.0768187    0.0962831
  -0.0401337     0.118702     0.107141    0.0282366
  -0.0111123    0.0479635    0.0286624   0.00268867
   -0.090941    -0.048542    -0.170235    0.0464979
   -0.090493     -0.29712     0.214436     0.100239
  -0.0559194    -0.124668    -0.123439    0.0221569
  -0.0270556    0.0586956     0.101506   -0.0122398
   0.0700384    0.0486323    0.0103922    0.0410009
   0.0328838     0.190331      0.22717   -0.0291584
   0.0255699    -0.225433    -0.118762    0.0322483
  0.00872432    0.0306668   -0.0524871     0.155798
   -0.246657    -0.360497   -0.0362513     0.175488
   -0.135138    -0.131593    0.0957178      0.10787
    0.069067    0.0486569     -0.20298    0.0291085
  0.00401803     0.176827     0.110215    0.0735329
   -0.107503     -0.28979   -0.0595841    -0.025786
  -0.0898785    -0.018409    0.0823789    -0.213995
   -0.104189    -0.131212    0.0430292     0.069163
  -0.0428041    0.0675731    0.0147193   -0.0485768
   -0.115776    -0.306616   -0.0640726    0.0811169
 -0.00143726     0.114338    -0.182939    0.0941424
  -0.0356261    0.0711065    -0.112774    0.0273386
  -0.0175201    0.0570285   -0.0954392     0.055498
   0.0674785     0.147309    0.0380646    -0.146106
  -0.0182779   -0.0200998   -0.0669952    -0.112447
 0.000307033     0.247278    -0.140847    0.0209812
   0.0375215     0.154504    -0.130123   -0.0329115
  -0.0283753    0.0305425     0.157464   -0.0905361
    0.119576     0.370069   -0.0267024    0.0473401
  -0.0340403    0.0311843     0.169031   -0.0442317
    0.111078   -0.0120436     -0.09582     0.122483
   0.0908927     0.171081    -0.105988    0.0852262
  -0.0451979    -0.163987    0.0621838    0.0188001
    0.120799     0.219427   -0.0302302    0.0447162
  0.00455072   -0.0550773     0.153301   -0.0562863
   0.0184478      0.18973   -0.0492375    0.0966944
  -0.0160393    -0.109892   -0.0772005      0.10112
   -0.156203    -0.311436     0.103818   -0.0692691
  0.00946352     0.205915   -0.0704335      0.02808
  -0.0222095   -0.0773881     0.137089    0.0214607
  -0.0710812    0.0441335    0.0140586   0.00105921
  -0.0182003     0.300953     -0.12406   -0.0181361
  -0.0465191     0.129595     0.100559   -0.0399386
   0.0341441     0.173612    0.0145841     0.169482
    -0.20278    -0.384652     0.010767     0.113751
 -0.00927496     0.146172    -0.124502    0.0570147
 -0.00845855    0.0135616     0.133734    0.0203392
   0.0489478   0.00505692    0.0171291   -0.0671407
  0.00573893     0.125753   -0.0854547     -0.09977
  -0.0362164   -0.0279538     0.349484   -0.0456453
  -0.0488709   -0.0844861    0.0444193   -0.0569875
    0.144409     0.365109     0.116078  -0.00650323
    0.039409    0.0758359    0.0269627   -0.0671762
  -0.0247837    0.0306388   -0.0664137   -0.0546774
  0.00997596   -0.0138461     0.113041    0.0926669
   -0.056463    -0.209926    0.0332989   -0.0546967
  -0.0220504    -0.141291    0.0290105    0.0131329
   0.0426168     0.242733    0.0933175   0.00523561
   0.0457944    0.0842158   -0.0129073      0.09176
   0.0123185     0.204198      0.16465    -0.112954
   -0.039309    -0.288417    0.0981347    -0.115684
  -0.0357071    -0.073356     0.173693    0.0732763
  -0.0198008    0.0830133   -0.0423663    -0.037134
   0.0370764   -0.0228368  -0.00829732    -0.101184
  -0.0994428    -0.214348    -0.219427   -0.0111802
   0.0286125    0.0930451    0.0182651    0.0166988
   -0.100414    -0.119505    -0.126359    -0.043645
    0.113234     0.196087     0.150924   0.00661677
  -0.0101054    0.0430977     0.160626   -0.0229611
   -0.125184    -0.274795   -0.0364633    0.0358667
  -0.0821908    -0.308336     0.026898    0.0425614
  -0.0519904   -0.0784159   -0.0735586   -0.0440969
  -0.0127771    -0.110068   -0.0329421    0.0873267
    0.019058    -0.115237    0.0113546    0.0958193
  -0.0174585    -0.178478    -0.181501    -0.019542
   0.0254071   0.00864263     0.257614    -0.114186
   0.0217297     0.254289    -0.123181 -8.58306e-05
  -0.0265027    0.0226369     0.206952   -0.0310161
  -0.0358836    -0.149256   -0.0683084   -0.0226338
  -0.0412192    0.0406859    0.0165139    0.0857314
    0.100629     0.327221   0.00197082   -0.0989015
   -0.014445    0.0523576    -0.067159   -0.0393138
   -0.143848    -0.301623    0.0693708    -0.109351
   0.0692677     0.158658   -0.0910785    0.0156495
  -0.0065596    -0.101883    -0.119048    0.0136025
   0.0157063     0.131022    0.0159435   -0.0655673
  -0.0464456     0.158368     0.020019  -0.00650332
   -0.145578    -0.165751     0.057311    0.0252952
  -0.0077357   -0.0168205   -0.0388733    0.0297608
  -0.0532505     0.152482    -0.017399     0.054541
   -0.105522    -0.138269     -0.11478    0.0535375
  -0.0169384     0.103595    0.0585739   -0.0744931
   0.0527322    0.0500343     0.129353    0.0579943
   0.0700402    0.0935018   -0.0511754    -0.055553
  -0.0428669   -0.0941413   -0.0927591     0.139431
  0.00844145     0.113786    0.0517379    0.0663158
   0.0978562     0.210938    -0.044407   -0.0631774
  -0.0424378    0.0343418    0.0352865   -0.0260571
   -0.118582    -0.104244    -0.281963      0.11262
  -0.0070009    0.0531757    0.0986316  -0.00992005
   0.0111307    0.0585199     0.149795    0.0361282
   -0.129837    -0.135897    -0.187651    -0.106628
  -0.0494113    -0.116381   -0.0208158   -0.0272583
  -0.0963469    -0.291355   -0.0652193    0.0911899
  -0.0346899    -0.136083   -0.0311286  -0.00436923
   0.0419767     0.190394     0.334138    0.0410781
   -0.130221    -0.394369    -0.161316      0.12053
    0.117989     0.398939    0.0259823    0.0206862
   0.0627533     0.140493    -0.112768    -0.047519
   0.0088529     0.315945     0.171668    -0.115825
   -0.114908    -0.224501    0.0755997   -0.0172424
  -0.0129857    -0.109111   -0.0297727    0.0723272
   0.0161587    -0.236122     -0.27979   0.00391483
   -0.103483   -0.0751552    0.0366512    0.0399984
   0.0239374    0.0183123    0.0037492   -0.0427996
  0.00487892   0.00188924      0.13682    0.0575128
  -0.0169696     0.138973     0.123697    0.0368238
  -0.0635029     -0.29207    -0.155061   0.00482372
  -0.0748696    -0.277637    -0.161208    0.0633616
 -0.00986843    0.0209408   -0.0482315  -0.00353378
      0.0646   -0.0365912   -0.0263635     0.138524
  -0.0246231   -0.0247892   -0.0347179    0.0423592
    0.041665    -0.152198   -0.0351246    0.0185742
  -0.0385484     -0.21157    -0.121575    0.0487516
  -0.0902435    -0.206476    -0.134232    0.0851253
   -0.128431    -0.311892     0.198543   -0.0374084
   0.0368802    -0.055149     -0.12049    0.0385017
  -0.0211788   -0.0604311    -0.113156    0.0127241
   0.0756961   -0.0132663   -0.0775846     0.115622
  -0.0687678    0.0489616     0.155973   -0.0900963
    0.060521     0.218263   -0.0968504    0.0916444
   -0.017784    -0.123947 -0.000348896 -0.000360302
  -0.0625326   -0.0957355  -0.00160343    0.0385782
   -0.069227   -0.0823285     0.188663    -0.123458
   0.0472399     0.185786   -0.0609789   -0.0934227
  -0.0574981    0.0582221    0.0443696     0.142911
  0.00958717     0.163868    0.0301657    0.0092422
 -0.00323975     0.206671   -0.0779304    0.0708515
  -0.0430412     0.222723     0.332657      0.02061
   0.0234374    0.0413902     0.182064  -0.00898826
   0.0330477     0.194687   -0.0916155    0.0262904
  -0.0709557    0.0454747      0.12693   -0.0542922
  -0.0499848       0.0172    -0.185661    0.0251617
  -0.0689276    0.0766223    0.0538704    0.0207707
   -0.032932    -0.206637    -0.309696  0.000578597
    0.057255     0.165756     0.119341   -0.0387228
   0.0317797    0.0872252  -0.00971998   -0.0102267
  0.00244231    0.0261381    0.0287388    0.0656244
   0.0675349     0.118289    0.0566063   -0.0565686
  -0.0469571    0.0154136     0.189255    -0.012415
   0.0398156   -0.0174025    -0.203421    -0.105847
   0.0195991    0.0885844   -0.0586352    0.0380702
   0.0415032    0.0854507   -0.0669104    0.0141268
  -0.0189358   -0.0522905     0.158502    0.0241546
  -0.0885553   -0.0843239    -0.119153   -0.0291212
   0.0643373    0.0212962   -0.0175637    0.0632221
   -0.164022     -0.24275    -0.178436     0.127261
  -0.0638817    0.0322094    0.0556425    0.0267167
  -0.0186751   -0.0895607    -0.129257      0.10192
  -0.0729319    0.0612443    0.0921172   -0.0700561
 -0.00435111  -0.00236575    -0.128713     0.157647
  -0.0173355    0.0736595     0.031064   0.00861218
  -0.0607445    -0.176412    -0.166267    0.0306074
  -0.0210319    0.0506119   -0.0108315   -0.0265855
   0.0229187    0.0840248    -0.190506   -0.0652591
  0.00410037     0.117971   -0.0842136    0.0607365
  -0.0114679    0.0186806     0.326795     -0.23512
   0.0110988    0.0627112    -0.022349  -0.00861936
  -0.0815329    -0.128275   -0.0197297  -0.00916907
    0.118671     0.284909     0.068937    -0.130729
   0.0795128     0.134186   -0.0513594    0.0542196
  -0.0245365   -0.0211572    0.0584077    0.0587142
  -0.0235452     0.213342    0.0573685   -0.0652815
   0.0539438   0.00368137   0.00142222     0.035498
  -0.0131646    -0.094094    0.0157042   0.00944887
    0.246623     0.289552     0.199939   -0.0373052
  -0.0464503    -0.120154    0.0301087    0.0341772
  -0.0117967    0.0063752    0.0367043   -0.0525906
 -0.00182834    -0.168424  0.000787608   -0.0927119
  -0.0521504    -0.131742     -0.27318  -0.00730563
   0.0643768   -0.0623118    -0.136604    0.0214764
    0.050146     0.231142   -0.0875985   -0.0248341
  -0.0260296    -0.117977     0.202456   -0.0479556
   0.0198826     0.173771    -0.264646      -0.2468
   -0.122709    -0.148974    -0.148924    0.0404654
   0.0741742     0.108227     0.148948    0.0797701
  -0.0191209    0.0393389     -0.03015   -0.0846134
  -0.0668518    -0.109862    0.0522018    0.0499344
  -0.0335609     0.186255   -0.0316788   -0.0136562
 -0.00101993    -0.110364    -0.104046    0.0391345
  -0.0120766   -0.0553558   -0.0454321    0.0157243
  -0.0545409    -0.111847   -0.0263953   -0.0210994
 -0.00916775     0.102076    0.0308008    -0.053389
  -0.0246076    -0.277721    -0.253034     0.169339
   0.0390272   -0.0385492    0.0831209     0.108172
  -0.0722962    0.0753351    0.0293723   -0.0343295
    -0.10136     0.004996    -0.100979    -0.055603
  0.00126748   -0.0267575   -0.0253975   -0.0495535
  -0.0527074  -0.00489212    0.0265021    -0.048036
  -0.0520802   -0.0855458 -5.34834e-05    -0.126858
  -0.0349503    -0.122511    0.0847068   -0.0744949
   -0.134886    -0.418957    -0.134605    -0.120956
  -0.0923266    -0.150056    0.0330897   -0.0279601
  -0.0332168     -0.23728    -0.125132    0.0742189
   0.0368846     0.149437   -0.0737326  -0.00766429
  -0.0338571     0.021619     0.180585    -0.013092
   0.0764232    -0.072572   -0.0703235    -0.045128
   0.0128652   -0.0906706     0.170188     0.084885
  -0.0540668    -0.324541   -0.0177309    -0.111333
  -0.0154475    0.0250176    0.0627848    0.0931028
    0.015088    -0.159557    -0.188812      0.11321
  -0.0186547    0.0412541    0.0212991 -0.000599159
  -0.0707506   -0.0907044  -0.00144412    -0.141005
  -0.0323258    0.0105074    0.0944217    0.0412544
  -0.0903907    -0.057721       -0.105   -0.0809582
   -0.155567    -0.162731    0.0148774   -0.0425937
  -0.0379329     -0.10674    -0.190526    0.0540161
 -0.00275512     -0.16943    0.0789989   -0.0767178
  -0.0556218    -0.192736     0.038784    0.0286429
   0.0449752     0.102834     0.212926    0.0777031
  -0.0374862   0.00595656     0.120095    0.0410207
   -0.126579    -0.209182    0.0877962    0.0205371
   0.0323805     0.135612   -0.0717083     0.069337
  -0.0422048   -0.0570212    0.0964236  -0.00102695
 -0.00108103   -0.0996647     0.205581    0.0400901
    0.053259     0.103089   -0.0445887    0.0561243
   0.0296325      0.17039    0.0626819   0.00586366
   0.0460892     0.186017   0.00631188    0.0411842
  -0.0810173    -0.177788    -0.057086   -0.0714957
  -0.0282278     0.238812   -0.0379483   -0.0131105
   -0.005374    0.0220863    -0.196548   -0.0690171
  -0.0816347   -0.0910845  0.000791533    0.0960033
  -0.0609179    -0.179014   -0.0595032   -0.0587093
  -0.0208666   -0.0440528      0.10529  -0.00966612
  -0.0733971    0.0534384     0.132406    0.0153989
   0.0346745     0.104667  0.000429892    0.0182178
  -0.0588971    -0.207288    0.0982927    -0.135283
   0.0855665   -0.0220586    -0.100861     0.153477
   0.0321276     0.157495   -0.0405138    0.0135164
  -0.0102755   0.00337105     0.128526   -0.0384045
   0.0733297     0.176722    0.0928715   -0.0929109
  -0.0935592   -0.0906376     -0.11276   -0.0903954
   -0.023451   -0.0782315    -0.111002    0.0856988
   0.0782133    0.0161712    0.0656264   -0.0553569
    0.039579   0.00985425   -0.0318959    0.0490348
   -0.012183   -0.0540875    0.0673891    -0.128286
  -0.0242487   -0.0617073    0.0479916   -0.0232586
   -0.143586    -0.100575    -0.217906   -0.0227226
   0.0422577    0.0349749    -0.118581   -0.0103695
  -0.0796538  0.000695348    0.0720454    0.0757368
  -0.0140909   -0.0445056    0.0274086   -0.0876529
   0.0229767   -0.0681889   0.00753907     0.143506
  -0.0336485    -0.332101   0.00789535   -0.0527504
  0.00875427   -0.0345058     -0.17313   -0.0559694
   0.0238528  -0.00726764    0.0741486   -0.0650346
  -0.0538079    -0.014774    0.0194097    0.0104664
   -0.125437    -0.179087    -0.131994   -0.0725835
  -0.0268115     0.163244    0.0806397   -0.0164234
  -0.0864142    -0.135311    0.0202375      0.14894
  -0.0513605    -0.303691    -0.104395    0.0162667
   -0.062201    -0.083717   -0.0238795    -0.132924
  -0.0248165   0.00147298     0.333304    -0.125577
   0.0607093    0.0242064    -0.170828    0.0518792
   -0.105634    -0.124894   -0.0688482   -0.0156334
 -0.00910355    0.0495594    -0.225079    0.0171178
   -0.023828   -0.0805775     0.114217    0.0456691
   0.0244043   0.00994304    0.0159745  -0.00114256
  -0.0316278    0.0554307   -0.0594071   -0.0101736
  -0.0245478    0.0483372     0.191534   -0.0391382
  -0.0231595     0.104474     0.282555   -0.0466761
 -0.00370148    0.0366899   -0.0553266     0.074235
   -0.109614    0.0436913    -0.045391   -0.0234874
   -0.122377   -0.0813833   -0.0217194    0.0980598
  -0.0445603      0.14666    -0.174199     0.103842
  -0.0212061   -0.0450416     0.105102   -0.0401342
 -0.00258483    -0.218781    0.0811899   -0.0849489
  -0.0671343     0.109919    0.0987005   0.00975334
  -0.0146558      0.10644   -0.0533502   -0.0642638