  -0.0961936     0.144802    0.0764341   -0.0496335
    0.213866    -0.195836    -0.195682    0.0865606
   -0.116574    0.0590255   -0.0362279    0.0759689
   -0.037551   0.00486909   -0.0387237     0.192398
  -0.0247117    0.0345735     0.127517    0.0448664
    0.029776    0.0257404     0.061957    0.0515022
    0.161845   -0.0430395    0.0171684    -0.122911
    0.187265  -0.00348384    -0.409273     0.248528
     0.17483     0.211067     0.235796    -0.217659
   0.0299631     0.184323    -0.216558     0.379337
  -0.0894362   -0.0926487     0.195111   -0.0908596
    -0.11122   -0.0817653    -0.138866     0.115818
  -0.0534695  -0.00566371    0.0105279     0.163018
   -0.323888    0.0576512    0.0256738   -0.0105399
   -0.159043     0.170076    0.0160894    -0.158975
  -0.0470962   -0.0340838     -0.13053    -0.156614
     -0.2164    0.0398451    0.0397719   -0.0412237
    0.196678   -0.0196741     0.212662   -0.0756959
   0.0835552    -0.109947    -0.093703   -0.0976517
   -0.206782    0.0714228    0.0917477     0.118599
   -0.108087    -0.116613    -0.303254    0.0147267
   0.0703933     0.369834     -0.12805     0.131516
  0.00275517     0.122093     0.048453   -0.0308056
   0.0549337    -0.158414     0.151313    0.0456464
  -0.0263994    -0.137678   -0.0698635   -0.0463133
   -0.384909    0.0536293     0.170278     0.191894
   0.0280984    0.0588515    -0.212928    -0.120679
   0.0895978   -0.0821204    0.0702464    0.0236847
   0.0819752    0.0675899    -0.084766     0.268663
   -0.168456    0.0271816    -0.102924    0.0578216
  -0.0117758    -0.162167   -0.0447876    0.0638327
   -0.245498    0.0113567    -0.014677     0.188351
   0.0784609  -0.00286531     0.023283    0.0307615
    0.161868     0.174236     0.170121    0.0291596
   -0.193939    -0.103738   -0.0151345   -0.0376528
    0.104638     0.276572    -0.319498     0.275541
   -0.061842    0.0239616    0.0859214    0.0779339
    0.511947     0.200813    -0.168177    0.0837307
   -0.432721   -0.0148257     0.673843   -0.0759066
   -0.112602    -0.179901    -0.214504     0.158536
   0.0112942    0.0500554   -0.0931424    -0.083874
   0.0446568     0.295427     0.106387     0.474742
    0.226663    0.0564103   -0.0448816     0.195673
   0.0675924     0.132772   -0.0167054   -0.0219042
   0.0271598   0.00955267   -0.0677766    0.0739481
    0.179442     0.204411    0.0644076   -0.0165452
    0.137014    -0.100213    0.0511247    -0.065028
   -0.140728     -0.21942    -0.315486   -0.0390205
  -0.0481658   -0.0363208    -0.188893    0.0740755
    0.312943   -0.0592185   -0.0161921   -0.0731461
    0.185533  -0.00930401    -0.684389     0.405639
   -0.378293    0.0914493    -0.443496   -0.0812539
   -0.165532    0.0444506    0.0551385   -0.0737454
    0.138001    0.0635129    -0.120281    0.0335502
   0.0285591   -0.0918424   -0.0454236    0.0598172
    0.144778     0.107893    0.0390972    0.0875014
   -0.168863     0.246769   -0.0187512   -0.0385527
  -0.0790682     0.126901     0.227275   -0.0440118
    0.206197    0.0914246    0.0621173     0.075477
    0.170765     0.204441     0.155174   -0.0635421
    0.015508    0.0524609   -0.0105447     0.102333
   0.0697608   -0.0309853   0.00608293    0.0479952
    -0.24619   -0.0266983    -0.135581     0.198792
   -0.044783    -0.035609    0.0956827     0.088029
   0.0895949   -0.0161023    -0.124103   -0.0411037
    0.115433   -0.0532007    -0.146938   -0.0308084
  -0.0889035    -0.122459    0.0419282    -0.031872
    0.147178    -0.151158    -0.185282    0.0758758
   -0.271594     -0.03555   -0.0740573    -0.159747
   -0.127629     0.115072     -0.29911    0.0104322
   -0.114389  0.000971505    0.0591861   0.00587651
   -0.244742   -0.0956186    -0.171944   0.00971569
  -0.0159403   -0.0340415    -0.185044     0.345907
   -0.120495    -0.147386    -0.333159   -0.0860625
  -0.0305466     0.123488    -0.091427    0.0437828
   -0.239351    -0.254786    -0.351426   -0.0290278
     -0.1536     0.173253     0.110186    0.0983306
     0.11941    -0.105157    0.0817017     0.118047
   0.0331231    -0.261157    -0.263769    0.0358901
    0.181319   -0.0395427    0.0718684    -0.192058
   -0.114685   -0.0659792    -0.269315    0.0822272
   -0.435499     0.309594    -0.259827    0.0778183
   -0.325935     0.068828     0.203954    -0.135675
    0.104918   0.00148936   -0.0138931     0.281605
   0.0467652    0.0264391   -0.0963535    -0.133112
    0.157523    0.0492756    0.0184732    0.0251452
  -0.0401296     0.206511   -0.0243986   -0.0353562
   0.0829481   -0.0292535   -0.0277005      0.15007
    0.146958      0.12396     0.270446    0.0886555
    0.198721   -0.0179656   -0.0826288     0.207505
  -0.0450577    -0.109081    0.0165585   -0.0497722
   -0.129836     0.178808     -0.37456    0.0694873
   0.0412859   -0.0455663     0.169897   -0.0767886
   -0.142156    -0.100706     0.203205    0.0225549
   0.0624524   -0.0702326   -0.0710864   -0.0695172
    -0.16713        0.201   -0.0213689   -0.0788747
  -0.0629319     0.202954   -0.0880411     0.124923
 -0.00773836   -0.0925082    0.0151218   -0.0484617
     0.18492   -0.0884829    -0.200735     0.224189
   -0.443721   -0.0247001    -0.109199     0.134854
   0.0161219   -0.0578387   -0.0159582   -0.0906754
   -0.116133    -0.287403    -0.585726     0.183718
   0.0260075   0.00305798    -0.127057    0.0103149
   0.0794019     0.100215   -0.0348153    0.0379732
    0.174612     0.123789    0.0238831    -0.210801
    0.111223   -0.0435839    0.0733424  -0.00674773
    0.248188   -0.0552855   -0.0607676   -0.0268115
  -0.0115243   0.00388402    0.0198179    0.0299297
  -0.0567374   -0.0232219    0.0591989    -0.142541
    0.254191      0.19196     0.137089     0.157092
   0.0981025    0.0501119    0.0963668    -0.106817
   -0.023253  -0.00679037    -0.138219   -0.0365905
  -0.0727704     -0.12062    -0.168418     0.142337
    0.209989    0.0100013    -0.108236    0.0741034
   0.0938045     0.360692     0.129836    -0.208888
   -0.145658    0.0881258   0.00876269    0.0576851
   0.0530003   -0.0765809   -0.0075425    0.0306816
   -0.158723     0.171835    -0.198511    -0.210448
   -0.164466    0.0543907   -0.0622275    0.0112777
   -0.153582   -0.0494723     0.112162    0.0254772
   -0.130808     0.053984    -0.135772    0.0985481
   -0.146277    -0.115102     0.100059    0.0597099
   0.0834832    -0.146479    0.0364937    -0.110464
     0.13881   -0.0960501    0.0201817    0.0748143
    0.155017     0.246608    0.0147709   -0.0686661
   -0.436293    0.0285545    -0.378513     0.278968
   -0.110026   -0.0990056   -0.0874376   -0.0418034
    0.279769   -0.0229648    -0.141363   -0.0157526
  -0.0260983   0.00735576    -0.129664    -0.029512
    0.115207    0.0526109    -0.191662    0.0367794
    0.208787    -0.230781   -0.0421025    0.0671678
   -0.178445     0.586284   -0.0599339    0.0153331
    -0.23514    -0.032345   -0.0147476     0.127761
    0.129835    0.0750305     -0.20952    0.0261217
    0.369805   -0.0470336   -0.0766416     0.105802
  -0.0670739   -0.0703103    -0.122237    -0.119394
   0.0558976   -0.0739305    -0.176064     0.397983
  -0.0646403    0.0154781  -0.00455113    0.0696729
  -0.0722424     0.107155   -0.0853005    0.0790381
    0.111985   -0.0447845    0.0412105    -0.112484
    0.116082   -0.0533285      0.15149    0.0206778
   0.0223053     -0.10803   -0.0538113    0.0175547
   -0.197332     -0.10319     0.101677    0.0499524
   0.0863091    0.0471388   -0.0215675    0.0259944
   -0.100622     0.175935    0.0903538     0.089891
    0.134578   -0.0497656    -0.201431    0.0929075
   -0.299564    0.0257074   -0.0189318   -0.0870476
   -0.228676     0.170766    -0.104015     0.157257
   -0.121959    0.0438545    -0.107945      0.12587
   -0.089791    -0.165442     0.291097     0.178983
    0.207041    -0.032634   -0.0167754    0.0109837
  -0.0998938   -0.0336525   -0.0419537    -0.163416
    0.104393    0.0119973    -0.185126     0.194697
    0.261917    0.0977202   -0.0998578     0.292136
   -0.234527   -0.0334491    0.0434391   -0.0886399
  -0.0134429    0.0239497   -0.0915084    0.0173927
   -0.207655    -0.138078    -0.479391     0.229818
    0.148278    0.0346753   -0.0721555     0.134166
   -0.322581    0.0588657     0.208941    -0.047296
    -0.16481   -0.0175259    -0.118267    0.0290703
    0.273866   -0.0608816    0.0694438   0.00229647
    0.122979     0.129291    0.0796031   -0.0343755
   -0.180658      0.13687    0.0519146   -0.0841037
   -0.270377    -0.209362   -0.0594446     0.101215
    0.172459    0.0786553     0.108263    -0.184627
   -0.258035    0.0592588    -0.111986     0.123919
    0.320064    0.0323378    0.0052868     0.163341
     0.37641     0.138363   -0.0545129      0.21998
   0.0700531    -0.365874    -0.114021    0.0164907
   -0.113873   -0.0823911    -0.161178   -0.0915429
   -0.100676    -0.135667    -0.111072     0.218525
   -0.220481     0.178652    0.0168432    0.0557011
   0.0258549     0.135936   -0.0844217    0.0182723
   0.0403023  -0.00825099    -0.102289   -0.0216111
     0.13925     0.172446    -0.183486     0.239648
   0.0066824     0.105696    0.0386163   -0.0135484
   -0.396598   -0.0339435   -0.0257372   -0.0414596
    0.075211   -0.0856644    -0.113737   -0.0082972
   -0.187799     0.162584   -0.0928229     0.398643
  -0.0878127     0.235103     -0.14372     0.146311
      -0.119     0.019573   -0.0682301    -0.086433
  0.00657479    -0.116202    0.0265458   -0.0600107
    0.068671    0.0547664   -0.0485123   -0.0771759
   0.0500568   -0.0578553     0.137871   -0.0497351
  -0.0589467    0.0760058   -0.0667707     0.107242
  -0.0465284    -0.072337   -0.0698465   -0.0588147
   0.0559519     0.131108     0.169025   -0.0218842
  -0.0544587     0.101196    -0.157163     0.250564
    -0.52413   -0.0261281    -0.297604   -0.0718939
  -0.0119024   0.00274778     0.119692     0.102649
   -0.257814    0.0337344    -0.167497    0.0228885
   -0.022727    -0.168708    0.0112686      0.10623
   -0.125154    0.0435129    0.0556682    0.0416731
   0.0863731     0.228158    0.0603155   -0.0472429
   -0.104411    -0.116128    -0.283603    0.0681456
  0.00130583     0.290348   -0.0939885    -0.208932
   -0.170291    0.0925074    0.0580319     0.123484
  -0.0611932  -0.00558313   -0.0882782   -0.0511813
   -0.174447     0.207004    0.0263197    -0.108207
    0.150913    -0.154063   -0.0972538   -0.0833818
   -0.136299   -0.0743696     0.279967     0.116727
    0.268557     -0.22306       0.2332   -0.0953336
   0.0402112   -0.0867988   -0.0958348   -0.0951723
   -0.180916   -0.0387569    0.0559725    0.0570909
   -0.201293     0.174968     0.196405    0.0870679
   -0.465603     0.028705     0.486559    -0.239095
   0.0472327     0.124933     -0.23658     -0.12271
    0.365645     0.263274    -0.166244     0.279891
   -0.103314   -0.0563965   -0.0526169   -0.0366239
    0.117768   -0.0636494    -0.224545   -0.0855523
    0.355246   -0.0961592   -0.0509691     0.176813
    -0.17387     0.228563      0.12665    0.0802745
   0.0267975   -0.0870191    0.0214847    -0.102612
  -0.0692403   -0.0109677    -0.153675     0.248006
   -0.173655    -0.178583    -0.083666   -0.0523588
   0.0873178   -0.0543878   -0.0212179    -0.064883
   0.0139461     0.108447   -0.0173648   -0.0517752
    0.118283   -0.0556875   -0.0158836   -0.0441837
  -0.0534824     0.118731    -0.202843    0.0386116
   -0.232973   -0.0344929     0.370027    -0.157722
   -0.155941    0.0807357    -0.090391   -0.0797706
   -0.186097    -0.095521    -0.123704    0.0465586
     0.05488    0.0842947     0.103745    0.0890567
   0.0150074    0.0376592   -0.0808876    0.0785829
  -0.0285117     0.125208    -0.260582    -0.088018
   -0.124958    0.0737302    0.0852911     -0.16446
   0.0198161   -0.0107107     -0.16036   -0.0252496
   0.0696017     0.115757     0.268063   -0.0612851
     0.16114     0.241838    0.0454925    -0.106724
   -0.147994     0.198105   -0.0197377     0.154287
  -0.0313828    0.0190978     0.194304     0.155634
    0.128258   -0.0976337   -0.0754783   -0.0482854
   -0.036445    0.0926013    0.0647237   -0.0250096
   0.0392905   -0.0103091   -0.0125888  -0.00633302
   -0.265221     0.140725   -0.0050681    -0.125945
  -0.0150829     0.135077    -0.193943     0.326236
   0.0598171  0.000377677    -0.215227   -0.0237903
    0.178454    -0.119482   -0.0469306     0.160013
   0.0114717     0.154468   -0.0286214    -0.129808
   0.0527781     0.060993      0.20956    -0.137794
    0.023429   0.00887126   -0.0614049     0.155907
   -0.109066    0.0524125  0.000485028    0.0225316
   0.0428558    0.0474678    -0.133672   -0.0247614
   -0.162737     0.160396    -0.180083    0.0440211
  0.00113285    0.0344623     0.042123   -0.0648075
    0.020813     0.151726    -0.221872     0.130947
  -0.0301301    0.0684416   -0.0802309    0.0819602
   -0.100026   -0.0446833  -0.00788929   -0.0394557
  -0.0876087    -0.139481    0.0648517    0.0170614
    0.075012      0.30126   -0.0456243    0.0784202
   -0.220821   0.00560397    -0.190909     0.120843
   -0.253625    0.0822388     -0.15191      0.16713
   -0.138231    -0.189979    -0.159947    -0.110872
    -0.24646     0.256284    0.0986644   -0.0172955
   0.0979877   -0.0184844    0.0590319   -0.0239983
    0.234047     0.060256     -0.11261    0.0845764
   -0.342901     0.133536    -0.168011   -0.0313493
   -0.325848    -0.211687    0.0441438   -0.0109504
   0.0505629    -0.150343    0.0908932   -0.0439959
   -0.112657   -0.0276457    -0.100194    0.0161024
   -0.075699    0.0729008    -0.179227     0.103337
  -0.0301479   -0.0788419    0.0197692   -0.0780551
  0.00110391    0.0282274   -0.0325896     0.118566
   -0.123049    -0.068342     -0.26993    0.0381495
   0.0879635   -0.0231577   -0.0572452    0.0534663
    0.083161    0.0413208    0.0614468    0.0324406
    0.140374    -0.067247     0.224686    0.0131566
  -0.0376137    -0.277729    -0.140037    0.0704457
  -0.0762164    -0.168218     0.031388    -0.253284
   0.0224386     0.174462    0.0937683      0.12989
    0.198079    -0.142516    0.0997341   -0.0422001
   -0.133086     0.153412    -0.218761    0.0198289
  -0.0450791      0.14946   -0.0580645   -0.0534348
   -0.203455     0.210962   0.00465335     0.217442
   0.0556927    0.0354718   -0.0418195   -0.0754885
  -0.0762623   -0.0236837   -0.0902344    0.0294538
  0.00999444   -0.0269748   -0.0390154    0.0615041
  0.00649542     0.269789    0.0344385   -0.0786222
   -0.298059    0.0459722     0.265255   -0.0159778
   0.0347354   -0.0675391  -0.00256282    0.0449267
  -0.0172911      0.13193    -0.167637      0.05035
  -0.0120454     0.196539    0.0554853    -0.119182
  -0.0405539    -0.242397    -0.353242   -0.0546329
   -0.283383   -0.0791547     0.138729    0.0106479
    -0.21441   -0.0485436     0.124557     0.171369
    0.050222    0.0820904     0.105214   -0.0488309
   0.0849129  -0.00233422   -0.0893062   -0.0565094
   -0.265414    -0.106121    -0.183161    0.0540698
  -0.0259065    0.0400799   -0.0291148    0.0656255
  -0.0434615     0.124008   -0.0496109  -0.00965217
    0.048182   -0.0853069     0.122072   -0.0584338
    0.230329   -0.0356735    0.0388117     0.085028
   -0.450346     0.262494    -0.157554    -0.125287
    0.148973    0.0216057     0.194351     0.124263
  -0.0317299     0.126065    -0.177424   -0.0281508
  0.00536061   -0.0243391    -0.121412  -0.00321085
    0.336818    0.0147752    0.0261807     0.111255
 -0.00298603   -0.0479411   0.00584675    0.0600985
    0.163139    0.0945936     0.197281    -0.194085
   -0.174754     0.124016     -0.11445    -0.130571
  -0.0962327    -0.101308     0.150324   -0.0720768
    0.146962    0.0531719    -0.473054    0.0651231
  -0.0889332    0.0175289   -0.0938542     0.212654
    0.146569    -0.043201    0.0444826    -0.155369
   -0.630713   0.00821832    0.0664943    -0.125726
    -0.13854    -0.143484    -0.201187    0.0735976
   0.0288658   -0.0189208    -0.015089     0.050924
   -0.170552     0.284574    0.0568664     0.102503
    0.335335   -0.0851749    0.0826739   -0.0427405
    0.198991      0.18094   0.00888544    0.0437661
    0.293948     0.105384    -0.109516      0.10626
    0.216259   0.00458192     0.222189    -0.109143
 -0.00159997    0.0329926  -0.00620778   -0.0702417
 -0.00128924    0.0407394   -0.0290293    0.0978643
    0.305436   -0.0213671    -0.157282     0.117803
  -0.0441587   -0.0176711    0.0629298   0.00742036
    0.136434   0.00356378    0.0744096   -0.0416235
   -0.321267    -0.114694    -0.244538     0.143679
  -0.0502541    0.0159545   -0.0311072   -0.0508718
   0.0413669    0.0221034    0.0821249  -0.00417117
    0.298171    -0.139812   -0.0968242    0.0159474
     0.15768    -0.100099   -0.0236471   -0.0369465
 -0.00115457    0.0389487  -0.00435836  -0.00209342
   0.0636405   -0.0195649    0.0625337   -0.0183841
    0.171885   -0.0990102    -0.240915    0.0719615
  -0.0518943   -0.0120403    -0.121606    -0.134358
  -0.0543983    0.0733085     0.090436     0.119987
   0.0265047   -0.0607632     0.120567   -0.0535032
   0.0564391    0.0366492   -0.0792172    0.0646808
  -0.0569256     0.174312    0.0926912    0.0458899
  -0.0576555    -0.173793    -0.279197    -0.155212
  -0.0565141  -0.00210035    -0.108071   -0.0654455
   0.0743922    -0.107579     0.100633    0.0290316
   -0.290615     0.204801    -0.017559    0.0924483
   0.0908668     0.172135    0.0679529     0.215115
   0.0184181   -0.0265588    0.0347754   -0.0230099
   -0.152086   -0.0419015    0.0522408    -0.195802
    0.178108    0.0925363    -0.219164     0.160836
    0.247231    0.0200612    0.0858779     0.100044
  -0.0198638    0.0845448    -0.111238    0.0772983
   -0.256195    0.0359274     0.040446   -0.0472674
   -0.224202   -0.0167731     -0.32468 -0.000541481
   0.0923833    0.0236814    0.0689911    -0.124777
    0.120344   -0.0507829    -0.190083     0.161334
   -0.593771    -0.128034      0.12103   -0.0831147
-0.000124377    -0.270433    -0.127644    0.0193457
   -0.220808     0.111063      0.34631    0.0413996
    0.171215     0.058482   -0.0747008    0.0524267
  -0.0692014    -0.238759     -0.14161    0.0581253
  -0.0812521     0.114503    -0.278014     0.276777
    0.100202    -0.136688   -0.0107965   -0.0711012
    0.137349    0.0103413    0.0647642     0.218562
  -0.0718708     0.301679     0.161785     0.131348
   -0.111268    0.0257515    -0.134317    0.0192272
  -0.0380141   -0.0352996    0.0519796    0.0656384
   -0.209964     0.274857     0.109075     0.328456
    0.118004   -0.0748195    -0.114974   -0.0555406
   -0.626006     0.161059  -0.00362069    0.0926893
 -0.00802196      0.45276    0.0581878     0.160684
   -0.515259       0.1862    0.0982215    -0.189081
  -0.0423715     0.105473    -0.116828 -0.000720429
   0.0273667 -0.000843238    0.0602761    0.0909348
   0.0994871    -0.048415   0.00135971    0.0387799
   0.0779377   -0.0142131    -0.185613    0.0677028
   0.0822524   -0.0562211  0.000908643   -0.0403578
    0.229894   -0.0187475    0.0475106   -0.0199279
    0.099929   0.00592144    0.0259638   -0.0203683
  -0.0979681     0.110961    -0.325284     0.133761
   0.0939213     -0.14825    -0.296492    0.0913131
   -0.140056    -0.112699   -0.0509998     0.162165
    0.311396    0.0223354    -0.058701      0.09538
    0.224041     0.177079    0.0637297   -0.0839656
    0.117931     0.126964     0.178067     0.101978
   0.0171386    -0.126445      0.12033   0.00546354
   0.0103507    0.0644117    0.0612651    0.0191921
   -0.451735    0.0626926   -0.0867705    0.0598809
    0.131374    -0.164906    0.0343114   -0.0232008
    0.169757     0.050537   -0.0691599    0.0110389
 -0.00383286   -0.0486496    0.0383485    0.0667211
    0.101588     0.028275    0.0724476   -0.0845805
   -0.107431     0.122265    -0.087121    0.0745814
   -0.190689    -0.086336    -0.154537     0.176885
     0.11767    0.0157225    -0.170862    -0.154519
    0.123605    -0.103968   -0.0933388    -0.115332
   -0.388686    0.0829114   -0.0177865    0.0924113
  -0.0685336     0.157943     0.200662    -0.105586
   -0.113271    0.0754317    -0.107778     0.141505
   0.0191679    0.0292126   -0.0717331    0.0299749
   0.0906757   -0.0177779    0.0136913     0.104139
   -0.101138   -0.0244855   -0.0357517   0.00367271
   0.0172887     0.118164     0.141557    -0.119048
   -0.203963   -0.0501401    -0.218681    0.0835366
   0.0407595     0.247299     0.284455  -0.00198782
    -0.32281    -0.115756    0.0313216   -0.0028437
    0.102636     0.008825   -0.0605799   -0.0492264
  -0.0135779   -0.0890391    0.0816904     0.107326
   0.0549286    0.0693196    0.0789897    -0.127675
  -0.0480005    -0.134498    -0.188753    0.0166051
    0.129004     0.203423  -0.00654607    0.0330314
   0.0385363    -0.114405  -0.00221562    -0.107476
    0.442736     0.135954     0.251446    -0.139543
    0.137177    0.0217467     0.125855   -0.0338447
   0.0490508    0.0270518     0.184069   -0.0309664
   0.0337463     0.183965    0.0276572    -0.176112
    0.138389    0.0399831   -0.0749796     0.105186
    0.160006   -0.0456744    0.0531443    0.0706031
  -0.0353674     0.253106    0.0618468     0.114505
  -0.0952254    0.0540702     0.115901    0.0298174
   -0.169536     0.509333     0.253573  -0.00493666
   0.0160257    0.0505651     0.101618  -0.00781719
   0.0372207   -0.0708641      0.10015    0.0893668
   -0.129125   -0.0909206     -0.06897     0.137348
  -0.0940643   -0.0505103     0.205956    -0.101694
   0.0702198     0.089852   -0.0485462    -0.177896
   -0.319579   -0.0665282    -0.193419      0.13267
   -0.333088    0.0876337   -0.0910227    0.0393465
   -0.205738    0.0371869     -0.27697   0.00711151
   -0.152552   -0.0707098   -0.0987321    -0.123429
   -0.117688   -0.0901463    0.0569253    -0.008283
   0.0265479    -0.192525    0.0172554   -0.0697138
    0.186031     0.149719     0.117961    0.0445891
  -0.0810876    0.0545485    0.0400119   0.00545639
     0.38229     0.246478    0.0443577     0.201685
   0.0465936     0.111976    0.0449299    0.0735192
  -0.0745634    0.0813792   -0.0408266   -0.0511881
   0.0651987  -0.00320442   -0.0183187    0.0713242
 -0.00324489    -0.106088    -0.130161   -0.0979332
  -0.0355246    0.0794819  -0.00311955     0.066017
   0.0621281     0.125242   -0.0246177    0.0851055
    0.252477   -0.0677534   -0.0281778     0.116602
  -0.0249098    0.0434605    0.0871008   -0.0550894
  -0.0660357    0.0480402     0.201946    -0.133971
  0.00719873    0.0823292      0.10486      0.08915
   0.0548507   -0.0794083   -0.0353894     0.216086
   -0.309565    0.0651755     0.422679   -0.0593688
    0.149863    -0.182109     -0.23267     0.212311
   -0.141907   -0.0784548   -0.0129615    0.0165546
     0.25014    0.0944283   -0.0148034     0.192233
   -0.219144    0.0736171   -0.0174391   -0.0328356
    0.102756    -0.189058    -0.198597    0.0245018
  -0.0077555   -0.0807834   -0.0347817   0.00615158
 -0.00849437    -0.101501    0.0887893     0.142027
   0.0646067    0.0125527     0.129599    -0.119588
     0.11534    -0.021183   -0.0746399    0.0859702
    0.231262   0.00916695  0.000792355    0.0620724
  0.00750692    0.0243901    -0.125276   0.00397115
   -0.411024    0.0159496      -0.1078     -0.25837
  -0.0749587    -0.145383    -0.162137    0.0539869
   -0.235751   -0.0851646    -0.155373    0.0133953
   -0.173458    0.0970378     0.143797    0.0112746
  -0.0343291     0.130013    -0.128372   -0.0326003
    0.265948    0.0671771   -0.0506674     0.151151
   -0.215759     0.195397    -0.154978  -0.00111764
   -0.246018    0.0327794     0.180043    -0.332102
 -0.00183425   -0.0519303   0.00594806   -0.0609497
   -0.335072     0.176834   -0.0779708     0.256103
  -0.0692752    0.0285589    0.0189879    0.0179231
   -0.300801     0.325208     0.261078    -0.188605
   0.0890214    0.0480098    -0.149636     0.179794
    0.146284    0.0419872   -0.0398032    -0.156322
  -0.0616269    -0.154462    0.0767216   0.00535211
   -0.139296   0.00463101   0.00736299    -0.138016
  -0.0402542  -0.00521963   -0.0103874    0.0565439
   0.0190702    -0.174589   0.00650761    0.0402822
  0.00490388   -0.0245574     0.156926   -0.0585958
   0.0155229    -0.114781    0.0352361    -0.206617
    0.119633    0.0103721    -0.106348   -0.0846715
     0.13375    0.0152211   -0.0100434    0.0266567
    0.178259     0.258888    -0.238314     0.293723
    -0.21498   -0.0734525      0.15999     0.014844
  -0.0348995    -0.132085     0.134486    0.0419577
  -0.0537794    0.0774116    -0.325638  -0.00531382
 3.23234e-05   -0.0309625   0.00415754   -0.0403246
    -0.14044    -0.198636   -0.0626367   -0.0624507
    0.321717     0.244229    0.0147917    -0.150141
  -0.0396153   -0.0849992   -0.0550408    0.0672602
   -0.188384     0.198171     -0.23264   -0.0912323
  -0.0691949      0.18561     0.036251    0.0122407
    0.117198    0.0428157    -0.031946   -0.0724668
   -0.147935     0.107063    -0.284012     0.373571
   0.0931582    0.0784892   -0.0422056    0.0564763
    0.120109   -0.0607811   -0.0252836   -0.0361175
    -0.18846    -0.110063     0.169195       0.1044
    -0.18647    0.0347538   -0.0922285    -0.111465
   0.0902624     0.175674   -0.0184112    0.0495979
    0.337009    -0.246511   -0.0124483    0.0853693
  -0.0330959    0.0689163     -0.16565     0.144705
 -0.00314947    0.0544595    -0.210983     0.255429
   -0.111295   -0.0922762     0.104578    0.0362393
   -0.104194   -0.0472408   -0.0130051    0.0544681
   0.0636365   -0.0365689    -0.276297     0.144581
     0.01456    -0.132193   -0.0976376      0.13563
    0.105335   0.00762814    -0.133101     0.110479
    0.260616    0.0624566   -0.0626566    0.0526352
    0.157703    -0.100916   -0.0534714    0.0118742
   0.0909721    0.0317915   -0.0909511    0.0797335
   -0.309121     0.420251    -0.114318  -0.00826114
  -0.0768464   -0.0342497   -0.0479043    0.0837689
   -0.186535    0.0134134   -0.0740475    0.0836402
    0.154303   -0.0194464    -0.048066    0.0497557
   -0.430697    -0.053372    -0.159185    0.0132748
   -0.130859    0.0148883     -0.18336     0.094759
   -0.341758    -0.150589    -0.368492   -0.0869934
   -0.131595    0.0896909    -0.153162    0.0390062
    0.195677     0.516525   -0.0603178   -0.0247381
   -0.273039   0.00636597     -0.19894     0.145786
  -0.0168166    0.0883301    -0.153081    0.0785029
    0.279301    -0.090797     0.193723    -0.176385
   -0.300804    0.0281735    -0.148017     0.114336
  0.00490566     0.129559     0.125825   -0.0361394
   -0.232226    -0.323798    -0.206706     0.113461
  -0.0259695   -0.0314523     0.058489     0.149264