  -0.0375573    0.0891264    -0.110195    0.0560302
   0.0371073   0.00630238   -0.0120858   -0.0425339
  -0.0394603    -0.169076    -0.119537    0.0445153
   0.0467157     0.237705   -0.0693591    0.0858111
  -0.0441869   -0.0707774     0.218149   -0.0372336
  -0.0572345   -0.0523415   -0.0406274     0.099165
   0.0201942    -0.027148    0.0571497   -0.0465711
  -0.0440455    0.0128066     0.313892   -0.0908633
  -0.0858372    -0.141754    -0.276287     0.100207
   -0.022788    0.0967178     0.057309    -0.107272
  -0.0373828   -0.0859172    -0.114755     0.113097
   -0.115671    -0.137697     0.128338   -0.0694478
   0.0477996     0.140604    0.0181036  0.000946366
-0.000156778   -0.0149978     -0.16388     0.164816
   -0.147979    -0.156869    -0.157704    0.0262413
  -0.0115157    0.0355158    -0.207882   -0.0458601
  -0.0488914     0.063786     0.106736   -0.0416628
  -0.0841631     -0.26528    0.0146623    0.0923477
  -0.0167779   -0.0547653    -0.075455    0.0192938
   -0.174621    -0.194262    0.0392914    0.0870477
  -0.0610647    0.0107719   -0.0209335    0.0244117
  -0.0259922     0.159361     0.130544    0.0124179
  -0.0180944     0.202697   -0.0744184    0.0215213
  -0.0700732     -0.29749    0.0415417    0.0374903
   0.0326105     0.146372  -0.00466035   -0.0693428
  -0.0767999   -0.0160217     0.126631    -0.108176
   0.0347206     0.138638  -0.00454267    0.0638832
  -0.0810864   -0.0995956   0.00551083    0.0294142
  -0.0393424    0.0372156   0.00946075    0.0436712
   0.0451869     0.206724    -0.148599  -0.00301612
   -0.114472    0.0159981    -0.016954    0.0152768
  -0.0548844     -0.14733   -0.0636552     0.024627
   -0.134747   -0.0987652    -0.073389     0.106589
   0.0171045    0.0265973  -0.00375881    0.0265302
  -0.0898182    -0.170534    -0.112366  -0.00997828
  -0.0611807   -0.0872507    -0.136378   -0.0644943
   0.0948872     0.217742    0.0324645     0.135206
   -0.130355    0.0464125     0.209738   -0.0589719
  -0.0212818      0.10454     0.425339   -0.0120651
   -0.022421    0.0016778    -0.209552    0.0587467
   0.0254416     0.302323    -0.106311     0.139305
   0.0169245   -0.0783551   -0.0442322    0.0954485
  -0.0803787    -0.115135    0.0192936    0.0391648
  -0.0598189     0.106166   -0.0403672   -0.0605764
  -0.0173752   -0.0433107   -0.0237215    0.0659333
  -0.0802984   -0.0973378    0.0396569    0.0140862
 -0.00941522     -0.15651    -0.187491  -0.00674724
  0.00378646     0.149789    -0.162601     0.068078
   0.0170583     0.165912    0.0376424   -0.0947194
   -0.130516    -0.363115    -0.091458     0.133411
  -0.0943977    -0.122673     0.172419    -0.105704
    0.013213      0.17919     -0.26497   -0.0810173
  0.00217551    0.0512799   0.00184978   -0.0697874
   0.0836019     0.141341    -0.110877    0.0495435
  -0.0135299   -0.0973712   -0.0931647    0.0777413
   -0.194883    -0.268148   -0.0795984    0.0687187
   -0.023947     0.288561     0.098914     0.144077
  -0.0775661    -0.363986   -0.0367906     -0.09767
  -0.0642636    -0.179706   -0.0521779    0.0309487
   -0.043145    0.0244653     0.111464   -0.0376876
   -0.063279   -0.0902175     0.111092   -0.0342995
   -0.047612   -0.0382127   -0.0784374    0.0217845
  -0.0883885     0.106279     0.134272     0.156348
   -0.136637    -0.365722    0.0980335     0.039109
  -0.0757476    -0.217969   -0.0819971     0.102545
  -0.0234401     -0.04477   -0.0508662   -0.0468561
   0.0272194   -0.0528328   -0.0326145    0.0471109
  -0.0960676    -0.154474    -0.227903    0.0119469
 0.000291836     0.110328     0.222823   -0.0362257
    0.047046    0.0355969     0.147804   -0.0375009
  -0.0491676   -0.0143459    -0.116479    0.0605796
   0.0323428   -0.0076241    -0.113903    0.0321433
    0.141767     0.445686      0.20746    -0.102626
   0.0419553     0.142845     -0.21053   -0.0495034
   0.0260051     -0.13895   -0.0699027    0.0714421
   0.0153101    0.0915479    -0.112804   -0.0971507
   -0.120018    -0.160108    0.0175655   -0.0641886
  -0.0201513   0.00819681    0.0472802     0.116568
   0.0717172  -0.00957856  -0.00272711    0.0707299
   0.0363145    0.0209216    -0.105053     0.092062
   -0.122754  -0.00388934      0.20955    0.0729991
  -0.0221885    -0.086536    -0.231959   -0.0712149
  -0.0113099     0.211361    0.0819601    0.0396666
   -0.146892    -0.279091   -0.0379176    0.0415112
   -0.151543    -0.274857   -0.0990498   0.00150079
  -0.0622702   -0.0404518    0.0641105   -0.0339709
   0.0135253    0.0108758    -0.110079    -0.123052
  -0.0625978    -0.144071     0.253715    0.0804606
   -0.051304    -0.147342   -0.0346927     0.151513
 -0.00440616    -0.156833    0.0787459    0.0211701
  -0.0391333    -0.266412    -0.179459    0.0169638
   -0.200626    -0.287559   -0.0150637   -0.0261418
  -0.0547122    0.0815182    -0.013782    0.0660596
   -0.024231   -0.0446218    0.0592893   -0.0785781
  -0.0207129   -0.0657885    -0.131955    0.0509642
 -0.00816328      0.21095    -0.172394   -0.0303534
  -0.0744803   -0.0217247    -0.142749   -0.0457288
  0.00242753    0.0876856    -0.153267    0.0939842
 -0.00911865     0.067945     0.146325     0.100726
   0.0378063     0.254134     0.130124   -0.0797239
  -0.0784537   -0.0869932    -0.112058     0.140568
  0.00150538   -0.0674477   -0.0477452    0.0607679
     0.04216   -0.0384461    0.0447011    0.0334743
   0.0644659     0.201584    0.0536718   -0.0365634
   -0.065189    -0.289085    -0.187249   -0.0183043
 0.000562579    -0.116878    -0.130518    0.0558654
  -0.0624654    -0.132513    -0.158866    0.0581574
  -0.0340326    -0.135344   -0.0239071    0.0681682
  -0.0579358    -0.364164   -0.0491194    0.0328312
  -0.0328842     0.118819    0.0520155    0.0407476
  -0.0232463    0.0638908   -0.0627504     0.004722
  -0.0705981    -0.289493  -0.00464067     0.143952
  -0.0135484    0.0866358     0.175763  -0.00878713
   0.0116656    -0.120775     0.128461   -0.0129284
   0.0741174     0.501088    0.0786519    0.0834661
   -0.102411    -0.182474    -0.185302    0.0418897
   0.0650231    0.0545517   -0.0850886    0.0374334
   0.0178847    0.0804074    -0.218732   -0.0961114
  -0.0284506   0.00495534     0.303235   -0.0469923
   -0.027069   0.00935297     0.197908    0.0620507
   -0.022779     0.119164   -0.0796022    0.0460813
   0.0475684     0.140491     0.100622    0.0735355
   0.0547432     0.128484    -0.209474   -0.0951865
  -0.0210557   0.00623505   -0.0952288      0.11668
  -0.0658692    0.0326906   -0.0550832     0.104911
    0.020177     0.484088   0.00275218   -0.0206951
 -0.00964996     0.199312   -0.0349899   -0.0482798
 -0.00923924   -0.0122737    -0.044364    0.0181308
   -0.179996    -0.252883     0.162893   -0.0874175
   0.0549724    0.0340961   -0.0769365   -0.0441839
  -0.0614149    -0.104315   -0.0976073    0.0828513
  -0.0109598     0.326069     0.136175    -0.104617
   -0.170002    -0.317156    -0.117412    0.0342752
  -0.0367751    -0.150782     0.233891    -0.129094
    0.156909    0.0306325    -0.306796     0.189534
   0.0371277     0.114665    -0.156022  -0.00389753
  -0.0715685   -0.0101685     0.275404   -0.0145127
   -0.081532    -0.102713     0.159608   -0.0328476
   0.0408839   0.00629698     0.238441   0.00903822
  -0.0036174     0.102599    -0.217421  -0.00229587
 -0.00127517     -0.12654   -0.0265715      0.12065
   0.0327076   -0.0217454    0.0174286    0.0628651
   0.0252238   0.00148107   -0.0283403    0.0612269
  -0.0898222   -0.0538153    -0.159181  -0.00285346
   0.0794244     0.428524    0.0941697     0.103189
   -0.106726    -0.287616   -0.0830375    0.0166169
  -0.0103301  -0.00722069    0.0351109   0.00394463
   -0.164829    -0.239274   -0.0888434    -0.012568
   0.0239642    0.0866788   -0.0852956  -0.00197901
  0.00792267  -0.00350719    -0.203215    0.0435927
    -0.08626   -0.0271323     0.131306   -0.0013581
  0.00374926    0.0945472     0.116437    0.0121032
  -0.0410289    0.0523282  0.000762812   -0.0816493
  -0.0102791    -0.214897   -0.0239682    0.0232934
   0.0685332    0.0717377    0.0801455   -0.0577757
   0.0525412     0.179381    -0.254753      0.11701
   0.0669177     0.133871     -0.22335    -0.138783
   0.0583158     0.044145    0.0318182    0.0453021
  -0.0298605    0.0910256  -0.00147705    0.0711936
    0.016057    0.0872827     0.133814   -0.0748822
  -0.0104109   -0.0840329  -0.00873644     0.104367
   0.0250542    0.0141188     0.033591    0.0583247
   -0.134665   -0.0794676     0.157432   -0.0712846
 -0.00657342     0.188895     0.311696 -0.000629417
   -0.019067   -0.0914837    -0.015404     0.179205
     -0.2327    -0.463811    -0.167581    0.0233806
  -0.0629916   -0.0745415    0.0193165   0.00685726
  -0.0758074    -0.165908    -0.150449    0.0834827
 -0.00505716      0.12471    -0.114462    0.0838115
   0.0393026      0.03984     -0.28333     0.057466
  -0.0325432    -0.100602   -0.0249895    0.0694261
   0.0247258   -0.0362179   -0.0190247    -0.174726
   0.0408411   0.00544903    -0.069955    0.0118336
  -0.0028173   -0.0550616     0.168573   0.00782731
    -0.15329    -0.341783   -0.0741897    0.0408479
  -0.0615907   -0.0632179   -0.0718874     0.075361
   0.0994597     0.271948     0.169353    -0.166094
   -0.106682     -0.17512   -0.0807611   -0.0695341
    -0.17734    -0.265903     -0.11471    0.0591297
  -0.0500144    0.0383597    0.0386181   -0.0567461
   0.0314575   -0.0786235    -0.225815    0.0199592
  -0.0553321    -0.127802     0.211293    -0.213303
   0.0577736       0.0237   -0.0164582    0.0430539
   0.0726329     0.100963    0.0792455    -0.084575
  -0.0811338    -0.137619    0.0769964     0.106455
  -0.0788435    -0.118803     0.032739    -0.013002
   -0.126346     -0.13934   -0.0273212    0.0134996
   -0.221718    -0.252743    0.0034805   0.00710396
    0.103507     0.525161    -0.143064     -0.10124
  0.00703064    -0.205616    -0.128186     0.063384
  -0.0465917    0.0439252   -0.0481388   0.00929339
  -0.0823333   -0.0142026   -0.0194274    0.0670321
  -0.0307939    0.0574232      0.18475   -0.0907552
  -0.0684454   -0.0439119    -0.244115   -0.0680809
   0.0178223    0.0843725    -0.109783     0.075936
   0.0508276     0.378003     0.251586    -0.060835
   0.0620429     0.379103    -0.104036  -0.00769816
  -0.0669961    -0.027583   -0.0162331    0.0257948
   -0.100806    -0.130012   -0.0424138   -0.0398018
   0.0129394   -0.0856756   -0.0421493     0.125405
   -0.151947    -0.254108   -0.0640314     0.130163
   -0.027901    -0.132211   -0.0546324   -0.0262264
  -0.0533494   -0.0426059   -0.0302532   -0.0192883
  0.00286631   -0.0296935    0.0413059   -0.0244573
   0.0374966     0.112911   -0.0630684    -0.109042
   0.0768152     0.255528     0.245872    0.0264263
   -0.106317    0.0993375   -0.0882672   -0.0546453
 -0.00289313    0.0756004     0.263429   -0.0624256
  -0.0324528   0.00279226    0.0435123    -0.125382
  -0.0129473   -0.0306817   -0.0800385    0.0264835
  -0.0256411    -0.241896     0.112426     0.117464
  0.00799669     0.101651     0.044301   -0.0209006
   -0.126971    -0.287182  -0.00917146    0.0653846
   -0.137452    -0.174942    -0.221183     0.101036
  -0.0103177    -0.149937    -0.436255    0.0204302
    0.089513     0.108158   0.00701187    0.0698403
  -0.0316602  -0.00573885    -0.219548     0.140708
   0.0496418     0.150604     0.123474   -0.0587805
   -0.223195    -0.384465    0.0569734   -0.0405596
  -0.0069261     0.175855     0.119852   -0.0137892
  -0.0415192    -0.114836   -0.0152104   -0.0604766
  -0.0419891    0.0990975     0.240381   0.00574222
   -0.013443   0.00462806    -0.124631    0.0936875
   0.0484616   0.00577883     0.104214    0.0736752
   0.0277722     0.192954   -0.0701629     0.046616
   0.0597569     0.299629   0.00530916    0.0730006
  -0.0189732   -0.0500412    -0.151224    0.0665431
-0.000710587   -0.0330774  -0.00342849    0.0126033
   0.0025376     0.127246    -0.172705     0.100373
  -0.0431057     0.138928    -0.168734    0.0973192
   -0.087323     0.105155   -0.0788597   -0.0620934
  -0.0283513   -0.0280651    -0.106766    0.0412176
    -0.13337    -0.069608   0.00208044    0.0677233
   0.0235316    -0.040281    -0.121629    0.0227111
    0.043054     0.144945     0.235614   -0.0633365
  -0.0762403  -0.00556298   -0.0262845    0.0159289
   0.0622639     0.262262   -0.0160712   -0.0858894
   0.0432802     0.132611   -0.0575002     0.140999
  -0.0646703    -0.109756    0.0853078    0.0723165
  0.00155042     0.111654    0.0543478    0.0907682
  -0.0238592    -0.102365   -0.0644646     0.106407
  -0.0750045   -0.0940132   -0.0360082   -0.0621623
    0.067006     0.124803     -0.14008    0.0121212
    -0.10759   -0.0479684     0.215131    0.0449553
    0.104284     0.312926     0.130788    -0.118705
  -0.0298363    -0.132924    0.0170436   0.00589907
   -0.201038     -0.34673    0.0386633    -0.159988
  -0.0374045   -0.0829951    -0.165086   -0.0289965
  -0.0318982    -0.085116    0.0148881     0.128833
   0.0286877     0.163817   -0.0701479    -0.118975
    0.057069     0.257124   -0.0874515     0.124356
    -0.10037    -0.233541   0.00553479    0.0763871
 -0.00137588     0.141257    -0.038119    0.0584288
  -0.0190969     0.183307    -0.187381    0.0607778
   0.0360714   -0.0614329    0.0866994   -0.0424146
   0.0312434   -0.0071492    -0.020099    0.0479542
  0.00844293    -0.187249    -0.167063    0.0465474
  -0.0256454   -0.0634006  -0.00976812     0.132961
  -0.0389156   -0.0454102     0.031437    0.0476643
   -0.200418    -0.309447    -0.146289     0.036473
  -0.0194822  0.000468421   0.00363051    0.0231332
 -0.00864712   -0.0633998     0.101028 -0.000530108
   0.0360547     0.320392   -0.0313693    -0.100216
   -0.137819    -0.155608    0.0484638    0.0382249
  -0.0952701     -0.26386     -0.10147    0.0587489
  -0.0718155   -0.0481507    0.0345932    0.0418006
  -0.0266481    -0.154273     0.125618   -0.0233319
 -0.00862083   -0.0494443   -0.0763418  -0.00336467
  -0.0526239    0.0228384   -0.0821658   -0.0849337
   0.0903613    0.0197768   -0.0683468   -0.0454345
  -0.0184436    -0.437965    -0.157377     0.052515
   0.0687117     0.194134    -0.301091    0.0830988
   -0.028008     0.251317    -0.142974    -0.104087
   -0.163194    -0.347583   -0.0856625    0.0343579
   0.0384682    -0.103006     0.082057    0.0201711
  -0.0778438   -0.0161588    -0.179874    0.0279263
   -0.064182   -0.0208046    0.0810807   -0.0942364
   0.0517208     0.064173    0.0194352   -0.0156965
   -0.178185    -0.490336    -0.147577    0.0130175
  0.00253797    0.0478207   -0.0826864   0.00707229
   0.0331162     0.302865   -0.0336092     0.193351
  -0.0268968    0.0252759    0.0263373    0.0373108
  -0.0159183   -0.0857127    -0.177594   -0.0567732
  -0.0334244    0.0633169      0.11214   -0.0544665
   0.0567923    0.0769508    -0.096132    0.0550799
   0.0182446     0.177173     0.053362   -0.0458235
     -0.1405    -0.107018    0.0879026    0.0645131
   0.0953919      0.12806    0.0513714   -0.0933036
   0.0632265    0.0357801    -0.039446   -0.0529829
   -0.119846    -0.302853   -0.0254821    0.0983672
   0.0595067    0.0689194   -0.0837311    0.0396839
   0.0374657   -0.0365669   -0.0559058    0.0848262
  -0.0566968     0.185593    -0.144062   -0.0486163
  -0.0446333  -0.00107493   -0.0796959     0.162011
   0.0142495   -0.0421258    0.0943181    -0.078012
    0.028229    0.0189951    0.0724457   0.00112553
  -0.0912607     -0.29177  -0.00745558   -0.0108798
  -0.0577464    -0.219947    -0.190865    0.0557978
   -0.117947    -0.136223    0.0777712    0.0180705
   -0.011831     0.093958    -0.116409    -0.112242
  -0.0116919   -0.0582972    -0.173474    0.0551726
   -0.155006   -0.0900314    0.0248144    0.0354997
   -0.030525    0.0523821     0.174249   -0.0595392
  -0.0766627   -0.0811261    0.0352901   0.00672678
   0.0489565     0.507841   -0.0181835   -0.0174965
  -0.0870552    -0.141166   -0.0659523    0.0990877
    0.035634     -0.10307   -0.0104157    0.0216982
   -0.171422    -0.535795    -0.121686     0.131314
    0.100222     0.196029     0.032833    0.0713332
  -0.0338967   -0.0729243    0.0881953   -0.0187315
  -0.0892211    -0.186813    0.0249415    0.0961037
  -0.0437986    -0.155189   -0.0428458     0.041256
   0.0280072    0.0599387    0.0683643    0.0493864
   0.0328544   -0.0433769   -0.0844878    0.0361983
   0.0125167     0.137002    0.0304735    0.0636846
  -0.0229475   -0.0146768     0.109962     0.052719
  -0.0841353    -0.137553    0.0877377    0.0103456
   0.0553473     0.257888     0.120718    0.0322672
  -0.0743928   -0.0520164   -0.0423342    0.0542836
  -0.0193268    -0.113138    0.0565911    -0.023423
    -0.05187    -0.190658    0.0729368     0.074776
  -0.0450337   -0.0483716     0.103848    0.0802324
  -0.0480291     0.158697       0.0597    0.0816192
  -0.0262825    -0.169154     0.141721   0.00368935
   0.0263352    -0.138533    -0.086982    0.0689285
    0.128771     0.300666    -0.195877    0.0290104
  -0.0410944   -0.0225252    0.0289809    -0.105623
   0.0329399   -0.0625098     0.198649  -0.00406606
  -0.0420624    -0.172438   -0.0147863   -0.0108379
 -0.00589763    0.0536567     0.227809   -0.0162332
  -0.0313126     0.184045    -0.100307     0.107064
  -0.0419944   -0.0104308     0.105136   -0.0660505
   0.0216754    0.0650501     0.130636    0.0155059
   -0.118537     0.169214   -0.0129929   -0.0134759
   -0.149774    -0.294287   -0.0486172    0.0934599
    0.069626     0.110088    -0.121145     -0.12215
  -0.0281871    -0.042171   -0.0841613     0.199562
 -0.00161097   -0.0389604   -0.0751622    0.0163283
  -0.0407382   -0.0625103     0.114687     0.165115
   0.0295101     0.277423    -0.137778    0.0570339
  -0.0911774    -0.251758   -0.0224808   -0.0752146
   0.0838341     0.357721   -0.0223546    0.0250316
   0.0100779   -0.0310175    -0.172722     0.181815
   0.0495252   -0.0512908   -0.0956143    0.0942746
   0.0928544     0.368101      0.18577    -0.111373
   -0.111204   -0.0509244    -0.231378     0.100813
   -0.227047     -0.30431   0.00990209     0.113546
   -0.119414     -0.18918    0.0548633   -0.0219551
     0.13084     0.193768     0.067781    0.0818073
   0.0140109     0.178957      0.13309    0.0322975
  -0.0471218    -0.220486    -0.179944   0.00452558
  -0.0240354     0.100221     0.113937     0.202752
  -0.0142431    0.0452449    -0.229386      0.10741
  -0.0269456    0.0815263     -0.11356   -0.0848714
  -0.0457562    0.0338141   -0.0293667   -0.0155756
   -0.283778    -0.560157    -0.133614     0.295752
  0.00623853     0.188236    0.0921405   -0.0684443
   -0.111506    -0.124067    -0.161246    -0.167213
  -0.0635683    -0.256486    -0.118741   0.00185207
   0.0927048     0.395722    0.0878666    -0.107236
  -0.0211313    0.0440428   -0.0328934    0.0473517
  -0.0501013     0.036223    -0.122212    0.0825272
  -0.0799756    -0.126944   -0.0384679    0.0947855
   0.0147121    0.0358761   0.00999929      0.11609
  -0.0410628   -0.0149997   -0.0196428    0.0769913
   -0.109407    -0.260418     0.012224    0.0646301
  -0.0618834   -0.0981689    0.0345652   -0.0484233
  0.00756039    0.0468837     0.251276   -0.0913028
   0.0307466   -0.0141674    0.0648926     0.109066
  -0.0254093    0.0942392      0.05923   -0.0547726
  0.00427031     0.386324   -0.0966882  -0.00486371
   0.0598522     0.158122    -0.186086    0.0619566
  -0.0308617   -0.0813591 -0.000849888    0.0720146
    0.108041     0.271309    -0.057582      0.20661
   -0.160882    -0.206612   0.00184373     0.165618
  -0.0453243    0.0519716   -0.0937058   -0.0140097
   0.0565428   -0.0896365   -0.0164738  0.000580456
  -0.0327779   -0.0168335   -0.0321108    0.0352167
 -0.00654216     0.004657    0.0631325    0.0581722
   0.0550842      0.12292    -0.097316    0.0122484
   0.0770526    0.0978669    0.0369522    0.0645476
   0.0167076     0.132834    0.0705065   -0.0199933
    0.135905     0.250422    -0.138329   -0.0426876
  -0.0607599    -0.273648    -0.112311     0.139909
   -0.147983    -0.148142    -0.109875    0.0622147
  -0.0630256    0.0565358    0.0374793   -0.0040008
   0.0103487     0.200576   -0.0907491    0.0856912
  -0.0301878    -0.128031   -0.0837888   -0.0326886
  -0.0795273    -0.215537   -0.0659661     0.187945
   -0.133914    -0.135319    -0.151184   0.00203879
   -0.147739    -0.219445    0.0499879     0.113393
  -0.0206592   -0.0403098    0.0951989    -0.013446
   -0.061618   -0.0296417    -0.125513    0.0416856
  -0.0415181     0.170463    -0.178877   -0.0358255
  -0.0227797    -0.118915   -0.0494276   0.00188805
 -0.00343456   -0.0377189    0.0400113   -0.0236487
 -0.00813783     0.056785     0.112092   -0.0181817
  0.00396851    -0.092725    0.0364279    0.0713485
   0.0239914   -0.0247592     0.056161   -0.0403523
   -0.034524     0.136053     0.108789    0.0312674
   -0.057237   -0.0360092    0.0393074     0.104201
   0.0474555   -0.0480743    0.0438379    0.0679316
  -0.0519149   -0.0830558   0.00305156     0.043248
   0.0371965     0.156322    0.0109563    0.0191649
  -0.0922556   -0.0737508     0.108426   -0.0408831
   0.0198154    -0.163917    -0.166498     0.093338
  -0.0666133     0.130933      0.10892   -0.0354608
  -0.0390366   -0.0311331   -0.0401801    0.0210796
   -0.196169    -0.231774    0.0943777    -0.104005
  -0.0145194   -0.0225363   -0.0309184    0.0274895
   0.0764839   -0.0106769     0.114804     0.131735
  -0.0432765    0.0321564   -0.0301913    0.0707671
  -0.0569622      0.20167   -0.0610703   -0.0708429
    0.131963     0.233804    0.0247792    0.0249943
   -0.118707    0.0374349   -0.0572177   -0.0287878
  -0.0146641     0.134948    -0.142284   -0.0262248
  -0.0311571     0.100884     0.162125   -0.0406497
  -0.0238662    0.0800784     0.129504    -0.166686
  -0.0754082   -0.0344314    -0.239009     0.205036
  -0.0197149    -0.166951   -0.0465678    0.0326704
  -0.0367543   0.00604103   -0.0306947     0.132548
  -0.0564689    0.0570761 -0.000533043     -0.12321
 -0.00641974    -0.166558    -0.258651    0.0811478
   0.0186313     0.219614    0.0861221     0.146134
  -0.0453373    -0.112716    -0.012128     0.127322
   0.0905342    0.0396266     0.118153    0.0459442
   0.0498524    -0.120279      -0.1312    0.0571129
  -0.0060853    -0.301724    -0.239628     0.110117
    0.136097     0.282208    0.0457727    0.0346994
  -0.0631686    -0.165852    -0.116535     0.127534
  -0.0554477     0.105072    -0.013756   0.00975964
    0.029969     0.179952     0.241226    0.0182917
  -0.0929954     -0.13962   -0.0295518     0.025192
  -0.0184642    -0.130583     0.145431      0.12487
  -0.0380629     0.146836      0.31086   -0.0386585
  -0.0475706    -0.340142    -0.127116     0.120933
   0.0152849      0.11046    0.0613441  -0.00902997
   0.0072647     0.134073     0.267043   -0.0948727
  -0.0243608   -0.0562726    -0.174883    0.0331038
 -0.00162626    -0.212248    -0.170223     0.114253
    0.040866   -0.0581952     0.116488   -0.0074824
 -0.00717994     0.134854   -0.0943909   0.00730773
 -0.00223969   -0.0274503    0.0223339     -0.02129
   -0.054647    0.0766027     0.110951   -0.0550286
  -0.0736025   -0.0505782    0.0471423     0.127891
   0.0523004     0.146317     0.107916   -0.0798963
   0.0601126     0.344192    0.0391905   -0.0581094
   -0.113915   -0.0493774   -0.0336111     0.106318
  -0.0567531     0.188909  -0.00650367 -0.000581788
  -0.0517441    -0.211662     0.053467   -0.0533321
   0.0813287     0.289631    0.0117319   -0.0611835
  -0.0129591     0.117121     0.289824   -0.0241632
  -0.0471649   -0.0560484    0.0509384    -0.153602
   0.0865081      0.17674    0.0853337   -0.0385208
   0.0136481    0.0279864    0.0242568   -0.0728273
  -0.0318065      0.06913     0.255094    -0.015134
    0.102177     0.130896   -0.0209627     0.101734
  -0.0803371   0.00494916    0.0261815    -0.131278
  -0.0949301   -0.0922357    0.0339674   -0.0125237
   0.0509695   0.00462385   -0.0642578    0.0327129
    0.105858     0.214796    -0.115451    0.0655942
  -0.0427418   -0.0664106    -0.105127    0.0263868
   0.0648987     0.011646     0.101047   -0.0302761
-0.000687037     0.049839    -0.024392    0.0956225
  -0.0789629   0.00903694   -0.0827748    0.0900589
  -0.0681345    0.0304077     0.237456   -0.0256544
  -0.0883779    -0.419031    -0.145009   -0.0669332
   0.0313524    0.0562491   0.00277094   -0.0525779
 -0.00963532   0.00299519     0.215642    0.0723812
  -0.0347451     0.147413   -0.0218456    0.0901095
  -0.0598018    -0.114754     0.018679     0.165079
  -0.0427996     0.113773   -0.0571696     0.156904
   0.0626945     0.216058 -0.000350668   -0.0336723
   0.0227994     0.158126    -0.152382    -0.033864
   0.0403308    0.0267083     0.198955    0.0166819
  -0.0853653    -0.322973   -0.0315923    0.0135018
   -0.015342     0.262529     0.108523   -0.0274059
  -0.0439754    -0.146726   -0.0639949   -0.0388004
 -0.00155602    -0.064637     0.033551    0.0255853
   0.0169862      0.15311     0.110438   -0.0272766
   0.0288185     0.166341      0.16449   -0.0024048
  -0.0603667    -0.176815    -0.315669    0.0879041
   0.0756283     0.299627     0.171778   0.00390987
   -0.108984   -0.0273369    0.0361959   -0.0822218
 -0.00772739    0.0239881   -0.0944622    0.0290224
  -0.0564568    -0.243359   -0.0724806     0.130705
  -0.0552619     -0.10164    -0.114826   0.00554129
   0.0478784     0.315786    0.0490493    0.0189882
   0.0237336    0.0115704     0.206707    -0.106564
  -0.0356083    -0.146907  -0.00318179     0.191413
 -0.00353838     0.138099      0.22922    0.0740822
  -0.0246489    -0.067794    0.0300491   -0.0087619
   -0.112791    -0.136407    0.0932335   0.00877675
   -0.044119    0.0642837    0.0888903    0.0113314
  0.00244857    -0.163595     0.198382    0.0637192
  -0.0426588     0.152212   -0.0270308   -0.0641298
  -0.0312472     0.173285    -0.216575    -0.102093
   0.0182141   -0.0607733    -0.124016    0.0530829
  -0.0143229    -0.176286    -0.104382   0.00920001
    0.037243    0.0928355    0.0963228     0.250362
   -0.101082   -0.0335898    0.0674842    -0.141801
  -0.0868042    -0.279841   -0.0681813    -0.098787
   0.0255921    0.0272541    0.0397102   -0.0645071
   -0.134023   -0.0510831     0.171227    -0.176485
  -0.0327824  -0.00832789      -0.2499    0.0320974
   -0.159729   -0.0709167   -0.0852573     0.127254
  0.00824063    -0.182394   -0.0889801    0.0610169
   0.0833812       0.4247     0.134583   -0.0517942
   -0.154596    -0.256013    -0.306264  -0.00104129
   0.0799088     0.245203    0.0520962     0.049933
   0.0451949     0.113405    0.0910628   -0.0130601
   0.0206299   -0.0560718    0.0123419    0.0132426