 -0.66326
-0.573069
-0.259918
-0.865137
-0.389152
-0.397809
-0.893325
 -1.21863
-0.964678
-0.576119
-0.692622
-0.710733
-0.313241
-0.463031
-0.668242
-0.568407
 -1.29284
 -1.33422
-0.839321
 -0.83834
-0.559915
-0.748106
-0.913629
-0.508938
 -1.22453
-0.790146
-0.806416
-0.544031
-0.988414
-0.517174
-0.913524
-0.429067
-0.536682
-0.713221
-0.658869
-0.627313
 -1.02891
 -1.86396
  -1.1835
-0.804015
-0.859686
-0.867798
-0.685502
-0.460469
-0.853433
-0.540774
-0.605534
 -1.42156
 -0.61774
 -2.74096
  -1.1431
-0.553084
-0.219765
-0.615347
-0.808221
 -0.94058
-0.736172
-0.519041
-0.920578
-0.710373
-0.466581
-0.710025
-0.582809
 -1.06881
-0.679819
-0.765365
-0.629994
-0.810531
-0.432468
 -1.17534
-0.541712
-0.394019
 -0.72891
-0.873299
-0.946099
-0.884008
-0.763685
 -1.04799
-0.663574
 -1.11329
 -1.33398
 -0.87557
 -1.10894
 -1.13072
 -1.11231
-0.640224
-0.347299
-0.773746
 -1.03098
-0.793675
-0.967876
-0.619238
-0.575817
-0.837991
-0.359323
-0.357774
-0.921126
-0.925523
 -0.79766
-0.929406
 -1.63407
-0.719989
-0.375878
-0.955494
 -0.78385
-0.707009
-0.986799
-0.974502
-0.924094
-0.586738
-0.494169
 -1.69707
-0.591063
-0.301682
-0.940747
-0.549226
-0.481705
  -1.6711
-0.602549
-0.923072
 -0.65575
-0.667993
-0.865803
-0.682756
-0.627826
-0.580716
-0.696325
  -1.1268
-0.767052
-0.702161
 -1.08714
-0.807347
 -1.05198
-0.970802
-0.728771
-0.530621
-0.899368
 -0.69133
 -0.75666
 -1.67264
 -1.27433
-0.416276
-0.806305
 -1.14985
-0.911914
-0.686372
-0.400004
-0.311973
-0.706053
-0.649279
 -1.41007
-0.736587
 -1.22786
-0.992135
-0.573937
-0.849126
-0.728132
-0.687687
-0.817751
-0.565398
-0.874206
-0.801441
 -0.39926
-0.596153
-0.685043
-0.791988
-0.578344
-0.746196
-0.817173
-0.938607
-0.436364
-0.326948
-0.521272
-0.660002
-0.784378
-0.545348
-0.773807
-0.642079
 -1.04347
 -0.61827
-0.344445
 -0.49296
-0.586919
-0.870481
-0.949038
-0.610593
  -1.0021
 -1.32019
-0.820583
-0.888876
-0.643303
 -1.10283
-0.432295
-0.372541
-0.648478
 -0.79796
 -0.84181
-0.532549
 -1.07319
-0.622065
-0.653101
 -2.54279
-0.745613
-0.597186
-0.517564
 -0.69334
-0.649249
-0.675205
-0.634826
-0.795228
-0.883272
-0.686093
-0.744216
-0.858539
 -0.79207
-0.921305
  -0.7415
 -1.12019
 -1.04604
-0.718778
-0.415547
-0.480821
-0.319077
 -0.80295
-0.834236
-0.817157
-0.570669
-0.813013
 -1.06788
 -0.83318
-0.862663
-0.911733
-0.956897
 -0.49229
-0.813141
-0.778366
-0.497357
-0.924304
-0.461512
-0.893365
-0.936089
-0.496307
-0.563553
-0.499641
-0.315486
 -1.19261
 -1.06004
-0.795556
-0.534089
-0.598069
-0.597819
-0.869572
-0.802389
 -1.09965
-0.665249
-0.919653
-0.748466
-0.824615
-0.553643
-0.554565
-0.775971
-0.337809
-0.384824
-0.450639
-0.598016
 -0.70693
-0.323995
-0.559322
-0.929703
 -0.75442
 -0.56209
-0.638451
-0.429628
-0.649612
-0.765098
  -0.7485
-0.708889
-0.686762
 -2.00733
-0.387727
 -1.00109
-0.627646
-0.584725
-0.585157
-0.412205
-0.391982
-0.950928
-0.480077
-0.756711
-0.865546
-0.449872
 -1.14036
 -1.04116
-0.983722
 -0.92234
-0.562867
-0.818908
-0.334469
-0.894489
-0.662875
 -1.02879
 -0.67962
-0.781823
-0.853502
-0.916492
 -0.67329
-0.492847
-0.888471
-0.571984
-0.549599
  -1.9847
 -1.11879
-0.750908
 -0.77303
-0.899263
 -0.35877
 -1.22423
-0.412618
-0.700333
-0.601577
  -1.3158
-0.637555
-0.438827
 -1.11898
  -1.2276
-0.671643
-0.461285
 -1.15073
-0.529675
-0.703829
-0.645472
-0.604296
-0.832099
-0.683389
-0.596659
-0.505264
-0.849471
-0.732987
-0.727006
-0.635032
-0.657369
-0.718553
 -1.03287
 -1.33075
-0.599426
-0.636664
 -1.14766
 -1.02684
-0.294855
-0.456571
-0.614027
-0.855641
-0.571393
-0.580458
-0.290794
  -1.2288
 -1.48004
-0.314934
-0.657784
-0.836634
-0.977637
-0.358549
-0.448922
-0.870178
 -1.09165
-0.843376
-0.438631
-0.477915
-0.611267
-0.716094
 -1.04932
-0.520038
-0.657501
-0.657817
-0.886677
-0.530263
-0.628339
-0.632594
-0.643254
-0.448544
-0.842701
-0.875085
-0.273094
-0.840391
-0.464589
 -0.77193
-0.847886
 -0.47574
-0.671632
-0.519069
-0.985072
-0.331175
-0.745631
 -1.55623
 -0.48105
-0.861661
 -0.96609
-0.787269
-0.571168
-0.422337
  -1.0706
-0.666732
-0.963816
-0.903985
-0.846155
 -1.10967
-0.550856
-0.486726
-0.742668
-0.424567
-0.895568
-0.810096
-0.875284
 -1.37614
 -0.71867
 -0.36285
-0.681721
-0.752662
-0.273019
-0.454724
  -0.4913
-0.298987
  -1.0914
-0.523243
-0.670739
 -0.84283
-0.576249
-0.754469
-0.719838
-0.732062
-0.934421
-0.864851
-0.700475
 -0.88754
-0.577085
 -1.58578
-0.489245
-0.481096
 -1.00303
-0.661802
-0.771983
-0.199964
-0.803949
-0.865006
-0.994114
-0.512177
-0.695432
-0.917611
-0.630576
 -1.34359
-0.432992
 -1.03495
-0.443698
-0.565634
-0.773405
 -1.19613
-0.634699
 -1.23037
-0.620307
-0.577653
-0.555236
 -0.45527
 -0.42871
-0.653258
  -1.4345
 -0.82928
-0.851422
 -1.10044
 -1.03916
-0.860521
-0.541915
 -1.32147
-0.695808
-0.606298
-0.657004
-0.542258
 -1.47147
-0.631793
-0.687381
-0.773979
-0.516284
-0.852766
-0.853873
-0.589644
-0.478265
 -1.40448
-0.803744
-0.715104
-0.854561
 -1.27367
-0.874511
-0.517169
 -1.01561
 -0.67262
-0.527957
-0.649938
-0.626506
 -0.98033
-0.596248
 -1.86454
-0.875089
   -1.121
-0.901417
-0.513263
-0.981994
-0.353772
-0.484143
 -1.05181
-0.737359
 -0.47025
-0.908741
-0.429989