  -0.0389449    0.0119019    -0.020598   -0.0330113
  -0.0765846   -0.0195894    0.0431971    0.0182123
  -0.0771769    0.0912326    0.0316757   -0.0730789
   -0.260135    -0.012925     0.027782    0.0871348
     0.11589     0.106005    -0.105251   -0.0242687
    0.043873    0.0157742    0.0300348   -0.0388766
  -0.0186963    -0.017921     0.225106      0.24877
   -0.116808   -0.0262977   -0.0336285   -0.0321915
   -0.220884     0.102876    -0.144472     0.104459
 -0.00220888   -0.0258239    0.0246142   -0.0357624
   0.0195398     0.095696    0.0790769    0.0901736
    0.046117    0.0173212     0.169847     0.236197
   -0.131024   -0.0553301     0.194373    0.0672534
   0.0102874    0.0269697     0.106392   -0.0912217
    0.129161   -0.0590409    0.0125134    0.0574802
    0.164416    0.0146037   -0.0128023   -0.0339456
   -0.215378    -0.235469   -0.0349268     0.010642
  -0.0983034   -0.0248782    0.0429991   -0.0513155
  -0.0781226   -0.0753099    0.0770228    0.0431542
  -0.0738475   -0.0456572   -0.0298806    0.0313427
   -0.150853   -0.0474107    0.0110791     0.258813
  -0.0490881    0.0851709  -0.00150963    -0.202621
  -0.0850786    0.0205357    0.0573354    0.0886205
  -0.0758627  -0.00735174    0.0947107   0.00223477
-0.000795639   -0.0926171   0.00276665      0.10947
    -0.06532     0.149778    0.0509298     -0.17014
   0.0235391    0.0405568     0.104889   -0.0107154
   -0.144818   -0.0283647    0.0264502     0.137831
  -0.0330664     0.059647     0.107428    0.0570155
  -0.0527999   -0.0347643    0.0446209      0.27184
   0.0210896    0.0307216     0.071521     0.104445
   0.0169303   -0.0327195    0.0311269   -0.0505232
    0.123879   0.00388617   -0.0314704    0.0166522
   -0.011456    0.0252582    0.0383065     0.155256
   -0.047368  -0.00697595    -0.121385    -0.174389
  -0.0097647    0.0429448     0.130642     0.182646
  -0.0524505   -0.0412836    0.0670135   -0.0615112
   -0.192604   -0.0228483    -0.194967    0.0395119
    0.147705   -0.0261418     0.023124    0.0491345
   -0.113288   -0.0311967    -0.143308     0.279386
 -0.00957871   -0.0988496    -0.221201    0.0155681
  -0.0842548    0.0155144     0.138805     0.191307
   0.0123472  -0.00322287     0.174208     0.365178
   -0.144079    0.0194041   -0.0225707    -0.241782
  -0.0467398    0.0544806    -0.046402    -0.152009
 -0.00725023   -0.0481951    0.0770411    0.0230377
   0.0663553    -0.132853    0.0524806    0.0456617
   -0.110965    0.0876755    0.0089595   -0.0735444
    0.079757     0.230966     0.106586   -0.0737141
  -0.0459608    -0.039492    -0.109711     0.223657
  0.00704323   -0.0145012  -0.00157382    -0.187806
    0.227097   -0.0151464     -0.12218    -0.169516
  -0.0764506     0.119257    0.0127143    0.0912847
  -0.0137654    0.0494531   -0.0553762    0.0574488
   -0.106547    0.0415181    0.0703967     0.106393
  -0.0622762   -0.0974355   -0.0801067     -0.14056
    0.276125   -0.0549632    -0.203085    -0.204084
  -0.0364243    -0.055249   -0.0457765    -0.115468
  0.00150027  -0.00118478     0.100731    0.0756961
  -0.0133966    0.0708246   0.00705697   -0.0848657
 -0.00785859   -0.0142665   -0.0295331   -0.0281323
    0.138406  0.000472763    -0.118061    -0.262432
    0.108681   -0.0215102    0.0432409   -0.0511774
    0.077798    0.0341202    0.0082479   -0.0689836
   0.0990196    0.0968541   -0.0354111   -0.0450913
    -0.06852    0.0526016    0.0996998     0.038245
   0.0537827    0.0975252   -0.0616794    0.0465302
   0.0461772    0.0404974    -0.200465    -0.111786
 -0.00027237     0.125164    0.0566424    -0.176622
   -0.268804   -0.0303904   -0.0852292     0.264122
   -0.122792    0.0833723   -0.0337657   -0.0722959
  -0.0289193   -0.0781006    0.0741975   -0.0804922
   0.0479683    0.0199355     0.013042   -0.0322375
  -0.0162571    0.0468414    0.0326211    0.0608477
   0.0746405   0.00611692    0.0259806   -0.0341142
   -0.133899    -0.123054    -0.190524     0.320396
    0.245072  -0.00310093    0.0386015   -0.0059179
 -0.00315166     0.043657    0.0868804     0.223484
    0.127819   -0.0354538   -0.0181862   -0.0292138
   -0.318602   0.00808902     0.152312  0.000634492
   0.0640402  -0.00574967    0.0759563   0.00192321
  -0.0220351    -0.036344   -0.0360144    -0.122449
   -0.223282    0.0407823    0.0992182    0.0260135
   -0.134971   -0.0023158   -0.0209888     0.044313
  -0.0230951    0.0205276    0.0246005    0.0338414
   -0.154949    0.0448478    0.0134027    0.0910761
   0.0813112    0.0170064    0.0493681   -0.0247776
 -0.00603802     0.120731    0.0621634  -0.00281844
   -0.091108    -0.102842    0.0551092    0.0127773
  -0.0367976   -0.0109866    0.0569901  -0.00572311
   0.0172529     0.122535    -0.100287    0.0455088
  -0.0129237   -0.0614695   -0.0408218    0.0147171
 -0.00955409    0.0725248   -0.0394038      -0.0219
   -0.157521    0.0526267   -0.0535858    0.0689158
   0.0248663   -0.0578269   -0.0467981   -0.0465228
   -0.128279   -0.0834961    0.0702263    -0.112389
   -0.164612   -0.0441426    -0.192422    -0.222385
   -0.183839    0.0822318    0.0683378   0.00851265
   -0.134366    0.0506245     0.170007   -0.0182255
    0.145412    0.0190028   -0.0616235   -0.0550479
    0.176015    0.0208625   -0.0593162    -0.035694
    0.226729    -0.060224    0.0449395  -0.00431645
    0.222475    0.0264864    -0.129441    -0.183898
  -0.0919074   -0.0292877    0.0380219    -0.145633
   -0.110647     0.230309     0.261685     0.143146
   -0.171812    0.0346489   -0.0289149    0.0515654
  -0.0698995   0.00772096   -0.0711438     0.060581
   -0.242911   -0.0487978   -0.0871111   -0.0308057
-0.000434865    0.0534852     0.067295    0.0438695
   0.0975027    0.0390916    0.0222404    0.0048952
    0.221875 -0.000187296    0.0227434    -0.162601
   -0.193596    -0.131875     0.243571    0.0589178
   0.0673353    0.0297313    -0.136913   -0.0538111
   -0.029325   -0.0683217    0.0167798     0.152731
     0.19105   -0.0235908   -0.0829379    -0.198651
   -0.198071   -0.0681815  -0.00667009    0.0651547
   0.0452884    0.0701843    -0.144761     -0.18593
   -0.250478    -0.191682    -0.285472     0.136711
   0.0304433    -0.032455    0.0445999    0.0629823
  -0.0897792   -0.0826381    -0.171129   -0.0468288
   -0.154868  -0.00728761     0.119471   0.00795562
   -0.140123   -0.0615621     0.105681    0.0944319
   0.0236695    0.0286613    0.0150831    0.0656428
   0.0616468    0.0513043   -0.0725213    0.0394294
  0.00907869   -0.0239856    0.0534563     0.120531
  -0.0448789   -0.0992962   -0.0416494     0.116787
   0.0279902   -0.0561195   -0.0689611   0.00967966
   -0.241754    -0.120409    0.0426235     0.187549
   0.0132862    0.0755258   -0.0762084     0.167184
   0.0847955   -0.0139953     0.118114    0.0234286
   -0.123318    0.0206316     0.183875     0.219865
   0.0330982    0.0392192    -0.135078    0.0989653
   0.0108062  -0.00288426   -0.0418704    0.0174767
   -0.148254    -0.142074    0.0215188     0.161784
    0.195707    0.0766328     0.282413   -0.0113785
    0.230867    0.0879663    -0.116704     0.363236
   0.0175887    0.0444365     0.120553    0.0421376
     0.19318    -0.158642    -0.129686     -0.11328
  -0.0712799    0.0884482     0.188671  -0.00640934
   -0.243415    -0.116173    0.0181534   -0.0768704
   -0.103202  -0.00871744   -0.0572249   -0.0544442
   0.0416578    0.0302203     0.096374     0.106575
   0.0113586    0.0563702   0.00878774    0.0914529
   -0.158709     0.129648     0.260468     0.018189
    0.165169    0.0541977    0.0186069    0.0679934
  -0.0637859     0.140291    0.0333704    0.0175404
   0.0472994    0.0575256    0.0419054   -0.0532405
   0.0115285   -0.0435513    0.0122714    -0.140675
   0.0446287     0.088076  -0.00672152     -0.02953
   0.0288202   -0.0813057    0.0790475     0.112426
  -0.0774178    0.0331657    0.0689171    0.0262263
   -0.154692    0.0676842     0.121179    0.0396311
   -0.215397    0.0945878     0.228144    0.0402149
   0.0629275    0.0525395    0.0818475     0.133743
   -0.157388    0.0198321   -0.0251717   -0.0185868
  -0.0719012    0.0399348    -0.040443    -0.126017
    0.157653    -0.130259   -0.0995122    -0.213415
   -0.150898   -0.0443165   -0.0507267     0.240163
  -0.0103773   -0.0471722    -0.312941     0.119257
  -0.0960538    0.0213191    0.0667302     0.123979
  -0.0971456    -0.051241   -0.0435764   -0.0194233
   -0.148887      0.11245     0.134398    0.0802157
   0.0043114   -0.0498341   -0.0887822     -0.10553
   -0.225352   0.00567394    0.0600162    0.0706382
  -0.0562372   0.00611462    0.0342788     0.039171
   -0.226837    0.0421371    -0.257174      0.29076
   0.0471087  -0.00276142   -0.0757866     0.119217
  0.00553417    0.0039258   -0.0146974     0.166251
  -0.0542225    0.0712656   -0.0606187    -0.128359
 -0.00467024   -0.0880369     0.100652   -0.0123204
   -0.133551   -0.0102608     0.129609     0.175922
   0.0651435    0.0852861   -0.0760363   -0.0138568
  -0.0242722    0.0328619    -0.120361    0.0345785
  -0.0360175   -0.0121701    -0.228927      0.11406
   0.0107415   -0.0892488    -0.026528    0.0155959
  -0.0298186    0.0196009     -0.13854    0.0841862
  -0.0570056    -0.135294    -0.035397    0.0074081
   -0.102587     0.103336    0.0154803   0.00294127
     -0.3149   -0.0516191  7.42821e-05   0.00640186
   -0.129922    0.0146575    0.0697006   0.00628897
 -0.00277168    0.0281269   -0.0630229    -0.186213
  -0.0795379   -0.0126101    0.0422677    0.0445553
   -0.176838    0.0750999     0.126384  -0.00161097
  -0.0164709    -0.120201   -0.0702228   -0.0294621
    0.181394     0.101611   -0.0760925    0.0122551
  -0.0531263    0.0765815   -0.0218561    0.0493015
  -0.0232664      0.20164     0.140823    0.0215408
   -0.224661   -0.0965164   -0.0410095    0.0885662
   0.0192134     0.011591   -0.0775803   -0.0435166
   0.0584585   -0.0811431    0.0344261  -0.00415404
  -0.0903805    -0.111086     0.142357    0.0396578
    0.040536    0.0390212   0.00241803    -0.106806
  -0.0687368      0.15659    0.0471758     0.196316
  -0.0043501    0.0388139    0.0510273    0.0605985
  -0.0548842     0.186273   0.00795521   -0.0129697
   0.0624551    0.0383616   -0.0566872     0.234909
   -0.246198    0.0314004   -0.0200586    0.0746855
  -0.0286585     0.104343     0.117997    0.0226411
   -0.190725  -0.00236165   0.00256708  -0.00712353
    0.109839     0.133393  0.000705185    0.0373767
   -0.134599     0.135635     0.181805   -0.0382081
  -0.0190768    0.0367626   -0.0851376    0.0268132
    0.174049    -0.092694    -0.101383    -0.190272
 -0.00733377    0.0553701   0.00780591    -0.102463
  -0.0883543    0.0407388    0.0606917     0.124578
     0.16009   -0.0679155     0.153504    0.0537279
    -0.05396   -0.0181993   -0.0941936   0.00565725
  -0.0474021    0.0905752    0.0431946      0.04849
   -0.165613     0.217412     0.115068     0.177547
    -0.11816     0.133384    0.0429629     0.120866
  -0.0521756     0.024903    0.0852413     0.198014
   0.0406019    0.0386994   0.00171154     0.153309
   -0.138824   -0.0137912    0.0939377     0.143114
   0.0261446   -0.0508318    -0.167252   -0.0639734
    0.100132    -0.121001  -0.00988288     0.102518
    0.125011   -0.0581788       0.0151    0.0713443
  -0.0160324    -0.151626   0.00767314    0.0212059
    0.105319   -0.0270309    -0.167899    -0.128735
   -0.034332  2.10528e-05    -0.074866  -0.00173117
  -0.0293296     -0.03585     0.023195    -0.267229
    -0.14761    -0.024736     -0.18724    0.0800651
    0.124986     0.045244   -0.0184677    0.0648143
  -0.0181569   -0.0211437    0.0337424  -0.00520001
    -0.10788     0.109816    0.0570842   -0.0145129
    0.264356     0.050629   -0.0955522    -0.139467
   -0.135551    0.0807496    0.0504017   -0.0774746
   -0.102609   0.00426743    0.0791286    -0.112481
  -0.0423308     0.174789    0.0134137    -0.102493
   -0.167267      0.21188    -0.107741    0.0939075
   0.0616793   -0.0816355   -0.0945157    0.0521256
  0.00558914    0.0124906    -0.119512    0.0130767
   0.0532463   -0.0547191     0.139715    -0.105413
  -0.0748608   -0.0273212    0.0647261    0.0172375
  0.00563238    0.0512432   -0.0604582   -0.0276567
  -0.0696721    0.0356865    -0.168509     0.117295
   -0.222083   0.00552956    0.0712077    0.0967219
  -0.0395053   -0.0658125   -0.0569119    -0.124167
    0.147588    0.0401054   -0.0967821    0.0754804
   0.0300601   -0.0445496   -0.0920185   -0.0339674
   0.0320056    0.0658882   -0.0910464    -0.195499
  -0.0888074    0.0287328    -0.143501     0.274305
    0.111647    0.0159939     0.076338    -0.135721
  -0.0365551     0.155248   -0.0265247    -0.103357
    0.180367  -0.00915267   -0.0224579    0.0593116
   0.0893068    0.0147194    -0.152159   0.00559657
 -0.00462959   -0.0414376   -0.0934353    -0.073919
    0.068786    0.0786405   -0.0338913    -0.106734
  -0.0546047   -0.0940256   -0.0287635    0.0929276
 -0.00566352    0.0283756    -0.179383  -0.00238074
  -0.0390396   -0.0704187     -0.13465     0.119999
  -0.0885473    0.0638449      0.19105  -0.00217357
   0.0833364    0.0179104    0.0949674     0.149576
   -0.132146    0.0732718    0.0387736   -0.0560785
   -0.185441     0.134666    0.0192221    -0.120317
   0.0774386    0.0796201    0.0490921    0.0289228
  -0.0570825   -0.0453689    -0.132157    0.0669996
   0.0220556  -0.00860091    -0.153938   -0.0396485
   -0.223665  -0.00468627    0.0630555   -0.0275244
   -0.187297     0.028284   -0.0825071    0.0228486
  -0.0939393   -0.0762481   -0.0398431    -0.122568
  -0.0452172   -0.0371915   -0.0717537     0.067452
   0.0911667    0.0399752    0.0515208  -0.00685205
   0.0639889   -0.0328506    0.0336612     0.161537
    0.164354     0.106104   0.00195983    -0.273906
   0.0746866     0.104403    0.0322288    0.0604921
    0.129835    0.0654637    0.0316508     -0.10504
   -0.142911   -0.0917913     -0.13566    -0.140873
    0.050721    0.0115089    0.0372067    0.0552569
    0.148365      0.11004    -0.135016   -0.0405837
   -0.163597    0.0352422    -0.101441   -0.0315373
   0.0144282    0.0792175    -0.193458      0.16995
  -0.0471059   -0.0622418   -0.0855005   -0.0985541
  -0.0186064     0.036547    0.0470467     0.110145
  -0.0701749   -0.0333472    -0.230377    0.0817026
 0.000706013    0.0325433  -0.00391514     0.155123
    0.113739    0.0125696    0.0426816    0.0300429
    0.389671    -0.124444    -0.165936   -0.0630793
    0.117038   -0.0868398   -0.0763961     -0.16514
    0.148976   -0.0745218    0.0889891    -0.191778
  -0.0261809     0.066763   -0.0262103    0.0702092
    0.140566     0.122831    0.0428441    -0.115078
    0.081605   -0.0322142   -0.0781917    -0.021889
    0.060369    0.0674222     0.120932   -0.0357618
   -0.150279    0.0623836    0.0296186   -0.0799071
    0.141218    0.0584935      0.12465   -0.0891979
  -0.0906554    0.0695289   0.00994411    0.0747215
  -0.0752023    -0.160706    -0.167701    -0.123898
   0.0753453   -0.0468783    0.0751049    0.0786964
    0.129894  -0.00551394   0.00558502    0.0268426
   0.0440488    -0.112285    -0.078943     -0.03623
   -0.137191    0.0171037    -0.141814    0.0632857
   -0.195677    -0.196086   -0.0239925      0.09945
  -0.0608071   0.00479176    -0.269877     0.270388
   0.0593285   0.00552814    -0.155511    0.0818315
    0.209741     0.064992     0.110099    -0.095537
 -0.00178362   -0.0734993    0.0196152     0.082538
    0.131433    0.0331981     0.119127   -0.0780777
   0.0375013    0.0263467   -0.0655749   -0.0226485
   -0.173436    0.0996754    0.0350407     0.041727
  -0.0464466   -0.0182291     0.141204    0.0194439
  -0.0521724    -0.119254   -0.0599435    -0.012563
    0.144846    -0.118837   -0.0198321     0.313514
  -0.0583926     0.198606    0.0298142    -0.025259
   0.0893001   0.00421314     0.135912   -0.0142351
   -0.188059    0.0270204   -0.0043945     0.100624
   0.0251653   -0.0904526    0.0458194   -0.0167395
-0.000362696     0.185771     0.123537   -0.0241928
    0.157756    0.0523856    0.0810356     -0.04807
   0.0648202     0.126776      0.24096     0.216752
   0.0861244    0.0158864    0.0969065   -0.0417274
   -0.263073    0.0303738   0.00129013     0.013398
  -0.0757685    0.0406058    0.0604877    -0.116225
    0.071161   -0.0608453    -0.112066    -0.101645
   -0.173869    -0.158018   -0.0480106   -0.0635868
   -0.180913    0.0740709    0.0932666    -0.234405
  -0.0435429    0.0728168   -0.0127512    0.0691507
  -0.0501084    0.0504566    -0.013988    0.0281616
   0.0477416    0.0543026    0.0712101   -0.0117173
  -0.0592682   -0.0150347    0.0446205    0.0652972
  -0.0766857    -0.044323   -0.0877732    0.0221331
  -0.0661896    0.0447978    -0.027521   -0.0964963
    0.120586  -0.00282436   -0.0336372     0.103047
  0.00445548   -0.0824122   0.00838738  -0.00427279
   0.0215285  -0.00626882   -0.0479798    0.0618855
  -0.0893632    0.0505233     0.177532    0.0279554
    0.134737    0.0243967    -0.099075    -0.104648
     0.03988    0.0541347   -0.0745207    -0.141211
   -0.164314   -0.0659631     0.100065   -0.0394619
  -0.0970431   -0.0273015    0.0342997    0.0925829
   0.0201419     0.157276    0.0297363  -0.00718464
  -0.0898559   -0.0601447     0.198089    0.0612845
  -0.0505294    0.0444874   0.00073879   -0.0606242
  -0.0711079    -0.147482     0.142401   -0.0211926
  -0.0624174     0.130887    0.0604482    -0.234986
  -0.0347317    0.0170486  0.000987289    0.0135249
   0.0678043    0.0560954    -0.151008   -0.0521673
  -0.0860624    -0.209461    -0.192398    -0.113624
   -0.179186   -0.0717113    -0.249228     0.132972
 -0.00379751   -0.0151658     0.103957     0.152638
   -0.124032    0.0811172  -0.00363853   -0.0797715
   0.0136003   0.00700791   -0.0631014      0.22869
   0.0325937    0.0229039   -0.0816477    -0.233637
    0.210126    0.0196993    0.0317206  -0.00167256
   -0.210433   0.00487468   -0.0624233     0.253419
   0.0892385   -0.0482597   -0.0333186     0.178665
  -0.0782501    0.0538165     0.182238     0.122924
   -0.153408     0.139657     0.218049    -0.107382
  -0.0251374   -0.0558132    0.0836677    0.0593346
 -0.00591086     0.164242    0.0562518   -0.0983797
    0.127463   -0.0506233    0.0215833   -0.0996553
 -0.00769401   -0.0799696   -0.0404394    0.0713008
   0.0471693   -0.0178075  -0.00572374   -0.0918238
   -0.101535   -0.0339185    0.0206218     0.124787
  -0.0406058    0.0117162   0.00910352    0.0355842
   0.0764677   -0.0835407    0.0166614    0.0722231
  -0.0408144    0.0651496     0.252875    0.0694889
   -0.458998   -0.0827733   -0.0460822     0.132377
  -0.0991617   -0.0390292    0.0521613    0.0716242
  -0.0389307   -0.0153644   -0.0444875    -0.116107
    0.305078    -0.113904    -0.217849   -0.0771503
  -0.0228953    -0.063613    0.0859068    0.0706381
  -0.0435369    0.0336028    -0.023775  -0.00102234
  -0.0930653   -0.0690021   -0.0496644    0.0749159
   -0.114242    0.0624421     0.195685   0.00428217
 -0.00763826    0.0215387   -0.0512189     0.101949
    0.183175    -0.129191    -0.062062   -0.0799644
  -0.0469968     0.117455     0.119145   -0.0104069
  -0.0541733  -0.00775418    0.0194415   0.00705412
    0.039455    -0.027063   -0.0679406     0.152162
   0.0373436   -0.0433395    0.0889737   -0.0658126
  -0.0173677     0.199875   -0.0582149     0.113775
  -0.0783394    0.0593368    -0.086548   0.00791788
   0.0295293     0.056793   -0.0730591    0.0717628
  0.00866898    0.0993903   -0.0445748     0.119654
   0.0651285   -0.0131237    0.0724421     0.015473
   0.0529879    0.0899895     0.114842    -0.165167
   -0.151825   -0.0499595    -0.134356    0.0939696
   0.0956802    0.0532387   -0.0399622   -0.0238005
   -0.147425   -0.0967783      0.15907   0.00506159
 -0.00700714   -0.0274239    0.0167323   -0.0455298
   -0.121479   -0.0992316   0.00928018   -0.0442796
  -0.0504177   -0.0443272    0.0198862     0.164489
   -0.189413     -0.03568   -0.0501119    0.0344538
    0.196249    0.0834107  -0.00360247   -0.0967822
   0.0349748    -0.029353    -0.113485  -0.00803184
   0.0285658    0.0704303   -0.0377726   -0.0713684
  -0.0725616   -0.0845673   -0.0459397    0.0527938
  -0.0920425    0.0966298    0.0488359    0.0913754
    0.124882    0.0291476   -0.0678149    -0.106321
   0.0889993   0.00387293    -0.073649   -0.0112502
   -0.316266    0.0265719     -0.19127    0.0138011
   -0.162847   -0.0282112    -0.104958   0.00675769
   -0.136244    0.0711234  -0.00135341     0.267668
  0.00101559    0.0102403   0.00920999   -0.0573538
     0.10331    0.0579299   0.00048563   -0.0925844
    0.121994    0.0960129  -0.00576101   -0.0142277
   0.0308107    0.0708823   -0.0853928    0.0700598
  -0.0239726    0.0742685    0.0189991    0.0467761
  -0.0512969    0.0483836   -0.0413597     0.144261
   -0.105608 -0.000470673    0.0471199     0.169147
  -0.0162992    0.0424486    -0.221478   -0.0332147
   -0.128348   -0.0182116     0.023783     0.154273
  -0.0818089   -0.0629391    0.0286452    -0.164553
   -0.182661     0.112308    -0.200865   -0.0585767
  -0.0457671    0.0513309   -0.0393769    -0.100413
  -0.0379386   -0.0148117    -0.188867    0.0241707
   0.0592921    0.0637902   0.00674769   -0.0510091
   0.0483233    0.0706119    0.0473004    -0.158213
  -0.0140863   -0.0066742    -0.100399    -0.161215
   -0.296601    0.0938999    0.0214671    0.0102277
   0.0895289     0.115058    0.0207096    0.0545591
   -0.297893   -0.0688216   -0.0781073  -0.00249949
    -0.10094  4.96059e-05    0.0870738   -0.0213251
  -0.0964194    0.0188762   0.00417098    0.0644974
   0.0422285   -0.0740197    0.0317034    -0.132806
  -0.0088174    0.0635581    -0.070503    0.0276186
   -0.149698    0.0741158   -0.0228318   0.00606935
   -0.178026    0.0235008    0.0295936    0.0871967
  -0.0340034    0.0585855    0.0655072     0.122266
  -0.0167704   0.00909872   -0.0688028    0.0120454
    -0.11866   -0.0809765   -0.0267617    0.0411179
  -0.0855043    0.0179148    -0.124423   -0.0646582
   -0.154049    0.0275991    -0.111558     0.218458
  0.00619904    0.0728446   -0.0417466   -0.0569377
   -0.157348     0.147038     0.195095   -0.0447483
    0.175152   0.00583669     -0.01772   -0.0304354
  0.00718157   -0.0322081    0.0575149      0.11904
   0.0419304     0.145876   -0.0148189   -0.0669215
    0.190053    -0.136038   -0.0653756    -0.132935
   0.0210596    -0.118568    -0.135375   -0.0440704
   0.0345915    0.0139518    -0.134927    -0.108243
   0.0056739    0.0383396    0.0207151   -0.0216822
    0.207224   -0.0338432  -0.00146185   -0.0352211
   -0.227388    0.0891753    0.0114581   -0.0531613
  -0.0062807    0.0671134     0.120509    -0.085495
   0.0343204  -0.00879111    -0.103135     0.220367
  -0.0104899    -0.139622   -0.0969709   -0.0421528
   -0.165757    -0.163274     0.136746    0.0798114
  -0.0291278    0.0518621    0.0944958     0.179576
   -0.106793    0.0232881    -0.086178   -0.0146874
  -0.0951851    0.0752215   -0.0778673  -0.00400457
   -0.147097   -0.0627422    0.0522612   -0.0262637
   0.0799753    0.0239815   0.00896818   -0.0673579
    0.109962    -0.107386     0.106775     0.246349
   0.0313721     0.059287    0.0788009     0.155703
  0.00882906  -0.00395432   -0.0231654    0.0286623
   -0.252069      0.09328 -0.000106849   0.00161642
  -0.0496531      0.11408    0.0372877    0.0403947
 -0.00209803   -0.0670529     0.131318    0.0548877
   0.0522572      0.12075     0.198122   -0.0213336
  -0.0964897    -0.117761   -0.0991812    0.0891981
  -0.0570671    0.0971013     0.191587    0.0126307
   -0.143486    0.0494336   -0.0303506    -0.124803
    -0.14471     0.010287   -0.0240705    -0.156126
  -0.0911959   -0.0651462      0.12517   -0.0156519
  -0.0524646    0.0321049     0.120064   -0.0145644
 -0.00353804    0.0580829    0.0127888   -0.0925799
    0.124864    0.0121342   -0.0287178    0.0179425
  -0.0132169    0.0205604    -0.196366    0.0865748
  -0.0811155    0.0288982   -0.0767994    -0.114985
    -0.13456    0.0643101    -0.101429   -0.0636009
  0.00315795   -0.0336256    0.0225226    0.0563193
   0.0951045    0.0225612   -0.0197497    -0.166273
 -0.00957928   -0.0306137    0.0787903    0.0793864
   -0.176338    0.0430466     0.211926     0.274758
   -0.135031     0.116792     0.121079    0.0376966
   0.0543928   -0.0269211   -0.0572385   -0.0916983
   0.0456015   -0.0109617   -0.0924884    -0.219469
   -0.256532   -0.0531295   -0.0408881     0.383796
   0.0574639    0.0747255    0.0192949    0.0422534
    -0.10341   -0.0622201   0.00785053   -0.0260045
   -0.311467      0.15274   -0.0386334    0.0491687
   0.0238105    0.0253601    0.0455652    0.0365502
   -0.158288    0.0727171     -0.14157    0.0478694
    0.073133  -0.00368296   -0.0460661    -0.194448
   0.0353151   -0.0104491     0.154947  -0.00685019
  -0.0918448   -0.0891115    0.0519191     0.198592
   0.0163953    0.0173509   -0.0234239    0.0557213
     0.11299   -0.0374715    -0.047435     0.163472
   -0.101143   -0.0398701    0.0992498    0.0920467
   0.0646089    -0.045826     0.149789   -0.0200894
   -0.135854   -0.0351128    0.0770684    0.0345692
   -0.155298   -0.0242978     0.101058     0.245113
  -0.0306191     0.059445   0.00869417    0.0885234
   -0.124174     -0.01959   -0.0586926     0.044942
  -0.0163588    0.0135084   -0.0124434    -0.056177
   0.0168232    0.0926745  -0.00613872   -0.0174696
  -0.0453672    0.0580198     0.107245    0.0266041
  -0.0295717    0.0980925    0.0453502     0.131249
   0.0325376   0.00347861     0.105321     0.129377
   0.0123209    0.0847076     0.176363      0.13146
   0.0849238   -0.0445854     0.024658   -0.0292246
   -0.136343     0.180612    -0.162383    -0.015624
  -0.0230498    0.0600618     0.037716    0.0886059
   -0.134564   -0.0560199  -0.00146573   -0.0591542
   -0.206865   -0.0220602    0.0084785   -0.0980074
   -0.121637   0.00532851    -0.289157   -0.0191248
  -0.0592099    0.0257356   0.00252569   0.00151808
    0.113468    -0.103327     0.121055     0.060711
   -0.153442     0.184058   0.00713027    -0.160128
  -0.0657899    0.0437056   -0.0923059    -0.132337
    0.071487  0.000143613   0.00333294  -0.00444161
   -0.181112   0.00279905   -0.0418927    0.0684831
   0.0124357   -0.0345882   -0.0567408   -0.0536773
    0.145614    0.0844485     0.118141     0.268378
  -0.0544775   -0.0763449     -0.13161    -0.056022
   -0.172795   -0.0102274    0.0126091   -0.0701456
   -0.105505     0.193725     0.204758     0.162537
   -0.135408   -0.0472837     0.164815    0.0719097
  -0.0481583   -0.0970412   -0.0421924   -0.0711533
   0.0786013     0.142226    -0.217675    -0.089079
   0.0140536   -0.0378167   -0.0279416    0.0202921