  -0.0449814    0.0583056      0.14324    0.0534425
  -0.0228258    -0.101035   -0.0869937   -0.0245961
  -0.0118645    0.0843558      0.01495   -0.0151142
  -0.0409866     0.011605    0.0641637   -0.0557384
  -0.0936182    -0.131275    0.0189394    0.0456646
  -0.0447319    -0.070113   -0.0250949    0.0385848
   0.0458105     0.366645     0.184371    0.0821275
   0.0373652   -0.0980646   -0.0711615   -0.0346175
 -0.00635868     0.223302     0.158669   0.00849946
   0.0421215  -0.00624126   0.00823624     0.100076
   -0.145328    -0.109457   -0.0750086   -0.0941348
  -0.0893106   -0.0431302     0.338879   -0.0944183
   -0.038373   -0.0298502   -0.0216124   -0.0851785
   0.0964337     0.351096    -0.425337     0.241502
   -0.130107    -0.230051     0.258122    -0.072913
  -0.0370048    -0.124107    -0.305909   -0.0376088
   0.0767174     0.194856    -0.217169    0.0114886
  -0.0738259    -0.116177   -0.0181023    0.0658606
   0.0166331     0.020953   -0.0739118    0.0201141
  -0.0119987    -0.198553     0.089164    -0.146465
   0.0334139     0.136442     0.284748   -0.0413109
 -0.00728825    -0.113319     0.228176   -0.0717034
  0.00270127   -0.0160209    0.0623378    0.0336505
  0.00414476     0.141596    -0.160152   -0.0226818
   -0.108791   -0.0422386     -0.17629    0.0203448
   0.0776281    0.0834377   -0.0779308     0.052608
  -0.0549962     0.111156     0.421819   -0.0763196
  -0.0671931    0.0579029     0.112043    0.0298122
   -0.103916  -0.00810337    -0.165635   -0.0778285
  -0.0669212     0.199367    0.0231542    0.0870524
   0.0411574    0.0560066    0.0384288    0.0343408
  -0.0337005   -0.0391159   -0.0396693    0.0926646
   0.0130575    0.0294868     -0.22574    0.0138386
   0.0747184    0.0904202    0.0710109    0.0960816
   0.0138648   -0.0218993     -0.15147    0.0992703
   0.0553501     0.184858    0.0745642    0.0719274
  -0.0474965    0.0790357     0.124481    0.0449537
   0.0029351    0.0772898      0.10815     0.127785
  -0.0403142    -0.112134     0.113196   0.00304972
   0.0143651    0.0268675    -0.162583   -0.0377055
   0.0161799    -0.152216    -0.253492    0.0239832
   -0.019369      0.14973     0.078296   -0.0874845
 -0.00386217     0.250632   0.00726382    0.0360547
   -0.100659    -0.230249   -0.0472272    0.0331418
  -0.0493508   -0.0164327    -0.071655    0.0632658
  -0.0475718   -0.0209598     -0.35241   -0.0738604
  -0.0769415   -0.0251754    0.0452728   -0.0618404
   -0.108714     -0.19223    0.0508717     0.188831
   -0.059633    -0.205557     0.217062    -0.114086
  -0.0990174  0.000103082   0.00234438    0.0244971
   0.0504068   -0.0255551    0.0616065    0.0981434
   0.0271937  -0.00704266   0.00379399    0.0941253
   0.0209023     0.193485     0.333827   -0.0966502
   -0.042419    -0.218519      0.12982    0.0453797
  -0.0119483   -0.0678783     0.254197    0.0668501
   0.0250852    -0.106949    -0.124772   -0.0132529
  -0.0841099    -0.474291   -0.0513331    0.0102328
   0.0271444    0.0076322    -0.137948     0.065715
     0.14889     0.281539    -0.689299    0.0133383
   0.0104871    -0.072452   -0.0241232     0.156754
   0.0357245    0.0144607   -0.0567787  -0.00563661
  -0.0376165    -0.177034   -0.0136866    0.0521515
   0.0148273     0.170825    -0.218076      0.14447
 -0.00064641   -0.0594194    -0.175036    0.0103929
  -0.0803574    -0.120838  -0.00382452    0.0615411
   0.0481644   0.00336142    0.0295222    0.0368515
  -0.0105471   -0.0628183    -0.214625    0.0542442
  -0.0302874    -0.180702     0.132113   0.00647485
   -0.102766    -0.127376   0.00735033    0.0564016
  -0.0457985    0.0782228     0.211989   -0.0303722
  -0.0239937     0.021777     0.267591    0.0982348
  -0.0354365    0.0673973    0.0433462   -0.0977922
    0.127321    0.0766104   -0.0772057     0.156514
  0.00968392   -0.0407492     0.184586   -0.0187855
   -0.054411   -0.0155195  -0.00435326    0.0928247
   0.0192289     0.132973    -0.196785     0.184915
   -0.158046    -0.233568    -0.127355   -0.0630366
  -0.0465422    0.0618774     0.215972   -0.0538405
  -0.0679072    -0.125024     0.225008    0.0555034
   0.0735839     0.451772     0.299212     0.132859
  -0.0368551   -0.0408686    0.0891988   -0.0403091
  -0.0720747    0.0411379   0.00036294   -0.0827443
    0.027787     0.236839   -0.0703044    0.0303037
   -0.036125     0.253124   -0.0871004    0.0981696
  -0.0584504   -0.0943234    -0.154432     0.156446
    0.062385     0.149347    -0.241458    0.0859785
  -0.0933807    -0.184203    0.0766118   -0.0879804
  0.00465301    0.0226557    -0.193409   -0.0830401
   0.0109962    0.0316661     0.164698    0.0306558
   0.0942837     0.174524    -0.207107       0.1666
  -0.0732202     -0.18983    0.0235189   -0.0106609
  -0.0825141   -0.0895906    -0.134913    0.0875228
  -0.0291989       -0.112    -0.023798    0.0356703
   0.0460911     0.177229    -0.131986     0.101094
  -0.0097992    0.0249737    -0.190992    0.0520129
   0.0458928     0.110663     0.114613    0.0855479
   0.0570751    0.0130095     -0.12572   -0.0157206
   0.0187067     0.288899   -0.0609433   -0.0810562
   0.0352093   -0.0157361     0.199511   -0.0560391
   0.0533293    -0.265114    0.0383775     0.125951
   -0.044677    -0.252587   -0.0272752    0.0553282
  -0.0791488    -0.229475     0.224468   -0.0149839
   0.0664371     0.096516   -0.0647798     0.126634
    -0.07594    0.0124561    0.0555795    -0.022193
 -0.00660621     0.149915   -0.0162709     0.062506
    -0.07368      0.17853   -0.0397136    0.0240723
  -0.0112433   -0.0296173    0.0246071     0.067856
    0.044894     0.327112      -0.2953    0.0338235
  -0.0743624     0.033458    -0.101808   9.9587e-05
  -0.0376655    0.0840547      0.13737    0.0261443
  0.00350467    -0.169995   0.00443714   -0.0622305
   0.0318856      0.15171   -0.0466465    0.0484901
  -0.0404243    -0.248472    -0.190059     0.042984
   0.0367936     0.109687   -0.0723114 -0.000336242
   -0.152268    -0.305726    -0.058424    0.0320232
  0.00837646   0.00832743     0.104838    0.0089834
  -0.0172099    0.0144932   -0.0584876    0.0600706
   -0.227221    -0.420473   -0.0820793    -0.185635
    -0.06277    0.0289752     0.112806   -0.0312335
   0.0318615    -0.025339     0.148132    0.0746299
  -0.0596208    0.0738444    -0.060103    0.0144762
  -0.0603694    0.0848195    0.0705835   -0.0180994
   0.0153312   -0.0159733    -0.206638   -0.0642459
  -0.0263955   -0.0727444    -0.202715   -0.0572511
  0.00759293   -0.0363496    -0.114573    0.0104469
     0.18482     0.670725    -0.678078    0.0866797
  0.00710377   -0.0689859     0.137847     0.107774
  -0.0426287     0.218557     0.257705    -0.126456
   0.0326865    0.0896031    0.0434685     0.106271
  -0.0274533    -0.372592   -0.0549081      -0.1562
  -0.0845039   -0.0558877     0.144066   0.00395166
 0.000438801    0.0157397    -0.158343    0.0494987
   -0.085268    -0.190131   0.00892672   -0.0146364
  -0.0241253     0.194532    -0.149985     0.022806
  -0.0330109    -0.205777    -0.240344    0.0420933
  -0.0414099    -0.191628     0.158576    -0.114126
  -0.0555586   -0.0347644    0.0341166    0.0282597
  -0.0619606    -0.234969     0.146481   -0.0787722
   -0.137878   -0.0224919     0.304168   -0.0597016
   -0.034786   -0.0217614     0.123253     0.156273
  -0.0444523   -0.0876824    -0.080323     0.107763
   0.0418595   0.00964176   0.00495121     0.103917
  -0.0291109     0.124805   -0.0539166    0.0780973
  -0.0858664    0.0696989    -0.165465    -0.124004
   -0.043807    -0.245494    0.0552319      -0.0643
  -0.0459997    -0.112052   -0.0466654    0.0661699
    0.100015  -0.00193706    -0.107057     0.111416
   0.0369425    0.0494056   0.00349095    0.0800506
  0.00468324    0.0410737   -0.0895723     -0.15135
   0.0180536     0.173429    -0.149521     0.207098
   0.0541106   -0.0250461    -0.113349     0.154673
   0.0470281     0.163637   -0.0217751     -0.14025
   0.0566474     0.170547     0.288314    0.0592932
  -0.0789556    -0.170714    -0.137832  -0.00390856
  -0.0193127    0.0542051    -0.219744   -0.0292507
  -0.0577725  -0.00508481    -0.167867    0.0452753
   -0.115887    -0.431251    0.0417599     0.080213
  -0.0229167     0.162632   -0.0476323    0.0800679
  -0.0111295    -0.176554    0.0337483    0.0512004
   -0.099238   -0.0319598     0.249127    0.0443271
  -0.0619008    -0.085073   0.00710284    0.0826426
   0.0577774     0.132368    -0.104065   -0.0631674
  -0.0539543    -0.106633   -0.0424816    0.0823043
   0.0931079     0.294051     0.100273     0.112854
   -0.141379    -0.239281   -0.0736596   -0.0240021
   0.0490505    0.0707232    -0.112211    0.0973278
  -0.0101519    0.0575055    -0.187302    0.0967461
  -0.0795806   -0.0785767     0.162691   -0.0245246
 -0.00798919    -0.194688   -0.0470709    0.0868992
 -0.00628823   -0.0365372    -0.113138    0.0261052
   0.0533341     0.185627    -0.102847    0.0369056
   0.0475603  0.000823893   -0.0100247   -0.0622635
 -0.00553692    0.0941873   -0.0218156   -0.0254771
  -0.0561568     0.139027     0.315981   -0.0233618
  -0.0648483    0.0268456   -0.0965842    0.0671444
   0.0774249     0.127652   -0.0349854     0.140738
  -0.0539219    -0.128595     0.178506   -0.0562714
  -0.0377047    0.0213124   -0.0675108   -0.0108411
   0.0748944      0.29687     0.159175   -0.0361686
   0.0327204     0.204442   -0.0687725     0.189915
   0.0401629     0.105485    -0.209198    0.0211235
  -0.0763583   -0.0656095   -0.0166105   -0.0169083
  -0.0386868     0.177016     0.200767   -0.0289519
   0.0542701    0.0166262    0.0212628     0.119794
  -0.0547894    0.0183565    0.0753046     0.141687
  0.00727152     0.131079    -0.179109   -0.0199422
   -0.120209    -0.144434     0.293892   -0.0287103
  -0.0891815    0.0317854    0.0364936    0.0105754
  -0.0218493    -0.041203   -0.0739679   -0.0514246
   0.0291727   -0.0588961    -0.312749     0.138731
   0.0589415     0.132241   -0.0856829   -0.0977787
   -0.042777    -0.108348    -0.111156    0.0761722
     0.12218     0.388855    0.0301307     0.119156
   0.0581076  0.000130912     0.103511   -0.0867347
  -0.0254214   -0.0151649   -0.0818469    0.0231544
  -0.0207932   0.00532718     0.173624    -0.030321
   0.0597631      0.21576     0.224351    0.0365601
   0.0364209   0.00385617   -0.0569928    -0.108586
   0.0303063    0.0737393      0.20117    -0.181751
   -0.112724    -0.101239     0.258692     0.021264
   0.0212502     0.214914    -0.118582    0.0557033
 -0.00108971  -0.00716288   -0.0250052   -0.0119548
   0.0654437    -0.139888    -0.381685     0.115867
   0.0449713    0.0223051  -0.00204719     0.024301
  -0.0303684    -0.107055     0.131983    -0.181288
   0.0148916     0.291402    -0.153808    0.0559107
   0.0760463     0.143421    0.0144294     0.152439
  -0.0659546     0.084034    -0.272239    0.0298879
   -0.081732      0.12995     0.260203   -0.0023367
   0.0348114    0.0541834   -0.0467564     0.108574
   0.0594034     0.266851     0.185041   0.00704112
  -0.0857642 -0.000431164    0.0563534     0.112413
    0.142881     0.230757    -0.139171     0.047843
  -0.0238034   -0.0278982    -0.190914     0.114353
  -0.0535702   -0.0889516   -0.0126433     0.169026
   -0.015404     -0.19147   -0.0786768    0.0550922
   0.0431427     0.101503     -0.15561     0.126265
  -0.0258506   -0.0884663    -0.274859     0.171927
  -0.0127393    -0.267921    0.0731167     -0.06143
  0.00252239    -0.146369   -0.0587937   -0.0203847
  -0.0776715   -0.0451456    0.0286392 -0.000489655
   -0.108057    -0.145008     0.382517   -0.0337236
    -0.05652    0.0708311    -0.100321    0.0384584
   0.0629311     0.248989   -0.0119421    0.0543623
  -0.0592814    -0.394841    -0.249355     0.134719
  -0.0324241     -0.13851   -0.0145833   -0.0180227
  -0.0694188     -0.11203     0.052086   -0.0547561
  0.00663049     0.071835    -0.130968    -0.042847
  -0.0580921     0.051919     0.175947    0.0803886
   -0.126872    -0.297446     0.156898  -0.00240105
  -0.0193601   -0.0151401   -0.0306958     0.058705
   -0.129383    -0.216758      0.49875   -0.0127473
   0.0555936    0.0431189   -0.0382653    0.0830789
  0.00663049   -0.0848407    0.0893704    -0.120538
     0.03034   -0.0416297    0.0601966  -0.00145334
  -0.0205534     0.224825      0.11589   -0.0607596
   0.0556029   -0.0433539   -0.0763953     0.109278
  -0.0157071    -0.216364   -0.0393913     -0.02433
   0.0388996  -0.00668936    -0.169601    0.0332359
  -0.0222719    -0.192265   0.00825265    0.0336397
   -0.014609    -0.037974    -0.179647    0.0881316
    0.080741  -0.00268618    -0.231682    0.0995959
 -0.00226909    0.0763231   -0.0248394   0.00646779
  -0.0120138    0.0942338     0.228332   -0.0241116
  -0.0457559   -0.0810942     0.029063   -0.0717402
  -0.0195313   -0.0912888   -0.0156884    0.0746596
  -0.0616402    -0.074737    0.0455069     0.209633
  -0.0762155    -0.238229     0.173176    -0.110715
   0.0246179   -0.0443248    -0.154752     0.144305
   0.0694583     0.165455   -0.0349947    0.0458903
   0.0207721     0.149409    0.0142884    0.0874243
   0.0165603     0.116237    0.0536127    0.0650193
   -0.080074    0.0322227   -0.0892758   -0.0424387
-0.000946266    0.0332673    -0.101475   0.00482519
  -0.0263258    0.0158859    0.0905173     0.147595
  -0.0229797   -0.0500443    0.0819166   -0.0433521
 -0.00284347   -0.0744814    -0.190141  -0.00187571
    0.045704     0.132906   -0.0645583     0.059727
 -0.00949091   -0.0046668    0.0688934   -0.0669283
   0.0606974    0.0124306    -0.137121     0.167361
   -0.101379    -0.220782     0.261243   -0.0566378
  -0.0291532   -0.0936875   -0.0447568    -0.152364
   0.0506078     0.137173     0.149155    0.0231374
   -0.101349     -0.17036   -0.0862675    0.0351817
  -0.0686429    -0.051587    0.0387888   -0.0432935
   0.0274288    -0.072563     -0.10673     0.034778
  -0.0822013     -0.15943     0.147417    0.0174248
   0.0496351    0.0698493   -0.0562677     0.114689
  -0.0213919    -0.302688     -0.18261    -0.105249
 0.000105606    0.0322804   -0.0609732    0.0170112
   0.0402876    0.0198779   -0.0159919    -0.028484
  -0.0727965    -0.136528     0.231528    0.0375993
  -0.0140995     0.296933     0.148032     0.102261
    0.054608     0.150908   0.00960165    0.0621958
  0.00587234    0.0643996     0.382924  -0.00636848
  -0.0111158    -0.231193   -0.0111783   0.00288925
  -0.0613398    -0.360705    -0.165931    0.0615042
  -0.0487848    -0.170895   -0.0170813    0.0976486
   0.0263484   -0.0101618    -0.158834    0.0958474
  -0.0184234   -0.0744241     0.261949    -0.110725
  -0.0511509    -0.221162    -0.248367   -0.0340294
  -0.0417325     0.010258   0.00969344   0.00486505
  -0.0505381    -0.174123    0.0607973    0.0407103
  -0.0821677     -0.11063     0.251229    0.0541692
-0.000641549   -0.0930474    -0.136038   0.00373817
  -0.0859546    -0.127921    0.0114606   -0.0339991
  -0.0559591     -0.23279    -0.181448    0.0965088
  -0.0211488    -0.063253     0.355515     -0.11766
   0.0525966    0.0578253   -0.0281066     0.150897
  -0.0499758   -0.0754408    0.0137349      0.05006
  -0.0235195  -0.00237061   -0.0111634   -0.0323275
  -0.0537328    0.0768867    0.0742572   0.00531271
    -0.10162   -0.0267454    -0.110107   -0.0612753
  -0.0239841   -0.0295098    -0.444492    0.0139501
  -0.0920281    -0.141667     0.118936    0.0474939
  -0.0766823   -0.0748142   -0.0191463   -0.0424382
  -0.0305016   -0.0328919    -0.287395     0.120742
    0.033153    0.0884083   -0.0249954    0.0776948
  -0.0940432   -0.0798709   -0.0784078   -0.0403901
  -0.0772581   0.00598233   -0.0405578    0.0759492
   0.0563929     0.054934    -0.230177     0.151328
  -0.0110488    -0.102396     0.117539   -0.0722567
  -0.0567186   -0.0495961    -0.136891     0.123766
   0.0485215   -0.0369504     -0.10225    0.0704457
   0.0397266    0.0853667    -0.149604   -0.0606771
   0.0790325   0.00777057   -0.0906308      0.12565
   0.0490447        0.169    0.0266423    0.0108338
  -0.0769691   -0.0134588     0.105844 -0.000752227
   -0.056557   -0.0450085     0.117549   -0.0352268
   0.0233131      0.31499      0.12768    0.0824028
  -0.0324263     0.045974   -0.0388091     0.100671
 -0.00151556    0.0690594    0.0770718   -0.0706686
  -0.0648686    -0.233354    0.0638426   -0.0464329
   0.0323725     0.151537    -0.141045    0.0839912
  0.00849792    -0.239824    -0.199587    0.0445746
   0.0184577  -0.00216467    -0.131221    0.0431381
  -0.0826566   -0.0971247    0.0696772      0.09274
  -0.0317074    -0.142983   -0.0283181    0.0167129
   -0.078268    -0.072533     0.232567    0.0011251
  -0.0240857    0.0629288    0.0781722   -0.0136445
  -0.0444735    0.0460098   0.00259353     0.157377
 -0.00908744    -0.168989      0.11736   0.00197263
 -0.00839485   -0.0960619    -0.131715    0.0290232
  -0.0523076    -0.160165  -0.00349447       0.1122
  -0.0211085     0.126753   -0.0732209    -0.077306
   0.0210718    -0.281141    0.0188026    0.0319427
   0.0152599    0.0140452   -0.0472114    0.0696055
   0.0301034     0.160097   -0.0342206    0.0637188
  -0.0198598   -0.0457528    -0.103676   -0.0212788
 0.000662497   -0.0266921     0.119963    0.0439764
   0.0148405    0.0637775  -0.00104453    0.0820617
   -0.105805    -0.110606     0.141406   0.00383965
  -0.0291392    0.0274077      0.10706   0.00163647
 -0.00459975    -0.293754   -0.0490674     0.097094
  -0.0589862    0.0209655   -0.0566757    0.0410535
   0.0269852     0.080916    -0.156082     0.112778
   0.0157051   0.00123247   -0.0371229  -0.00563521
  -0.0120013    0.0266146    -0.126356   0.00590328
   0.0923519     0.197124   -0.0567609   -0.0618618
   -0.113227    -0.201191   -0.0654218    -0.118479
    0.014305     0.177295   0.00733871    -0.100818
  -0.0537136    -0.279331    -0.041372    0.0464423
 -0.00704931      -0.1066    -0.345041     0.177785
   -0.008606     0.265596   -0.0851964    0.0949604
  -0.0626278    -0.168572    -0.213559   -0.0753278
   0.0280563   -0.0755867    0.0447587   -0.0317548
 -0.00183925     0.172891    0.0498631    0.0368481
  0.00947437    0.0488034    0.0587721 -0.000933255
  -0.0127603  -0.00193325   -0.0483528   0.00770545
   0.0547709    -0.206777     0.202647    0.0638395
   0.0218903   -0.0929795    0.0318477    0.0463083
  -0.0907128    -0.168423      -0.2136    0.0559906
  -0.0812759    -0.135295     0.187565   -0.0462608
  -0.0206267   -0.0750249   -0.0307057    0.0465973
 -0.00386327   -0.0817882    -0.237512  -0.00544147
   0.0646084     0.200815     0.107088   -0.0359675
  -0.0723866     0.161689     0.178198    -0.110427
    0.066286    0.0924929   0.00183592   -0.0181283
  0.00786403     0.114734     0.262664     0.184988
  -0.0642448    -0.241321    0.0930897   -0.0912837
  -0.0251139   -0.0810501   -0.0849752    0.0967697
   0.0561942    0.0217479   -0.0834663  -0.00213041
    0.050021    0.0364863    -0.052345  -0.00159031
  -0.0221949    0.0804949    0.0526648    0.0454292
  -0.0828349    -0.247899    0.0419809    -0.106672
  -0.0733396    0.0671369    -0.335438     0.129988
   0.0528781    0.0646861    -0.142398   -0.0186783
  -0.0220354    0.0449363   -0.0984024   -0.0332941
  -0.0292712    -0.129069    0.0747351  -0.00836549
  -0.0789168    -0.175338     0.116808   -0.0394134
  -0.0987441   -0.0145718     0.278191    -0.029311
  -0.0528185    0.0798652   -0.0911916     0.171734
   -0.044125   -0.0438433      0.13911    -0.127645
   0.0117176    0.0623437    -0.107361    0.0160205
  -0.0513898   -0.0185008    0.0848524   -0.0511503
   0.0805754     0.192723     -0.28182     0.067289
   0.0217137   -0.0525149     0.155941    -0.106863
  -0.0986985   -0.0433541    -0.217062    0.0711118
   0.0191366     0.266762   0.00629282      0.10517
   -0.052725    0.0281884    0.0145321     0.131635
   0.0403605   -0.0341639   -0.0863741    0.0429517
  -0.0737168     0.143336    0.0906533   -0.0311827
   0.0141346     0.110732     0.189791    -0.130546
  -0.0479882    -0.207726   -0.0674043    0.0592849
 -0.00409939  -0.00811998    0.0210746  -0.00229463
   0.0263921   0.00412277  -0.00738473    -0.039589
  -0.0222547   -0.0300987   -0.0698951    0.0558683
   0.0261048   0.00705399    -0.023254   -0.0199028
   0.0049164    -0.162285   -0.0917877    0.0814214
   0.0126536   -0.0501303   -0.0322749    0.0785274
  0.00840189    0.0967414    -0.138863    0.0682486
 -0.00486934    0.0346226   -0.0850748      0.04038
   0.0402149     0.165155   -0.0893736    -0.139265
  0.00971424     0.148141     0.175857     0.198639
  -0.0535276    -0.137891     -0.16689   -0.0995488
  -0.0732234   -0.0384381  -0.00353395    0.0199553
  -0.0449175    0.0351863    -0.121232   -0.0405183
    0.145105     0.272617   -0.0843231      0.17793
   0.0491607   -0.0423305     0.204748     0.157754
   0.0409455     0.129689     0.111419   -0.0668034
 -0.00691514    0.0597998    0.0102486   -0.0193008
   0.0120364    0.0755051   -0.0211549     0.061221
   0.0138552    0.0482892    -0.255051     0.118117
  -0.0573442    -0.109313   -0.0106525   -0.0474939
 -0.00528612    -0.107718     0.205227    0.0472308
  -0.0845832  -0.00443773    0.0310542   -0.0538222
  0.00280354   0.00313409   -0.0501094  -0.00015499
  -0.0175636    0.0346148    0.0707525   -0.0374784
  -0.0947031   -0.0819611     0.139269    0.0452248
   0.0218915     0.139182   -0.0143216   -0.0906149
  -0.0292416   -0.0974475    -0.113757    0.0286799
  0.00956713     0.396804    -0.271517     0.104864
    0.002361  -0.00982906     0.105994    0.0609065
  -0.0139887   -0.0604197     -0.12705  -0.00594857
  -0.0248677   -0.0185751     -0.14357     0.125582
  -0.0195782    0.0924071    -0.109878    0.0536304
  0.00104514     0.257606      0.11877    0.0193339
  -0.0764529     0.219048     0.160277    0.0214753
    0.121426     0.163186    0.0732421     0.160382
   0.0202821   -0.0943038    0.0970718   -0.0122659
    0.116763    0.0785015     -0.10102     0.170994
  -0.0191575   -0.0614397   -0.0245565   0.00401735
  -0.0705649     0.151255     0.041548   -0.0164048
  -0.0468549     -0.25701   0.00640515   -0.0311749
   0.0575871     0.208411     0.127014    -0.164914
   -0.141629    -0.410012   -0.0303963    0.0019704
    0.021704    0.0766124    -0.120617      0.12515
  -0.0888378   -0.0187689     0.328337    -0.170303
  -0.0688794     -0.25736    -0.111588     0.143944
 -0.00288271    -0.134366    0.0525438    -0.055148
   0.0257558   -0.0780426    -0.025807    0.0922759
 -0.00195589   -0.0428173    0.0116075    -0.178864
   -0.112444    -0.155474   -0.0427315   -0.0421137
   0.0800191     0.229396    -0.257516   -0.0322763
   0.0144019   -0.0522798    -0.042728    0.0477101
  -0.0126266     0.197102    0.0252966   -0.0826569
    0.016459     0.013392    0.0777332  -0.00224187
  -0.0188353    0.0908992   0.00649713   -0.0532662
  -0.0217808   -0.0038327    0.0793843    0.0478317
   0.0520111   -0.0606995   -0.0630204     0.117669
 -0.00382541   -0.0604294  -0.00795185    0.0566692
   0.0370861    0.0439428     0.165467     0.122793
   0.0671993    -0.100503    0.0136672     0.153318
   0.0243482    0.0521463   -0.0338308    0.0932723
   0.0382695    0.0430865   -0.0970954    -0.130513
   0.0015859    -0.105213   -0.0246211    0.0752355
   0.0359008    0.0876168    -0.171698     0.024238
   0.0572526     0.204186    -0.206256    0.0204502
   0.0348691     0.040183   -0.0287115     0.086425
   0.0156986  -0.00642914     0.149972   -0.0265084
   0.0586709    0.0437343    0.0707367    0.0611281
  -0.0140883   -0.0779472     0.113755   -0.0721976
  -0.0660094   0.00197646   -0.0973592   0.00627323
  -0.0531077   -0.0558067    0.0830396   -0.0684031
  -0.0472203    -0.103326     0.164697    0.0287738
   0.0277835     -0.20172    -0.256384    0.0711386
  -0.0787534   0.00509859    -0.116899    -0.106808
  0.00851387    -0.111109    0.0554122     0.155377
   0.0834173     0.100557   -0.0741825    0.0985175
  -0.0074013   -0.0811593    0.0854687    -0.040575
   -0.043987     0.109679     0.161038    0.0307416
   0.0253816    -0.130045      0.13674   -0.0673129
  -0.0132381    -0.131614    0.0307685    0.0677003
   0.0135481   -0.0824335     0.012664   -0.0282566
  -0.0390078      0.27469    0.0724757     0.121915
  -0.0255478    0.0232061     0.088388   -0.0690035
   0.0242049    -0.227556   -0.0432195    0.0241006
  -0.0848803    -0.174407    0.0884886    0.0158317
   0.0959724     0.416992     0.263103    0.0882315
  -0.0380486    -0.196114    -0.189536     0.034045
  -0.0796605     0.115277   -0.0194504     0.173134
  -0.0197257    0.0666833     0.105906     -0.03342
  -0.0425536  0.000743168  -0.00179777    0.0512308
  -0.0225704     0.123155    -0.146891    0.0892702
   0.0725598   -0.0701617      0.03724    0.0819825
   -0.108465    -0.119904     0.126227    0.0246462
   0.0485773     0.229644    -0.147082   -0.0731304
  -0.0328767    -0.129328    0.0206443    -0.175883
   0.0371446    -0.148029   -0.0832731    0.0190491
  -0.0271675   -0.0225461   -0.0256797    0.0666431
  0.00999558   -0.0274882     0.011862   0.00108635
   0.0411945     0.132458   -0.0538715   -0.0276506
   0.0138895     0.374972     0.107326    0.0971632
  -0.0323158   -0.0194067    0.0196821    -0.037651
   0.0617089     0.161765   -0.0581799     0.151809
   0.0421086      0.22652    -0.180739    0.0448272
  -0.0541258    -0.184264     0.167727    0.0485668
   0.0894507   -0.0175254   -0.0701412      0.07081
   0.0454733     0.244577     0.119519      0.12341
  -0.0395226   0.00993115    0.0943114   -0.0340881
   0.0382603     0.132822   -0.0671186    0.0201443
  -0.0262421    -0.127162   -0.0794398    0.0316626
 -0.00665513    0.0846126    0.0416667   -0.0316207
  -0.0764711     0.010454     0.191569    -0.012149
  -0.0636989   -0.0765939   0.00506021     0.102355
  0.00922362    0.0157878   -0.0970841  0.000238909
   0.0787678     0.371574    -0.139344     0.189201
  -0.0384038    -0.116591    0.0181316    0.0444308
   0.0740676     0.127533   -0.0875662      0.01666
   0.0493721     0.131961    -0.124121    0.0264198
   0.0255924  -0.00359347     0.049075     0.139257
   -0.145624    -0.257412   -0.0141538   -0.0245245
  -0.0416662   -0.0363904    0.0559351    0.0544265
  -0.0462086    0.0631781    0.0346786   -0.0127402
  -0.0737928   -0.0940701    0.0986096     0.117458
  -0.0782319    -0.108575     0.208624     0.104901
 -0.00988605    0.0812766   -0.0323332  -0.00656106
   0.0433759     0.111419    0.0348843   -0.0771499
   0.0533093     0.181757    -0.146771   -0.0361932
   -0.113369    -0.113282    0.0592863  -0.00432958
   -0.056383    -0.104956   0.00716052   -0.0633703
  -0.0161889   0.00865999   0.00280782    -0.023277