    0.125948     0.038982   -0.0167851    0.0197973
    0.109076    0.0766209   -0.0721061    0.0755354
   -0.027489     0.224258  -0.00921867     0.224699
  -0.0471134     0.449199    0.0631335     0.420334
   0.0610747     0.177919    0.0047598     0.149727
   0.0681691    0.0493434   -0.0648564   -0.0531254
    0.042821    0.0616661   -0.0115931    0.0938008
   -0.116346     0.296608    0.0631248     0.227081
  -0.0967191    0.0301086   -0.0700094   -0.0556181
  -0.0570073     0.460913    0.0072273     0.252283
  -0.0408716   -0.0344296    -0.045868     -0.02923
  0.00485708     0.158459    -0.028654    0.0753407
  -0.0630067     0.205755    0.0800173    0.0022197
  -0.0686084     0.382127    -0.107519     0.270228
  -0.0205374      0.14292    -0.132182    0.0185367
   0.0357448     0.137705   -0.0770369     0.156802
  -0.0614964    0.0374493   0.00698812   -0.0341241
   0.0701984    -0.056658   -0.0417822    0.0321382
  -0.0259084    0.0224848   -0.0420596   -0.0767775
    0.170979    0.0911525    -0.100227    0.0465288
   -0.113567    0.0930515    0.0784573    0.0406251
  -0.0265481   -0.0941752   -0.0167869     -0.13738
  -0.0851238     0.195057   0.00877068   -0.0333298
   0.0803688   -0.0288988   -0.0276138   0.00894631
   0.0175003   -0.0162209   -0.0146784   -0.0169298
 -0.00624112     0.145532  -0.00104624     0.101316
  -0.0907729   -0.0764518    0.0614072   -0.0581531
  -0.0102172    0.0741879   -0.0164036    0.0505373
   -0.120218     0.266244     -0.07784    0.0439439
  -0.0239741     0.241075    0.0314471     0.132944
   0.0725022     0.268567   -0.0987278     0.255449
   0.0892936     0.110767    -0.146311    0.0711008
  -0.0972024     0.181711   -0.0187196   -0.0144493
   0.0332148     0.164479   0.00767716     0.145287
  -0.0922852   0.00768985    -0.125591   -0.0274674
   0.0598434    -0.100737   -0.0307787  -0.00496918
  -0.0445503     0.264954     0.016305     0.134362
   -0.169202      0.88758      0.16656     0.536369
    0.069899    -0.044734   -0.0827145   -0.0649835
   0.0648924    -0.100308    0.0184114    0.0128849
    0.110246    0.0118905  -0.00613634    0.0699515
  -0.0361599     0.168888    0.0104813    0.0150375
   -0.014868     0.125902   -0.0669073     0.120932
   0.0317876   -0.0591214  -0.00968507    0.0385641
   -0.137757    0.0843291   0.00875371  -0.00510589
   0.0818035   -0.0180655     -0.11634  -0.00866608
   0.0377187   -0.0109553   0.00329743    0.0110175
  -0.0722782    0.0300034   -0.0158238   -0.0741941
  0.00832973     0.206272     0.129927     0.224819
    0.046133    0.0191886   -0.0669969    0.0443132
 -0.00524084     0.147452   -0.0758645     0.112405
    0.209293   -0.0378701   -0.0237202    0.0400564
   -0.112486      0.18692    0.0677595    0.0718006
  -0.0311208     0.220487  -0.00665717    0.0644554
  -0.0320378     0.122813   -0.0464993    0.0233136
   0.0408072     0.433899   0.00107171     0.354365
  -0.0290815   -0.0297731  -0.00980177   -0.0198582
   0.0113297    0.0184963    -0.153422   -0.0607229
  -0.0381524   -0.0270903   -0.0498751   -0.0502825
   -0.101211      0.20939     0.012532     0.130167
    0.035573   -0.0977418  -0.00381218    -0.041292
   -0.045823     0.202259      0.11027     0.160252
    0.207669    -0.110443   -0.0725579   -0.0135782
    0.240707     -0.54476    -0.187833    -0.270256
   -0.036911    0.0227139    0.0407445    0.0740806
  -0.0605398    0.0116608    0.0231738    0.0186003
 -0.00537312  -0.00347249    0.0305763    0.0417291
  -0.0133368     0.209637    0.0393102     0.105125
   0.0204464  -0.00643214     0.056035     0.106195
  -0.0741411      0.18557   -0.0549747   -0.0123096
   0.0911995     0.102057   -0.0439522    0.0173564
  -0.0467042   -0.0762518   -0.0141658  -0.00883174
   -0.202437     0.534763     0.158771     0.369785
    0.022435   -0.0650385   -0.0452656   -0.0409319
   0.0937629     0.089492     0.010159     0.119421
   0.0163776    0.0534189   -0.0229413     0.102038
  -0.0366048     0.404812  -0.00707462     0.140571
  -0.0943534     0.182948     0.117842    0.0451961
  -0.0160755    0.0343302  -0.00664547      0.01413
   -0.028414     0.169743    0.0590336    0.0878771
  -0.0875416    0.0424582     0.054162    0.0258665
    0.177301    -0.411939   -0.0893603    -0.214244
  -0.0172049     0.191834     0.017284     0.117309
  -0.0853388     0.392991  -0.00574647      0.23224
   0.0414003    0.0832881    -0.139405    0.0762447
    -0.19781     0.121276  -0.00823865   -0.0498833
  -0.0394682   -0.0697193    -0.007529   -0.0621369
  0.00314904   -0.0239584   -0.0627772   -0.0185222
   0.0658666    -0.220919    -0.141603   -0.0459117
   0.0449513      0.15836    0.0451959    0.0672197
   -0.131775     0.151177   -0.0128406   -0.0120915
     0.02864      0.02209  -0.00778321   -0.0329085
   -0.152779     0.211716    0.0326785     0.082406
  -0.0653091     0.164079     0.031722    0.0993549
  0.00864764    -0.107017    0.0290841   -0.0876904
 0.000763938     -0.30601   -0.0229472    -0.177444
   0.0522291     0.132231   -0.0530537     0.101572
   -0.065874     0.223166    0.0193207     0.108109
  -0.0650542     0.378835   -0.0134349     0.159649
  -0.0189912     0.269711   -0.0438563       0.1376
  -0.0543452    0.0992043   0.00866296    0.0365043
    0.125226   -0.0552256    -0.129917    -0.019167
  -0.0938573   -0.0626965     0.021655   -0.0362097
  -0.0632231    -0.154789   -0.0167938    -0.076048
   -0.015118   -0.0546258   -0.0545261  -0.00330277
  -0.0286758  -0.00946851  -0.00884037   0.00951327
  -0.0481185     0.241047   -0.0569223     0.126785
   0.0723097    0.0876745    0.0399699     0.206444
    0.226504     -0.17246    -0.141621   -0.0195892
   -0.051812    -0.139503    0.0513181   -0.0971027
   0.0633198   -0.0140779    0.0337766    0.0587892
    0.137936    -0.340652    -0.224784    -0.155918
  -0.0190856    0.0688952   0.00419476     0.147297
   0.0145484     0.126086    0.0263625    0.0730547
    0.137065    -0.314628   -0.0687303    -0.124981
  -0.0728975     0.449961   -0.0278244     0.237777
   0.0324292    -0.120135    0.0110441   -0.0262299
    0.155175     0.190768    0.0239104      0.16735
   0.0800427    -0.205685      0.02308   -0.0441821
   0.0579817     0.117052   -0.0602025     0.117038
  0.00405621    0.0468309  -0.00726679   -0.0369953
  0.00897096    -0.124555   -0.0304544   -0.0237807
   -0.211203     0.544114     0.202742     0.384545
   0.0942469    -0.160801   0.00511092   -0.0107844
    0.097818    0.0251615   -0.0522227    0.0638681
    0.196058    -0.282828    -0.041536   -0.0240607
  -0.0295681   -0.0790944   -0.0456873   0.00734275
   0.0524134      0.26314    0.0539648     0.268031
  -0.0395172    0.0197954    -0.109421    -0.060417
   -0.102111    0.0397977   -0.0122603   -0.0108242
  -0.0473594     0.161881   -0.0441038   0.00623017
   0.0332253   -0.0511971  0.000131825    0.0128638
    0.148635     0.308451    -0.168764     0.193176
   -0.091517     0.265685     0.105143     0.152353
   0.0522661  -0.00595774  -0.00809886 -0.000983292
    0.043684    0.0790322    -0.041074     0.154052
   -0.057899     0.288712   0.00566134     0.155523
  -0.0546548     0.164755    0.0809892    0.0710716
  -0.0695318    0.0227281    0.0371893   -0.0494504
   -0.144924     0.713258    0.0806841     0.334723
    0.073208    -0.369174    -0.064144    -0.231628
   0.0311202     0.157881   -0.0116824     0.134793
   -0.172032    0.0950292   -0.0165171   -0.0125201
  -0.0240416    0.0237791   -0.0157994  -0.00977546
   0.0337282    0.0652336    -0.077385    0.0646635
   0.0425045   -0.0832191   -0.0314932    -0.108314
  -0.0885839     0.282382   -0.0157654    0.0789843
    0.013433     0.159586   -0.0385645    0.0280689
     0.12025    -0.189848   -0.0603317    -0.134259
   0.0562634      0.17691   -0.0666586      0.10406
   -0.198262     0.111345    0.0464485   0.00802383
 -0.00124953    0.0576921   -0.0130522    0.0275167
   -0.140488     0.562239     0.108649     0.319738
 -0.00152301    0.0322724   -0.0300361    0.0458209
   0.0202702     -0.19532    0.0602692   -0.0928174
-0.000701888    0.0667969  -0.00172458     0.144898
   0.0227072    -0.142942  -0.00098871    -0.105871
  -0.0595642     0.269376    0.0940432    0.0819739
  -0.0108061     0.241927 -8.80816e-05     0.177542
  -0.0805006     0.134057    0.0340371    0.0538169
   -0.128778      0.48683     0.012842     0.166011
   0.0361123    -0.205069    0.0109369    -0.125814
    0.127472   -0.0360785   -0.0778255    0.0262541
  -0.0608289    0.0596009    0.0636603  -0.00666044
   -0.106239  -0.00708431   -0.0619592   -0.0191977
    0.196163     0.175301   -0.0737269    0.0821255
   0.0170463      0.17994   0.00817192    0.0852553
 -0.00121562     0.388871   -0.0162794     0.234041
  -0.0993436     0.574827     0.061951      0.29978
   -0.145018     0.379418    0.0507305     0.193519
   0.0704873    0.0934607   -0.0481531    0.0330907
    0.164114    0.0217725   -0.0246287     0.145183
   -0.016925    -0.182462    -0.127617    -0.139165
   0.0930812    0.0131028   -0.0719667     0.122615
  -0.0248873     0.263276    -0.105226    0.0888157
   0.0274178    0.0463966   -0.0624796    0.0412209
    0.061824      -0.2688   -0.0836301   -0.0477353
   0.0166502    0.0544217  -0.00187563    0.0279455
   0.0395464     0.341015    -0.138231     0.188868
  -0.0487272     0.230614   -0.0667103     0.145181
   0.0422215     0.147764    0.0460913     0.128452
  -0.0438209      0.15738   -0.0302525     0.121049
  -0.0812569     0.159319    0.0367884   -0.0156167
-0.000359382    0.0788867   -0.0453812    0.0187784
   0.0279915      0.14059   -0.0993742    0.0894357
   0.0646821    0.0339358   -0.0690374    0.0259051
  -0.0206371    0.0571721   -0.0699419    -0.084595
    0.116765     0.149769    -0.149109     0.240392
    0.172255    -0.397812    -0.134878    -0.126431
   0.0195617    -0.335759    -0.042392    -0.145914
  -0.0243389     0.074919   -0.0393211     0.112715
  -0.0778834     0.107406   -0.0897675   0.00139821
  -0.0362223     0.176203   -0.0378362     0.111784
  -0.0286864    -0.218113    0.0350088    -0.104484
  -0.0589201     0.214703     0.098869    0.0965302
  -0.0719115    0.0383368   -0.0261647   -0.0703017
  -0.0274129    0.0502448    0.0901376     0.166456
   -0.131732    0.0743912    0.0155057    0.0144523
  -0.0148997     0.241132   -0.0526989     0.155446
   0.0697459  0.000201262   -0.0454202    -0.112444
   0.0278035     0.134199   -0.0919082    0.0406975
  -0.0719515    -0.138831    0.0016446   -0.0866882
   0.0160558    0.0406662   -0.0725223    0.0755545
  -0.0185464    0.0223136   -0.0838886    -0.111478
   -0.113611      0.41922   -0.0157246     0.184695
    0.142314    -0.240976   -0.0729209    -0.107515
  0.00169653   -0.0578702   -0.0660704   0.00721448
    -0.16024     0.453127     0.136207     0.338208
  -0.0829015      0.36068    0.0819903     0.200596
  -0.0839986     0.273864    0.0394357  -0.00714227
    -0.06675     0.277308   -0.0154818    0.0999085
   -0.102335     0.218782   -0.0412454     0.101037
   0.0853792    -0.376865    -0.182161    -0.203316
  -0.0454311      0.29168    -0.122367    0.0695218
   0.0136626   -0.0809313   -0.0265413  -0.00999223
  0.00907871     0.207255    -0.021137     0.122353
   0.0398551    -0.286758   -0.0738661    -0.198052
  -0.0847323     0.400909    0.0706023      0.20493
   0.0170382     0.117769    -0.115403     0.149049
  0.00789424   -0.0944706    0.0213223   0.00020074
  -0.0532032   0.00287395   -0.0152659   0.00124532
   0.0637124   -0.0178441  -0.00636231       0.0379
   0.0741408   -0.0270785    0.0467214    0.0554942
    0.119633   -0.0753786    -0.092157    0.0353389
   0.0921544    -0.242823    -0.037052    -0.209441
   0.0402234     0.125177    0.0871695    0.0556452
  -0.0850091      0.12675    0.0110957    0.0540998
  -0.0495437   -0.0830217   -0.0177565    -0.154254
    0.032266   -0.0764493   -0.0309159     0.040023
    -0.14768     0.405598    0.0111024     0.178412
    0.132219    0.0408645    0.0135666     0.043366
   -0.047205     0.200616     0.066024    0.0129546
    0.132829    -0.256305    -0.118485   -0.0845725
  -0.0244915     0.124788    0.0420035     0.114514
   0.0651468   -0.0259793   -0.0413236   -0.0457539
  -0.0399765     0.198095   0.00177478     0.165535
   -0.147538     0.154269   -0.0147225    0.0523008
   0.0344572   -0.0687829    0.0314754   -0.0372877
   -0.080765     0.200526   -0.0344879    0.0954034
  -0.0063612      0.23564    0.0206505     0.179083
  -0.0601117     0.155069  -0.00635711     0.101016
  -0.0152628     0.119741   -0.0630276    0.0535864
   0.0106196    0.0434692   -0.0466891    0.0875777
   -0.100688    0.0854817    0.0203734    0.0333565
    0.088956    -0.118785   -0.0235158   -0.0283582
    0.155549    -0.108943   -0.0538682    -0.012106
    0.122526    -0.331479    -0.137047   -0.0858935
   0.0456758     0.116648   -0.0231592    0.0830032
   0.0356228    -0.152714   -0.0422751  -0.00222533
   -0.114452     0.293485     0.100269      0.15779
  -0.0878061     0.199057   -0.0625496   -0.0143862
    0.095051   -0.0599601    -0.197112   0.00549341
   0.0435348   -0.0970244   -0.0529327    0.0573636
   0.0903565    -0.102477    -0.130456  -0.00514653
  -0.0490008   -0.0325589   -0.0522838   -0.0917519
 -0.00552219  -0.00174851  -0.00204532    -0.087104
    0.159812   -0.0502902   -0.0790462  -0.00727723
   0.0904273    -0.157847    -0.116344    -0.241456
     -0.1172     0.215471    0.0275621   -0.0235637
    0.109703     0.133926    -0.121924     0.106811
  -0.0506374      0.13166    0.0241223    0.0533079
  -0.0164312    0.0087193   0.00065094   -0.0202514
  -0.0358049     0.145483     0.103542    0.0925161
   0.0467593    0.0508452    -0.153264    0.0499902
    0.022601    0.0181712   -0.0485967   0.00595778
  -0.0162343   -0.0944656   -0.0496748   -0.0314359
   -0.157669      0.14869    0.0216558     0.013226
  -0.0151606     0.123958  -0.00632579   -0.0566261
   0.0609656   -0.0835468     0.033506    0.0414165
    0.153431      0.15632   -0.0313311     0.225637
   0.0589858   -0.0603726     -0.11924    0.0687007
   0.0244376    0.0981546   -0.0721093   -0.0239917
  0.00311881     0.157544   -0.0109578     0.136315
   -0.100405      0.23057    -0.213613    0.0499987
  -0.0294125    -0.151543    0.0474807    -0.160229
 -0.00901172      0.17328  -0.00798107    0.0354523
   0.0205238   -0.0314857    0.0383867   -0.0492175
   -0.114596 -0.000869944   -0.0746071   -0.0189248
    0.301401   -0.0418792    -0.237311     0.114715
   0.0860377     0.011111  -0.00208875       0.0535
   0.0512259     0.117949   -0.0327069     0.111938
   0.0193647   -0.0319112    -0.119713     0.040457
   0.0125524   -0.0088278    0.0182342    0.0352302
-0.000531104    0.0277466   -0.0166007   -0.0370068
   0.0725228   -0.0824354    -0.053994    0.0583164
  -0.0315515      0.30308    0.0353094     0.216892
  -0.0143018     0.193316    -0.059156    0.0853239
   0.0331781    0.0293324    -0.108185    0.0341696
 -0.00676079   -0.0888433   -0.0290535    -0.040484
    0.041847     0.034322    -0.181755    0.0783573
   0.0343414   -0.0429123   -0.0261962  -0.00614119
   -0.091787    0.0598462   -0.0230557   -0.0279905
    0.021985   -0.0745708     0.014216   -0.0855874
    0.041542    -0.179962   -0.0823972    -0.169303
 -0.00889208    -0.171729   -0.0633622   -0.0524458
     0.10305    -0.197061   -0.0938753    -0.174062
   0.0484915    -0.191185   -0.0630143   -0.0532153
   -0.060828    0.0623848   -0.0831242   -0.0200731
  -0.0111392     0.141279    0.0265998    0.0602152
  0.00291172    0.0525194   -0.0789185   -0.0559123
    0.105322     -0.41112   -0.0917249    -0.242628
 -0.00358624    -0.120404    0.0134982    -0.031405
  -0.0388483     0.202303  -0.00771206     0.101675
   -0.119611     0.120922   -0.0358036    0.0829263
  -0.0422283    0.0647356    -0.106563    0.0627494
  -0.0480992     0.248095   -0.0608809     0.191177
   0.0299365    0.0743173   -0.0193254    0.0348864
    0.148474     0.290825    -0.266899     0.161851
  -0.0475389     0.396931    0.0841694     0.432724
   0.0170614    0.0483028  -0.00348163    0.0469255
  -0.0496723     0.272627   -0.0567305    0.0940724
  -0.0341242   -0.0712427    0.0571058    -0.075216
  0.00577658    0.0308197    0.0361931    0.0668318
   0.0259457   -0.0968111   -0.0534073    -0.109241
   -0.144213     0.604556    0.0505461     0.413892
   0.0313204     0.143053   -0.0565237    0.0340343
  -0.0861344     0.438754    0.0427299     0.210343
   0.0329904   -0.0599444   -0.0135618    -0.108604
    -0.18425      0.45333   -0.0443353     0.173841
  -0.0311286   -0.0321498    0.0975788   -0.0236343
 -0.00952334     0.220851    0.0329963    0.0899866
   0.0956987    -0.173794    -0.071707    0.0229068
   -0.115416     0.220286   -0.0521871      0.03835
   -0.109092      0.45631    0.0179717      0.21155
  -0.0391426    -0.278301   -0.0427058     -0.14569
    0.142106     0.105422   -0.0344996     0.174872
  -0.0783415   -0.0781353   -0.0747804   -0.0647328
    0.119484   -0.0724037   -0.0693435    0.0472539
   0.0545688    -0.120511    -0.037542  -0.00349622
    0.124621     0.128199    0.0741977     0.176663
   0.0217668    0.0452175    -0.064587     0.096309
   -0.060416     0.123463   -0.0707243    0.0364175
  -0.0152924     0.154491    0.0606015    0.0868295
  -0.0914091      0.52852   -0.0273927     0.266186
   0.0943656    -0.263951    -0.172002    -0.155569
  -0.0892409    -0.258526     0.107331    -0.258978
    0.104991    0.0786296   -0.0726498    0.0534443
  -0.0572355   -0.0451827   -0.0491862   -0.0745369
  -0.0295008 -0.000133222    0.0324663    0.0200464
   -0.160031      0.51875     0.035056     0.283336
   0.0210276     0.230979   -0.0921154     0.142641
    0.188977   -0.0850324   -0.0015817    0.0910292
   -0.103421     0.255584    0.0587778     0.142206
    0.114763    0.0137934  -0.00440767    0.0778029
  -0.0157486   0.00429217    0.0769556   -0.0317646
  -0.0825412    0.0380434   -0.0663342   -0.0786026
   0.0971635    -0.187922     -0.17824    -0.119826
  -0.0462581    0.0173564   0.00844198    0.0329176
   0.0437979   -0.0635139    0.0378552   -0.0937486
   0.0308985    0.0947277   -0.0283839    0.0505512
   0.0316899   0.00659435   -0.0599984    0.0150724
   0.0162461      0.14665  -0.00344309    0.0279329
   0.0603813     0.339947   0.00966409     0.275879
  -0.0598108    0.0736855     0.005457    0.0161444
   0.0704836      0.12238    0.0346124     0.149389
     0.16314    -0.156747    -0.358466    -0.154345
   0.0453437    0.0469584    0.0488287     0.064328
    0.100363    0.0610571   -0.0942991    0.0187673
   0.0238177     0.190532   -0.0730117     0.161518
   0.0729762    -0.480665   -0.0510767    -0.271302
   -0.177858     0.318707    0.0198715     0.110638
  0.00717126   -0.0115959   0.00756689   -0.0737535
  -0.0504966     0.015831   -0.0501225    0.0628726
   -0.105587     0.408318   0.00838515      0.19307
   -0.250563      0.38896   -0.0306571     0.133398
  -0.0365702   -0.0772183    0.0402504    -0.131796
   -0.036077  -0.00498736   -0.0307251     0.014146
    0.116812    -0.169057    -0.107521    -0.104436
   -0.105209     0.111168    0.0256861   -0.0409656
  -0.0579568     0.109343   -0.0954808    0.0266667
    -0.26094      1.07646     0.242265     0.597372
  -0.0340465     0.257117  -0.00741038     0.121569
   0.0123063     0.228519   0.00669354      0.18948
   0.0315093    0.0140483    0.0269534    0.0255963
  -0.0132423     0.105157    -0.077124    0.0680837
   0.0081912   -0.0566498   -0.0784613   -0.0638015
  0.00173695   -0.0264776    0.0296172    -0.100941
  0.00944416    -0.102017   -0.0822015   -0.0800533
   -0.116998     0.094926    0.0397395   -0.0157096
  0.00588849   -0.0292446   0.00800358   -0.0103218
   -0.111981    0.0783457    0.0412298    0.0154942
    0.125425    -0.102141    -0.103206   -0.0500902
   -0.118953     0.284984    0.0440944     0.221138
   0.0737758    -0.113295   -0.0511746    0.0214975
  -0.0689567     0.162315    -0.109875    0.0521185
   0.0635383    -0.226446   -0.0129237    -0.042134
    0.115182     -0.25674    -0.193008   -0.0763825
  -0.0603872     0.179081   -0.0832473     0.109504
   0.0247564     0.138699    -0.109575     0.144767
   -0.128007     0.180425   -0.0507314     0.029812
  0.00333379     0.173645    -0.109176     0.112616
    0.101804    0.0204664    -0.038726   0.00194511
   -0.112185     0.204674    0.0177529    0.0928154
    0.105752    -0.287583   -0.0539723    -0.173142
   -0.111278   -0.0342358    -0.055657   -0.0944994
   -0.108466    0.0771571    0.0894765    0.0404667
  -0.0048914      -0.1259   -0.0547421   -0.0785322
   0.0291898     -0.15589    -0.135084    -0.108208
   0.0294192    0.0825503     0.043516  -0.00123004
  -0.0882694      0.03859    0.0864375     0.075354
   -0.173329     0.433445    0.0418911     0.264452
   0.0658966     0.030728    0.0728383    0.0420525
   0.0791022   -0.0046772   -0.0780228    0.0831451
    0.122567    0.0861559    0.0336997     0.207195
 -0.00859539     0.377891    0.0296638     0.302997
   0.0100683    0.0757899   -0.0150273     0.102064
  -0.0708879    0.0455579   -0.0443676   -0.0455427
  -0.0510433     0.127542   -0.0478501     0.142721
    0.131883    0.0183399    -0.149882     0.101532
   -0.127208     0.137739    0.0712694    0.0443395
    0.112318    -0.265807   0.00899124   -0.0767063
   0.0753842    -0.134579    0.0424822   -0.0659086
  -0.0187436     0.382355   -0.0253148     0.267461
   0.0361349    -0.253286   0.00885617    -0.154244
    0.158535     0.100762   -0.0854044     0.118265
   0.0922978    0.0437941    0.0117957    0.0106148
    0.169096    -0.142763   0.00771803    0.0821837
  -0.0485864    0.0183381  -0.00911143 -0.000510786
   0.0898445      0.15542    -0.135886     0.215317
  -0.0069545    0.0462095    0.0312367    0.0528251
   0.0579386    -0.162694   -0.0822525    -0.128654
    0.125994   0.00309886  -0.00471548     0.111566
  0.00971812     0.153402   -0.0412081     0.162627
  -0.0822207    0.0961333    0.0195242  -0.00954941
   0.0141463   -0.0980989    -0.134072    0.0282984
   -0.119578    0.0982701    0.0248504    0.0680895
    0.093656    -0.102621   0.00606271   -0.0461882
   0.0699034    0.0371952   -0.0910867    0.0464878
  -0.0592675     0.136758    0.0604583     0.109355
  0.00386282    0.0043686   -0.0227642   -0.0586233
  -0.0752282   -0.0891042    0.0172155    -0.153768
   0.0500436   -0.0849982     0.063509    0.0438692
    0.047365    -0.143417   -0.0549601     -0.12795
   0.0205622    0.0688844  -0.00947368    0.0299772
  -0.0628213    0.0862812    0.0398434    0.0449035
  -0.0793232     0.438176   -0.0429722     0.181763
  0.00346248     0.225675     0.056357     0.146674
  -0.0825085    0.0540724      0.12914    0.0557907
   0.0294377    -0.323671    -0.111504    -0.180704
  -0.0184185    0.0126008   -0.0235853   0.00470798
   0.0111557    0.0162912   -0.0406071    0.0535046
    0.234365     0.120003   -0.0105043      0.29361
   0.0556913    0.0544496    0.0294176     0.091293
  0.00409085     0.143656    0.0519724    0.0147007
  -0.0635562   -0.0661698   -0.0746882    0.0324655
   0.0192528     0.193729    0.0249581     0.200555
   0.0035358    -0.106152  -0.00494793   -0.0620221
 -0.00380733       0.1229    -0.082846   -0.0106309
   0.0439076    0.0116724    -0.109265   -0.0517815
    0.125787   -0.0841672   -0.0881455    0.0157932
    -0.12669     0.538761    0.0474126     0.282829
   -0.292038     0.602852    0.0462462     0.218458
    0.181259     0.111242    -0.125736     0.221439
  0.00323897   -0.0748457   -0.0252486    -0.103381
   0.0446706    -0.083723   -0.0492715   -0.0630521
    0.124227    -0.369511    -0.071392    -0.206026
  -0.0930518   -0.0831775     0.048235    -0.180444
   0.0610499    -0.116102    -0.079293    -0.111742
  -0.0755082     0.463263   -0.0522427     0.168972
    0.100299   -0.0841186   0.00905763    0.0134028
  -0.0183162   -0.0099072    0.0497142    -0.117534
   0.0900325   0.00989028   -0.0377659   0.00533655
   0.0294658   -0.0673612    0.0152784   -0.0664997
  -0.0713312    0.0869925    0.0430608   -0.0152448
   0.0162249    0.0754585   -0.0292818    0.0355722
   0.0200517    0.0475152   -0.0668101    0.0619092
  -0.0941976     0.131914    0.0570624   -0.0156882
    0.137773   -0.0224218    -0.132606    0.0875151
    0.125603    -0.108101   -0.0247214   -0.0773294
  -0.0917376       0.1813   -0.0264024    0.0488333
   0.0330494    0.0772081   -0.0100889    0.0418204
   -0.181733     0.114041   -0.0456174   0.00806848
  -0.0300062    0.0230827  0.000153591   -0.0320811
    0.131708     -0.12137    0.0166349    0.0407491
     0.15915    -0.394435   -0.0311268    -0.183398
  -0.0404775     0.116927   -0.0475644    0.0883398
   0.0144423    -0.127489     -0.13209    -0.116653
    0.112023     -0.10081    -0.115822    -0.114953
 -0.00186669   -0.0619989    -0.100045    0.0277396
  -0.0234831      0.18813  -0.00893568    0.0522658
   0.0386593   0.00645371     0.064366     0.104192
  -0.0856615      0.18186   -0.0693483    0.0279558
  -0.0187451    -0.133335   -0.0211749   -0.0591734
    0.103333   -0.0792466   -0.0668057     -0.13384
    0.168477   -0.0597419  -0.00451661     0.111803
    0.116929   -0.0244795   -0.0352307   -0.0211768
 -0.00722291     0.174043    -0.120484     0.137239
  -0.0555299   -0.0430693   0.00190372   -0.0600809
   0.0419216   -0.0640313   -0.0461909   -0.0666629
   0.0614887   -0.0297127    -0.146693   -0.0752952
   -0.047571     0.339934   -0.0407454     0.119462
   0.0194848     0.134242     0.022556    0.0544083
 -0.00165767    0.0719888    0.0484225     0.074056
  -0.0895337     0.360632     0.100104     0.295464
   -0.134093     0.138686   0.00164779    0.0542275
   -0.125465     0.598135    0.0219772     0.389641
   0.0722689     -0.26779   -0.0305394    -0.121574
   0.0875779    0.0302116     -0.09494   -0.0562016
   0.0374973     0.300577     -0.10594     0.182128
   0.0808782    -0.209856   -0.0141328    -0.183481
 -0.00295089  -0.00321587   -0.0387728    -0.104821
  -0.0603858     0.192621   -0.0476373     0.171558
   0.0588658    -0.390271    -0.195269    -0.362978
  -0.0230137   -0.0980345   -0.0464695    -0.126208
   0.0711535    -0.142312   -0.0436605   -0.0315635
  -0.0621583     0.435225    -0.124051     0.333744
   0.0390204   -0.0381655   -0.0555408   -0.0570933
   -0.195865     0.936588     0.305908     0.538236
   0.0102049     0.355878   -0.0924439     0.199639
  -0.0801519     0.130155   -0.0569091    0.0717933
  -0.0390305     0.350801    0.0741149     0.107703
   0.0784384     0.083219   -0.0939479    0.0117571