  -0.0186014    0.0869149    0.0467748     0.111364
   0.0403246    -0.003129   -0.0147801    -0.219618
 -0.00960651     0.174286     0.107678    0.0126392
   0.0320731    0.0606976     0.154583  -0.00700172
   0.0338182   -0.0584848   -0.0221043    0.0070379
  -0.0132836   0.00633856    0.0257265    0.0386432
    0.049056    -0.164287   -0.0772003    0.0422389
    0.106651   -0.0176333   0.00093795   -0.0749376
   0.0236032     0.164162      0.23272    -0.195154
   -0.128399     -0.03203   -0.0876509    0.0748244
   -0.020999    0.0752155    0.0728365   -0.0248869
  -0.0030068    0.0159387   0.00638795   0.00618374
   -0.049524    -0.010398     0.142393     0.116287
   -0.170387     0.119766    0.0195705     0.126418
  -0.0612036    0.0234457     0.200119    0.0788851
   -0.103648     0.107383   -0.0730565   -0.0437818
   -0.332385   -0.0486574    -0.091705     0.101016
    0.153078    0.0495814  -0.00643333    -0.111516
-0.000940225   -0.0175114    0.0298934    0.0280754
   -0.110112      0.11882    0.0355828     0.052558
   0.0794485     0.166493  0.000940133     0.142422
   -0.155832     0.144016      0.24498    0.0892124
   -0.243525    0.0497874    0.0140952    0.0252136
    0.242447    0.0340125     0.154452    -0.124994
   0.0318803   -0.0512717   -0.0492547    0.0437459
   -0.300934    0.0245987    0.0223362    0.0948006
   -0.170178    -0.129682   -0.0774019   -0.0294023
    0.106704   -0.0694486     -0.06356    -0.129558
  -0.0815679    0.0826253     0.107768     0.011058
  -0.0723734  0.000313809      0.10233    0.0435746
   -0.177199  -0.00910766   -0.0698201  -0.00250164
    -0.13269     0.112535    0.0516325    0.0822199
   0.0461183     0.218098    0.0639715    -0.065468
  -0.0419468    -0.103588    0.0422127    0.0803081
   -0.109535    0.0281963    -0.085706    0.0521872
    0.087615  -0.00195286    0.0091438    0.0235391
   0.0481229    0.0715772    0.0994242     0.162969
   0.0972689    -0.099774    -0.147325    -0.323187
   -0.208571    0.0302811  -0.00514569   -0.0164154
   0.0224126    0.0892891     0.111719    0.0542519
  -0.0435265   -0.0737009    0.0149241     0.138775
  -0.0354504   -0.0766667    0.0665595     0.151628
    0.142554    0.0484293    -0.120094    0.0344127
   -0.127548   -0.0947745   -0.0628548    0.0207979
   0.0843371   -0.0392269    0.0576677     -0.08979
   -0.174618   -0.0164599     0.045395   -0.0510949
    0.127263    0.0314096    -0.143251    -0.211318
   -0.204884   -0.0698096  -0.00507527    0.0586492
   0.0170775    0.0457948     -0.07813   0.00351917
    0.118965    0.0402615    -0.175124    -0.147909
  -0.0484226    0.0335813   0.00525546     0.107534
   -0.370101     0.140236     0.186284     0.417476
   -0.044374    0.0981014    0.0630089     0.017015
   0.0507073    -0.115969   -0.0060132    -0.100268
  -0.0779224    0.0199919   0.00111495   -0.0173412
   0.0335572   0.00841483    0.0303777   -0.0737036
   -0.373792     0.133305     0.162699     0.189302
   -0.127276     0.116829   -0.0678256      0.14346
     0.12761   -0.0240097   -0.0012716    -0.124818
   0.0470772    0.0550425    0.0375785     0.192175
  -0.0290901   0.00310636    0.0453367   -0.0659195
     0.14584    0.0930042   -0.0718422    0.0105439
   -0.178637    0.0589688     0.145573     0.130499
  0.00683745     0.086276  -0.00379701     0.150884
   0.0854025   -0.0141649    0.0546552    -0.152802
   0.0648672   -0.0517409   -0.0690215    0.0339153
   0.0347666   -0.0676568    0.0292298     0.147023
    0.200729    0.0442308   -0.0668839   -0.0533842
   -0.137545  -0.00686235     0.170003     0.190223
   -0.211472    0.0679538     0.129518      0.01905
  -0.0299014    0.0861184   -0.0290016   0.00075036
   -0.185112    0.0556869    0.0471017    0.0378775
   -0.117036    0.0455522   -0.0960171    -0.113239
   -0.155362    0.0241057    -0.177332    0.0419581
  -0.0839818    0.0318303    0.0194302      0.16383
  -0.0345707    0.0964923   -0.0743144     0.175807
   -0.221834     0.121173     0.107064     0.194951
   0.0652324   -0.0554898   0.00222828    -0.246994
   0.0840789   -0.0651247   -0.0160085   -0.0463345
  -0.0815461    0.0222737    0.0241924    0.0253156
   0.0115702    0.0807005     0.146576   -0.0144033
   -0.203233    0.0801614     0.107016     0.266698
   -0.243158     0.115057    0.0712939     0.171992
    0.148342     0.114447    0.0575631     0.164503
   -0.138745      0.06787     0.076267   -0.0263336
   0.0835969    0.0145828   -0.0393747    0.0132146
 -0.00748919     0.082434     0.335412   -0.0555304
   0.0885927   -0.0968058   -0.0197419    0.0239974
  -0.0294856    0.0138078    0.0503466   0.00767595
    0.123984   -0.0768539    -0.128323   -0.0826704
   0.0120515     0.103213   -0.0411142   0.00275483
   -0.146087     0.118429    0.0485494    0.0941933
  -0.0269402   -0.0146686   -0.0594572    -0.113336
 -0.00935686      0.03159   -0.0122297    0.0772056
    0.147056    0.0293304    -0.194908    0.0280974
   -0.269208    0.0678589     0.137419     0.119001
  -0.0303158     0.038399     0.161584     0.214994
 0.000989969      0.05323    -0.082279    -0.155151
   0.0535978   -0.0377096    0.0938311    0.0699628
    -0.39075    0.0463068    0.0319445     0.157706
   -0.109752    0.0264167    -0.051166   -0.0127337
  -0.0574643    -0.047156    0.0292143     0.078739
  -0.0629123   -0.0767149   -0.0281574    0.0286208
  -0.0663117    0.0600397     0.218382    0.0362827
    0.115592   0.00484271   -0.0698363   -0.0355831
-0.000498752    0.0198319      0.03679   -0.0869808
    0.100143  -0.00653601    0.0126872    0.0449111
   0.0452765     0.101597   -0.0807328     0.015867
    0.105915     0.089902  -0.00812345     0.151948
   0.0745136    0.0509265    0.0623272    -0.115553
  -0.0340999   -0.0423985   -0.0148247   -0.0106422
   -0.238936    0.0986913   -0.0273025   -0.0480768
  -0.0146521    0.0153955     0.129676   -0.0420205
   0.0697323   0.00433875    -0.069286    -0.158639
   -0.227174    0.0310301     0.110375     0.103851
    -0.14689     0.121426    0.0453009    0.0191517
   0.0392057   -0.0508693   -0.0449802   0.00412735
   -0.335477   -0.0659478    -0.221007     0.154076
   -0.139795   -0.0780011  -0.00315556    0.0898535
   -0.173953    0.0783632   -0.0358817    0.0690217
  -0.0375627     0.124101    0.0670945     0.122188
   -0.186202   -0.0619989   -0.0502997   0.00354556
    0.122076    0.0349597    -0.139569   -0.0236573
   0.0423268    -0.130193   -0.0228071    -0.125562
    -0.10236    -0.035353     0.118203   -0.0235243
   -0.185512   -0.0257179     0.143884     0.193426
  -0.0412963    0.0356021  -0.00355829    -0.028887
   0.0461657   -0.0871445    -0.159696    0.0130529
   0.0690686   0.00226799   -0.0182447    0.0193329
  -0.0093822    0.0626022   -0.0132152    0.0784414
    0.252445    0.0608853    0.0164678    -0.212446
   -0.467553    0.0713961     0.238067     0.139554
   0.0102333     0.125308   -0.0158069     0.198331
   0.0146637      0.03507     -0.11122   -0.0908941
  -0.0134146   0.00606941    -0.149419    -0.247211
    0.104223  -0.00435957   -0.0618812    0.0312139
  -0.0272986   -0.0332886    0.0660762    0.0188289
    0.112845   -0.0291078   -0.0241524   -0.0309641
  -0.0724896   -0.0709984     0.127967  -0.00403233
   0.0133125   -0.0041161    0.0683005    0.0386644
    0.084585    0.0177957    -0.115199   -0.0800171
    0.102854     0.028232 -0.000235832     0.035234
   -0.072322   -0.0882153   -0.0639113     0.128988
 -0.00389153  -0.00835811   -0.0505714   -0.0886817
   -0.198344    0.0443584    0.0641182     0.132217
   0.0147788   -0.0790591   -0.0753484  -0.00460643
    -0.22828     0.151173     0.174946    0.0955732
   -0.249483     0.155032     0.135127     0.144236
   -0.209254    0.0983314   -0.0175959     0.103117
   0.0541453     0.178012     0.162357   -0.0559578
  -0.0116609   -0.0733857    -0.146915   0.00232624
   -0.131774  -0.00205483   -0.0248331    0.0129511
    0.148829    -0.112881    0.0421554    0.0837184
    0.163717     0.054487   -0.0244834   -0.0817317
   -0.141924      0.13973    0.0233342 -0.000867086
  -0.0470209   0.00312965    0.0758192     0.117266
   0.0698212    0.0711608     0.109367     0.160601
   0.0117778   -0.0715124   -0.0401885    0.0117872
  -0.0960748     0.134312     0.219542    0.0390055
  -0.0868133   -0.0656723    0.0694138     0.222042
    0.188321    0.0217356   -0.0760332     -0.13679
   0.0583648   -0.0571454    0.0669744    0.0819244
   -0.175309     0.052006    0.0780522     0.200125
   0.0484244     0.067911   -0.0618487     0.190958
   -0.106889   -0.0333114    0.0614206   -0.0689943
   -0.235978   0.00332047   -0.0472781    0.0905421
   0.0891453    -0.104856   -0.0920676    -0.139897
   0.0410637    0.0474388  -0.00504915     0.028179
     0.10016  0.000903478   -0.0296687   -0.0866283
-0.000836665  -0.00460675   -0.0197218    0.0672081
  -0.0184746    0.0559237 -0.000898995   -0.0047099
  -0.0506822    0.0129444     0.109573    0.0734612
   -0.078444  0.000420756    -0.011868     0.194757
  -0.0217278    0.0266876   -0.0998555    0.0461813
   0.0739849   -0.0403088    0.0370124    0.0755167
    0.004583     0.149558     0.114153    0.0650154
   -0.224194    0.0488991   -0.0712154    0.0627094
   0.0552987    0.0664801    0.0158585   -0.0403073
   -0.221326     0.191309     0.130635     0.148158
   -0.184865      0.09049     0.110804   -0.0097207
   0.0335053      0.11004    -0.025913      0.10725
    0.092192    0.0301357    0.0495569   -0.0536359
    0.013911    0.0161612     0.045413    0.0709147
   -0.160798    0.0102503   -0.0855848   0.00387653
   -0.166202     0.150575     0.115986     0.173066
    0.118446    0.0455048   0.00694424   -0.0923012
  -0.0197095    0.0859003   -0.0231305   -0.0336896
  -0.0785051     0.162283    0.0194695     0.108404
   -0.451196     0.122414     0.189088     0.201518
   0.0517103   -0.0340776   -0.0105073     -0.10036
 -0.00123296     0.145123    0.0836971     0.109362
  -0.0737401     0.138391     0.109611   -0.0196054
   -0.122984    0.0843342     0.137075     0.119153
   0.0063883    0.0502717    0.0969317   -0.0228659
   -0.063211  -0.00956182    0.0267973    0.0493583
   -0.356507    -0.136118    0.0494368     0.342167
  -0.0813564    0.0871682    0.0359126    -0.107147
    0.074275  -0.00110486   -0.0438475     0.082858
    -0.12718      0.25584     0.065715    0.0556655
  -0.0450667  -0.00529451    0.0925129   -0.0634684
   0.0206925   0.00380435    0.0473158    0.0903184
    0.142056    -0.107736    -0.161116    -0.140013
  -0.0209267    -0.033389   -0.0243069    0.0735657
    -0.12517     0.128957    0.0126481    0.0259309
   0.0449429    0.0799563    0.0693998    0.0877577
   -0.242802   -0.0244282    0.0483898     0.223004
   -0.099395     0.131409   -0.0189995     0.154158
   0.0986193   -0.0903699   -0.0315459    -0.126199
    0.147811    0.0345227   -0.0031934   -0.0685621
   -0.018545   -0.0741777   -0.0797515     0.129844
    0.281464   -0.0051078    0.0174512    -0.126815
   -0.114198    0.0665392     0.080374     0.151034
        0.12    0.0389414   -0.0853094   -0.0373266
   -0.094311   -0.0394558    0.0517337     0.142717
   0.0548959     0.117522     0.143898    -0.054892
   0.0553969   -0.0205358    -0.208094  -0.00672198
   0.0520089   -0.0122281     0.036395    -0.100162
   0.0373391   -0.0854868   -0.0119266   -0.0741937
  -0.0481698    -0.020396   -0.0941566   -0.0136973
  -0.0742806   -0.0194987  -0.00435242     0.184963
   0.0139069    0.0778708   -0.0300314    0.0521503
  -0.0414082    -0.105811   -0.0407158     0.166244
     -0.1127    0.0309963    -0.073073   0.00356697
   -0.123312  -0.00274175    0.0791349    0.0978761
   -0.111592    0.0141807    0.0264257     0.246392
  -0.0788311    0.0283211    0.0490484    0.0176932
   0.0623818    0.0874299   -0.0577289    0.0648505
   0.0405985   -0.0501378   -0.0403166   -0.0898218
   -0.176258    -0.129981   -0.0998936   -0.0129095
   -0.134048     0.106755   0.00230398    0.0420307
  0.00638051   0.00087525    0.0234417     0.113592
   0.0406824   -0.0240131   -0.0856558   -0.0986265
   0.0311194    0.0147726    0.0140662     0.163424
    0.073292    0.0131807    0.0134156     0.076392
   -0.242994    0.0941045    0.0487804      0.09127
  -0.0466742    0.0256783    0.0875618    0.0560221
  -0.0872916   -0.0625722   -0.0461255   -0.0547216
  -0.0319811   -0.0848422    0.0385981    -0.119421
   -0.138459    0.0541309    -0.100065    0.0202507
  -0.0804312   -0.0244603   0.00614648     -0.08992
  -0.0715868     0.129402   -0.0319644    0.0171554
   0.0887146     0.125338   -0.0201784       0.1114
  0.00423163    0.0775058     0.015685    0.0386251
   -0.132195    0.0772808     0.111472   -0.0767411
   0.0322024    -0.100305   -0.0700138     0.117823
   0.0410519    0.0751802    0.0310692      0.20978
  -0.0135659     0.191138   -0.0149914    0.0679854
   0.0248172  0.000811122     0.120134    0.0328971
   -0.026555      0.10042   -0.0411479   -0.0297982
   0.0711342   -0.0271066    -0.135767    0.0347476
   -0.264935    0.0377762    0.0740184     0.290913
   -0.125257   -0.0100699   -0.0260371     0.348322
   -0.105779   -0.0492641   -0.0784451   -0.0224198
   -0.296395    -0.037746     0.147882    0.0310736
  -0.0576978   -0.0276508    0.0493716    0.0269198
  -0.0451204   -0.0582797   -0.0647999    -0.138579
  -0.0944525   0.00328297   -0.0759625     0.311611
   -0.134029    0.0728612     0.115923    -0.157182
   0.0720334    -0.022038     -0.11926   -0.0900937
   0.0597012    0.0972644    0.0887053    0.0282498
  -0.0583508      0.10346   0.00224364     0.150737
   0.0637441   -0.0330756   -0.0299644    -0.111791
 -0.00053249   -0.0700141    0.0276152     0.109707
  -0.0315044     0.133483     0.133044    0.0288556
   0.0251736    0.0283347    0.0822679   -0.0341432
  -0.0441928   -0.0149306    -0.105858   -0.0217374
    0.184125    0.0753184   -0.0652146    -0.119311
   0.0633577   0.00998445   -0.0440799   0.00797295
    0.100067    -0.017404    -0.122585   -0.0295112
  -0.0176101   -0.0817636    0.0328979    -0.078501
    0.089665   0.00892484   -0.0876928   -0.0868303
   -0.259064    0.0890746     0.171685     0.120722
  -0.0536295    -0.097756    0.0958297    0.0837687
   -0.166202     0.187071     0.229287     0.200556
  -0.0266778   -0.0286913   -0.0952948    0.0747231
   0.0665899     0.018376    0.0233284    0.0368596
  -0.0684874    0.0507624   -0.0386169    -0.121388
  -0.0638006    0.0150264    0.0181192    0.0755015
   -0.114991     0.158626    0.0950278    0.0841298
 -0.00788335    0.0137847    -0.000851   -0.0248795
   -0.106887   0.00907127  -0.00511239   -0.0670804
   -0.199032   -0.0379025    0.0672133    0.0511416
   0.0527543     0.209938    0.0457211    0.0770532
  -0.0610526   -0.0254655    0.0714811    0.0908743
   -0.124085    0.0323218     0.146062     0.018949
    0.120935     0.052307    0.0689204   -0.0323707
  -0.0484197    0.0492019    0.0442908  -0.00330371
     -0.1217   -0.0584928   -0.0836802    0.0585598
    0.142658    0.0205533   -0.0628082     0.107867
   -0.119725    0.0905142    0.0799413     0.130779
   0.0528277    0.0526095    0.0621015   -0.0691685
    0.149585    0.0249417   -0.0228022  -0.00860859
   -0.180433    0.0903973     0.136545     0.273946
    0.114639   0.00854063    0.0724662    0.0732479
   0.0152324    0.0748121    0.0564293  0.000920133
   -0.109318     0.010585   0.00137896    0.0208996
    0.152238   -0.0199974   -0.0896053    -0.134716
  -0.0998255     0.065249    0.0528025  -0.00983443
    0.131745   -0.0383836    -0.118246  -0.00624557
   0.0520398    0.0510634     0.112896     0.063084
   -0.130927   -0.0311199   -0.0732625   -0.0634735
    0.060521    0.0994004   -0.0379235    0.0580666
  -0.0747434   -0.0474539     0.105078   -0.0285124
  -0.0193668     0.109681    0.0055611     -0.14694
   -0.370276    0.0785176      0.19881     0.283964
  -0.0349743     0.136877    0.0240105   -0.0198902
   0.0674358    0.0658291   -0.0652806    0.0188798
   -0.234626     0.227061     0.208285     0.217456
    0.164555   -0.0829728    -0.138725    -0.152732
    0.114261   -0.0754357    0.0206302    -0.091741
   0.0249029     0.057095   -0.0385346   -0.0335777
    0.215369   -0.0220993    -0.167133    -0.137776
   -0.125818    0.0150699   -0.0245389  -0.00957419
  0.00712462    0.0590564    0.0997398    0.0699211
   0.0304079    0.0512065    -0.137744    0.0664318
  -0.0218552   -0.0622349   -0.0551526   -0.0150131
 -0.00438219    0.0825058    -0.033134   -0.0684813
   -0.323503  -0.00820792    0.0685702    0.0792034
   0.0226839    0.0474156    0.0339751      0.10313
   0.0251432    0.0481195   -0.0593386    -0.069849
    0.205194    0.0396299     0.101446    -0.100118
   -0.027096    0.0521319   -0.0952629   -0.0923556
   -0.044677    0.0623629   -0.0409428   -0.0257535
 -0.00524329     0.132243   -0.0215605   -0.0822103
    0.133232    0.0300095   -0.0412504   -0.0010094
   -0.174644    0.0166342     0.102503   -0.0844721
  -0.0796338    0.0650456    0.0147266    -0.103318
   0.0945414   -0.0705627    0.0270129    0.0106012
   0.0141933   -0.0545945    -0.044123   -0.0213668
   -0.156359   -0.0141443   -0.0186802    0.0553572
    -0.13304   -0.0790687   -0.0793155    0.0486755
  0.00119116   -0.0498686   -0.0997917     0.153916
    0.148422    0.0252661   -0.0610886    -0.023048
   -0.224466     0.174162     0.164673    0.0614469
  -0.0957339    0.0846975     0.109402  -0.00969755
    0.116958     0.100594     -0.06815    0.0350529
  -0.0698255  -0.00923658   -0.0682644     0.122064
   0.0624463    0.0621316     0.103397    0.0933355
   0.0738676    0.0311725   -0.0997518    -0.022362
   -0.151195    0.0792804     0.171943     0.120761
   -0.180585 -0.000585051    0.0567112     0.142336
   -0.133947    -0.098391    -0.049701     0.199575
    0.136457    -0.065038   -0.0370377    -0.010323
    0.142353   -0.0465263    0.0165125    0.0825821
   -0.279776   -0.0656941     0.128213     0.325424
    0.055019   -0.0392544    -0.072177   -0.0855664
   -0.093843     0.181695     0.120399    0.0992927
    0.132772    0.0203915    0.0783448   -0.0645678
  0.00525203     0.073667    0.0473078   -0.0593456
   -0.220212   -0.0920277     0.113309    0.0666227
   0.0661301    0.0481034   -0.0618188   -0.0849048
   -0.124627   -0.0157845    0.0673233    -0.073766
   -0.175945  -0.00130814    0.0358163   -0.0733058
  -0.0513366    0.0450372   -0.0772867   -0.0155657
  -0.0967577   -0.0792086   -0.0291933    0.0759966
   -0.341266      0.20611     0.193527     0.308033
   0.0342956    -0.203671   -0.0952827      0.11586
   -0.253783     0.169535     0.220513     0.197916
  0.00898636     0.121232     0.137114     0.277465
   -0.246596   -0.0100135    0.0545551     0.202189
  -0.0798048     0.130593     0.176925    0.0435282
  -0.0740075    0.0107821    0.0064372  -0.00322311
  -0.0277813   -0.0849613     -0.11441   -0.0262959
   -0.044725  -0.00714726   -0.0208133   -0.0137399
   0.0108633    -0.105253   -0.0996009  -0.00527932
    0.179389   -0.0937138    -0.119529    -0.132197
    0.120197    -0.014536  -0.00921368   -0.0294319
  -0.0336749    0.0277552     0.116101    0.0481072
   0.0337405   -0.0757191   -0.0673204     0.156584
   -0.059168  -0.00709148     0.066635    -0.052174
    0.106314  -0.00718828  -0.00688942    -0.128304
   0.0467477   -0.0709527   -0.0298134     0.059738
  -0.0719449    0.0388714     0.027969    -0.138831
  -0.0197152    0.0412932    -0.038367  -0.00714745
  -0.0600341     0.185557   0.00695252    0.0686407
   -0.224136    0.0452634     0.103933     0.020875
   0.0963476   -0.0803813   -0.0457588    -0.113908
 -0.00624726   -0.0629757    -0.103489    0.0331842
  -0.0132684     0.110082   -0.0135334   -0.0601948
    0.116469   -0.0604167   -0.0414552    0.0437357
   -0.058978   0.00983755    0.0390355    0.0468091
   -0.112716      0.16775     0.179557     0.220174
   0.0700335    -0.108285    -0.187387    0.0446676
   0.0110231   -0.0828773   -0.0695279   0.00976987
   -0.215578     0.151639     0.189767     0.243408
   0.0183525   -0.0176975     0.115182     0.161742
   -0.286129   -0.0107032    -0.050973    0.0597306
 -0.00262197    0.0392346    0.0796308   -0.0244181
 -0.00444716     0.111682   -0.0880141    0.0639251
   0.0232134     0.141362    0.0878298     0.032035
   -0.307426     0.161056    0.0489396     0.114368
   -0.230948    0.0917101     0.180576     0.151246
   0.0464438    0.0572405    0.0166779   -0.0731302
   -0.100751     0.166178   -0.0409076    0.0674907
   0.0154419   -0.0788285    0.0385273    0.0106912
   0.0883684    0.0811252   -0.0663759   -0.0399128
  -0.0164947     0.118694     0.146013   -0.0102094
   -0.122232     0.031886   -0.0127694   -0.0341247
   0.0381007     -0.03106   -0.0462863    0.0195536
    0.133687    0.0476972    -0.100123     0.106812
    0.274174   0.00192851     0.103935     -0.16066
  -0.0128867    0.0397529   -0.0277514   -0.0561929
   0.0274355    0.0631122    0.0950996   -0.0353075
  -0.0707726   -0.0108543     0.118255     0.142778
   0.0510795    0.0317416    0.0908089   -0.0547044
   0.0452354    0.0350578   -0.0370369   -0.0646123
   -0.135666   -0.0740691     0.108422    0.0480876
   0.0834533     0.133439     0.136351   -0.0425524
   -0.208119     0.144589     0.248276     0.113253
   0.0143714    0.0397929  -0.00471623   -0.0572992
   -0.171718   -0.0480091   -0.0579932    -0.140868
    -0.11038   -0.0148649    0.0405556   -0.0961351
   0.0579288   0.00256832   -0.0117679     0.121268
 -0.00557728      -0.1031   -0.0435477     0.119029
   -0.184194   -0.0556066    -0.092788     0.298982
  -0.0703715    0.0669318     0.217809     0.155004
   -0.162939   -0.0394443   -0.0307954   -0.0658132
  -0.0327755    0.0703563    0.0663438     0.161574
   -0.149831    0.0716251    0.0550549     0.209163
   0.0269067    -0.126042   -0.0179526    0.0599439
    0.125108    0.0183263     0.131879     0.018328
   -0.101802   -0.0280407     0.084085    0.0444384
    0.118171   -0.0168415   -0.0396379    -0.141424
   -0.152788    -0.125988    0.0430316    0.0863394
  -0.0543154     0.178031     0.103617    0.0923703
     0.10714    0.0620284    -0.108369    0.0645973
  -0.0946915    0.0340167    -0.108173  -0.00528454
  -0.0199432    0.0633618      0.10721    0.0986983
  -0.0251986    0.0381618      0.18836  -0.00183828
    0.116677    0.0242809     0.063427    -0.175349
  -0.0974334   0.00200018    0.0334723    0.0152445
   0.0416514    -0.154874   -0.0808022     0.247753
  -0.0598136     0.129228    0.0142901   -0.0261124
  -0.0165775    0.0330634   -0.0352979    0.0270932
  -0.0542946    0.0366567     0.131567      0.04339
   0.0283304  -0.00208204    0.0272123    0.0407798
   0.0414377     -0.05423  -0.00850829    0.0111406
   0.0529806    -0.107947    -0.111886   -0.0660242
  -0.0792626    0.0639598     0.125269     0.167377
   0.0308617     0.107428    0.0263793    -0.135838
  -0.0864076  -0.00618263   -0.0102205    0.0543495
   0.0164714   -0.0712738    -0.201859    -0.169113
   0.0209089    0.0302111     0.100247   -0.0201915
  -0.0299776     0.077918    0.0794103    0.0978912
    0.112576    0.0276771    -0.103974     0.132807
   0.0261444  0.000414987    -0.148053   -0.0104664
   -0.226535   -0.0581786     0.109049      0.25322
  -0.0263781    0.0695785   -0.0334878     0.106896
  -0.0979521    0.0429062    0.0779544     0.120007
  -0.0753062     0.116012   -0.0519344   -0.0345855
  -0.0839515    0.0117362    0.0342239    0.0627415
   0.0425733   -0.0648022   -0.0737782   -0.0592525
  -0.0891263    0.0606908     0.168127     0.191286
   -0.134943      0.10655    0.0828078     0.115074
  -0.0602059   -0.0755604   0.00993733     0.111535
   -0.395009   -0.0287117   -0.0639449     0.165208
   0.0596284   -0.0780883   0.00542717     0.132334
  -0.0676718    -0.011577    -0.022284    0.0644158
 -0.00988973     0.121349    0.0998697    0.0836746
  -0.0639852   -0.0664805    -0.103042   -0.0183736
   -0.133171    -0.163265    -0.038744     0.135959
  0.00303053    0.0741554    0.0911795     0.105739
   0.0107614  -0.00469048    0.0205358    -0.173745
   0.0628369   -0.0807534   -0.0480851    0.0664375
  -0.0234374    0.0200584    0.0743087     0.066251
   0.0108323    0.0754136    0.0030594     0.115576
    0.261747    0.0224235   -0.0672769    -0.158488
  -0.0986764   0.00940559   -0.0784263   -0.0205028
   -0.137617   0.00424614     0.199878   0.00301079
  -0.0382662    0.0386543    0.0707331     0.104915
  -0.0330598   -0.0403577   -0.0178486   -0.0143816
   -0.161949   -0.0454933     0.113984    -0.024978
  -0.0643692   -0.0359871    0.0111645  -0.00153542
   0.0104884    -0.133161    -0.101428   -0.0303392
   0.0162642   0.00647099    0.0460391     0.131659
  0.00828404     0.107498    0.0197146   -0.0680913
   -0.248036   0.00957169     0.215541     0.099848
  0.00835703   -0.0435342     0.103353    0.0950038
  -0.0196653    0.0420192     0.045345    0.0234293
   -0.062152    0.0157309     0.166438    0.0312031
   -0.181705    -0.079522   -0.0363132    -0.106862
   0.0642418    0.0945481    0.0779782    0.0012846
   -0.156548    0.0609612     0.139341  -0.00611248
   -0.161282   -0.0269821   -0.0606096    0.0853153
   -0.125996   -0.0358379   -0.0618208   -0.0659772
  -0.0134335    0.0584512   -0.0193432    -0.162753
  -0.0997073      0.10701    0.0840385     0.110832
  -0.0937365    0.0450991     0.103012      0.14538
   -0.132002   -0.0248508   -0.0683711   -0.0664053
  -0.0912926   -0.0401129   0.00164893    0.0132228
   -0.108841     0.157306    0.0906709    -0.025965
  0.00337126    0.0236513    -0.049312     0.103919
  -0.0240212   -0.0114589    0.0644145    0.0133883
    0.117943   -0.0290749    -0.127659   -0.0405288
   -0.032083    0.0598476   0.00391164    -0.077955
    0.017993    0.0508555     0.019007    -0.114583
   -0.315347     0.038161     0.307958     0.160424
  0.00803826    0.0347084     0.140334   -0.0324125
   -0.149205    0.0414325    0.0245162     0.128692
   0.0714554   -0.0313058     0.155121     0.089064
   -0.147055    0.0906844    0.0410015    0.0956753
   0.0767535    0.0675953   0.00131419    -0.077679
  -0.0228771     0.209881    0.0607089    0.0774042
   0.0176656    0.0557534   -0.0228111    0.0635534
   0.0489105     0.229797   -0.0105192    0.0325647
   -0.135539     0.166665     0.202882     0.127463
  -0.0597285       0.0581   -0.0363457     0.134765
    0.266771   -0.0845673   -0.0892578    -0.216649
   -0.176923     0.101806    0.0626362     0.187896
   -0.176217   -0.0192358     0.115111   -0.0651252
  -0.0148038  -0.00968554   -0.0787164  -0.00888696
   -0.132489    0.0103534   -0.0235386    0.0119888