   0.0513479     0.101302   -0.0750935   0.00050398
 0.000849277   -0.0897218    -0.103893   -0.0103717
   0.0724222    -0.150889    -0.101622    0.0240418
  -0.0606641    -0.254795   -0.0395633     -0.24945
  -0.0665233     -0.23686   -0.0304951    -0.174554
  -0.0143829  -0.00593136    -0.073115 -0.000911084
 0.000120811   -0.0864145  -0.00479715   0.00818834
  -0.0641211  -0.00794478   -0.0480094   -0.0504657
   0.0100099   -0.0207379    0.0510364   -0.0893717
   -0.187317     0.208969   -0.0211235     -0.11659
  -0.0840386   -0.0460033    -0.100706    -0.146009
   -0.107698   -0.0610764   -0.0129527    -0.187033
  -0.0176656    0.0544087    -0.026599    0.0376553
   0.0422514    -0.278446    -0.039975     -0.17909
   0.0356476   -0.0919497   -0.0964965    0.0212241
   -0.154709    -0.202142   0.00797498    -0.289654
   -0.016459  -0.00700345   0.00722389    -0.113137
   -0.109637     0.163774   -0.0248591    0.0957042
    0.126591   -0.0505619   -0.0926172   -0.0342068
   0.0608712   -0.0914245    -0.070062    0.0123539
     0.26834    -0.335585    -0.123704   -0.0619255
  -0.0648823    0.0990864    0.0582879     0.083971
     0.14406    -0.372946    -0.151611    -0.283064
  0.00957633   -0.0476373   0.00757521    -0.052569
    -0.19405    0.0820877    -0.029188    -0.285911
 -0.00546883    -0.175198    0.0421607   -0.0819387
  -0.0111226     0.041101    0.0222114    0.0178227
  -0.0791505   -0.0242577   -0.0189669    0.0340025
    0.330492    -0.334957    -0.173382   -0.0254843
  -0.0746599    0.0465773   -0.0267604    -0.131755
  -0.0758564     -0.23378    -0.102806    -0.322199
   -0.228685    0.0622793   -0.0345641     -0.27361
   -0.100133     0.110196     -0.03708   -0.0920398
  -0.0593527   -0.0662924   -0.0305934    -0.132114
   0.0679439     0.129578   -0.0761262     0.018799
  -0.0239433   -0.0755181     -0.12074    -0.119826
   -0.159779   -0.0201794  -0.00287742    -0.146841
    0.121859    -0.684255    -0.142494    -0.485891
  -0.0962297    -0.104185   -0.0270822    -0.225206
   0.0731225    -0.379578    -0.060736    -0.239964
   0.0241067    0.0434278   -0.0846778  -0.00182123
   0.0452784    -0.145301   -0.0224404   -0.0879318
   0.0929633   -0.0634724   -0.0827448   -0.0337513
   -0.124549    -0.009384    0.0656671   -0.0943941
    0.179862    -0.150153    -0.078769    0.0155526
   0.0612232    -0.318697    -0.136715    -0.149125
 -0.00262293    -0.131607   -0.0211128    -0.146733
   0.0329164    -0.233825    -0.133741    -0.103584
    0.157473    -0.143383    0.0238621   -0.0127742
   0.0596016     0.127001   -0.0926161     0.100244
   0.0910006   -0.0947406   -0.0155036   -0.0119349
   0.0263701   -0.0532078     0.100715   -0.0051834
   0.0590304    -0.127851    0.0163271    -0.120459
   0.0258933   -0.0966872    -0.115196    0.0253406
    0.140014    -0.164891   -0.0227112    0.0261677
    0.104039    -0.158177   -0.0651215   -0.0256128
    0.176859    -0.405549    -0.154799   -0.0927183
    0.132056    -0.120387   -0.0897766   -0.0293943
    0.159371   -0.0291371   -0.0699679    0.0633536
 -0.00411809    -0.190295    -0.118499    -0.145129
   0.0467786    -0.206798   -0.0375742   -0.0356574
   0.0119154    -0.168173    0.0599975  -0.00554343
  -0.0613005      0.14792    0.0255615   -0.0469035
   0.0881099     -0.20729   -0.0957825    -0.185391
   0.0446821    -0.013163   0.00547245    0.0211775
    0.158042   -0.0929253  -0.00405302    0.0200329
  -0.0929352   -0.0189731   -0.0658517    -0.206237
  -0.0466776   -0.0106343   -0.0294979  8.68808e-05
   0.0609744   -0.0889489   -0.0238051     0.122329
  -0.0237273     0.471453    0.0822228     0.300496
   0.0812722   -0.0403673    -0.110208  -0.00692915
   0.0399382    -0.330431    -0.010771    -0.183268
 -0.00170739  -0.00955187  -0.00211572    -0.169297
   0.0680408    -0.149415   -0.0880455   -0.0433446
   0.0308358    -0.117492   -0.0817498    -0.168177
  -0.0530116   -0.0881159   -0.0120749   -0.0863707
    0.145054    -0.114889    -0.042421    0.0603999
   -0.108547     0.282761    -0.013845    0.0843491
   0.0136698    -0.148385   -0.0902558    -0.113453
   0.0329139     0.133718  -0.00849528     0.107377
   0.0234357   -0.0824508    -0.102493   -0.0274313
   -0.115685     0.204549    0.0641884  -0.00895088
  -0.0663709  -0.00796452  -0.00440017   -0.0577016
  -0.0170714    0.0236676   -0.0235177    -0.110237
  -0.0530593     0.167224   -0.0128968    0.0298364
    0.119143    -0.106542    -0.110424     0.019864
    0.123696    -0.370989   -0.0460928   -0.0953297
  -0.0292815    -0.269479   -0.0702424    -0.309281
  -0.0339946   0.00668527   -0.0737877   -0.0502725
   0.0912636    -0.128922   -0.0341686   -0.0269721
   0.0316958     -0.21756   -0.0502065    -0.212009
  -0.0539807    0.0415292    -0.135205    -0.148745
   0.0234823    0.0814219   -0.0449856   -0.0402421
   0.0850206    -0.157429    -0.146533   -0.0553287
   0.0172132    -0.153038   -0.0890687    -0.162241
   0.0903737    -0.145042   -0.0646609   -0.0985641
  0.00245573   -0.0302332     0.009658   -0.0825764
    0.155603    -0.192456   -0.0388667   -0.0729454
    0.234929    -0.107899   -0.0852454     0.253214
     0.16336    -0.341895   -0.0137697    -0.264367
  -0.0929096      0.24547   -0.0197086    0.0431167
  -0.0798905    0.0873672    0.0495138   -0.0308579
  -0.0498814    -0.076378   -0.0510686     -0.13323
   -0.100012    0.0767339   -0.0427975   -0.0372084
   0.0964999    0.0593926   -0.0971899    0.0657964
  0.00520908    0.0209033  -0.00801649   -0.0427407
   0.0895419   0.00193604   -0.0428254    0.0830165
    0.132115    -0.290746   -0.0736301    -0.140564
  -0.0401902     -0.11182    0.0389119    -0.122138
   0.0512285   -0.0221563    -0.052448    0.0214611
   0.0862938    -0.222275   -0.0284691   0.00372605
   0.0738718    0.0637569   -0.0984259    0.0918115
     0.10161    -0.267871    -0.167775    -0.242321
  -0.0938051    0.0232564   -0.0241926    0.0187702
   -0.109457   -0.0164674   -0.0336335   -0.0796325
   0.0428295   -0.0566179   -0.0898112   -0.0553178
   0.0945396    -0.200928   -0.0449534   -0.0636146
   0.0853676    -0.135796    -0.160928   -0.0857239
  -0.0472371   -0.0664953    0.0592477   -0.0831768
   0.0144973    0.0470081    0.0266441    0.0913474
   0.0192968    -0.121885    -0.142286    -0.101139
    0.159818    -0.413028   -0.0952105    -0.219488
  -0.0826646    0.0292136    0.0317071   -0.0451132
  -0.0525323    -0.365919    -0.110078    -0.303075
    0.098756   -0.0697298   -0.0746253  -0.00617198
   0.0895868   -0.0279496    0.0396928   -0.0245355
  -0.0175319    0.0396299  -0.00307046   -0.0156265
   -0.211307    0.0298475   -0.0246643     -0.08025
   0.0374641   -0.0258523   -0.0605174   -0.0422025
   -0.148041    0.0446806   -0.0337488   -0.0516778
   0.0735275     0.037918    -0.110895    0.0779297
   0.0169515    0.0339172   -0.0344198    0.0289953
   -0.194975   -0.0397858   -0.0527633    -0.240234
     0.05476    -0.385083   -0.0427077    -0.240036
   0.0985194    0.0200745   -0.0580635    0.0873241
  -0.0283391    -0.177447   -0.0566041    -0.208459
   0.0886721    -0.139226   -0.0459167    0.0348664
   -0.111744   -0.0465478   -0.0180096    -0.235262
  -0.0303595  -0.00720378 -0.000973066   -0.0295035
   0.0109245     0.152549   -0.0940562    0.0230839
   -0.236053     0.549853    0.0543307     0.220983
   0.0269682    -0.177176   -0.0620372    -0.104374
   -0.115775    0.0983017   -0.0603953   -0.0904361
   -0.102949     0.081051  -0.00870608    0.0386998
   -0.172861    0.0376238    0.0437206    -0.214957
    0.238639   -0.0326955    -0.114833     0.247024
  0.00790974    0.0498086     0.115479    0.0322067
  -0.0677488   -0.0236036    -0.066159   -0.0913395
   -0.104839     0.143536   0.00381642   0.00531806
    0.040919     0.118313   -0.0183734   -0.0214588
    0.341402     -0.48096    -0.144014   -0.0985819
   -0.131967    -0.131482   -0.0175079     -0.20665
     0.18612    -0.463034    -0.152119    -0.104824
   -0.117593     0.300682    0.0495647     0.171716
   0.0381697   -0.0821121    -0.135655   -0.0856024
    0.157517    -0.232288    -0.097786   -0.0327191
  0.00177209    -0.191999   -0.0134868    -0.129369
   -0.040625    -0.100015  -0.00273026    -0.141525
 -0.00595626   -0.0563119    0.0169357    -0.111214
   0.0789606     -0.18034    -0.139149    -0.162152
  -0.0256021    0.0267349   -0.0174943   -0.0159781
  -0.0613673     0.232229     0.100889     0.124836
    0.066876    -0.159288    -0.128074    -0.201946
    0.150088    -0.130266  -0.00568366     0.104157
  -0.0507025   -0.0670094   -0.0750412   -0.0893572
   0.0966362    -0.155633    -0.149173    -0.156247
   0.0908749    0.0446756   -0.0919322    0.0456938
     0.10349   -0.0837602   -0.0617556    0.0580562
   -0.101954    0.0479707   -0.0551542    -0.132195
  -0.0855761   -0.0899478    0.0214985    -0.168739
   0.0777766   -0.0201417   -0.0227051     0.098866
  -0.0580518    -0.230275    -0.110451    -0.291811
   0.0195275    0.0140802   -0.0731748  -0.00804355
  -0.0602829    0.0142975   -0.0552744    -0.206468
   0.0694319    -0.126103   -0.0617302   -0.0891774
   0.0586397    -0.101778     -0.11674   -0.0556675
   0.0948541    -0.145421     -0.16247    -0.031935
   0.0746859    -0.142161  -0.00811117   -0.0555108
   0.0301444   -0.0560809     -0.12904  0.000351199
    0.125258   -0.0424362  -0.00413739     0.037339
  -0.0837461  -0.00830382    0.0162856   -0.0976967
    0.178458   -0.0533565    -0.107441    0.0138312
  -0.0762916   -0.0265942   -0.0145041    -0.060011
 0.000434993   -0.0462045   -0.0639784   -0.0706216
   0.0598361    -0.390087     -0.12673    -0.321421
   0.0157015    -0.112178    -0.094834    -0.102184
   0.0410183    -0.208971    -0.023339    -0.226594
    0.146848    -0.156947    -0.115039   -0.0727948
   0.0311037   -0.0964623    -0.103093   -0.0258806
   0.0714548    0.0365341    -0.039561    0.0847064
   0.0257279    0.0925638    0.0175367    0.0900267
   0.0573559   -0.0876219    -0.124453    0.0151073
 -0.00544867    -0.239329   -0.0204616    -0.174543
    0.121738    -0.154933   -0.0324683    -0.022931
    0.190166    -0.353205    -0.126331  -0.00711334
   0.0883037     0.130106    0.0156214    0.0903545
  -0.0288413    -0.185627    0.0217205   -0.0733562
  -0.0221374    -0.156152   -0.0693274   -0.0791094
   0.0152471     -0.09496   -0.0314798   -0.0355937
  -0.0900511       0.1424    0.0117313    -0.120165
  -0.0935147     0.171299  -0.00549901   -0.0137448
   0.0612607    -0.010404    -0.100828    -0.103303
 0.000964091    -0.169624   -0.0476979    -0.170541
    0.124434   -0.0737647   -0.0470742   -0.0171192
  -0.0843626      -0.1003    -0.107382    -0.188152
   0.0174147  -0.00704711     -0.03737    0.0042303
    0.158237    -0.114344   0.00828643     0.182195
   0.0617637    -0.208309   -0.0252351    -0.123442
   0.0552036   -0.0882135  -0.00492396   -0.0831572
   0.0282772   -0.0917151    -0.164495   -0.0641017
   0.0280063 -8.63788e-05    -0.121229   -0.0516419
   0.0979369    -0.294484    -0.112667    -0.239607
   0.0598704   -0.0358032    -0.128471   -0.0515181
   -0.089169    0.0359435   -0.0319004    -0.190791
  0.00822657   -0.0567791   -0.0748685   -0.0631157
 0.000249146     0.086595     0.014213   -0.0525744
   0.0117891    -0.248331   -0.0768041    -0.173146
   0.0205176    -0.213868    -0.169031    -0.209238
  -0.0872066  0.000188295   -0.0293016    -0.110125
   0.0140795   -0.0836705    0.0363455   -0.0836078
   0.0124066    0.0329111    0.0165861   -0.0390965
   0.0394654    -0.235993   -0.0508435     -0.07099
  0.00625475   -0.0291314   -0.0551853    -0.127647
  -0.0832339   -0.0929438   0.00800541   -0.0384225
    0.132329    -0.317701   -0.0770208    -0.211928
    0.240171    -0.291657   -0.0976132    0.0154274
   0.0445846   -0.0911145   -0.0418131    0.0488679
   0.0430187   -0.0220057   -0.0802619    0.0372265
  -0.0242587    0.0810702   0.00148275    0.0881682
    0.140186   -0.0945086    -0.153947   -0.0146748
    -0.24382    0.0457007    0.0380609    -0.188287
   0.0608298  -0.00966862   -0.0502758     0.038509
    0.142549     0.261986    -0.106102     0.369167
    0.171276   -0.0117824   -0.0990541      0.15048
   0.0847328  -0.00844286    -0.115353    0.0089228
   0.0397852    -0.241289   -0.0911898    -0.195519
    0.266423     -0.22095   -0.0992071    0.0848092
  -0.0642277    -0.203119   -0.0326822    -0.318729
 0.000737682 -0.000719494   -0.0102858   -0.0123425
   0.0506735     0.105059   -0.0902277  -0.00638757
  -0.0137801    -0.208797   -0.0235632    -0.212094
  -0.0935467    -0.109516    0.0216158    -0.065927
   0.0386572    -0.074559   -0.0523828    0.0455387
  0.00306625   -0.0976102    0.0220928    -0.178224
    0.203433    -0.137668   -0.0770692   -0.0453154
   0.0170134    0.0170718   0.00859152    0.0346221
   -0.124206    0.0633752    0.0327173   -0.0922437
   0.0394464      -0.0446   -0.0433407    0.0482342
     0.16536   -0.0482329    -0.112423     0.154441
  -0.0517951    -0.112773   -0.0739013    -0.126668
  -0.0871215    -0.058034    0.0255502    -0.232887
   0.0764113    -0.451473    -0.128265    -0.300276
    0.159488    -0.309187   0.00426401    -0.107153
   -0.100272    -0.172395    -0.103615    -0.229684
    0.060133   -0.0163835   -0.0398086   -0.0301957
   -0.212691     0.219247   -0.0569293   -0.0194273
   0.0161478   -0.0521975   -0.0382612   -0.0800006
   -0.159806    -0.128175    -0.110518    -0.298303
    0.232327    0.0634415    -0.116315     0.221739
  -0.0185346   -0.0304713   -0.0424229   -0.0739133
   0.0563695    -0.332596    -0.126757    -0.295247
   -0.032026   -0.0139453 -0.000135652   -0.0973545
   0.0579868     -0.11468    -0.129397    -0.101749
  -0.0540574   -0.0873806    -0.090617   -0.0726793
   -0.141992    -0.038702   -0.0124197    -0.210457
    0.292502    -0.210022    -0.142608   -0.0180908
    0.104194    -0.265341   -0.0268697    -0.215835
 -0.00909539    -0.193495    -0.130614    -0.246246
   0.0596093  -0.00964838    0.0636059    0.0509677
   0.0116476    0.0880176   -0.0371583     0.105301
    0.205948  -0.00967435   -0.0615344      0.10606
   0.0380521    0.0587206   0.00497364    0.0474197
    0.058323   -0.0201964    -0.111468  -0.00373452
   0.0527758     0.125963   -0.0445284    0.0200702
   0.0413246    -0.106175   0.00102289   -0.0170231
   -0.209314     0.058016      0.04287    -0.148202
   0.0287471  -0.00645642   -0.0196322    0.0815059
    0.199301    0.0145815   -0.0735803      0.11864
   -0.682214     0.369919    0.0512616    -0.417755
    0.210107   -0.0505984   -0.0135261      0.14223
  -0.0376051   -0.0326383  -0.00569293    -0.112003
    0.130099    -0.256415    -0.069544    -0.130237
  -0.0149372    -0.121772    0.0195667   -0.0593078
  -0.0207039    -0.150124   -0.0405937   -0.0291412
  -0.0205429    -0.115754     0.036554    -0.168819
  -0.0353739    0.0152936   -0.0462008   -0.0726645
   0.0947035    -0.225861   -0.0573023    -0.104596
  0.00211809    -0.105525   -0.0103118    -0.090413
   -0.148881    0.0416168   -0.0270738   -0.0842284
   -0.220512   -0.0361887    -0.116791    -0.271577
   -0.170534     0.112289   -0.0671778   -0.0161972
   0.0659212     -0.14407   -0.0449779   -0.0798119
  -0.0303067     0.132041   0.00143892    0.0790688
    0.174046    -0.213049   -0.0818683   -0.0283847
  -0.0302899    -0.207752   -0.0183456    -0.152739
    0.119754    -0.183933   -0.0928805    -0.117997
    0.201043    0.0504501   -0.0506185     0.285547
  -0.0985175     0.122177    -0.012418    0.0247758
    0.049275   -0.0399145   -0.0426655    -0.140823
   0.0257289    0.0040222   -0.0595882     0.024755
   0.0615165    -0.122485   -0.0174741   -0.0589954
     0.10004   -0.0640173   -0.0434747    -0.067393
   -0.055484   -0.0161899   -0.0720563   -0.0944543
   -0.112496    0.0348085    0.0241605     -0.12736
   0.0819007    -0.210534   -0.0883203    -0.126037
   0.0755785    -0.179004    0.0587738    0.0376475
   0.0887325    -0.134268    -0.078667   0.00446641
   0.0805965     -0.05453   -0.0117445   -0.0310821
    0.032613    -0.306998   -0.0364712    -0.258854
  -0.0247441   -0.0175294    0.0485871    0.0318326
    0.141406     0.215424   -0.0778051      0.28803
  -0.0272528   0.00107013    -0.066824   -0.0498055
    -0.13962    0.0962992   -0.0523097   -0.0631265
   0.0382433     0.035863   0.00144153    0.0987742
    0.200576    -0.414313   -0.0336348   -0.0594615
   0.0441157    -0.148113    0.0410893   -0.0991501
    0.136348     0.123715   -0.0755164     0.271593
  -0.0033455    0.0712119    0.0264153    -0.056847
     0.15324      0.04174   -0.0772949     0.176367
   0.0487665    -0.173125   -0.0630416    0.0171586
    0.023101  -0.00631032   -0.0164737   -0.0020229
   0.0493242   -0.0659804   -0.0283125    0.0192327
   0.0433534     -0.11731   -0.0225756    -0.027255
   0.0187313    0.0431647   -0.0518527     0.126456
   -0.248643     0.197197    0.0739417   -0.0975298
    0.148504    -0.131284   -0.0931101    0.0136892
  -0.0210253  -0.00870691   -0.0825518   -0.0573388
   -0.240002    0.0592147   -0.0696694    -0.140123
   0.0601854   -0.0663127   -0.0185687   -0.0585782
   0.0599706   -0.0419917   -0.0286902    0.0207276
   0.0250863    0.0821633  -0.00290159     0.110008
    0.153612   -0.0357549   -0.0691876  -0.00379924
   -0.033627    -0.180718   -0.0676691    -0.130971
   0.0203069    -0.076858   -0.0163946   -0.0253778
-0.000138087    -0.176935   -0.0530017   -0.0834802
  -0.0174297    0.0400331    0.0688715  -0.00940074
    0.272909   -0.0705584    -0.042604     0.138036
   0.0693131    -0.190246   -0.0725387   -0.0738011
  -0.0331321    -0.110058    0.0223809     -0.10161
   -0.126975    -0.222023    -0.129839    -0.362915
    0.111944     -0.10002   -0.0390388   -0.0430098
    0.079621    -0.137181    -0.110981   -0.0861461
   0.0438666   -0.0883737   -0.0679094    -0.099535
  -0.0134775      0.21763    0.0607369     0.203796
   0.0426883   -0.0427051   0.00578437    0.0787937
    0.165321    -0.128887   -0.0540997  -0.00456689
   0.0111197    -0.158595   -0.0671462   -0.0442908
  -0.0977702     0.217904    0.0174438     0.150423
  -0.0128549     -0.26143     -0.10587    -0.218971
  -0.0470724   -0.0339316     -0.12336   -0.0550561
   -0.104472     0.116065  -0.00091067   -0.0283312
     0.12076    0.0505349   -0.0873401    0.0928704
   0.0394175   -0.0298953   -0.0811384   -0.0178187
   0.0204585     0.066101   -0.0573182  3.11516e-05
  -0.0161754   0.00513201   0.00939037   -0.0157963
     0.19531    -0.168691    -0.106901   -0.0538513
    0.139695    -0.120291   -0.0829033   -0.0803801
   0.0128502      -0.1503  -0.00553365   -0.0933817
  -0.0135962   -0.0518806   -0.0831567   -0.0473858
   0.0203447    -0.209902   -0.0482068      -0.1452
     0.18007    -0.198526    -0.050894    0.0380877
    0.196377  -0.00406541    0.0246419     0.163978
   0.0053663    0.0239679    0.0156092     0.133361
  -0.0506768    0.0239534    0.0230702   -0.0696432
  -0.0167804    -0.173893   -0.0502072     -0.12589
   0.0432341    -0.179973    -0.104167    -0.104698
  -0.0919374    -0.103245    -0.018206    -0.167175
   0.0781434   -0.0511468   -0.0478918   0.00549997
   0.0562703    -0.147802    -0.111079   -0.0792209
    0.129855    -0.357968    -0.131755    -0.273159
   -0.240812     0.202017    0.0119872    -0.100891
   0.0419802    0.0798433    0.0217252    0.0202513
   0.0158572   -0.0830014    0.0141826    -0.139792
  -0.0505556  -0.00254831   -0.0610847    0.0456135
 -0.00218066    -0.189336   -0.0411036   -0.0769064
  -0.0338306   -0.0521376  -0.00619446   -0.0585976
    0.122432   -0.0770464     -0.03144    0.0280963
  -0.0460828    0.0363695   0.00105476   -0.0147733
   0.0225318    -0.205157   -0.0261921   -0.0906598
  -0.0513985   -0.0760525    0.0246958    -0.191906
   0.0401077    -0.106044   -0.0313025     0.052316
  -0.0547087    0.0807357    0.0969511   -0.0464218
  -0.0314047   -0.0709803    0.0276722   -0.0563067
   0.0834971     0.102427    0.0440149     0.148676
  -0.0365422   0.00982748   -0.0839416   -0.0876395
  0.00274086    -0.171966   -0.0787958    -0.309436
  0.00461809   -0.0176548    -0.115871    0.0535249
   0.0216266   -0.0885938   -0.0333781   -0.0809083
  -0.0259736    -0.108138    -0.113607    -0.112877
  -0.0169807    0.0585881  -0.00762397    0.0724182
  -0.0984165     0.165035    0.0576094   0.00790778
  -0.0085171    -0.194303    -0.019787    -0.104793
  -0.0757377     0.159641  0.000202444   0.00912853
    0.100308      -0.1322    -0.107537    -0.174747
  -0.0965293    0.0847333    0.0196955    -0.100168
   0.0137703      0.26876   -0.0432238     0.212672
   -0.112619     0.183633   -0.0485393    0.0518669
    0.106635    -0.109654    -0.127675    -0.141087
  -0.0625175  -0.00650647  -0.00379842    0.0343152
  -0.0735476    0.0443788   -0.0902142   -0.0622311
    0.107185    -0.158464   -0.0713093   -0.0668497
    0.122267     -0.22508    -0.108153     -0.10253
    -0.14389    0.0536981    0.0589873    -0.158809
    0.170811    -0.053218    -0.099987     0.103248
   0.0228357    -0.291305    -0.113815    -0.146052
    -0.15177     0.097614   0.00613893   -0.0602083
  -0.0769473     0.033377   -0.0134049   -0.0494162
   0.0479272   -0.0886579  -0.00127013  -0.00834822
   0.0941646   0.00326327   -0.0966053    0.0625959
   0.0992898    0.0875003   -0.0110935     0.102809
  -0.0534533    0.0957036    0.0674705    0.0863649
-0.000402386    0.0713778    0.0547981    0.0297765
  -0.0277144     -0.15351    0.0185763    -0.304495
  -0.0755528     0.419316    0.0352458     0.340684
    -0.13697     0.019095    0.0345697    -0.165305
  -0.0176332    -0.205651   -0.0798165    -0.262193
   -0.194974     0.167188  -0.00313939    0.0154183
  -0.0285332     0.206199   -0.0301348    0.0209131
   -0.104019     0.019136    0.0178697   -0.0392583
   -0.107599   -0.0864888    0.0103751    -0.106671
 -0.00481535    0.0772829   -0.0733718     0.128224
  -0.0264004   0.00015128   -0.0138171   -0.0998599
  0.00501181     0.238285   -0.0243133     0.179495
    0.123734    0.0332666   -0.0371465    0.0492341
 -0.00217235   -0.0961648   -0.0367143   -0.0545242
   -0.103255    0.0790439  -0.00125387   -0.0025958
  -0.0242517    -0.208284    -0.106585    -0.255859
  -0.0807172     0.149094   -0.0210505    0.0594163
   0.0208343    -0.237327   0.00480677   -0.0995658
   0.0856638    -0.131376    -0.050188  -0.00995096
   -0.115112   -0.0127851   0.00710949   -0.0700372
  0.00167938    -0.054888   -0.0689691   -0.0452809
  -0.0554975    -0.119022  -0.00967381    -0.128535
  -0.0921251    0.0145074    0.0111996    -0.114823
    0.056705    -0.131148   -0.0510629    -0.122389
    0.134504    0.0312288   -0.0600892    0.0989089
  -0.0186818   0.00205067   -0.0348783   -0.0762748
 -0.00547511   -0.0814423    -0.057397    -0.143678
   0.0123063     0.045431    -0.107212   -0.0152299
    -0.13053    0.0161937   -0.0794892   -0.0650871
   0.0137478    -0.142089   -0.0375379    -0.118751
   0.0733786    -0.107147    0.0278963   -0.0585572
    0.107784    -0.135585    -0.107309   0.00760369
   0.0252027    -0.170179  -0.00486015   -0.0806067
   -0.116759     0.132961    0.0558327    -0.043903
 -0.00471918   -0.0716564   0.00177926   -0.0205024
  -0.0728077   -0.0397904  -0.00859846   -0.0642398
    0.141551    -0.182897    -0.145075    -0.097506
    -0.23344   0.00378105   -0.0125783    -0.144444
  -0.0636558    0.0778062   -0.0568404    -0.135774
   0.0181217    0.0198331     0.047375    0.0234225
    0.194513    -0.134823   -0.0645866     0.095482
   0.0821742    -0.206138   0.00491924    -0.129424
   0.0705988    -0.144788   -0.0896036   -0.0207206
   0.0825041   -0.0247673   0.00681092    0.0848219
    0.108685   -0.0480651    -0.119688    0.0473736
  0.00330896    -0.358313   -0.0247659    -0.250986
    0.249326    -0.159654   -0.0329778   0.00396053
    0.127744    -0.019046   -0.0175597     0.161203
   0.0724338    -0.132071   -0.0311621   -0.0997741
   0.0635749  -0.00983324   -0.0679142   -0.0203041
    0.106757    -0.031777    0.0115026    0.0998142
  -0.0579724     0.261867    0.0669982    0.0912776
   0.0438859     -0.31383    -0.136621    -0.265208
   0.0847485   -0.0670829   -0.0713946    0.0536518
   0.0308113     0.202271   -0.0334358     0.176886
  -0.0939244    0.0425582   -0.0576624   -0.0553266
   -0.202324     0.406264   -0.0339115    -0.027607
   0.0132364    0.0702053    0.0409468    0.0419212
    0.162639     -0.27542    -0.137833   -0.0478624
  -0.0226008   -0.0815193   -0.0337036   -0.0701543
  -0.0673613    0.0628651    -0.049161  -0.00836857
   0.0461925    -0.196232   -0.0850107   -0.0322285
   0.0481548   -0.0671298   -0.0488991    -0.166664
  -0.0211447    0.0137782   0.00636538   -0.0183612
  -0.0656741    0.0192415    0.0323062   -0.0624828
    0.129047    -0.322168    -0.179309    -0.144213
  -0.0457959      0.05367   -0.0345692   -0.0592564
  0.00129573    -0.180452    -0.141587    -0.152908
   0.0831063   -0.0367354    -0.033556  -0.00994441
  -0.0131607    0.0555468    0.0383832      0.05737
   0.0372813     0.219729    0.0810769     0.223932
  -0.0906905    0.0267867    0.0203136    -0.127435
   0.0428193     -0.12694   -0.0892607    -0.138958
   0.0138875    -0.117399   -0.0905722   -0.0928002
   -0.260315     0.110379    0.0290235   -0.0662595
   0.0481747    -0.185255   -0.0444643    -0.143906
   0.0558228    -0.119616   -0.0344792   -0.0331082
    0.120256    -0.308891   -0.0563675    -0.177488
  -0.0738867    0.0293387   -0.0751808   -0.0441742
   0.0667698    -0.217754    -0.113666   -0.0931816
   0.0544462     0.135189   0.00386966     0.159961
   -0.105403    0.0190717   -0.0458418   -0.0775639
    0.206541    -0.379348    0.0341152   -0.0771862
    0.139787   -0.0265361  -0.00952857     0.101121
   0.0920221     -0.21786    -0.110879     -0.19594
  -0.0731433     -0.20936   -0.0955311    -0.268233
  -0.0663739    -0.107745   -0.0278717    -0.127164
  -0.0408767   -0.0905366    0.0522673   -0.0747091
   -0.240886     0.349653    0.0318572     0.134574
  -0.0610551      0.26777   -0.0982051     0.185933
   0.0648503     0.172512   -0.0298329     0.215852
    0.203401    -0.210405   -0.0751359    0.0203837
  -0.0757678    -0.118734   -0.0852754   -0.0909081
  0.00777889     -0.11651    -0.130907    -0.178092
  0.00648137    -0.152398    -0.123528    -0.157681
  -0.0407088     0.016948   -0.0368087   -0.0145723
    0.218046    -0.343748    -0.115127   -0.0283827
  -0.0628353    -0.184331   -0.0543453    -0.228198
    0.140817   -0.0389718   -0.0839191     0.104445
   0.0435052   -0.0592383    -0.117543   -0.0749513
   0.0860113    -0.013676    -0.080947    -0.041945