   0.0654817    0.0188714  -0.00328988   -0.0226122
   -0.313499     0.155657    0.0697873    0.0832562
  -0.0610719  -0.00117823     0.107067    -0.039278
  -0.0405051      0.14704    0.0115427    0.0626269
  -0.0592869   -0.0338441   -0.0161414     0.124657
  -0.0756885    0.0683698    0.0316796     0.106944
  -0.0119316   -0.0162566   0.00344245    0.0305132
   0.0543764   -0.0858942    0.0843049   0.00849134
-0.000101484     0.081115    -0.100779    0.0309943
   0.0538997   -0.0185906    0.0095468    0.0159152
   -0.110007    0.0608496    -0.104256   -0.0448752
   -0.146559      0.15648    0.0202887     0.204982
   0.0346208    0.0758004   -0.0549127    0.0380223
    0.166785   0.00787442     -0.15514    0.0845719
    -0.02296    -0.030181   -0.0584284    0.0191101
   -0.115058   -0.0395617   -0.0159798     0.270099
   0.0969892   -0.0133913  0.000700772    0.0686161
    -0.20547   -0.0563285    0.0437032     0.196058
  -0.0875098   -0.0886594    0.0609649    -0.114215
   -0.244688   -0.0820577    0.0726395   -0.0736466
   0.0865441   -0.0290593    0.0128255    -0.200641
   -0.182185    0.0658505    0.0368752   -0.0124054
  -0.0142752    0.0545645    0.0294632   -0.0394025
   -0.187203   -0.0754389     -0.14134     0.124276
  -0.0672307    0.0136204    0.0252125   -0.0362102
   -0.123574    -0.047728   -0.0979092     0.198777
   0.0108021  -0.00324312    0.0188307    0.0124013
  -0.0648856   -0.0395732   0.00709257     0.146526
    0.220426   -0.0820875   -0.0795862    0.0113503
     -0.0996    -0.120904    0.0729507     0.145183
   0.0241391    0.0922632     0.201655    0.0557239
   0.0450273   -0.0325399    0.0310606   -0.0324969
   -0.125688    -0.124072   -0.0652941     0.107929
 -0.00774175    0.0338595    0.0328147    0.0680966
  -0.0777353    0.0293714    0.0419032     0.102567
  -0.0366611    0.0416362  -0.00560216   -0.0368135
   0.0638172    0.0313952   0.00535279    0.0427317
   -0.105801     0.144122     0.147397    0.0952443
-7.20613e-05   0.00207447      0.11782   -0.0536771
   -0.107704   -0.0408011    0.0711084    -0.170151
   0.0274177     0.114692     0.019571    -0.122809
    0.287698   -0.0309453    -0.108162    -0.169437
    0.151534   -0.0332839  -0.00833318   0.00329573
   0.0432692   -0.0220048   -0.0807603    0.0282195
   0.0329737  -0.00225353     0.149833     0.073046
    0.142873    0.0868327    -0.189455    -0.017604
   0.0692331     0.177967     0.118546    0.0872569
   0.0474143    0.0275242    0.0201675    0.0163241
   -0.100706   -0.0546577    0.0124559     0.152829
  -0.0995824   -0.0144503     0.246797     0.119445
   0.0354947     0.130664    0.0137247     0.105994
    0.025597   -0.0847935   -0.0540171   -0.0551556
    0.143007    -0.103105   -0.0300751     0.162097
  -0.0668127   -0.0344086     0.112631   -0.0507344
  -0.0712613    0.0658229  -0.00739509    0.0815446
   -0.131795 -0.000484788    0.0769802    0.0982782
    -0.14555    0.0186622    0.0232604   -0.0623975
  0.00985408   -0.0088503    0.0201185    -0.139922
    0.120483   -0.0335854   0.00454062    0.0927613
   -0.208256    0.0647472   -0.0401262    -0.150872
   -0.106385    0.0784945   0.00214873    0.0747266
   -0.282393   -0.0990115 -9.44406e-05    0.0115868
  -0.0535633   -0.0835715   -0.0314462    -0.124045
   -0.196807   -0.0144412    -0.147322      0.13099
  -0.0817192      0.00761    0.0197067    -0.111066
  -0.0218421    0.0525095   -0.0160679    -0.139509
  -0.0403214    0.0862828     0.048501   0.00203443
   -0.183439   -0.0175205    0.0751989     0.182461
  -0.0891962    0.0248616    0.0339098    0.0211112
    0.207711   -0.0115766   -0.0775848    -0.221548
   -0.128543   -0.0104888      0.18503   0.00022796
   -0.245118   -0.0867642     0.102414   0.00773569
    0.109368    0.0933666   0.00227113     0.174229
  -0.0522268   -0.0461495   -0.0781905   -0.0441391
  -0.0228806   0.00427127    0.0538933    0.0664275
  -0.0161704   -0.0496024    0.0160546   -0.0386467
  0.00490025     0.021187   -0.0262676    -0.100714
    0.234259    0.0691202     0.149578   -0.0883034
   -0.133729    0.0844123    0.0151539 -0.000404639
   0.0483876    0.0914409    0.0222338   0.00881567
   -0.129691     0.015858   -0.0580525     0.153339
  -0.0188936   -0.0930063    -0.175071     0.085635
  -0.0836069    0.0393203   -0.0603936   0.00835693
  -0.0649277    -0.037695   -0.0855807   -0.0327637
    0.111357    0.0794706  -0.00768129   -0.0142869
   -0.139194    0.0821843    0.0554522  -0.00960384
   -0.155701   -0.0231787    -0.141123   -0.0649465
   0.0340447   -0.0209478    0.0750737   -0.0292907
   -0.215559   -0.0725711   -0.0727186    0.0243351
   -0.122415   -0.0279812    0.0211824    -0.176347
  -0.0200275    0.0164886   0.00874432   -0.0870826
   -0.105751    0.0517289   0.00268527   0.00377953
  -0.0874325     0.100568    0.0969842    0.0213918
   -0.101199    0.0245881   -0.0465416   -0.0241832
  -0.0423674  -0.00592291   -0.0504006   -0.0456847
 -0.00339582     0.038824    0.0564096   -0.0255869
   0.0710979  -0.00318049    -0.041707     -0.13489
  -0.0420078  -0.00501989     0.123367    0.0406338
  -0.0262924    0.0449257    0.0758319     0.231486
   -0.327926     0.101501    0.0426038    0.0987996
   -0.080954    0.0813401    0.0879697    0.0341477
   -0.107486    -0.132382    0.0424253    0.0801638
    0.140124     0.180157     0.262441   -0.0611888
   0.0109462    0.0399627  -0.00315266   0.00674923
  -0.0815106    0.0927871     0.108793      0.26915
 -0.00171066   0.00736306    -0.137296    -0.109687
    -0.14717   -0.0251851    0.0457495    0.0994929
   -0.287641   -0.0466368    0.0100586     0.126841
  -0.0617959   -0.0940354    0.0342005   -0.0277916
   0.0115818    0.0295457   0.00674378   -0.0640316
   0.0292639   -0.0434133    -0.122461   -0.0500357
   0.0760838    0.0907343   0.00918759    -0.043421
  -0.0545888   -0.0493975   -0.0458963    -0.134924
   0.0349392   -0.0281498    0.0595218    0.0121372
   0.0796925    0.0313406    0.0258066   -0.0523545
   0.0185458   -0.0160612     0.209302   -0.0476597
   -0.133533    -0.040593    0.0225972  0.000355056
   -0.020674    0.0202794    0.0337553   -0.0384594
    0.141347    0.0156502   -0.0367415    0.0331499
   -0.214349  -0.00882909    0.0157131    0.0337437
   -0.115486    0.0435686    -0.120546   -0.0621714
   -0.173431    -0.135146    -0.193546    0.0293199
   -0.101887    0.0690076   0.00873964   -0.0329283
  -0.0100284   0.00297568     0.139358    0.0514441
  -0.0741041    -0.017774   0.00297192    0.0989487
   0.0676937   -0.0992448   0.00808942     0.209384
    -0.15012   -0.0328165    -0.143699    0.0517674
     0.01094   -0.0829438    -0.086073    -0.011365
  -0.0401695   0.00380206   -0.0524518   -0.0262468
   0.0496887   -0.0317435    0.0181189     0.136422
  -0.0547685   -0.0491039     0.151333      0.14088
  -0.0358509   -0.0518236   -0.0790426   -0.0485722
  -0.0987507   -0.0127063   -0.0830172   -0.0152429
   -0.150945    -0.263362    0.0532549     0.029227
   -0.120581     0.034987    0.0503496     0.051293
  -0.0126441    0.0394429   -0.0473856      0.09179
    0.117981   -0.0486092   -0.0779112   -0.0850566
  -0.0476011    0.0940678 -9.46608e-06   -0.0414875
    0.203599    -0.100744     -0.19671   -0.0984193
   -0.101076    0.0829428   0.00570568     0.125535
   0.0542686  -0.00664367    0.0440341    0.0800121
  -0.0962384   -0.0555948    0.0523581    0.0192608
   0.0768659   -0.0274947    -0.109228    0.0989961
  -0.0254062   -0.0854065   -0.0759855    0.0863644
  -0.0610893   0.00730582   0.00604298    0.0777339
   -0.172697    0.0538187     0.101526      0.11921
    0.155348    0.0629076    0.0912222    0.0223161
   0.0308051     0.107825    0.0213255   -0.0463379
  -0.0521973   -0.0717499     0.025455   -0.0763266
    -0.19893    0.0725147    0.0928562   -0.0784147
  -0.0737562    0.0841438     0.156167    0.0274622
   0.0178695   -0.0609462     -0.21441    0.0916275
   0.0181514     0.105256    0.0729377    -0.161196
  -0.0490793   -0.0111367   -0.0406174  -0.00705544
   0.0390613   0.00869082   -0.0352159    0.0338412
   -0.280885     0.135075     0.105976    0.0560753
   -0.183522   -0.0349021   -0.0119259    -0.105302
   0.0297105    0.0628374    -0.034434    0.0927176
   -0.279509    -0.135856    0.0761175     0.168311
  -0.0107114    0.0866112    0.0955978     0.159761
  -0.0459786  -0.00732693    0.0820935    0.0337568
    0.187006     0.102698     0.159426   -0.0880313
  0.00868822   -0.0471037   -0.0416134   -0.0905914
 -0.00926168    0.0897234     0.144122   -0.0375507
    -0.19833    0.0380553    0.0435498     0.111927
   -0.044336   -0.0728663   -0.0270902   -0.0711302
   0.0695334    0.0508791   -0.0206386    0.0224859
   0.0064664      -0.0107   -0.0510443   -0.0166985
   0.0155807    0.0028526   -0.0275416   -0.0619053
   -0.110314    0.0489991   -0.0163704    0.0430069
  -0.0204667   -0.0191369     0.083513    0.0611455
  -0.0642006   -0.0384928     -0.13734    0.0884223
  -0.0584573   -0.0438177   -0.0724687    -0.036961
   -0.300723    0.0459131   -0.0773175     0.100953
    0.102034   0.00096157    -0.147675   -0.0902385
   0.0276602    -0.110252    -0.122028     -0.12009
  -0.0524148     0.037062    0.0537047    0.0415589
    -0.21342    0.0853344    -0.025432    -0.234633
   0.0444548   -0.0262883   -0.0940195   -0.0407574
   0.0921831      0.08042   0.00671779  -0.00168889
  -0.0533993     0.111547    0.0520854   -0.0776062
    -0.36112   -0.0387118     0.179236   -0.0385562
   -0.187076    0.0541958     0.183523   -0.0328519
   0.0861608    0.0276449    0.0508134   -0.0723565
  -0.0405024    0.0439029    0.0278378    -0.124639
   -0.146887   -0.0667541    -0.134851     0.116486
   -0.247156     0.162668    0.0553726    0.0770587
    -0.01483    0.0962033     -0.12325    0.0630051
   0.0397337   -0.0103955   -0.0116437    0.0150457
  -0.0218719    0.0600372  0.000328048    -0.214149
  -0.0940981   -0.0212545   0.00446858    0.0705012
  -0.0210408   -0.0266454   -0.0249412     0.100544
  -0.0190794    -0.084518   -0.0580226    0.0260554
   -0.052726    0.0342255     0.172913     0.101801
    0.177929   0.00317545    0.0738514    0.0226101
   -0.101465    0.0683433  -0.00995047   -0.0224099
  -0.0566332   -0.0488467    0.0171181    0.0979233
   0.0721503    0.0376046    -0.186106      0.15135
    0.051399 -0.000511864   -0.0694107   -0.0433645
   -0.066068    0.0710359  -0.00267684    0.0464816
  -0.0274694    0.0630257    0.0933452   -0.0631855
   -0.124562     0.079353    0.0830461   -0.0139921
   -0.142579   -0.0605098   -0.0590995   -0.0498631
  -0.0235385    0.0345996    0.0714898    0.0600454
  -0.0163037    0.0932853     0.025696   -0.0394511
   -0.043604    0.0328073    0.0832111     0.130106
  -0.0631209    0.0801701  -0.00636937    0.0638685
   0.0371563     0.175986   -0.0345354   -0.0374594
   0.0215493    0.0330973   -0.0261265    0.0789921
   -0.170529    0.0376002      0.17373    -0.162112
  -0.0367718    0.0446765    0.0260328   -0.0380533
   0.0787284   -0.0920779     0.100586   -0.0124033
   0.0464089   -0.0557005     0.218909   -0.0862873
   0.0357216     0.126889    0.0443872     0.168103
  -0.0513809    0.0397895     0.100936     0.209543
   0.0356306    -0.112421     -0.13883    0.0155598
  -0.0534742     0.101332     0.125424    0.0545653
   0.0388615     0.108542    0.0920805   0.00441751
   -0.127128    0.0445151    0.0761702   -0.0489435
   0.0113415    0.0454776    0.0726703     0.041862
  -0.0666009    0.0680298   -0.0414869   -0.0984759
   -0.120934  -0.00178974   -0.0294141    0.0894222
   -0.014636    -0.010419    0.0144936     0.104587
   0.0619095     0.118949     0.158267     0.130846
   -0.190458     0.129881   -0.0151537   -0.0984364
   0.0633319    0.0702012  -0.00580016   0.00519713
   -0.121188    0.0958492   -0.0353431   -0.0311162
   0.0498801     0.023239    0.0555285  -0.00755747
  -0.0101839    -0.059704     0.148224    0.0516303
   -0.078206    0.0216759   -0.0384259    -0.119041
  -0.0408117    0.0598758    -0.178888  -0.00156559
   -0.100674     0.123812    0.0332519   -0.0239024
   0.0195983    0.0200441   -0.0431641   -0.0148026
   0.0163186   -0.0898645   -0.0087987    0.0193842
   -0.034695    0.0696095    0.0987966    0.0338301
   0.0173013     0.117327   -0.0248466   -0.0394927
   -0.052305     0.163373   0.00819238    0.0253094
   -0.259203     -0.10007    0.0319634    0.0920859
  -0.0967521    0.0523717     0.105756    0.0463967
   -0.203564    0.0322136     0.164177    0.0432095
   -0.157085   -0.0853879   -0.0889457    0.0530897
  0.00306335    0.0808096    0.0963445   -0.0694548
  -0.0857374    0.0518169     0.046637   -0.0577867
   -0.076308   -0.0505585    0.0161227     0.133617
   -0.163189   -0.0187631      0.13551     0.086732
   0.0197702   -0.0251025   -0.0529743    0.0126751
  -0.0975881    0.0325386     0.103063   -0.0163676
    0.164206    0.0512882    -0.161915   -0.0170519
   -0.106845    0.0657681    0.0222026    0.0546192
   -0.140834    -0.076264     0.135536     0.237122
   0.0987822   0.00131336     0.113241    0.0104669
  -0.0330043     0.146485     0.122777     0.108251
   0.0280485   -0.0832593   0.00138652   -0.0394172
   -0.176336   -0.0592902     0.101134     0.252787
  -0.0913564     0.101981   0.00154807    0.0451483
  -0.0700807    0.0344145   -0.0154787    0.0830088
   0.0643525    0.0366102   -0.0021007    -0.058777
  -0.0358619    0.0581222   -0.0356006   -0.0740555
  -0.0518561   -0.0483598   -0.0393588    0.0307843
  -0.0797224   -0.0323133     0.196146   -0.0151692
  -0.0927237    0.0335522     0.228839    0.0365463
   0.0577712    0.0980427    0.0391212   -0.0272539
    0.133963   -0.0701113   -0.0829941    -0.070433
   0.0559591    -0.052946   -0.0304729    -0.176438
     0.10171      0.15977     0.247476     0.232669
   -0.175546    0.0320198    0.0693537    0.0193447
  -0.0765805    0.0168054    0.0530986    0.0921376
   0.0511649    0.0468646    -0.129767   -0.0585723
  -0.0883892    0.0133972    0.0437156   0.00641866
   0.0482115    0.0445628   -0.0443593    0.0739619
   0.0530355   0.00605159    -0.130966    0.0144245
   0.0861415   -0.0122581    0.0292655  -0.00916779
   0.0307331   0.00431108    -0.121527    0.0963317
   -0.243309    -0.116782   -0.0163105   -0.0340827
   -0.134777    -0.119425    0.0232794    0.0236969
   0.0926119    0.0326898   -0.0739428    -0.139368
   0.0174268   -0.0427837    0.0680125     0.125676
   -0.169947      0.15203     0.058217   -0.0583084
   -0.106136   -0.0395814    -0.222615   -0.0241882
   0.0734355    0.0462391   -0.0402194   -0.0237021
  -0.0689396     0.212974   -0.0198141  -0.00364158
  -0.0141813   -0.0162308   -0.0806955     0.141243
  -0.0670228     0.115327     0.102654    -0.205007
    -0.07227    -0.110256   0.00446371  -0.00971793
   -0.188771    0.0127405   -0.0412401   -0.0297969
   -0.134174   -0.0607582    0.0495376    -0.039786
     0.16155    0.0917339     0.180918     0.079085
   0.0740957   0.00292917   0.00890432   -0.0190436
   0.0479051    0.0852772   -0.0295848    0.0327166
   0.0215191    0.0255877   -0.0166698     0.107891
   -0.166338   -0.0549724    0.0617658    0.0323722
    0.116581    0.0410612    0.0810302   -0.0431667
  -0.0868784    0.0589572     0.139663    -0.027502
   0.0134299     0.102467     0.167064   -0.0648313
  -0.0981202   -0.0836028     0.136738      0.12487
  -0.0547851    0.0862821    0.0699778    0.0117252
   -0.147367   -0.0581987   -0.0551428   -0.0992422
   -0.126427  -0.00894318    0.0351018    0.0974653
   -0.132008    0.0380213     0.147235     0.140234
   0.0601463  -0.00318757   -0.0743829    0.0220036
   0.0951382    0.0375363    0.0854872    0.0914086
  -0.0774538     0.060764    -0.108682   -0.0729173
   -0.197252  -0.00375714  -0.00834964    0.0268729
   -0.135845   -0.0700064    -0.186785    0.0698476
  -0.0632038    0.0808147    0.0280785    0.0713334
   -0.133912   -0.0307249     0.067931     0.114746
  -0.0854649  -0.00547756    0.0293455    0.0367919
  -0.0363626   -0.0212173   -0.0254902  0.000396163
   -0.266999   0.00978448     0.229728     0.175942
 -0.00650778   -0.0330676    0.0908309     0.144733
   0.0554911    0.0618202    0.0199722    -0.190287
  -0.0359339    -0.114905   -0.0751358   0.00973402
   -0.126028  -0.00663222   -0.0221196    0.0172238
   -0.114863     0.054427   0.00773987    -0.037261
  -0.0709988    0.0242707    0.0417566     0.114452
  -0.0734334   -0.0535741     0.178105    0.0465916
   -0.142846   0.00830076    0.0520704     0.029966
   -0.138415   -0.0410108   -0.0289256     0.124153
   0.0300162   0.00122823    -0.107815    0.0142427
  -0.0446039    -0.125906    -0.162717   -0.0397567
  -0.0140239    -0.113672    -0.101015    0.0311405
  -0.0110185    0.0351661    0.0638433    0.0934772
  -0.0537891    0.0297272   0.00126371    0.0680926
   0.0960294    0.0222728     0.123349   -0.0578207
  -0.0487337    0.0206194     -0.10562    0.0475072
    -0.20047    0.0171068   -0.0419472    0.0713768
  -0.0784099    0.0150667   -0.0344151    0.0558821
   -0.222433    0.0828885    0.0218947    0.0115096
  -0.0234192   -0.0215177   -0.0491273    0.0295638
     0.14574   -0.0805269     -0.15049    -0.161977
   0.0482935   -0.0302196    0.0653516     0.088507
  -0.0832087    0.0493877    0.0275551    0.0384877
  -0.0272021   -0.0944342   -0.0742798     0.119735
   0.0228075    0.0726539   -0.0631332   -0.0700978
 -0.00713338    0.0292815    0.0685651     0.195142
    0.248614     0.046178    0.0653213    -0.154935
  -0.0912918    0.0644616   0.00495701   0.00442082
  -0.0665917   -0.0319194   -0.0286192    0.0936475
 -0.00967045   -0.0286989   -0.0269282   0.00152433
  -0.0774345    0.0476101   -0.0364849      0.11693
   -0.111733     -0.15245    -0.262753    0.0680123
   0.0151375    0.0760559   -0.0149702   0.00407319
   -0.212065    0.0692029    0.0901318     0.146656
    0.171445   -0.0390125    0.0137473    -0.299635
   -0.153023   -0.0411724   -0.0929682    0.0870802
   -0.173318    0.0033226    0.0135062   -0.0246712
   -0.184954     0.114058   -0.0148648   0.00791796
   0.0283181   -0.0719211    -0.130669     0.113782
   0.0282342    0.0286203    0.0612046   -0.0226788
  -0.0874366    0.0806217     0.205347     0.210464
   0.0137918    0.0317309     0.087204   -0.0743111
  -0.0960577    0.0621135   -0.0385595     0.137715
  -0.0265442    0.0431074   -0.0399523     0.164954
   0.0176204 -0.000268271   -0.0151957   -0.0598806
 0.000397207    0.0449179   -0.0840399     0.158747
    -0.14951   -0.0170225   -0.0806186     0.121018
    0.126098       0.1321    0.0373562    0.0354017
   -0.152656   -0.0528816    0.0349585   -0.0636755
  -0.0951279     0.134979     0.045535     0.140712
    -0.32414    0.0104668      0.22232     0.102325
    0.172776   0.00737414   0.00755036    -0.116344
  -0.0687787    0.0810351     0.058995    -0.015767
   0.0656942    0.0830785    0.0270603    0.0244692
    0.121946     0.106908    0.0103896    -0.102139
  -0.0762753    0.0315951    0.0947159      0.20778
   0.0105607     0.107044    0.0296928    0.0159743
   -0.177276    0.0696039    0.0687479 -0.000572612
 -0.00594808   -0.0569577   -0.0625407    -0.018028
   -0.270594    0.0310009     0.164853   -0.0385643
 -0.00433169    0.0299666     0.135653     0.333114
 -0.00957281    -0.111948    -0.172128    0.0930266
  0.00810644   -0.0285031    0.0363115    -0.101945
  -0.0687723   -0.0253281    0.0660561     0.117153
  -0.0467235    -0.042629    -0.073095   -0.0648676
  -0.0600258     0.049643     0.134961     0.132061
   0.0704852    0.0732862    0.0349573    -0.132549
 -0.00336259    -0.118885   -0.0257161   -0.0544608
-0.000653386    0.0586005     0.041394      0.12182
  -0.0763654   0.00724897      0.12253    0.0139678
  -0.0716758    0.0269492     -0.13453    0.0842579
   0.0422486    0.0924287    0.0273171  -0.00377489
    0.070352    -0.044228    0.0351518    0.0261601
   0.0523121   -0.0264269    0.0451623     0.120623
   -0.270442   -0.0196968     0.204885     0.175307
  -0.0639858     0.063172     0.115438     0.125182
   0.0260715    0.0742904     0.109335    0.0153957
  -0.0367829    0.0483169     0.187745   -0.0981211
   0.0300169   -0.0376367   -0.0147956    0.0473683
  -0.0584041     0.125613   -0.0408531    0.0045299
  -0.0250384   -0.0484592   -0.0735318    0.0227242
 -0.00103387   -0.0698512   -0.0237611   -0.0313574
   0.0255874  -0.00845233   -0.0104963   0.00260293
  -0.0383401   -0.0416032   -0.0120872   -0.0618951
    0.119863  -0.00488024      0.10132    0.0115782
   0.0339474     0.218322     0.134334    0.0540598
   -0.029328   -0.0173137    -0.167968     0.196602
   0.0125707   -0.0241104     0.096444     0.179541
  -0.0612978    -0.083561    0.0147272   -0.0430413
   -0.239249     0.212068     0.210959   -0.0221385
    -0.20993   -0.0569767    -0.143172     0.108692
   -0.394994    -0.226425    -0.179244   -0.0108302
    0.139384   -0.0070005    0.0338419    -0.137739
   -0.136273   -0.0909714    -0.120113   -0.0663467
  -0.0572406   0.00469554   -0.0153032   -0.0320957
  -0.0784979    0.0703275     0.153247     0.126263
  -0.0212032    0.0455795     0.123323   -0.0225602
   -0.166342   -0.0274244  -0.00581925   -0.0522795
  -0.0465772    0.0217849   -0.0150947    0.0183943
   -0.180683   -0.0121007    0.0767635   -0.0508558
   0.0388244   -0.0847785   -0.0719218   -0.0719421
   0.0401248    0.0267533    0.0221876    0.0461383
   -0.074078     -0.11462   -0.0645252    0.0457784
  -0.0720119     0.111703    0.0622938    -0.109392
   0.0560066    0.0506194    0.0504699   -0.0522995
   -0.123827    0.0120972   -0.0670049    0.0705148
   -0.053436     0.014095   -0.0783692     0.125945
    0.168769     0.186726     0.173744     0.083582
    0.150503   -0.0885184   -0.0773088   -0.0921855
   0.0796867   -0.0201209    -0.048151    -0.122376
   0.0380548  -0.00264277   -0.0394075     0.171852
     -0.1113   -0.0937622     0.089275     0.136046
   0.0809004   -0.0140769  -0.00878933   -0.0506184
   -0.026304    0.0266593   -0.0531022     0.105344
   0.0563712     0.103624    0.0114753     0.028009
   0.0837718   -0.0347921   -0.0103959   -0.0250284
   -0.350449   -0.0545012   -0.0112444   -0.0287961
   -0.136207   -0.0652473   -0.0640621     0.205602
  -0.0113602    0.0502421   -0.0112937     0.116136
   0.0227614     0.053034  -0.00695769    0.0701957
    -0.10849     0.133991  -0.00138337    0.0214662
   -0.169345    -0.109952   -0.0978475     0.310768
   0.0727059    0.0652298    0.0115433     0.185443
   -0.123135    0.0740653  0.000797079  -0.00463975
   -0.104955     0.206093    0.0443878   -0.0202872
  0.00692233   -0.0572642   -0.0733545   0.00880968
   -0.117168   -0.0364332   -0.0185036   -0.0729266
   0.0966751    -0.115421     -0.02546     0.052303
   -0.122531   -0.0382217    -0.120653   -0.0604255
  -0.0688961   -0.0751212     0.057341  -0.00789846
  -0.0618487     0.101144   -0.0194844    0.0331863
   -0.249356  -0.00113906   -0.0516647    0.0438299
   -0.123402     0.174754     0.284445   -0.0609848
   -0.190361   -0.0045791     0.170056    0.0187289
   0.0341921   -0.0880961    -0.183521    0.0303117
 -0.00662511    0.0480528    0.0331388   -0.0050437
  -0.0568684     0.019935   -0.0584405     0.106504
    0.166239   -0.0818615   -0.0882085   -0.0477859
   0.0699583      0.11054    0.0505352    0.0348181
 0.000845062  -0.00728514   -0.0924967   -0.0073691
   -0.124912   -0.0482171   -0.0252833     0.174932
  -0.0131425    0.0207345     0.210462     0.134136
    0.070815    0.0286536    0.0310422    -0.110337
  -0.0598145    0.0509232    0.0600196    0.0166063
   -0.149219    -0.105114   -0.0723964   0.00290526
   0.0469317    0.0464012      0.14638   -0.0949189
  -0.0348375   -0.0746783  -0.00969014    -0.131798
   0.0942483    0.0962593   0.00855762   -0.0748567
   -0.404398    0.0137255    -0.126734     0.258467
  -0.0100964   -0.0452244    0.0511451   -0.0733433
   -0.155272   -0.0153274   -0.0665212   -0.0580273
   -0.069075   -0.0232921   -0.0409273    -0.142586
   0.0173749    0.0244121  -0.00583475  -0.00188966
    0.165386    0.0481972    -0.112201    0.0417203
    0.101864   -0.0177098     0.101327    -0.130419
  -0.0503686    0.0810087   -0.0222487     0.130863
  -0.0634399   -0.0918806    -0.188192     0.101213
   -0.220793   -0.0319239   -0.0339895    0.0319884
  -0.0294861  -0.00814761   -0.0891734   -0.0817836
   -0.048192    -0.208111    -0.203696     0.117793
  -0.0282886   -0.0516408   0.00905681    0.0520873
  -0.0518659   -0.0354558    0.0425419    0.0651078
   0.0936781     0.190542     0.104654    -0.193526
    0.164849   0.00108823    -0.021279     0.118551
    0.124533   -0.0121382   -0.0365116    -0.116028
  -0.0748117   0.00416982    0.0852967   -0.0125369
   0.0561759   -0.0793372    -0.111594    -0.111851
   -0.254427   -0.0065572    -0.104315     0.192177
   0.0940459   0.00853605    -0.119363     0.101032
   -0.014438     0.105304     0.176191    -0.124222
   0.0513749    0.0892667     0.090842     0.105348
 -0.00201814    0.0171677  -0.00675007    -0.023638
   0.0380331    0.0383873   -0.0469303   -0.0825845
  -0.0882852     0.041573    -0.043867     0.207728
  -0.0266727  -0.00911636   -0.0722617   -0.0534609
   -0.285084   -0.0941143     0.110378     0.201187
   -0.221579   -0.0541777    -0.107063    0.0414113
    -0.12261    0.0555232     0.069451    0.0256843
 -0.00753474    0.0420971   -0.0422697   -0.0264637
   0.0843121    0.0213721    -0.145592   -0.0766344
   -0.143287    0.0435369     0.184858   0.00993804
   0.0126545    0.0015254    0.0547207    0.0122836
   0.0953594   -0.0374217    -0.097231    -0.132391
  0.00899951    -0.154629    -0.130467    0.0112731
   -0.115404    0.0291064    0.0414557    0.0616616
    0.015204   -0.0586117    -0.105065    -0.067425
   -0.249592    0.0127219    -0.158999     0.172179
   0.0821139    -0.101693   -0.0134753   -0.0301906
   -0.244573   -0.0205715    0.0432944     0.144103
    0.182201   -0.0382917   -0.0325007    -0.173923
    0.031605    0.0640047   0.00502857   -0.0295919
   -0.127007    0.0196563     0.195459    0.0657307
   -0.182256    0.0178374    0.0770081    0.0469431
   -0.196758   -0.0187769    0.0925994   -0.0272872
  -0.0275118   -0.0234359   -0.0974687     0.176582
  -0.0384733   -0.0337517   -0.0203031      0.16744
   0.0688335    0.0496831     0.126162   -0.0310477
   0.0510991   0.00553062   -0.0946931   -0.0026282
  -0.0445923  -0.00837897    -0.115679    -0.045696
 -0.00898609   -0.0192459   -0.0331837     0.033571
   -0.042159  -0.00267662   -0.0179891    0.0722547
   -0.179687     0.163557   -0.0647882     0.132211
   0.0386426   -0.0490838    0.0459477    0.0344971