   0.0262654    0.0422623    0.0909479   -0.0305767
    -0.15963   -0.0742891   -0.0544047    -0.137614
  -0.0328223   -0.0801348   -0.0834461     0.106768
     0.11768    -0.205285    -0.229027    0.0769066
    0.382709    0.0299302    -0.117281    0.0855218
   -0.105337   0.00724999    0.0112926     0.201717
    0.050068   -0.0101523     0.216295   -0.0817626
    0.111047    0.0496697    0.0228232     0.045647
  -0.0528473     0.104772    0.0492281     0.240238
   -0.210497   -0.0228193    -0.377813    0.0399563
   0.0383309    -0.235948   -0.0620685   -0.0097496
   0.0503032    0.0409746     0.140188     0.166152
   -0.053008   -0.0667921    0.0482633    0.0773653
    0.120488    0.0718072     0.223216    -0.107951
   0.0600029    0.0871062     0.223303    -0.172758
     0.30053   -0.0759666    0.0260858     0.135002
  -0.0970846   -0.0290464   -0.0802474   -0.0500384
   0.0200992     0.011545     0.109113    0.0405784
    0.122018    0.0464818    -0.151514    -0.239634
    0.165785    -0.216456    -0.409513     0.386766
   -0.166915    -0.300453    -0.199872    -0.050413
  -0.0763988   -0.0182314   -0.0524316     0.106782
   0.0290754    0.0649282    0.0504864    -0.272584
  -0.0300279    0.0567435    -0.102689    0.0546079
    0.103902    0.0236099    -0.123367    0.0782284
   0.0142949    0.0980893     0.137957    -0.152533
   0.0125287     0.166171     0.123205   -0.0776728
    0.328123    -0.109099    -0.088331     0.102572
    0.022422    -0.205055    -0.209303   -0.0365359
    0.180075     0.174091    -0.111293    0.0208047
   0.0273055   -0.0729698    -0.174985     0.207196
    0.175231     -0.11226    0.0846867    0.0705815
  -0.0619717    0.0523612     -0.12357     0.141775
    0.231992    0.0986277   -0.0469429    -0.035435
  -0.0685728    0.0233048    -0.248273   -0.0191851
    0.146643     0.237272  -0.00494155    0.0822466
    0.356435    0.0293098    -0.077797    0.0706796
   0.0842108    -0.167576    -0.329503    0.0957143
   0.0271979     0.295338     0.476877    -0.381625
  -0.0591921    -0.163658       0.1952     0.062831
    0.142237   -0.0666771     -0.27299      0.30275
   0.0380611    0.0129046    -0.137323     0.362535
    0.215363    0.0546249   -0.0635543     0.139856
   0.0276529    0.0208623   -0.0193507    -0.185696
    0.219798   -0.0981088   -0.0948364   -0.0419014
   0.0892565     0.211813     0.245422    0.0406166
    0.166298   -0.0204826   -0.0376527     0.150953
    0.154193    0.0369532    0.0891768    0.0546665
   -0.206878     0.265839    0.0817963   -0.0216876
   0.0751899    0.0929051    0.0403978   -0.0871466
    0.091736    -0.184204    -0.431058     0.245346
   0.0318071     0.263914   -0.0201336    0.0648527
    0.141866     -0.12527   -0.0903123     0.141695
   -0.108408    -0.187895  -0.00780731   -0.0518513
  -0.0534599    -0.121599    0.0541787      0.13545
    -0.46053    0.0741298   -0.0560552     0.337107
  -0.0353789   -0.0563021    0.0608761     0.148452
    0.157503   -0.0882861     0.328061    -0.117584
  0.00221764    -0.107873    0.0143633    -0.150226
    0.137087     0.308688    -0.232281      0.15523
    0.162445    0.0337967    0.0101949    0.0753215
  -0.0708799    0.0551725   -0.0272276     0.118101
   0.0229683    0.0706656    -0.106038      0.14588
  -0.0512469   -0.0265419    -0.259042     0.133221
   0.0194185   -0.0549441 -0.000476525   -0.0162111
   0.0187081   -0.0388977    -0.298021    0.0352566
   0.0775106     0.231132     0.167166    0.0640128
   -0.261146    0.0700521    0.0331675   -0.0679971
    0.049005     -0.11794    -0.132504    0.0799946
   0.0103869    -0.141484    0.0371457     0.059646
  -0.0396794    0.0418698     0.150778    0.0708444
  -0.0356264    -0.085129   -0.0849503   -0.0245007
   -0.142092   -0.0426561    0.0032485     0.353396
   0.0852666    -0.225521    -0.160906    0.0548559
  -0.0696966    0.0668628    0.0506194    0.0800631
   0.0562655    -0.108318    -0.246174     0.112064
   -0.109122   -0.0895779  -0.00834583   -0.0794045
  -0.0759001    0.0517877    0.0701541   -0.0787052
   0.0366138     0.139026     0.079885    -0.112443
    -0.11777     0.149136    -0.257098     0.149796
   -0.253613     0.356805   -0.0368629  0.000909078
  -0.0805239     -0.17713   -0.0123012     0.102842
  -0.0333266   -0.0642649   -0.0524925 -0.000433666
  -0.0296202     0.324905    0.0164374   -0.0219407
   -0.120929   -0.0335742    0.0200289   0.00239778
   -0.151458   -0.0701359     0.405361    -0.146544
  -0.0431577    -0.124884    0.0361643    0.0962853
    0.129554   0.00212251   -0.0779845   -0.0385963
   -0.258768   -0.0677205    0.0123445    0.0935597
   0.0982181    0.0194434    0.0569371     0.197392
    0.250242   0.00625484    0.0645932    -0.148957
    0.184776    -0.243587    0.0816056    -0.129146
   -0.288458    -0.132197    -0.226378    0.0688754
    0.126488   -0.0318797     0.071728    0.0182261
   0.0600704     0.099744    -0.198068    0.0198807
    0.109893   -0.0766729     0.206971   -0.0157659
   -0.523752     0.113306    -0.194558   -0.0645204
  -0.0983791   -0.0174135    -0.095646    0.0459091
    0.296885    0.0651798    0.0452981   -0.0453163
  -0.0924388       0.3137     0.181702     0.250214
  -0.0413864   -0.0748848    0.0912013    0.0152735
   -0.263322    0.0469556    0.0861834     0.212755
    0.138298   -0.0973834    -0.046691   -0.0742876
   -0.259504   -0.0991863     0.109447   -0.0498884
   0.0549893     0.182235   -0.0237473   -0.0348835
    -0.22817    -0.363491     0.159174    0.0059642
   -0.156688   -0.0630341    0.0980952    -0.133545
   0.0534383  -0.00511712     0.160397    -0.202058
 -0.00299896      0.17498    0.0669304   -0.0417274
   -0.048598     0.168772   -0.0965997   -0.0455947
    0.099567    -0.206139     0.026962    0.0155287
    0.233574   -0.0315361     0.140026    0.0305822
   -0.115349  -0.00217341    -0.055802    0.0190216
  -0.0750647    -0.179366    -0.155189    -0.137233
        0.11   -0.0391942   -0.0583739     0.108348
  -0.0266237   -0.0157995    0.0937106     0.220166
   0.0333534    0.0970519     0.392573    -0.261842
    0.105677   -0.0102277   -0.0386794     0.206657
     0.02675   -0.0446176    0.0460072   -0.0324382
   0.0604567    0.0382993     0.162305   -0.0589879
   -0.223191   -0.0520669    0.0304815   -0.0473822
    0.144873     0.226858    0.0709548    -0.221093
  -0.0134389    0.0689436    -0.181901    0.0139815
  -0.0633926    0.0222433     0.239051   -0.0880469
   0.0207812    -0.129938    -0.102315   -0.0686749
   0.0441083  -0.00121187   -0.0564344   -0.0494718
   0.0742222     0.030672   0.00158855    0.0391447
   -0.103102     0.212953    -0.142273    -0.126007
    0.292153   -0.0928697    -0.139207     0.179008
   -0.014681     0.293317     0.280592    -0.151981
   -0.159924    0.0784559   -0.0933003   -0.0224715
  -0.0201777     -0.25908    -0.291748    0.0868743
  -0.0358353   -0.0289135    -0.247605     0.221633
    0.142944    0.0500432    -0.372964     0.352935
   -0.309583     0.155751    -0.231827     -0.10522
    0.176921     0.222279    0.0904854    0.0771914
   0.0689927   -0.0136269    -0.218634     0.357329
    0.308274     0.253568   -0.0746776    0.0623769
   0.0383278    0.0923532    -0.112301    0.0547506
   -0.141061    -0.325282    -0.173811  -0.00143249
  -0.0651932    -0.263271   -0.0904634     0.123179
   0.0563194    -0.145889    0.0160048   -0.0742337
    -0.12997     -0.28815    -0.152901   -0.0221651
    0.243232   -0.0124346   -0.0286222    0.0442537
    0.108316     0.181113      0.15603    -0.330953
   -0.041747  -0.00253216   -0.0960585    0.0120784
    0.144539     0.214146    0.0519506  -0.00817193
   0.0467739    0.0265405   -0.0194015   -0.0779629
   -0.136036    -0.110458    0.0159781    0.0815155
   0.0169223     -0.15178  -0.00136587     0.232188
 -0.00811036   -0.0525229    0.0585491    0.0468243
   0.0838838     0.140863   0.00319565      0.13165
   0.0976489   -0.0970562    -0.171858   -0.0250355
    0.139386    0.0697892    0.0328475     0.225679
   -0.051329   -0.0389866    -0.177814       0.1131
   -0.368637    -0.234813    -0.599229     0.055898
   -0.210969    0.0169355   -0.0773162     0.179656
  -0.0338721   -0.0424345    -0.252261     0.323413
    0.218952      0.15088     0.106155    -0.188111
   0.0219113    -0.387531    0.0281375    -0.131177
   -0.110361   -0.0135565    -0.156255     0.038419
  -0.0245719   -0.0782792     0.184406    -0.118819
  -0.0205802  -0.00258905     0.165571    0.0178237
   0.0850255   -0.0689522    -0.182922      0.13235
    0.278033   -0.0311344    -0.208788     0.135703
   0.0901078     0.124547    0.0690219    -0.106144
   0.0826696    -0.049287     -0.11148     0.067466
    0.278265   0.00898229    -0.419053     0.207343
   -0.223464     -0.13046    -0.250791    0.0806882
    0.058815     0.280731   -0.0553742    0.0975558
    0.012801    0.0199376    0.0314722    0.0810743
  -0.0635712    0.0603801    0.0113912   -0.0183606
    0.160976   -0.0507912    0.0417975    -0.100218
    0.174429    0.0756343   -0.0922838   -0.0362232
   -0.171199    0.0184006   -0.0901542  -0.00649752
  -0.0491527     -0.12022    -0.265535    0.0241228
    0.206922   -0.0252706   -0.0550431   -0.0048676
  -0.0477366     0.166089    -0.038494    0.0947048
   -0.262526     0.271047     0.195611   -0.0276852
    0.058182   -0.0772683    -0.167328     0.217914
   0.0594998    0.0387489   -0.0569061    0.0368166
    0.199434    0.0592307    0.0538036    -0.128382
   -0.064822   0.00908952    -0.446757     0.130292
   -0.176379     0.120523    0.0438572    -0.187262
  -0.0647831    -0.102086   -0.0701372    -0.168684
 -0.00248333    -0.117948    -0.162267  -0.00148075
  -0.0149464     0.090239    -0.341688     0.065513
    0.190338   -0.0684886   -0.0909832  -0.00396434
    0.285845    0.0256499     0.130848     -0.22344
   -0.169395      0.27484     0.227812    0.0789048
   0.0651487    0.0165259    -0.131445    0.0922312
   0.0986792    -0.188855   -0.0849377    -0.193797
  -0.0710508    -0.159062    -0.076844   -0.0127422
    0.341389    -0.209886    0.0393149    0.0960795
  -0.0447256    -0.152079   0.00938628    -0.163728
    0.223187     0.100328    -0.480773     0.251878
  -0.0193333    -0.188729     0.059369   -0.0238809
   0.0112195    0.0898532    -0.224121    -0.268548
  -0.0695639   -0.0926748    0.0127825   0.00166144
  -0.0672371    -0.139229   -0.0302747    0.0325867
   0.0471179     0.130656   -0.0484993      0.12362
  -0.0929083    0.0663683     0.007103     0.025732
  -0.0316094   -0.0444816    -0.196323    -0.198545
   -0.109707    -0.152788    0.0120993   0.00790639
    0.011515    -0.143038     0.237972   -0.0631446
    0.112276    0.0415148     0.186976    -0.063198
    0.351735   -0.0429122    -0.207256     0.122314
    0.348213   -0.0648902    -0.141441     0.236508
   -0.101594    -0.134848    -0.162088     0.130616
  -0.0820993    0.0661925   -0.0178248    0.0154728
   -0.137144     0.127482     0.160894   -0.0419109
  -0.0125566     0.318369    0.0697521     0.171673
  -0.0423727   -0.0466072    0.0421836     0.103872
    0.119018   -0.0372608    -0.202248     0.153235
    0.329969    -0.101357   -0.0622613     0.199377
   0.0749749     0.165788     0.155062   -0.0614671
   -0.034262     0.201856    0.0277579    -0.151232
    0.155226    -0.150037   -0.0954704    -0.149408
   -0.412974     -0.15662     0.330254   -0.0500107
 -0.00205343    -0.324835   -0.0673246     0.142172
  -0.0717784    -0.023077    -0.122226     0.131074
  -0.0889079   -0.0669418    -0.229966   -0.0771283
    0.114318   0.00637541    0.0175935    0.0702866
   0.0687917     0.036905    -0.177788   -0.0218429
   -0.218837    0.0804999    -0.148093     0.054113
   0.0453231    0.0854382     0.216747    -0.133869
    0.179331    -0.180299   -0.0676391    -0.112253
   -0.131686  -0.00724701   0.00455579    -0.072476
    0.238604     0.293352     0.259138   -0.0814925
  -0.0201419      0.18427    0.0772121    0.0386174
    0.167295     -0.18908   -0.0182831   -0.0505911
  -0.0298421     0.149458    -0.175708     0.202308
    0.138897    -0.190376   0.00882181   -0.0890495
   0.0372399    -0.143065    -0.204303  -0.00812286
    0.151772    -0.254137      0.07443   -0.0110605
    0.108078    0.0821631    -0.707453     0.374024
   0.0443256    0.0687188    -0.143578      0.11687
   0.0273787     0.165171    0.0694977     0.250287
    0.174339    0.0761607   0.00157167  -0.00708255
    0.182632     0.180095      0.30935    -0.210391
    0.201304     0.176842    0.0238791    0.0251418
  -0.0131795    0.0532991   0.00871459  -0.00854808
  -0.0374903   -0.0604787    -0.130263    0.0792668
    0.070233    0.0160449    -0.303958     0.304901
    0.126561    -0.157073   -0.0873645    0.0112738
   -0.122356     0.383718     0.178038     0.151068
    0.107149    -0.119293    -0.118638     0.121472
   0.0371423    0.0860191    0.0354826    -0.081515
    0.331859      0.22029    -0.132023      0.33521
    0.428139     0.124814     0.107308     0.164391
   -0.306664     0.168213    -0.128462   -0.0480973
    0.189328   -0.0935728    0.0293659    0.0817685
    0.106616     0.100349    0.0768469    0.0236619
    0.139002    -0.153707   -0.0706466    0.0639436
  -0.0296699   -0.0365529   -0.0950433   -0.0534997
   0.0822229      0.16686   -0.0378405   -0.0515694
   0.0736057    -0.116491     -0.14263     0.119495
   -0.169286   -0.0944573     0.161603     0.348814
    0.103987     0.161775    0.0659673    -0.144413
  0.00769355    0.0736509   -0.0595807    0.0897354
    0.138824      0.12041    -0.288517     0.145446
   0.0472246    0.0338269    -0.112731      0.12832
   0.0627108   -0.0520234    0.0572718     0.101115
   -0.172419    0.0791256    -0.221588     0.181262
    0.181277   -0.0207729    0.0180432   -0.0405906
   0.0847193   -0.0910399    -0.248271    0.0759304
  -0.0181314     0.113059   -0.0319089    0.0365914
  -0.0217636    -0.014352    0.0476637    0.0536675
     0.17509   -0.0374137      0.15124   -0.0970191
   -0.151374    0.0179868   -0.0652852    0.0967748
   0.0846111    0.0128116  -0.00209887    0.0131834
   -0.104391    0.0179002    0.0690684     0.120987
   0.0198398   -0.0500854     0.143361    0.0733942
 -0.00744544    0.0861614    0.0719563     0.101326
   -0.121813   -0.0472072      0.17761   -0.0651667
   -0.153791    0.0241704    -0.223693     0.020275
   -0.244335    -0.193662    -0.196751     0.212352
  -0.0978252    0.0238066     0.120209    0.0073494
  -0.0142043     0.124724    0.0572367    0.0382479
   -0.112073   -0.0496559    -0.121696     0.215057
   0.0240886    0.0713426    -0.103346    -0.115512
  -0.0846557   0.00705029   -0.0163204     0.194144
    -0.38809    -0.093153    -0.115133     0.279125
 -0.00449274   -0.0906272     0.175488   -0.0358982
   -0.112497    0.0173157    0.0896311   -0.0556763
    0.116155   -0.0538186    -0.417262     0.141227
   -0.057205    0.0602118    -0.138275    -0.318015
  -0.0193877    -0.207607    0.0199399     0.134435
    0.166165    -0.186829   -0.0269012    0.0273844
   0.0434812    0.0294096    -0.172221     0.195344
     0.10213   -0.0690281     0.194961     0.103178
   0.0220343     0.237282     0.134875     0.105782
  -0.0783955   -0.0573846    -0.264559    0.0855065
   0.0118722     -0.21475    -0.171832    -0.142766
   -0.278859     0.083116    -0.038903     0.160145
    0.094817    0.0896325    -0.304937     0.204986
  0.00966818     0.246939   0.00881912     -0.12427
   0.0190052    0.0061001    0.0855738    -0.032048
    0.218702    -0.112178    0.0152955   -0.0119538
   0.0125621    -0.081388   -0.0563709     -0.14084
   -0.237561    0.0524593     0.133471   -0.0670753
  -0.0717438    -0.101857  -0.00596557    -0.227405
   0.0160122    -0.260642    0.0517016    0.0979174
  -0.0181118    0.0620294  0.000829338    0.0392566
    0.452778   0.00486003   -0.0499204    0.0645312
   0.0802127     0.134786     0.179255   -0.0684622
    0.315903    -0.232937    -0.156997   -0.0574357
    0.107574    0.0716404   -0.0841248   -0.0574343
  -0.0545881   -0.0810201    -0.170827    0.0249613
   0.0915495     0.189058   -0.0238132    -0.015025
   -0.336149     0.213261    -0.114175     0.185842
   0.0450524    0.0780518    0.0388606   -0.0969073
   0.0836072     0.158596     0.120375     0.129136
  -0.0545348    0.0263557   0.00858437     0.020705
   -0.039549    0.0534541   -0.0557228    0.0576721
   0.0684019     0.027147   -0.0368539    0.0174547
    0.133194     0.117917    0.0463302     0.157205
  -0.0958109      -0.2419   -0.0726192   0.00860328
  -0.0875539   -0.0482466   -0.0424875     0.135926
     -0.1534     0.290605    0.0172513   -0.0727875
   -0.344766     0.301441   -0.0431427    -0.134681
  -0.0419418     0.100731     0.213492    0.0249679
   0.0429776     0.138969    -0.144529     0.164139
 0.000922012   -0.0501004     0.114694    0.0889007
   -0.307791    0.0828588     0.149281    0.0190697
   0.0669136    -0.108201    -0.307992    -0.121107
    0.107924    0.0824464     0.192585    0.0096979
   0.0189056    -0.166103     0.159901    -0.134796
    0.135952    -0.101357     0.192959  -0.00793383
     0.13277     0.146826  -0.00772266    0.0032944
   -0.193715  -0.00339722    -0.320286    0.0827125
   0.0823085    0.0998442     0.206784   -0.0610157
  -0.0828052    0.0375707    -0.017349     0.118466
   0.0686291    -0.138678    -0.240023    0.0324387
    0.167483    0.0202454   -0.0590566   -0.0683593
  -0.0602255     0.160536   -0.0426391    0.0159059
   -0.111623    0.0804324    0.0824641   0.00235101
    0.267832    -0.241623    -0.245419   0.00807467
   -0.121414     0.014523   -0.0267318    0.0264057
    0.115463    0.0556661    -0.115516    0.0890703
   -0.171327    -0.184128    -0.194859     0.229203
   -0.220623    -0.126804   -0.0672306   -0.0208863
    0.186495    0.0843319   -0.0811659    0.0817189
  -0.0431759     0.313868      0.33202    -0.136328
   -0.114386    -0.144934     0.106992   -0.0137513
  -0.0153157    -0.182513    -0.272024   -0.0124506
   0.0725983     0.149127    -0.083888    0.0568219
  -0.0788717    0.0846182   -0.0390468     0.116809
   0.0409746    -0.118185  -0.00591999     0.199536
    0.347055    0.0592479      0.12786     0.251719
    0.114213     0.142206     0.189194    -0.186673
   0.0470159    -0.165034    -0.107517    0.0499963
   0.0111011     0.159423      0.12519    0.0989666
  -0.0138817   0.00904766    0.0132067    -0.119499
    0.175552   -0.0814812   -0.0765169   -0.0311313
    0.184863    -0.137935    -0.406133   -0.0614962
    0.146976    -0.038227   -0.0347323     0.229389
   -0.308654    -0.241184     0.244493   -0.0486031
   -0.139309     -0.19812   -0.0277918    0.0434527
     0.25097     0.113552   -0.0480732    -0.101079
    0.368015     0.147957    -0.123253    0.0081739
   0.0104153   -0.0828662    -0.069346    0.0853068
   0.0837195    0.0904523    0.0843572     0.195444
   -0.129345     0.225711   0.00979537    -0.204341
    0.344362    -0.169958    -0.134051    0.0622578
   0.0310117     0.100096    0.0269356    0.0987304
   0.0619262    0.0698535    -0.214222    0.0830519
    0.103515   -0.0444688     -0.26301     0.099342
  -0.0514433    0.0124435   -0.0372156    0.0528732
    0.143749   -0.0516143   -0.0601465   -0.0741752
  0.00528248    -0.163315    -0.233818     0.108231
   -0.106595    0.0681706   -0.0356835    -0.140259
  -0.0831382     0.185456    -0.235004     0.296789
  0.00902714   -0.0716195     0.180884   -0.0350817
  -0.0915556    -0.101799    -0.184376    0.0501315
  -0.0802098    0.0106432   -0.0853289     0.319797
   0.0523083    0.0355346    -0.174418     0.016346
   0.0347696     0.334631   -0.0385011   -0.0353004
 -0.00730939    0.0388188     0.147842   -0.0703622
   0.0317316     0.116878     0.232083   -0.0140114
    0.129654   -0.0336255     0.194564    0.0617189
   -0.104015     0.138374     -0.17764     0.262993
   0.0781727   -0.0861472   -0.0564144    -0.225868
   -0.037944    0.0870411   -0.0498832   -0.0762217
   -0.136467     0.207214   -0.0116224   -0.0965858
  -0.0735778   0.00710005     0.442169    -0.162733
  -0.0732762 -0.000219904     0.228182    0.0409974
   0.0331075    0.0480535    0.0452824   -0.0399389
 -0.00799027    -0.116088    -0.165551     0.024531
  -0.0115842    0.0146852   0.00696088    0.0424714
   0.0138338     0.421052    0.0660216    0.0226268
  -0.0169392  -0.00706281    0.0422455     0.161919
   0.0353587    0.0695479      0.17058    0.0910514
 -0.00513664      0.22811    0.0707042    -0.254507
   0.0299528   -0.0585581    0.0300462   0.00902823
   -0.156734    -0.102247     0.116199    0.0239112
   -0.014843     0.145137    -0.212433     0.148244
  -0.0721278   -0.0931381    0.0301451     0.013316
   -0.132903    0.0201304    -0.226589    0.0844068
    0.236401     0.227371    0.0592471   -0.0128436
  -0.0524606     0.160309    -0.264587     0.163966
   -0.032194   -0.0226997    0.0435298    0.0108474
    0.130031   -0.0211641     0.154059    0.0436195
    0.160914  0.000639116     0.212981   -0.0370354
    0.433007    0.0824839    0.0194219   -0.0867637
 -0.00383768    -0.249918   -0.0432446    -0.128639
  -0.0295723    0.0590881   -0.0792715     0.167093
   0.0633597    -0.131474     0.178162    -0.137462
   0.0670835    0.0435664     0.203643    0.0750861
  -0.0437114    -0.336103    0.0481342    0.0199788
   -0.135649    0.0565558    -0.107642   -0.0558505
   -0.348232   -0.0779384  -0.00841989    0.0823649
    0.125279     0.147767     -0.17134    0.0996454
   0.0689841    0.0683501    0.0803787    -0.154907
   0.0102692    0.0448489     0.127629  -0.00784434
    -0.25854    0.0150525    0.0560144    0.0768577
   0.0552964    0.0192897     -0.17832     0.184693
   -0.304044    0.0747906    0.0621826    -0.157392
  -0.0319801   -0.0740804     0.114863    0.0143967
  -0.0063902 -0.000340974    0.0386241    -0.243493
  -0.0307437     0.105302     0.129134     0.010496
   0.0860943  -0.00780788   -0.0281934    0.0218487
    0.197047     0.227562   -0.0674529    0.0757577
   0.0899668   -0.0815788  -0.00637642    0.0407105
  -0.0362586    -0.155523    -0.123489    0.0317639
  0.00299056   -0.0890051   -0.0476888   -0.0978285
    0.110311   -0.0478797    -0.218042    0.0162929
   0.0298884   0.00662137     0.131569   -0.0617783
    0.163706     0.121472     0.232708     0.249743
   0.0410247   -0.0565939    -0.217029    0.0485447
   0.0751208     0.129124     0.313398     0.124346
   0.0511164    0.0714064    -0.182353   -0.0798708
   0.0129139     0.217097    0.0671629   0.00532518
   -0.275465   0.00883984   -0.0572241    0.0734131
   -0.172831    -0.181147     0.138317   -0.0472768
 -0.00902526     0.193373   -0.0686279    0.0105593
   0.0840701    0.0644716    0.0426847     0.054844
   -0.379008   -0.0435916     0.164665     0.289155
   0.0873376    -0.245938   0.00722001    0.0576838
   0.0212771   -0.0110333    -0.127616     0.118895
    0.181231   -0.0304268    -0.133135   0.00369303
  -0.0267111    0.0213902     0.288143   -0.0307657
   0.0851797   -0.0365865    0.0249098   -0.0230643
   -0.158532     0.209179   -0.0694582     0.288783
   0.0624099   -0.0740279    -0.205181    -0.009417
  -0.0248239    0.0404828    0.0299502    0.0406342
   -0.036278    -0.233422    -0.286126    -0.032052
   0.0782275   -0.0518073    -0.129136   -0.0250701
  -0.0955513    0.0119261    -0.116877   -0.0160782
 -0.00768297    0.0017413    -0.169811  -0.00393527
   -0.298434    -0.163515    -0.168986     0.175116
  -0.0250773    -0.151421    -0.268529     0.210943
  -0.0522308    -0.147638   -0.0483602     0.173304
  -0.0951939     0.358021     0.180731   -0.0452499
    0.106548   -0.0831556    0.0825094   -0.0332255
    0.103032   -0.0671367   -0.0709471    0.0193769
     -0.1975    -0.189836     0.057037     0.202495
    0.149422    0.0784296    -0.170875   -0.0215101
   0.0469497    -0.110145    0.0148324     0.248402
    0.266924  -0.00702258     0.088121    -0.115864
   -0.189851    -0.220219    -0.251662   -0.0348151
     0.10932    0.0457994    0.0110818  -0.00820985
  -0.0806974    0.0161197    -0.039709   -0.0847543
   0.0430789    0.0297073    -0.166797   -0.0256955
   -0.100659    -0.112886   -0.0937468    -0.233848
   0.0392769   -0.0233574      0.32652    -0.138269
   -0.162761    -0.210369    -0.200533   -0.0426533
    0.207553   -0.0351706     -0.11667   -0.0339655
   0.0894581     0.322631    -0.222713     0.207074
    0.033111   -0.0562795     0.119966    -0.166098
   -0.114596    -0.119788     0.167026    -0.145415
   0.0185591    -0.306352    -0.397784   -0.0442097
   0.0050472    -0.051942     -0.13268       0.1237
 -0.00275758    -0.142752     0.125405     0.135832
    0.066206    -0.169799   -0.0483832    -0.163153
   -0.130318    0.0191941   -0.0684736    0.0843106
  -0.0715051    -0.121496     0.110662    -0.134138
  -0.0568658     0.116808    0.0997061     0.120527
    0.125832    0.0875758    0.0642075   -0.0506634
  -0.0480077    -0.239324    -0.091873    -0.117743
   -0.160861    0.0683714    -0.290433    0.0322467
    0.102159     0.219406    -0.208664     0.111264
    0.239106    -0.101879    0.0929274 -0.000702505
   -0.103318   -0.0906108    0.0339988   -0.0611729
   0.0455429    0.0775172   -0.0645734   -0.0862755
 -0.00594102    -0.010899     0.029715   -0.0968647
    0.305687    0.0320095    0.0398274  -0.00248009
   0.0100264     0.196693     0.241226    0.0388387
  -0.0541272   -0.0652527     0.170284     0.192689
   -0.112265    0.0881235   0.00038059    -0.017765
   -0.267178   -0.0381821   -0.0879532   -0.0484453
   -0.108617   -0.0438279    0.0286524   -0.0539467
   -0.186322    -0.176366     0.183376     0.162129
    0.146888     -0.13603     -0.26219     0.166311
   0.0175661   -0.0603784    -0.228715    -0.145315
    0.100232    0.0902856   -0.0445268     0.108642
   0.0269387    -0.012026   -0.0870337     0.144407
    0.062518     0.239348     0.119206     0.144677
   -0.137244      -0.1038    -0.270233   -0.0146178
  -0.0247456   -0.0664616    0.0821542     0.237171
   -0.125295    0.0427051    -0.105665     -0.11026
   -0.064858    0.0710619   -0.0689201     0.152867
   0.0667285      0.30272    -0.124873     0.403338
    0.151696   -0.0534867    0.0542139    0.0239661
   0.0628192   -0.0680934    0.0834516    0.0183876
   -0.109863    0.0847927    0.0943979     0.152792
  -0.0195473   -0.0306328    0.0368187    0.0993911
   -0.114327     0.136371    -0.068986    0.0441078
    0.011026    -0.121246    -0.188348    0.0675734
    0.170906    0.0816199   -0.0179866    -0.113186
   0.0261419   -0.0345308    0.0328644    -0.321419
   -0.191586   -0.0654141     0.123078   0.00379396