    0.151023    0.0185909    0.0487656   -0.0819694
   -0.282865   -0.0612252      0.04397     0.122201
  -0.0201554     -0.04578    0.0901039   -0.0067065
 -0.00028345   -0.0317173    -0.105115    -0.054906
    0.170997    0.0330681    0.0197013   -0.0979586
  -0.0143343   -0.0557246    0.0562193    0.0342981
    -0.03847   -0.0434985    0.0264503  0.000138783
    0.156283    0.0277993     0.108769    0.0349032
   -0.182564   0.00404897  -0.00408979    -0.273512
   -0.122029    0.0217315    -0.170937     0.170895
 0.000534307  0.000693188   -0.0239945    0.0602607
  -0.0481974   -0.0579287    -0.091952    0.0203305
    0.091468    0.0240191   0.00722093   0.00670097
   0.0921459   -0.0539027   -0.0797679    0.0875175
   -0.124655     0.106832    0.0695076    0.0885009
    0.131597    0.0131285     0.023902   0.00141448
   -0.131998   -0.0396259   0.00822709     0.253564
   0.0122863   -0.0776743   -0.0830079   -0.0537701
   0.0716596   -0.0741657   -0.0325669     0.164482
    0.160344    -0.038893    -0.128625    -0.041047
   0.0281928     0.103157    0.0343327    0.0257849
   -0.156114    -0.075785    0.0186544    0.0232836
  -0.0875268    -0.068302    -0.113486     0.139788
   -0.116509   -0.0633976   -0.0424296    -0.099336
    -0.19178    0.0337988      0.11591    0.0164288
  -0.0356174    0.0732748    0.0615358      -0.0799
   0.0261351     0.136941    0.0843968      0.15569
     0.11849    -0.141016    0.0158041    -0.050967
   0.0303153    0.0533144    -0.197934    -0.129763
    0.106335    0.0179677  -0.00461568   -0.0482969
    0.186495    0.0418445     0.112223    -0.105498
    0.121174    0.0933635     0.040624   -0.0918553
   0.0293538    0.0724844    0.0934455   -0.0482414
   0.0804846    0.0768282   -0.0475872   -0.0248167
   -0.234169  -0.00234429    0.0837163    -0.121111
  -0.0778416 -0.000761931    0.0473605    0.0452356
   0.0421908    0.0329566   -0.0285128   -0.0752094
   0.0889204    0.0485403    -0.148694    0.0364869
    0.136052     0.138053    0.0325256    -0.107395
  -0.0236453    0.0380312    -0.244543   -0.0948416
   -0.050574    0.0721107   -0.0794377    -0.141614
   0.0285152    0.0633331   -0.0100943     -0.13234
   0.0418424    -0.101704    -0.108915   -0.0505507
  -0.0134324    0.0372937    0.0664249    0.0528036
   0.0662092  0.000312277    0.0063362    -0.160928
  -0.0429814   -0.0788811   -0.0833331     0.114937
   0.0834848   -0.0257711   -0.0583988    -0.111753
  -0.0906546   -0.0511625    0.0135386  -0.00674434
   -0.192557     0.187666  0.000662569   -0.0599016
   -0.139105   -0.0725789    0.0208888   -0.0827475
    0.172749    0.0372977   -0.0331194    -0.102953
    -0.05785     0.124461   -0.0304562    0.0873939
    0.113831    -0.121423   -0.0854318   -0.0127864
   0.0361688   -0.0291528   -0.0465833    -0.011575
  -0.0349368     -0.12023    0.0112555   -0.0286849
   -0.234981     0.261415      0.20068     0.151384
   0.0507497    0.0201886    -0.045009   -0.0122132
   0.0685602   -0.0857651   -0.0247122   -0.0406378
   0.0365419    0.0442118    -0.011669    0.0337126
  -0.0626886   -0.0832111   -0.0700866    -0.148009
    0.132665   -0.0486433   -0.0753668   -0.0833374
    0.067507   -0.0201845     0.162003    0.0436331
   0.0815191   -0.0383075   -0.0613045     0.155932
  -0.0722471  -0.00734772   -0.0313442  5.89835e-05
    0.150328    -0.054387    0.0326256    0.0693014
   0.0237387    0.0923225    0.0392181   -0.0668388
   0.0670074    -0.031125    0.0501259    0.0803963
   -0.121007    0.0134805   -0.0331243    0.0336076
   0.0857054     0.108003    0.0927322   -0.0455293
  -0.0617562    -0.128543    -0.122624    -0.172663
   0.0141991    0.0459337    0.0776981   -0.0874875
  -0.0795839    -0.018057    0.0565805    0.0474403
  0.00691784    0.0116939  0.000925805    0.0881632
   0.0507192    -0.057586    -0.138076    -0.140225
   -0.147802     0.112791    -0.103443    -0.110308
  -0.0065881    -0.068066   -0.0815532    0.0183708
  -0.0655999   0.00572351   -0.0873514   -0.0721532
    0.032141    0.0847681      0.18854      0.10446
    0.137365  -0.00682601   -0.0605163     0.177305
   -0.213154   -0.0251702    0.0760827   -0.0817895
    -0.14702    0.0293874     0.129277     0.184227
   -0.330543    -0.146804   -0.0570383    -0.069262
  -0.0794963   -0.0518636   -0.0193344   -0.0733438
   -0.163249   -0.0490725     0.177824     0.169761
   -0.180845    0.0564359     0.137245    0.0291613
   -0.122357   -0.0565116   -0.0782253  -0.00132794
  0.00304536    0.0377455    0.0240977   -0.0651603
    0.115256   -0.0752024    0.0692635    0.0341164
  -0.0532352    0.0867604    0.0215194    -0.100804
     0.11497    -0.100099    0.0480822    -0.199804
   0.0354458    -0.157626    -0.105608    -0.179607
    0.262718     0.113933  -0.00737193  -0.00489201
   -0.122075    0.0159362    -0.095154    0.0728262
    0.110563    0.0273995     0.053242    -0.131264
    -0.19103   -0.0450328   -0.0102191   0.00609483
   0.0487345   -0.0377697   -0.0359434   -0.0903296
   -0.342527     0.138376     0.195528    0.0263936
   -0.109315    0.0341305   -0.0673737   -0.0575405
    0.142121    0.0590261   -0.0109683    -0.133233
   -0.254323    0.0529186   0.00689943    0.0126026
  -0.0705581    -0.089694    0.0728522       0.2424
  -0.0417297    0.0629633    0.0693113    -0.124126
    0.202477   -0.0304068   -0.0549862   -0.0642532
   0.0805102   -0.0826505    0.0197844    0.0247242
  -0.0218771   -0.0388239  0.000119706    -0.125223
    0.100683    -0.209178    -0.155225   -0.0538922
  -0.0125978   -0.0649661    0.0796842    0.0061116
    0.115743   -0.0924792     0.115654    0.0839129
   -0.173985     0.139018    0.0154537    0.0324049
   -0.156546    0.0391653     0.110662   -0.0287706
  -0.0206664    0.0458491    -0.169946    0.0145294
    0.229764    0.0208875    0.0205698   -0.0512169
     0.12212  -0.00013408     0.141625    0.0946303
  -0.0123166     0.091859   -0.0420998    -0.085604
   0.0492009   -0.0458718    -0.175344   -0.0473355
  -0.0647136    0.0487821    0.0445401     0.190361
  -0.0397437   -0.0545888    0.0598695     0.120021
   0.0861632     0.149133     0.176879    -0.136685
 0.000528384    0.0652589    0.0342517    0.0185184
  -0.0249149     0.122545     0.134791   0.00724351
  -0.0526037    0.0125859    0.0970304     0.109873
   0.0979333   -0.0715858    0.0279018  -0.00591058
  -0.0787816   -0.0532982    -0.111314   -0.0448324
 -0.00381784   -0.0156778    0.0065466    0.0748373
  -0.0310489     0.115279    0.0680245   -0.0666468
     0.10658    0.0291771     0.126198 -0.000824572
    0.096029   0.00289172    0.0463393    0.0659101
   -0.090209   0.00786484     0.175266     0.098893
    0.213586   -0.0784779   -0.0565541    0.0117421
   -0.121392    0.0268593    -0.154358     0.109095
  -0.0667176   -0.0390258    0.0640677     0.137879
   0.0613681    0.0936115   -0.0953685     -0.13814
   0.0167084     0.104206    0.0611284     0.047721
  -0.0512902    -0.117122   -0.0519316   -0.0293912
   -0.240764    -0.122749    -0.134566   -0.0159659
  -0.0902233     -0.11458     -0.27989  -0.00510936
   0.0947508    -0.141628   -0.0156563   -0.0456391
 0.000241394    0.0850967    0.0900604    -0.039395
    0.038754  -0.00987728    -0.192464    -0.240122
  -0.0243723   -0.0346976    0.0632873    -0.097701
  -0.0618981     0.059093    0.0219963    0.0593778
   0.0441862   -0.0507439    -0.147697    0.0123996
  -0.0315382   -0.0640927   0.00361567     0.103509
    0.194949    0.0341266   -0.0610855     -0.10393
  -0.0975268  -0.00191316    0.0224336     0.189671
   -0.120727    -0.094246    -0.180689     0.145684
  -0.0716707    0.0764768    0.0365428    0.0386413
   0.0502157    0.0733783   -0.0964375    0.0117416
    -0.15174    -0.111743   -0.0325856   -0.0126027
    0.134755    0.0176642    -0.110652   -0.0380105
    0.133702    0.0525716   -0.0923027   -0.0580916
  -0.0642489    0.0291011   -0.0753206   -0.0121159
   0.0828921      0.12784   -0.0381375    -0.106769
   0.0103631    -0.110054    0.0549943    -0.144704
  -0.0525371    0.0704579    0.0750621    -0.211597
   -0.183592   -0.0742251    -0.114209     0.162906
   -0.198531    0.0470087   -0.0431749     0.091267
   -0.142748   -0.0124954    0.0566958   -0.0658861
    0.084666     0.103176    0.0420558     -0.12117
    0.164956   -0.0318084    -0.130215     0.103093
    -0.17022    0.0797245    0.0607983    0.0760676
   0.0770545  -0.00684014      0.01281   -0.0671983
  -0.0536986 -0.000291039   -0.0894878   0.00154535
   -0.166664   -0.0578763    -0.106328    -0.153689
   0.0459636   -0.0965911    -0.110657    -0.113698
  -0.0876374     0.191503     -0.10691    -0.183182
   0.0977546   -0.0975955    -0.105746    -0.105683
   0.0480697    -0.103683    -0.204029   -0.0819234
    0.107515   0.00708362   -0.0511767   -0.0179715
  -0.0437707     0.123191   -0.0985873   -0.0660422
   0.0730214    0.0450129     0.161223   -0.0545969
   -0.102788   -0.0293886 -0.000305827   -0.0585324
   0.0923405   -0.0272789   -0.0249832    0.0800186
 -0.00507117   -0.0109207    0.0387715   -0.0475178
  -0.0680102     0.154174     0.179282     0.113664
  -0.0266056   -0.0312838    -0.124647   -0.0693847
     0.13987    -0.131435   -0.0795515   -0.0188845
   -0.050668    0.0608832     0.151562   -0.0868083
   -0.293125     0.119017   -0.0271013    0.0792305
  0.00433504    -0.090754   -0.0803086    -0.149192
   0.0408529    0.0538457 -3.86639e-07    0.0983858
   0.0621963    0.0246149    -0.150395   -0.0737697
    -0.23866   -0.0927553    0.0170756    0.0604013
   -0.101304     0.105323     0.223919   -0.0988389
  -0.0989484    0.0374544   -0.0551511    -0.104664
   -0.027708    -0.110996   -0.0671226    0.0616373
  -0.0288733  -0.00453894   -0.0446977  -0.00961739
   0.0463544     0.113822    0.0398954   -0.0615605
    0.139063    0.0787836   -0.0110449    0.0100725
  -0.0653507    0.0759119     0.246938    -0.129555
   0.0339795     0.150061  -0.00321409   -0.0982286
  -0.0191751    -0.103782   -0.0285771   -0.0728637
    0.160354    0.0258793     -0.11345   -0.0706967
   0.0748544    -0.165988    -0.175708   -0.0566175
    0.148688   -0.0253486    0.0512663    0.0562155
 -0.00480628    -0.152536   0.00861815     0.148791
    0.144811   -0.0625814   0.00828502   -0.0531513
 -0.00562112    0.0474214    -0.064731    0.0787378
    0.142073    -0.121999     0.108004   -0.0413921
  -0.0905628    0.0235538    -0.107618    0.0803967
   0.0154194    0.0360593   -0.0129836 -0.000104308
   0.0986237    0.0624438     0.318626    0.0543948
    0.184964   -0.0355164    0.0753152    -0.141112
  -0.0287061    0.0405233     0.004557   -0.0281561
   0.0573487   -0.0230211     -0.12601   -0.0456656
    0.273587    0.0379618    -0.127989    -0.185034
  -0.0325396   -0.0282495   -0.0123653   -0.0262101
    0.147027   -0.0508466   -0.0822367     0.125368
   -0.264348   0.00887497     -0.13604    0.0920776
     -0.1207     0.065445    0.0415224   -0.0139484
  -0.0783122    0.0275947   0.00343231    0.0222163
   -0.155136   -0.0743765    0.0380129    0.0802287
  -0.0969368    0.0845749   0.00776973     0.105878
   0.0249635     0.108133    0.0756012   -0.0604244
    0.216841   -0.0141698    -0.247954    -0.194737
   -0.102576    0.0368727   -0.0459866   -0.0158692
  -0.0963433    0.0748822    0.0397004    0.0235446
 -0.00095505   -0.0472398    -0.247493   -0.0609781
  -0.0103692     0.090862    0.0626073     0.163148
   0.0962733    0.0956414   -0.0913059   -0.0110421
   0.0525535     0.044957   -0.0287344     0.131452
  -0.0254688    -0.145375    0.0108081    0.0729843
   0.0239152   -0.0698452  -0.00340141   0.00666061
   0.0563512   -0.0357694   -0.0167993    -0.174774
   -0.160777    -0.022081   0.00084097    0.0378073
   0.0510405    0.0401526   -0.0555103     0.159108
    0.150869   -0.0639995   -0.0585521    0.0682785
  -0.0776025   -0.0115743   -0.0509189     0.131004
  -0.0025192  -0.00102851     0.138862   -0.0790228
   -0.053358    0.0705383   -0.0857634     0.114256
   0.0763805   0.00740052    -0.164334   -0.0301656
   0.0449473    0.0278033  -0.00018726    0.0887006
   0.0919455   -0.0276217    -0.105212   -0.0126468
   0.0340274    0.0615986    0.0835808   -0.0519637
     0.21557   -0.0730618   -0.0440015   0.00588283
   0.0349853   -0.0345303   -0.0207847     0.245759
  0.00567425  -0.00617399    0.0282574    0.0174395
   0.0793543    0.0617402  0.000105547   -0.0354012
  0.00912403    0.0871224     0.105692    -0.136697
 -0.00819424   -0.0394203   -0.0498961   -0.0762084
    0.172666    0.0196736   -0.0292047   -0.0990218
   0.0512724    0.0524066      0.14219   -0.0764348
   -0.143802   -0.0848149    -0.111523    0.0816783
   0.0881863  -0.00393902   -0.0664566   -0.0397035
   -0.049614    -0.160633    -0.235018      0.10646
   -0.279811     0.122029     0.166927     0.106052
   -0.058499   -0.0376448    -0.174687    -0.056244
   0.0210068     0.153874     0.244983    0.0255703
    0.153675   0.00323324    0.0246477    -0.160669
    0.077852    -0.164379     -0.17855   -0.0374984
   -0.282357  -0.00739876    0.0104705   -0.0699855
   0.0187625   -0.0430249    -0.127312   -0.0176217
   0.0447301   -0.0270113     0.106629    0.0435189
    0.245715   -0.0655863     0.139619    -0.166666
   0.0105898     0.086972   -0.0619469    0.0485495
  -0.0307155   -0.0132346    0.0699271     0.159951
  -0.0903832   -0.0295169    -0.139966     0.118209
  -0.0253542   0.00284877    0.0118775   -0.0777494
  -0.0272074   0.00846384   0.00994994  -0.00327286
   -0.107106    0.0215585     0.039393     -0.18094
       0.104    0.0919466  -0.00155451   -0.0537671
  -0.0995953    0.0131167    0.0886906    0.0973175
   0.0152072   -0.0787041    -0.127726   -0.0830409
  -0.0911954     0.183567    0.0104053     0.241943
    0.169583   -0.0113263    -0.049282    -0.147112
   -0.154636   -0.0110282   -0.0104654   -0.0237744
   0.0368665     0.162088     0.218185    0.0917686
   0.0156681   -0.0752077   -0.0192092   -0.0062898
    0.116135   -0.0486072   0.00895857   -0.0192773
   -0.130011    -0.068571   -0.0148277   -0.0620706
  -0.0234713    0.0203435   -0.0649438    -0.130432
  -0.0138964    0.0179911    0.0682639  -0.00507804
    0.109584   -0.0175651    0.0758126   -0.0952107
  -0.0541565   -0.0480841     0.150086   -0.0710915
   0.0153255    0.0507853    0.0143775  -0.00873114
   -0.157897    0.0741864     0.161894   -0.0214977
   -0.190019   -0.0760842   -0.0417253    0.0340215
    0.041696    0.0117549   -0.0260972    0.0866023
   -0.171239   -0.0178139   -0.0144216   -0.0292559
  -0.0947934    -0.146579    0.0661772    -0.158059
  -0.0955586  -0.00546776  -0.00305995   0.00738337
    0.145156     0.152106     0.174159    -0.091594
   -0.116735   0.00234773    0.0989225    -0.116645
    0.129903   -0.0635942  -0.00792209    0.0988445
  -0.0605885    0.0373787   -0.0165513    0.0248045
  -0.0522358    -0.124926    -0.125507     0.194708
   -0.172309    0.0155812    0.0517355    0.0139623
   0.0308029    0.0639977   -0.0243593   -0.0929458
   0.0345991    -0.142434    -0.152729    -0.181632
  -0.0244766     0.129985   -0.0331699    -0.144667
    0.202792    0.0265806    0.0549038    -0.134324
   0.0293147     0.110776  -0.00512486      0.15514
    0.152619    0.0621772    0.0306095   0.00993753
   -0.069495    -0.164845    0.0105498    0.0794945
   -0.198141    0.0400446     -0.03425     0.288173
  -0.0807215   -0.0288575    0.0618194    0.0301194
  -0.0350773    0.0779505    0.0257289     0.111102
  -0.0610825    0.0955696   -0.0067055    0.0370407
    0.134524    0.0260882   -0.0279896   -0.0681391
    0.076755    0.0742489    0.0479961   -0.0200055
    0.134026    0.0347435   -0.0183118     0.137375
   0.0279188   -0.0359272     0.159181    0.0999909
     0.19464   -0.0359858    -0.017447   -0.0377947
  -0.0547809     0.135312    0.0731672    -0.118203
    0.178729   -0.0720354     -0.23657    -0.191634
  0.00898774     0.136418    0.0348678    -0.196173
    0.236347   -0.0681984   -0.0647093    -0.194974
  0.00739215   -0.0536939  -0.00716528    0.0582297
   0.0975571    0.0348692    0.0221941    0.0555622
   0.0979692    0.0830133   -0.0285804     0.120536
   -0.582274    0.0511636   -0.0783163     0.186653
   0.0701094    0.0401795    0.0736764      0.05205
    0.111834   -0.0360612    0.0625412   -0.0269031
   0.0400857    -0.131925    0.0206604     0.229107
   0.0497165    0.0677246    0.0797324    0.0228724
   0.0866986     0.103407      0.10878   -0.0368683
  -0.0274766   -0.0592973    -0.192462    -0.233659
   -0.200064    0.0758429    -0.203939    -0.090051
 -0.00349488   -0.0247631    0.0677379   -0.0123169
   -0.188827  -0.00558232     0.184815      0.12985
    -0.34768     0.117772     0.194793     0.132763
  -0.0969702     0.106173  0.000829302    0.0781114
    0.040169    -0.019697     0.171979   -0.0866627
   0.0133642    0.0732642   -0.0343981    0.0635193
   -0.306133    0.0341207    0.0324732      0.11779
    0.128936     0.151084     0.157802   -0.0607078
   0.0597097     0.102378   -0.0235103    -0.166401
   0.0217295    0.0726631   -0.0715591    0.0485949
  -0.0346894   -0.0386052    -0.125765    -0.188024
    0.051476  -0.00382605     0.148163    0.0485055
   -0.145505   -0.0285223    0.0487369    0.0337442
   0.0545877   -0.0579484    -0.102376   -0.0367798
    -0.18775     0.239259     0.100929   0.00517242
  -0.0302743   -0.0942012   -0.0219885    0.0866904
  -0.0189374    0.0248069   -0.0340522   -0.0892387
  -0.0455674     0.076617   -0.0838142     0.108682
   -0.171617    0.0666588    0.0762491    0.0328618
     0.20086   -0.0513574    -0.100042   -0.0109817
  -0.0504227    0.0641659    0.0838081   -0.0394785
  -0.0555925   -0.0735016  -0.00359455   -0.0274009
   -0.178579     0.104595    0.0227804     0.141776
  -0.0913765   -0.0832287   -0.0150815    0.0941048
    0.026498   -0.0960711    -0.111026    0.0182677
   -0.108721     0.104552   -0.0337515   -0.0234263
    0.137793    0.0020399     0.161473   -0.0504878
  0.00186873  -0.00309352   -0.0659343  -0.00742129
 -0.00510376    0.0475243     0.177991   -0.0996451
    -0.17104   -0.0711178    0.0371836      0.07528
     0.19345   0.00691452    0.0136879    -0.101854
    0.120633   0.00595922   -0.0448807    -0.150637
 0.000467924    0.0491754   -0.0816338   -0.0773016
    0.020949   0.00308391   -0.0921581   -0.0294437
   -0.170222     0.175322    -0.136541  -0.00488394
   0.0963548    0.0244373   -0.0189529   -0.0319853
    0.137539   -0.0325848   0.00818801   -0.0614179
    0.137942   -0.0926952   -0.0936739   -0.0903609
     0.10364    0.0743943     0.136696   -0.0657102
  -0.0181122     0.128588     0.160047    0.0311485
   0.0473239   -0.0885209  -0.00772677     0.022111
    0.179435     0.128055     0.039269   -0.0165645
   -0.100225  0.000120227    0.0285531   -0.0434876
   0.0809754     0.022649    -0.053807   -0.0926884
   -0.165299    0.0058938    -0.051981    -0.142697
   -0.299084   -0.0998699   -0.0605714     0.114175
    0.201587    -0.142191    -0.152808    -0.195503
   0.0344584  0.000163482   -0.0649614    0.0832821
   -0.128171    0.0458373     0.153585     0.109685
  -0.0504972    0.0232096   -0.0670443   -0.0233454
   0.0349588    0.0521736   -0.0101318     0.116327
 -0.00277415    0.0835511    0.0216218     -0.17622
    -0.13661    -0.033952    -0.112365     0.105136
   0.0455105    0.0267511    -0.106487     0.129492
  -0.0472358   0.00873843     0.102217     0.042998
    0.019927    0.0166892   -0.0965525   -0.0474707
  -0.0640064   -0.0519055   -0.0304988      0.12056
  -0.0399269    0.0328159    0.0183615     0.184693
   0.0481201    0.0190456     0.119263     0.120255
 -0.00985778   -0.0214816     0.349943     0.114174
   0.0512963    0.0445095    0.0694038    -0.060592
   0.0509526   -0.0343353    -0.236796    0.0267723
   0.0810164    -0.120413    -0.234952    -0.203798
     -0.1178     0.132372    0.0683112     -0.11344
   -0.157798    -0.109505    -0.160763     -0.11784
     -0.2004    0.0954265     0.115321   -0.0481238
     -0.1297    0.0883501   0.00658031    0.0883342
    0.117109     0.051087     0.113474     0.148939
  -0.0366329   -0.0352776    -0.103907   -0.0709649
  -0.0591506   -0.0354904   -0.0530225  -0.00250565
    0.158287    0.0528303    0.0696468    -0.112447
   -0.107617    0.0549579  -0.00045748    0.0341158
   -0.248498     0.161838     0.189842    0.0117293
   0.0771764   -0.0324055  -0.00969386   -0.0201974
  -0.0902805  -0.00911178   -0.0513504    -0.100361
   -0.108351     0.109026   -0.0896673    0.0865152
     0.15204    0.0924609     0.105584 -5.00557e-05
 -0.00848183   -0.0515201    0.0168459      0.10848
  -0.0914477   -0.0106894   -0.0227561    -0.175645
   0.0100645    0.0198791     0.131085   0.00773077
  -0.0218688   -0.0702891   -0.0418614    0.0925338
  -0.0321471   -0.0331224   -0.0872997    -0.101347
   -0.109355   -0.0459275     0.167387   -0.0252419
    0.071461    0.0920347 -0.000312757    -0.225392
    0.113321   -0.0314994   -0.0763918    0.0104672
    0.110004    0.0187396   -0.0300788    -0.134768
    0.296666    0.0482375   -0.0340137      -0.1165
    0.201408     0.146791     0.120966     0.113244
   -0.021753    0.0310685  -0.00855166     0.155047
   0.0840109    0.0488335    0.0305563     -0.06782
   -0.075565    0.0760347   -0.0208467  -0.00597273
    0.148044   -0.0388781     -0.23643    -0.130922
   -0.255839    0.0201802     0.072389 -0.000145089
   -0.108181    0.0779729  -0.00466475   -0.0237454
    0.017435    0.0402879     0.104308  -0.00226955
   0.0536236   -0.0328458    0.0576033     0.135956
   -0.176578     0.140664   -0.0986678    -0.226625
   -0.143383    0.0226127    0.0952172     0.129098
  -0.0253387    0.0820245    -0.026059    0.0288445
  -0.0902206    0.0573759  -0.00495399    0.0661077
    0.113857     0.187397    0.0459548    0.0661335
  -0.0428185   -0.0462265   -0.0227136    0.0421325
    0.123622   -0.0419708    0.0852607   -0.0168113
    0.109332    0.0379805   -0.0920974   -0.0313138
  -0.0253318   -0.0943636    -0.114779   -0.0743723
   0.0357527   0.00518149   -0.0221577   -0.0326579
  -0.0181652   -0.0902466   -0.0497403   -0.0151406
  -0.0469377    0.0588503    0.0123279    -0.105644
   -0.152864     -0.11838   -0.0518086    0.0530477
  -0.0194577   -0.0230906   -0.0355691   -0.0432673
  -0.0217946   -0.0512981    0.0360315  0.000168191
  -0.0197983    0.0807946    0.0107117    0.0338928
   0.0550952   -0.0258877    -0.116505    0.0986123
   0.0822187   -0.0287924     0.116158     0.197891
   -0.139043    0.0737147    0.0700146   -0.0635169
   -0.112406     0.105899     0.082259   -0.0826103
     0.14895    0.0564518  -0.00933381    0.0323144
    0.159547   -0.0702656     0.120369     0.109403
  -0.0368882    0.0218997   -0.0196532    -0.142509
  -0.0905538   0.00113861     0.068527     0.333351
    0.161771    -0.193373   -0.0530713    -0.144891
   0.0367856    0.0157515     -0.11493    0.0574413
   0.0667156     0.115923    0.0392901  -0.00809425
  -0.0409564    -0.102787     0.130332   0.00832922
    0.218999   -0.0175497   -0.0691453   -0.0455136
   -0.242183   -0.0138974     0.121588     0.224319
   0.0966976    -0.104221     0.216445     0.130148
   0.0618512    0.0450492   -0.0435868    0.0899583
    0.176778    0.0118216    0.0608364    0.0663504
  -0.0887208     0.106826   -0.0360849    0.0215989
   0.0629603     0.147128  6.14515e-05    0.0882193
   0.0320334     0.116367    0.0360265    0.0162033
   0.0617546     0.105259   -0.0382079     0.200206
    0.128961  -0.00506059   -0.0358362    -0.106236
  -0.0081411     0.132187    0.0280287    0.0267659
   -0.405028   -0.0693374    0.0308288    0.0356424
      0.2312    0.0254824     0.110723  -0.00492297
    0.122567    0.0188111   -0.0511238   -0.0444248
   0.0697959   -0.0543815    -0.122967    0.0837095
    0.108351  -0.00268896   -0.0362063     0.104019
    0.127854    0.0823839   -0.0932671    -0.128031
   0.0117368   -0.0556919    -0.107804    0.0525942
  -0.0604747   -0.0408616   -0.0109664     0.100516
     0.14948    -0.104065   -0.0390504    0.0519897
   0.0534578    0.0195119     0.068227     0.126619
  0.00781144     0.135159  -0.00754376    0.0458379
  -0.0580161  -0.00203737    -0.153186  -0.00681214
  -0.0847782    -0.201181    -0.253983     0.108374
   0.0237623    0.0747689    0.0764079   -0.0455162
  -0.0403655    0.0127195    -0.229545    -0.126526
  -0.0494411   0.00209738  -0.00205737    0.0486346
    0.137985   -0.0936765   -0.0235934   -0.0819753
  -0.0421797   -0.0301446    -0.110617  -0.00758672
   0.0667151    0.0534556    0.0151249    -0.125005
  -0.0488719    -0.187574   -0.0623615    -0.055894
   0.0911767     0.127632   0.00759459     -0.14344
   0.0689387    -0.102667   -0.0109344   0.00114583
   -0.222726     0.076754    0.0149758   -0.0855826
  -0.0965911   -0.0595028   -0.0477536     0.111648
   -0.124777    -0.115239   -0.0519151    0.0189711
   0.0244806   0.00333312    0.0844056   -0.0859057
   0.0297299   -0.0331103    -0.166431   -0.0529131
    -0.20671    0.0810409     0.042938    0.0357544
    -0.11424   -0.0700913    -0.122246   -0.0112458
    0.129652   -0.0225429    -0.109957    -0.041059
  -0.0373761     0.060193   -0.0464409   0.00388948
    -0.07459    -0.045839    0.0132087    0.0296012
   0.0587486     0.181038   -0.0584068    -0.026558
   0.0702095   -0.0249362   -0.0246976    -0.128689
   0.0141238   -0.0699046     0.027772    0.0188786
   -0.055191   -0.0757132    -0.109331   -0.0493565
   -0.162809  -0.00581587    0.0949772   -0.0355875
  -0.0119423   -0.0253922    -0.115263    0.0717053
    -0.05654   -0.0612445   -0.0502026    0.0196733
  -0.0771985    0.0288399   -0.0713737   -0.0611808
 -0.00212877   -0.0929221   -0.0599626    -0.241124
   0.0334515   -0.0796309   -0.0897408   -0.0517247
  -0.0724058    -0.137237    0.0549082    -0.121454
 -0.00743462    -0.047351     0.105093   -0.0515447
   0.0958085   -0.0337963   -0.0920552   -0.0214978
   -0.222433    0.0945098   -0.0317808     0.236928
  -0.0629113    0.0951034     0.115459    0.0638585
 -0.00379043    -0.143298   -0.0956913    0.0781246
    -0.14479    0.0838647     0.340136     0.153034
 -0.00818162   -0.0776684     0.299581    0.0776112
    0.218794   -0.0312111   -0.0962791   -0.0272673
  -0.0919822   -0.0860046    -0.176094    -0.109861
   -0.169241   -0.0303488   -0.0126038     0.194985
   -0.170515   -0.0263929   -0.0625816    0.0520174
  -0.0969793    0.0322955   -0.0454449     0.147468
   -0.185252    0.0665354    0.0630104   -0.0462922
    0.114152    0.0107959   0.00382255    0.0194882
    0.116841     0.234558     0.116927    0.0752447
   0.0334295    0.0269061     0.108926 -9.93423e-05