    -0.13375     0.275327    0.0603954     0.025639
   0.0813502  -0.00834233   -0.0119163   -0.0396869
   0.0256246    0.0185382  -0.00117505   -0.0030614
  -0.0210287    0.0371505   -0.0229559    0.0225229
  -0.0459379     0.285647    0.0559644      0.27382
  -0.0218961   -0.0364402   -0.0295276    -0.120939
    0.144285    -0.179845   -0.0858534 -0.000992964
   0.0771846    -0.180847    -0.050096    -0.108466
    0.112473    -0.113062    -0.158363   -0.0137991
   0.0433184    0.0137319    -0.101327    0.0591946
   -0.260146      0.19019    0.0462936    -0.130062
  -0.0351509     -0.16188    0.0410195   -0.0460221
  -0.0412544     0.119104    0.0675201     0.120432
   -0.101632     0.279399   -0.0340068     0.273175
    0.092671    0.0556972   -0.0844909 -7.79554e-06
   -0.238107     0.466927     0.141412     0.248176
  -0.0215342    0.0851375   -0.0457015    0.0760076
   0.0905073    0.0362398   0.00551747     0.188541
   0.0776799   -0.0337158   -0.0542671     0.027283
   -0.158571     0.326133    0.0782319     0.135411
    0.113982 -0.000754639     0.114206     0.112609
    0.125453   -0.0654769    0.0179933  -0.00358574
  -0.0360364   0.00588957    0.0152651   -0.0184433
    0.137819    -0.247917    0.0826304   -0.0571963
   -0.207857     0.271181   -0.0398229  -0.00698757
   0.0698594     0.162166   -0.0823777     0.128164
  -0.0725602    -0.119506   -0.0548851    -0.134127
   0.0399541    0.0936193    0.0728965     0.080303
   -0.076792    0.0565713    0.0398738  -0.00463541
    0.134321    -0.121867    0.0367479    0.0224309
 0.000152042    0.0536142   -0.0879212    0.0316351
   -0.107511     0.192488  -0.00624591    0.0457906
  -0.0835681     0.343393     0.050634     0.201651
  -0.0461189  0.000915937   -0.0758894   -0.0915293
  -0.0029866  -0.00190346   -0.0353451   -0.0197749
  -0.0996718     0.167314    0.0371515    0.0454571
  -0.0111429     0.107017  -0.00754899   -0.0021565
   0.0487652    -0.119003   0.00782465   -0.0735899
  -0.0157753    0.0123907   0.00795836    0.0132687
  -0.0387475   -0.0375377    0.0769639   0.00318909
  -0.0941305    -0.081268    0.0601181   -0.0258715
-0.000802469    0.0832143    0.0339985   -0.0329508
  -0.0490478   -0.0262053    0.0417232   0.00462683
  -0.0100511   0.00597244    0.0205759    -0.016425
   0.0590653     0.136203   -0.0175217     0.207889
 -0.00401369    0.0705751    -0.114188   -0.0153308
   0.0891882    -0.082729    -0.123479   -0.0285889
   0.0445175    -0.175321   -0.0175158   -0.0146729
   0.0609725    0.0444834    0.0593831    0.0526095
    0.226051    -0.594198    -0.121121    -0.272717
  0.00469755     -0.11405   -0.0631395    -0.132127
   -0.242731     0.403556    0.0553556    0.0686187
   -0.233348     0.322203     0.119657     0.139453
  -0.0184882   -0.0760008   -0.0440242   -0.0611192
    0.106487   -0.0528544   -0.0281725   -0.0215835
    0.131452   -0.0497823   -0.0306922    0.0895924
   0.0141953   -0.0320581   -0.0522083   0.00428615
   0.0472632   -0.0282841    -0.017674   -0.0733874
   0.0850536    -0.104984   -0.0720486   0.00744641
  -0.0587544     0.425273    0.0296541     0.314038
   0.0782361    -0.190284   -0.0185066     0.016353
  -0.0266008    0.0132102    0.0671815     0.099906
    0.197598    -0.225798   -0.0750175    -0.107612
 -0.00532915     0.101147   0.00976427      0.19121
   -0.054557    -0.205021    0.0419331   -0.0958956
    -0.04487     0.120662    -0.123525   -0.0284378
  -0.0391082     0.122004    0.0866543    0.0111167
   0.0173406     -0.19278   -0.0564556    0.0302159
  -0.0175764    0.0204666    0.0185802    0.0726408
   0.0766743    -0.459262   -0.0598633    -0.285439
   0.0723466   -0.0358736    -0.070362    0.0217185
   0.0206475   -0.0257587     0.018101    -0.047332
   0.0388474     -0.34192    -0.118884    -0.237845
   0.0588534    0.0208572    0.0422644    0.0969252
   0.0459098   -0.0826103   -0.0979206   -0.0362058
   -0.028178   -0.0221217    0.0190007    0.0591419
   -0.127866     0.134609  -0.00619814   -0.0174125
    0.103801    -0.136303    -0.047146     0.047612
   0.0471439    -0.138504   -0.0560096   -0.0758747
  -0.0726554   -0.0684592  -0.00124703   -0.0700563
    0.102546   -0.0199371   -0.0145044    -0.017173
   0.0843307    -0.111294   -0.0543165   -0.0361514
   0.0550373     0.132129    -0.140053     0.118957
    0.247052    0.0454934   -0.0703058     0.208388
  -0.0794223    -0.128792    0.0411872    -0.167327
   0.0328865    0.0415415    0.0350407    0.0465726
   0.0399579    0.0896434   -0.0381815     0.118893
   0.0540038     0.136436   -0.0564896     0.106319
   0.0404775   -0.0576416   0.00732875  -0.00627239
  -0.0509199    -0.156264    0.0279199   -0.0605414
   0.0325215     0.161755    0.0640049     0.100719
   -0.152529     0.190792   -0.0102193   -0.0177598
  -0.0223355     0.171973    0.0158339     0.107291
    0.182258    -0.155708    -0.053019   -0.0439195
  -0.0209906    -0.103064   0.00496753    0.0228855
  -0.0331335    0.0517304    0.0496534    0.0994822
   0.0484738    -0.106891   -0.0547321    0.0529843
 -0.00565261   -0.0702766    0.0919258    -0.153999
  -0.0510866     0.174527    0.0840251    0.0780024
   0.0836413     0.273537   -0.0626323     0.210151
    0.238928    -0.235802    -0.176383    -0.101989
   0.0260757    -0.302002   -0.0431942    -0.141792
   0.0160322    -0.138652   0.00613341   -0.0576691
  0.00138697      0.10238   -0.0103691   -0.0159209
   0.0582745     0.123539    -0.061245    0.0375347
   0.0746468    -0.295645    0.0597059    -0.211353
  -0.0771959    0.0181256  -0.00519882    -0.124084
    0.297489    -0.207972    0.0119351     0.172928
  -0.0563245     0.209258    -0.108088     0.141685
    0.279376    -0.240595     -0.14767     0.027404
   0.0779831     0.050928    0.0333888     0.109271
   -0.383862      1.13457     0.148195     0.527106
   0.0030453    0.0589622    0.0319611   -0.0443061
   0.0171101   -0.0145337      0.04947    0.0544508
   0.0169907   0.00619725  0.000921537    0.0312209
   0.0792551     0.258014     -0.18387    0.0754358
    0.219134    -0.189932    -0.136805    -0.039557
   -0.164316     0.209412   0.00840782   -0.0312656
    0.205798   -0.0712124   -0.0757544  0.000892976
   -0.116843     0.243789    0.0166493     0.118535
  -0.0616207      0.10305   -0.0305834   0.00129645
   -0.103313   0.00401434    0.0980657    -0.147952
   0.0305575    0.0475758  -0.00446914  -0.00179164
  -0.0590451     0.143556     0.103886    0.0806434
  -0.0994753      0.25411    0.0233129     0.068028
  -0.0168436    -0.213825   -0.0859153    -0.176541
   0.0832914     0.145962   -0.0785887     0.069024
   0.0902479    -0.163163   -0.0265507    -0.206985
  -0.0632263     0.191607  -0.00930415   0.00181668
 -0.00697178    0.0485578    0.0383997   0.00173677
  -0.0176975     0.318452    0.0466287     0.225679
  -0.0541908   -0.0245996   -0.0531968    0.0178082
   -0.160221     0.223446   -0.0269047    0.0579608
   0.0203108   -0.0615251   -0.0103827    0.0224761
   0.0112228   -0.0321601    0.0422111   -0.0515837
   0.0365259   -0.0851378    -0.056794     -0.12698
   0.0191399   -0.0522425   -0.0620118     -0.16675
   -0.115578      0.21481    0.0386953     0.118928
  -0.0128665    0.0532286    0.0209794    0.0624419
   -0.194733     0.561017    0.0481113     0.285314
   0.0419936   -0.0359101    -0.016768 -0.000831626
  -0.0683712     0.329969     0.116489        0.139
   0.0401733    -0.102852   -0.0109685    0.0598031
-0.000279744     0.114876    0.0131344    0.0533988
   0.0806603    -0.196173   -0.0267178    -0.094269
   -0.177666     0.279905   -0.0817848  -0.00997955
    0.101029    -0.111648    -0.142909    0.0481626
     -0.1146     0.167235    0.0793137    0.0496144
   -0.141156    0.0280958    0.0654212   -0.0647448
  -0.0425159     0.122988    0.0266888    0.0919095
   -0.221725     0.436056    0.0852666     0.198401
  0.00497526     0.274453   -0.0335503     0.236819
   0.0203627    0.0147799   -0.0378273     0.058964
  -0.0100501   -0.0662399   -0.0443309   -0.0613041
    0.160136    -0.159482   -0.0364098   -0.0367919
   -0.107198     0.219017    0.0375119   -0.0136298
  0.00466284   -0.0240352  -0.00322877   -0.0433206
   0.0136444     0.118315    -0.020953    0.0668288
   0.0577603    0.0939562   -0.0395121    0.0741938
   -0.061485    0.0993741     0.119006     0.026173
  -0.0144174     0.265509    0.0742691     0.137566
    0.223428    -0.178942    -0.055448   -0.0155146
  -0.0629196   -0.0270898   -0.0771336     0.047914
    0.131311   -0.0015491    0.0740983     0.102236
    -0.21662     0.510425    0.0591069     0.253477
 -0.00635075   -0.0997872   -0.0560326   -0.0866219
  -0.0696818     0.116417    0.0938055   -0.0260184
  -0.0845765     0.468354    0.0849946     0.292891
   -0.053599     0.180396  -0.00893572     0.111518
   0.0112866   0.00802168    -0.039823   0.00490539
  -0.0197753     0.205376     0.016939     0.142998
   -0.191023     0.172188    0.0695727    0.0401949
  -0.0617371  -0.00830766    0.0785191    0.0107071
    0.127766    -0.378929   -0.0994264    -0.163895
  -0.0860892    0.0758665   -0.0905401      -0.1094
   -0.123787    0.0751346    0.0328155  -0.00542668
   0.0798663    -0.123285   -0.0932224    -0.093336
-0.000860686   -0.0264771   -0.0511008     0.049091
   0.0070762    -0.019455    -0.123344   -0.0754809
  -0.0537086    0.0927952    0.0699273    0.0229126
  -0.0450117     0.182426     0.096409      0.03744
  -0.0446611     0.169638   -0.0271043     0.134063
   0.0193784    0.0237501   -0.0851701    0.0349665
   0.0542816    0.0736462   -0.0359635    0.0938887
   -0.111777     0.105427    0.0096373   -0.0380552
    0.037679    0.0685645   -0.0367532    0.0634887
   0.0304926    0.0439475    0.0510805   -0.0384464
   -0.129383     0.800321    0.0591073     0.449704
    0.105315   -0.0212607    0.0443312     0.103947
  -0.0692208   -0.0964147    0.0394303    -0.171195
  0.00195744    -0.170788   0.00492685    -0.111568
  -0.0239845     0.268251    0.0806482     0.107905
   -0.123064     0.077084    0.0862067   -0.0193547
   -0.266683     0.555151     0.195225     0.257887
  -0.0343974    -0.128595   -0.0144183    -0.118257
  -0.0850976     0.388723    0.0610756      0.20116
   -0.138087     0.298613     0.226121     0.188985
 -0.00265455    -0.268803    0.0113447     -0.23578
   0.0455936    -0.120329   0.00555464    0.0103404
  -0.0896958     0.190388    0.0957977     0.163684
  -0.0316374    -0.099083   -0.0112857   -0.0440589
   0.0906699    0.0930858    -0.138832     0.131112
    0.015129    0.0239864    0.0552674    0.0428145
  -0.0329038       0.0647   -0.0175171    0.0835771
   -0.130537     0.403114      -0.0339     0.178387
   -0.108379   -0.0139409    0.0547646   -0.0329656
   0.0641716   -0.0804711  -0.00467629   0.00188556
  -0.0147606     0.193574   -0.0688914    0.0411665
    0.157015    -0.314821   -0.0807131    -0.188753
    0.115122    -0.273382    -0.134843    -0.176942
 -0.00615436   -0.0882748    -0.102405    -0.043961
  -0.0421568   -0.0306809   -0.0249536   -0.0185775
   0.0267827   -0.0119183    -0.102633   -0.0240419
   -0.150272     0.238669  0.000624255     0.102143
 -0.00427086     0.179845   -0.0241696     0.140767
    0.103918    -0.143174   -0.0879028    0.0458053
  -0.0834153   -0.0215848   -0.0235834   -0.0246348
   0.0617147   -0.0213904   -0.0105547    0.0234953
  -0.0528946     0.334101    -0.124639     0.119745
  -0.0219523     0.123489   0.00350753    0.0355644
    0.102239   -0.0216225   -0.0309125   -0.0721046
  0.00704258    -0.115996    0.0583083  -0.00944984
   0.0610547   -0.0631808   -0.0645861   -0.0645545
   0.0232879   -0.0085076    0.0046236   -0.0944864
   -0.144635    -0.029689      0.14503   -0.0178554
  -0.0212745   -0.0634222  6.11706e-05    0.0142216
    0.110654   -0.0306578    -0.012275    0.0569887
    0.106667    0.0330301    0.0140034     0.039856
   0.0657967    -0.158594    -0.122824   -0.0221284
   -0.145957     0.214002    0.0795835      0.10837
   -0.115886     0.488771    0.0846192     0.253049
    0.169501    -0.298963   -0.0227292   -0.0308508
   -0.140607     0.361923    0.0233083     0.141468
   0.0831822    -0.180176   -0.0210662    -0.128363
  -0.0440035     0.116509      0.02454    0.0794061
    0.106881     0.235501   -0.0502824     0.281765
   0.0463094  -0.00615719    0.0788148   -0.0136284
  -0.0788712     0.027198    0.0253895   -0.0264508
    0.105025    -0.138556    -0.114785   -0.0441539
    0.127497    -0.252629   -0.0936115   -0.0560842
  -0.0613169    0.0617659   0.00984075    0.0678245
  0.00391316    0.0449896  -0.00789055    0.0537726
    0.242405    -0.297403   -0.0419429   -0.0629151
  0.00178459    0.0385956   -0.0385385    0.0907658
  0.00957859     0.139164   -0.0106481    0.0533412
    0.125995     0.184421    -0.215635     0.188525
   0.0201577     0.107039   -0.0766564     0.143721
    0.117278    0.0149091    0.0730812   -0.0264344
   -0.259706    0.0796719      0.13072   -0.0842023
   0.0670803  -0.00740211   -0.0464715    0.0159734
    0.139294   -0.0368011   -0.0600787    0.0304506
   -0.114429     0.766706    0.0721361     0.444892
  0.00770044    -0.138293   -0.0619315    0.0122653
   0.0981012    0.0275896   -0.0790214     0.142362
   -0.303432     0.325501     0.042086    0.0337173
    0.149463   -0.0772855   -0.0514445    0.0495083
   0.0848063   -0.0944689   0.00387729   -0.0681629
   -0.218302     0.540188     0.155653     0.334615
   -0.128853      0.23757     0.037055    0.0507333
   -0.153442     0.311362    0.0902303    -0.012017
  -0.0993906      0.24772     0.102717     0.138427
   0.0966258   -0.0250541   -0.0590695      0.06337
   -0.147368     0.397107     0.120227      0.23301
    0.160178     0.147117  -0.00580651     0.164107
   0.0712481     -0.16159    0.0488785   -0.0168058
   0.0176446     -0.29225   -0.0717488    -0.178731
   -0.092659     0.213366    0.0505841    0.0487571
  -0.0458939    0.0243397    0.0530501    0.0102639
    -0.10537     0.182285    0.0235684    0.0587779
  -0.0911113    0.0885343   -0.0699297   -0.0198888
   -0.124329     0.101015    0.0405746   -0.0226617
    0.106981   0.00775422    -0.077224  -0.00214916
  -0.0710711    -0.108682   0.00286112   -0.0714702
    0.048198     0.235105   -0.0697128     0.146361
  0.00513172    0.0326421    0.0704094     0.104244
   -0.088942     0.455228    0.0029858     0.219178
   -0.197147     0.384998    0.0769687     0.127838
   0.0137571  -0.00572808    0.0677631    0.0415096
    0.397205   -0.0494312    -0.243677     0.203859
  -0.0686896    0.0214974    0.0656357   -0.0609185
   0.0301671   -0.0247724   -0.0477239    0.0116032
 -0.00376425     0.182129    0.0140031    0.0891236
  -0.0585727   -0.0775439   -0.0505795    -0.161447
   0.0492296   -0.0114061  -0.00651684    -0.024968
 -0.00244608    -0.029412    0.0131673  -0.00316184
 -0.00921804    0.0124939     0.100635  -0.00907759
  0.00275765    -0.135574   -0.0656985   -0.0608572
   0.0177262    0.0370057  -0.00366202     0.132159
   0.0542412   -0.0221404   -0.0205428   0.00865442
   -0.013056     0.112187    0.0323483    0.0224339
  -0.0301196     0.252809    0.0247063    0.0894359
  -0.0556644     0.187474     0.018242   -0.0140553
  0.00816271    0.0108301   -0.0725887     0.132706
   -0.103405   -0.0784372     0.125306    -0.107549
    0.166938    -0.393191    -0.188713    -0.228192
  -0.0651181      0.25994    0.0243058    0.0596401
  -0.0512792     0.172915   -0.0442891    0.0444113
   0.0830303   -0.0841804    0.0305461    0.0309027
  -0.0894658    0.0629478   -0.0635132   -0.0414635
    0.113069    -0.149719   0.00955321   -0.0851384
  -0.0416903     0.038083   -0.0834917   -0.0969212
 -0.00240231   -0.0418637   -0.0421182   -0.0445643
   0.0276826   -0.0372602    0.0643088   0.00506079
    0.108367    -0.183421   -0.0785115   -0.0954922
   -0.127566     0.341639    0.0123706     0.115673
   0.0151133     0.126132    0.0688262     0.128814
   0.0300902    -0.101272    0.0364447    0.0483624
    0.159479    -0.136326   -0.0987003  -0.00134553
   -0.111352     0.212805     0.025419    0.0575092
   0.0514968    -0.181925    0.0167605   -0.0798783
   0.0598526    -0.273774    -0.202644    -0.164284
   -0.115814     0.122358    0.0697858    0.0465209
   0.0882143    -0.130882    -0.107033    0.0164326
  -0.0758908     0.122989   -0.0525882   -0.0447355
   -0.154682     0.391796    0.0567082     0.240092
  -0.0726987     0.279288    0.0705441    0.0250889
    0.148496    -0.300995    0.0133749    -0.103303
  -0.0019591   0.00914537    0.0449855    0.0270146
  -0.0935327      0.11963    0.0514482    0.0571197
    0.060811    -0.115388   -0.0568714   0.00191463
   0.0835259     -0.18282    -0.115288   -0.0681226
  -0.0694078     0.104164    -0.129151  -0.00596628
   0.0242612   -0.0582526    0.0366451   -0.0315983
  -0.0254466     0.263306    0.0112513     0.129358
    0.187835    -0.273277    -0.159769   -0.0307809
    -0.12681      0.27085     0.139634     0.126552
    -0.10166    0.0330801    0.0361385   -0.0712517
  -0.0239144   -0.0639055    0.0589423    0.0281502
  -0.0933459     0.123893    0.0938101     0.123145
 -0.00192106    0.0860089    0.0327253  0.000977325
   0.0401335      0.01069    -0.057474   -0.0414589
   -0.137963   -0.0191833   -0.0339987   -0.0314934
 -0.00660767     0.311825   -0.0624145     0.219951
  -0.0234026    -0.163087   -0.0900354   -0.0806814
 -0.00856231     0.017944   0.00579821    0.0590061
    0.049793   -0.0780638   -0.0562742    0.0607689
 -0.00254679      0.27492  -0.00136029    0.0719834
   0.0265966   -0.0622115     -0.10149    0.0149764
  -0.0830134     0.134705   -0.0285773    0.0530906
   -0.244014      0.51783     0.118417     0.246736
   0.0986226     0.216104    -0.215284    0.0677833
 -0.00139254   -0.0748468    0.0421408   -0.0075775
  -0.0537879    0.0743646    0.0016712    0.0646536
   0.0190112    -0.126202   -0.0335573   -0.0595088
   0.0492625    -0.107024   -0.0107395    -0.154441
   0.0340966  -0.00339759   0.00179137   0.00843743
    0.104401    -0.158441   -0.0969734   -0.0885581
    0.107841    0.0841915   -0.0858977     0.044117
   0.0276153     0.139372    0.0437717    0.0710907
   0.0117722     0.173126    0.0374513    0.0898537
   -0.036079   0.00225833    0.0852578  -0.00583911
   0.0578193   -0.0357688    -0.108128    0.0307839
  -0.0296368    0.0591164   -0.0950978   -0.0513571
   0.0903767      -0.0992    0.0444768    -0.046373
   -0.111371     0.147551     0.126706    0.0717176
  -0.0555681   -0.0518642    0.0535002   0.00553336
   0.0480172   0.00401235   -0.0418063    0.0443086
    0.130152       0.0111    -0.124476    0.0394394
    0.178739   -0.0530271    -0.100426    0.0435276
   0.0199088    0.0159309   -0.0190658   -0.0514076
   0.0544292     0.246898    0.0799864     0.175764
   0.0336335     -0.13929   0.00983121   0.00385812
    0.116376   -0.0167698   -0.0355346    0.0486563
   0.0262128    -0.118129   -0.0315421   -0.0623712
   -0.272748     0.583899      0.19051     0.235035
   0.0507102   -0.0700888   -0.0578777   -0.0967232
   0.0651149   -0.0252246   -0.0119746    -0.036504
   0.0727837   0.00948592    0.0631496     0.027072
   -0.101514    -0.209938    0.0167297     -0.19509
   -0.221322     0.288793   -0.0959486    0.0364823
    0.119633      -0.3411   -0.0616348    -0.238607
   -0.127518   -0.0515438    0.0584865    0.0106854
   0.0698269   -0.0339809    0.0361068  -0.00580631
  -0.0716487    -0.050331    0.0920523    0.0401499
  -0.0448972     0.231172   -0.0308044     0.230713
   -0.153534     0.448102   -0.0182519     0.156519
 -0.00797428     0.102373   -0.0226707   -0.0172712
   0.0442184    -0.102477  -0.00870816   0.00836232
  -0.0763754      0.16763   -0.0235414    0.0444009
    0.039329    -0.288028    0.0364368   -0.0893238
   -0.178755      0.24885     0.103515     0.062464
    0.130964    -0.106324   -0.0924091   -0.0327593
    0.018345   -0.0179382     0.079909    0.0193779
  -0.0372729      0.16043    0.0768581    0.0948535
  -0.0187564   -0.0125211    0.0362929    0.0321261
    0.032721   -0.0432374   -0.0129982   -0.0436177
    0.109692    -0.209095   -0.0660883   -0.0625768
  -0.0278747   0.00921374   -0.0110732   0.00236022
   0.0736146     0.103442    0.0368508     0.108479
   0.0999868   -0.0345879   -0.0184496    0.0493913
   0.0124461  -0.00200494    -0.160444   -0.0389077
   -0.037838    0.0153469    0.0350283    0.0779502
   0.0799569   -0.0612062   -0.0950804   -0.0182138
  -0.0079505   -0.0422097    0.0329603    0.0216845
   0.0266858   -0.0254443   -0.0534682   -0.0247898
   0.0671953    -0.150542   -0.0764636   -0.0453364
    0.122809     -0.07807  -0.00524255     0.106582
  -0.0316879   -0.0359258    0.0347968   -0.0494814
-0.000632969   -0.0642287   0.00171499   -0.0868556
   0.0986018    -0.323739   -0.0490113   -0.0925459
    0.233472   -0.0918559   -0.0659902      0.13572
   -0.192652     0.270789    0.0807544     0.113326
  -0.0735224  -0.00980165   -0.0491834    0.0440605
   -0.303036     0.430379      0.17273     0.228217
   -0.117506     0.339214     0.145597     0.132111
   -0.181601     0.910491    0.0877674     0.585918
   -0.019795    0.0204199    0.0486752   -0.0307475
  -0.0685994     0.245183    0.0605437    0.0949089
    0.089078  -0.00725672    -0.108955     0.156008
     -0.1631     0.303605     0.204203     0.137337
    0.191052    0.0713431   -0.0529996     0.133179
    0.131705    -0.336263   -0.0282166    -0.087932
  -0.0487043   -0.0560819   -0.0450185   -0.0747121
  0.00578272    -0.269505   -0.0930782    -0.240342
   0.0782539     0.027765   -0.0308392    0.0461461
  -0.0250732     0.151811    -0.049231    0.0954204
   0.0787476    -0.458067   0.00139605    -0.304134
   0.0498899    -0.251974    -0.060627    -0.163496
 0.000356307     0.127223   -0.0195944    0.0363171
   0.0311193    0.0236009  -0.00812808    0.0717439
  -0.0635019     0.125733    0.0278133    0.0614788
  -0.0434579    -0.119309   -0.0105963   -0.0824686
  -0.0825836      0.11162     0.109168    0.0657254
  -0.0178371   -0.0615273    0.0509997    0.0366335
  0.00592882     0.054696   -0.0711479     0.058532
    0.221832    -0.025044   -0.0831711     0.139131
  -0.0866666     0.189152   0.00855772    0.0127225
  -0.0287486     0.136535    -0.127857    0.0828489
  -0.0269621    -0.100949   -0.0537464   -0.0863204
   0.0350139    0.0542825    0.0640653    0.0932326
   -0.198182     0.446306    0.0812782     0.195457
     0.24002    -0.144029   -0.0335134   0.00616051
   0.0606428   -0.0700908    0.0233075   -0.0633559
   0.0416041     0.113063   -0.0545571     0.227608
    0.017021   -0.0334603    0.0333655   -0.0158127
    0.241495    -0.570075   -0.0996772       -0.161
   0.0856347    0.0305289   -0.0174757     0.092993
    0.132108    -0.308705    -0.200619   -0.0887844
   -0.206144     0.556748     0.143777     0.310398
   0.0669137     0.148435   -0.0445505    0.0663417
   0.0327423    -0.160908    -0.115783    0.0294897
  0.00936628    0.0410756   -0.0724783    0.0362072
   -0.112564     0.145679     0.111767    0.0787442
    0.199929   -0.0982525    -0.149638  -0.00243842
    0.141524   -0.0993879   -0.0744716   -0.0415719
   0.0471086      0.04328  -0.00254502    0.0122134
  -0.0202328    -0.152412   -0.0163873     -0.13596
  -0.0427252     0.106917   -0.0777879   -0.0291939
   0.0220007    0.0412471   -0.0362081    0.0116161
   0.0536622  -0.00862486    -0.122869     0.164145
    -0.13135    0.0440847   0.00924162   -0.0638378
  -0.0746339     0.166281   -0.0132418     0.168049
  -0.0255897   -0.0750048   -0.0740974    -0.166304
   -0.017388     -0.02923    0.0311461    0.0249245
   -0.312007      0.28718    0.0291399   -0.0393064
   -0.302175     0.799964   -0.0264738     0.357038
  -0.0821511    0.0338296    0.0308112    0.0101974
  0.00378838    0.0527557   -0.0502275    0.0905919
   0.0254746     0.175551   0.00234046     0.194186
   -0.107797    0.0994509   -0.0326661    0.0182956
   0.0471096    -0.105027   -0.0781852    0.0266424
    -0.14564     0.259069     0.141991     0.103981
    0.138907     -0.19831   -0.0868541   -0.0136034
  -0.0768071     0.278967    0.0182069     0.141696
    0.183207    -0.212213   -0.0601539   -0.0468456
   0.0974127    -0.239444   -0.0741041   -0.0683767
    0.211478   -0.0162364  -0.00829057    0.0595316
  -0.0788218    0.0946863    0.0503129     0.125556
  -0.0541481    0.0233127  -0.00544736   -0.0326277
   -0.259733     0.288369    0.0785118   -0.0314155
   0.0343635   -0.0137612    0.0235067  -0.00882935
   0.0915244  -0.00552098   -0.0603448   -0.0332726
   0.0998284   -0.0431331     0.052184    0.0852449
    0.113996   -0.0813791    0.0644019     0.134185
     0.19403    -0.376182    0.0651866  -0.00690037
   -0.103013     0.160367    -0.109739     0.093532
    0.122217    -0.100223    -0.103611    -0.119196
  -0.0419261    -0.265455    0.0271227    -0.192463
 -0.00691129    0.0153724  -0.00450675   0.00269051
  -0.0972014    0.0211033    0.0585638    0.0260364
  -0.0830714    0.0809273   -0.0356614    0.0914543
 -0.00902402      0.49906   -0.0413971     0.342538
   -0.161906     0.151802     0.029746   -0.0544712
   0.0185508   -0.0765948    -0.122958    0.0796559
  -0.0501285    0.0354518   -0.0224467   -0.0604531
    -0.04093    -0.102137   -0.0322182   -0.0464749
-0.000730606     0.105185   -0.0655482    0.0977579
  -0.0384932    -0.031731    0.0345423   -0.0513375
   -0.121068     0.237896    0.0515339    0.0833438
   0.0555865    0.0289682   -0.0867679     0.115797
   0.0942438   -0.0551772   -0.0472209   -0.0731722
    0.112327    -0.185048   -0.0339705   -0.0636706
    0.142793    -0.226284   -0.0805338    -0.132298
   -0.112855     0.247158    0.0273275    0.0798616
   0.0122856    -0.157225    0.0228401      -0.1194
   0.0431153    -0.240237   -0.0248609    -0.134035
 -0.00705507   -0.0612262    0.0607706    -0.132787
  -0.0274712      0.16744   0.00334771     0.149109
    0.157348     0.212545   -0.0641187     0.353308
    0.175206   -0.0913688    -0.120955     0.057028
    0.125353     -0.18883   -0.0967649    -0.075981
  -0.0622407    0.0340527   -0.0421065    0.0278641
   0.0465015    -0.141742   -0.0609247   -0.0223472
  -0.0732717     0.163776     0.119729     -0.01381
   0.0550051    -0.287269    -0.113246    -0.097261
   0.0627838     0.152408   -0.0745699    0.0491764
  -0.0317951     0.260657    0.0177692     0.180875
  -0.0906552     0.302328   -0.0587221     0.178119
   0.0606148     0.154415 -3.59246e-05     0.111385
  -0.0641069    0.0566436   -0.0106645   -0.0138863
   -0.136706      0.18152   -0.0586189   -0.0364899
   0.0689961    -0.139297    0.0251514  -0.00809519