    0.197785     0.166817    -0.091645     0.106469
  -0.0833223     0.151162   -0.0910122   -0.0394813
   0.0291388   -0.0725703    0.0427684  -0.00757047
   0.0682699     0.096013   -0.0103983      0.11748
   -0.100352     0.061761    0.0737528   -0.0578828
   -0.166088     0.113563    0.0239777   -0.0532119
   0.0180049     -0.16464     0.176002    0.0127361
   0.0777966    -0.238363     0.454869    0.0528881
   -0.256324   -0.0920965    -0.185638    0.0343835
  -0.0419984    -0.263117     -0.10583    -0.115108
   0.0172139    0.0291597    0.0159977     0.112598
   -0.248582    -0.224073      0.10244   -0.0293032
   -0.171035    -0.114726     0.207935    0.0744141
   0.0155348   -0.0103565    0.0681062     -0.17552
  0.00383336   -0.0125214    -0.165374     0.145782
   -0.124467     0.113108     0.177868   -0.0102184
   0.0995383     0.145384     0.126046    -0.050312
   -0.259282    -0.172716    -0.431581    0.0105898
   -0.114127    -0.083455     0.533742    -0.190539
   -0.217277     0.131581   0.00567951    -0.148664
    0.244313     0.168787     0.218389   -0.0381274
    -0.18341   0.00270731     0.114896   -0.0849796
   0.0395227    0.0991424     0.283007    -0.120209
   -0.106211    -0.190379    -0.182705    0.0502789
   0.0098089    0.0285923   -0.0496122    0.0755176
  -0.0275854     0.120049    -0.218179   0.00242734
   0.0942444   -0.0302869     0.144218     0.229628
   0.0763543     0.252649      0.11573   -0.0567944
    0.201379     0.100247     0.205245    -0.131005
   0.0934992     0.236277    -0.032167   -0.0813862
    0.240902     0.534907     0.177119    0.0245085
 -0.00143561   -0.0275681     0.116365    0.0455317
    0.032103     0.101775   -0.0429853    0.0479856
   -0.112259   -0.0361575     0.212279   -0.0358383
  -0.0800345   -0.0944668   -0.0744848   -0.0261336
   -0.105661    0.0200889    -0.206364     0.114695
   0.0395931   -0.0365944   -0.0743326    0.0885206
   -0.103332    0.0593293     0.117597    -0.159362
  -0.0534859    -0.150163    -0.037113     0.178295
    0.113525   -0.0138035     0.293386    -0.182433
  -0.0564927    0.0103341   -0.0804103  -0.00220629
    0.387117   -0.0800314   -0.0642802    -0.133566
    0.119605    -0.101039    0.0586759   -0.0364315
  0.00177431    -0.183346    0.0360487    -0.104409
  -0.0226923    -0.097073   0.00182325   -0.0248484
  -0.0876318    -0.163592    0.0183566    0.0655594
   -0.012023     0.154171     0.049502    0.0962658
    0.161431   -0.0460383   -0.0760475    0.0785239
   -0.131328      0.12437    0.0921134     0.129287
    0.126252     0.199537    -0.304502     0.183133
   -0.106121     0.175869     -0.13055     0.321047
   0.0372015    -0.255114    -0.101465     0.146799
    0.104732    0.0842701    -0.272666    0.0366853
  -0.0762534    -0.149886   -0.0342187    0.0116822
    0.152568      0.18974     0.203222   -0.0284767
   -0.144676    -0.116439    -0.184541    0.0650997
  -0.0712377    0.0963691     0.187329   -0.0694875
    -0.01424   -0.0525575   -0.0563873    0.0548937
   0.0400128    0.0258543   -0.0746178    0.0373138
   0.0121096    0.0580198    0.0689338     0.120093
    -0.21227   -0.0503228    -0.142156     0.054438
   -0.190335   -0.0311106    -0.378816      0.12083
     0.10211   -0.0269108    -0.139969    0.0013585
   -0.233891    -0.277881     -0.41906    0.0543232
   -0.102527     0.142908   0.00730605    0.0293917
   0.0606819    0.0773775     0.212802     0.123127
   0.0823227    0.0789614    -0.181583  -0.00841037
   -0.168629     0.109578    0.0182275    0.0206068
    0.118406     0.131949     0.142663     -0.23875
    0.352366    -0.104335   -0.0779428    0.0680803
  -0.0518132   -0.0401368    -0.107141  -0.00693124
   -0.044651     0.466845    -0.259352   -0.0586211
  -0.0265744    0.0126189    -0.206676    0.0732168
    0.153901     0.104925   -0.0641762     0.318515
    0.073481   -0.0207392     0.263001   -0.0515343
    0.175968     0.159491    -0.124142    0.0605078
   0.0553572  -0.00591865    0.0584913    0.0652018
    0.159176    0.0565753    -0.321905   -0.0898021
  0.00884587    0.0176953    0.0918727     -0.10321
    0.229533     0.114885     0.237453    -0.161984
    -0.17576    0.0984612    -0.281334     0.240977
  -0.0863246    -0.185744  -0.00552979    -0.162375
     0.15459    0.0114612  -0.00921265   -0.0812979
   -0.189716    -0.420181    -0.110591    -0.159631
   0.0079029    -0.123221    -0.150286     0.108023
   -0.210918     0.103378     0.379099    -0.028744
   0.0920133     0.212018   -0.0765339   -0.0345803
   -0.040716   -0.0703507    -0.163407    0.0916997
    0.216946     0.287049    -0.166631    -0.267266
   0.0747665     0.038659    0.0135747   -0.0954852
    0.429949      0.34508    0.0515493   -0.0167027
    0.106016     0.132288    -0.106113   -0.0278853
  -0.0440355     0.115255    -0.155398   -0.0334567
  -0.0873438    -0.143426    -0.160155    0.0930332
  -0.0381785    -0.144176     0.112339     0.201801
   0.0488743    0.0693334    -0.038434   -0.0738067
    0.179901    0.0669814    0.0546837     0.144247
  -0.0665177     0.108552    -0.173279     0.107181
   -0.523499    -0.183578  0.000798603   -0.0284652
   -0.555295    -0.292383    -0.184639    0.0130117
  -0.0805511     0.122443    -0.115718     0.176757
    0.124779     0.139881     0.160132   -0.0669474
   0.0607548      0.24982     0.266425    0.0474329
    0.158283    0.0857011     0.125754    0.0220156
  -0.0135049      0.13892   -0.0619726    0.0775268
    0.177725    0.0329656   0.00100618   0.00887108
   -0.168542    -0.136382    -0.208983    0.0726895
   -0.393241    -0.165527    -0.195454    0.0618517
    0.232382    0.0543224  -0.00339664     0.144112
    0.138902   -0.0785458     0.119749  -0.00589148
  -0.0936753    -0.104033    -0.106998    0.0204613
   -0.115378    -0.173422    -0.196204   -0.0278852
    0.267921    0.0936602    0.0995794   -0.0597961
     0.17986   -0.0106769    -0.176716   -0.0320407
   0.0426334    -0.153867   -0.0337714    0.0969093
    0.187328     0.297309    0.0521293    0.0615363
  0.00329772    0.0305039     -0.31577    0.0664676
    0.206152     0.191288    0.0217149    0.0227642
    0.166048    0.0141378    -0.138759  -0.00922817
   -0.193776    -0.126491    -0.138165    0.0247019
   0.0742874    0.0410214    0.0184225     0.083984
    0.157453    0.0415097   -0.0632071  -0.00668502
  -0.0497843     0.161763    -0.165713     0.369963
    0.204439    -0.017149    -0.180821     0.265705
   -0.100787    0.0981437    -0.143701   -0.0348096
  0.00313323   -0.0964054    -0.146018    -0.143242
  -0.0750732   -0.0288121   -0.0949871     -0.02026
    0.180463   -0.0868369    -0.235902   -0.0680955
    0.196341     0.105822     0.111332    -0.102924
   -0.143403   -0.0376293    0.0645297     0.012266
  -0.0184477     0.048333    -0.185865   -0.0462634
  0.00848815   -0.0659294    -0.170529    0.0122171
   0.0645694     0.174316    0.0351393    0.0700478
  0.00102882     0.021822     0.517138    0.0751857
   0.0598929   -0.0694163   -0.0562281   -0.0151805
   0.0184633     0.200551     0.245323   -0.0838428
    0.218207  -0.00927602     0.145112    -0.122668
  -0.0181325   0.00625445    -0.207397    0.0885412
    0.257528   -0.0882159    -0.155777    -0.214177
  -0.0577739    0.0386487    -0.306591     0.248425
    0.255229     0.204796    0.0295579   -0.0182164
   0.0728138    0.0658006    -0.116673    0.0984878
   0.0619104  -0.00766824     0.171097  -0.00394411
     0.05654   -0.0807371     0.132731    -0.113501
    0.041525     0.108755   0.00676033     0.152091
    0.107368     0.170776    -0.208195     0.132999
   -0.131164    -0.198213   -0.0762825   0.00941067
   -0.109876     -0.06123     0.285521 -0.000125124
   0.0998992    0.0406846    0.0394267    0.0549932
  -0.0656994     0.112224     0.195076    -0.126927
  -0.0423441   -0.0978116     0.127796    -0.258213
   0.0776959    -0.161035   -0.0152936   -0.0782823
   0.0622066   -0.0113059   -0.0392171    0.0515052
     -0.1226   0.00922785     0.101809   -0.0838153
    0.277082     0.112827     0.142231   0.00320199
 -0.00883443     0.112163  -0.00225108   0.00959851
  0.00171103     0.225832    -0.174979     0.255228
  -0.0109177     0.174307    0.0163156     0.152047
   -0.428508    -0.318229   -0.0582975   -0.0338711
   -0.156227    0.0763767   -0.0542261    -0.162023
  -0.0728819   -0.0249363    0.0368477    0.0919864
    0.216844     0.143705     0.152914    0.0630227
    0.120071    0.0950204    0.0570735     0.042287
    -0.16948    0.0485287    -0.199202   -0.0486032
   -0.147269    0.0534006   -0.0843161   -0.0384889
    0.261041     0.119058    0.0131204    0.0540913
    0.135064   0.00921452   -0.0157787     0.121361
   -0.128183    -0.164729     0.164795    0.0462774
    0.200554     0.334235     0.148866     0.177635
  -0.0533669   -0.0363959   0.00544555    0.0440873
  -0.0754783     0.231677     0.226035    -0.106604
    0.191528     0.153945     0.103426    0.0700119
  -0.0122647   -0.0669415     -0.12114     0.116928
     0.02251     0.199248    -0.350597     0.159675
    0.293186    0.0393218     0.192427     -0.12202
    -0.04683    -0.129152    -0.356951   -0.0673863
    0.058592   -0.0855263   -0.0282019    -0.175623
    0.111994      0.26246     0.075794   0.00112022
    0.257924   -0.0433494     0.112898     0.123368
   0.0654155    0.0529478    0.0618583   -0.0635227
   -0.103996     0.151783     0.489045    -0.232664
   -0.199533   0.00869902    -0.215413     0.128701
    -0.19159    0.0935965     0.180883    -0.153194
   0.0906691   -0.0435704    0.0342037   -0.0224061
    0.128138    0.0397176     0.111431   0.00715062
   -0.026878     0.069345    -0.180669   -0.0520658
   -0.110791   0.00517608     0.193263   -0.0974149
  -0.0519021    -0.182699    0.0553472    -0.043835
    0.131025     0.181815    -0.015296     0.255871
   0.0372092     -0.35255    0.0179501     0.069273
    -0.07335    -0.169222    -0.191414   -0.0224931
   0.0465501   0.00941535    -0.138361    0.0337737
   0.0417596   -0.0510691    -0.195238    0.0519531
   -0.166131    0.0846476   -0.0329825    -0.134948
    0.323118   0.00934235    0.0400457    0.0588943
    0.042973     0.083642    -0.151277     0.153307
   -0.261666   -0.0341974   -0.0900457   -0.0911437
   -0.135819     0.011566   -0.0685609    -0.101533
  -0.0204009      0.11535    0.0432514   -0.0155115
   0.0938057    0.0809121    0.0341758    0.0294488
  0.00883989     0.143533    0.0802452    -0.105045
  -0.0683418   -0.0986287   -0.0428095    0.0925729
    0.180477     0.298583     0.395321    -0.256984
  -0.0184545    0.0887374    -0.181666   -0.0290952
   0.0851888   0.00681241     -0.16776    -0.101735
  -0.0545223    0.0515322    -0.110944   -0.0744688
   -0.117957    0.0963492    0.0174722     -0.15837
    -0.10086    0.0617534     0.243186   -0.0422477
 -0.00926291    0.0788357    -0.256222   -0.0890412
  -0.0143096   -0.0128846    0.0337959   -0.0504641
   0.0495576    0.0458714   -0.0322813     0.123325
    0.125969    0.0388451     0.114715     0.071555
   -0.115045    -0.147382     0.353597    -0.314833
   -0.479067    0.0575677     0.277573    -0.107633
  -0.0300129     0.214517    0.0970775    -0.140902
    0.111997    -0.103263      0.02124   -0.0356775
  -0.0981981    0.0520858   -0.0357581     0.084077
      0.1247     0.273304     0.241685   -0.0264215
   -0.177613   0.00763295   -0.0949197     0.196437
  -0.0584105     0.121818    0.0432092    0.0279822
    0.114335    -0.159899    0.0423098    0.0529379
  0.00374056     0.287597     0.245857   -0.0369914
  -0.0419849    0.0871888    0.0128898     0.127271
   -0.389002    -0.105915    -0.215023     0.148911
   -0.133348     0.062869     0.002146    0.0168724
    0.108077     0.255749   -0.0778278    0.0799856
   -0.263061     0.155836     0.360675  -0.00376314
     0.13488   -0.0770001     -0.10255     0.128121
    0.191649     -0.12382     0.168877   -0.0625882
   0.0267358     0.160622    0.0256799  -0.00293381
 -0.00437497     0.139724   0.00927799     0.173661
  -0.0429322    0.0141988     0.061637    0.0956859
    0.196606   -0.0971629   -0.0827523    0.0199017
    0.117826    -0.105744   0.00128527   -0.0130923
   0.0577597      0.17085   0.00751664    0.0954242
   -0.126827   -0.0877501     0.237571    -0.166029
  -0.0537197     0.074492    0.0443353    0.0267507
   -0.178501    -0.136817     -0.11773    -0.069794
   0.0226782     0.314849    -0.368166    0.0885246
   -0.153095     0.138086    -0.359954     0.287392
   -0.264383    -0.313427      0.28372   -0.0058981
  -0.0468025   -0.0395189     0.131894    0.0728843
    0.077695   0.00406477    -0.154945    0.0188305
   -0.310002    0.0170182     0.418917    -0.146808
   -0.284815    -0.037443     0.302499     -0.15653
    0.164687    -0.061208    0.0824503   -0.0492299
   0.0219624    0.0234786   -0.0572055    -0.110824
    0.141278   0.00983554     0.238432    -0.167819
    0.130098     0.110429     0.173705    -0.050923
   -0.315915     -0.11615    -0.203732    0.0465669
   -0.114681     -0.23468     0.313581    0.0989242
   -0.233275     0.152786    0.0200066   -0.0991447
    0.178946     0.402665       0.1424  -0.00932802
  -0.0372476   -0.0262817    -0.217518   -0.0152666
   0.0607578     0.274509     0.158029    -0.205549
   0.0711611   -0.0457058    -0.152086    -0.120006
   -0.101118   -0.0106865    -0.227375    0.0421926
     0.18633    0.0757154   -0.0293186    -0.076678
   0.0724954   0.00420813   -0.0334949   -0.0507988
    0.024776     0.149107    0.0449927    -0.125282
    -0.26681    0.0281281    0.0915695     0.168965
   0.0549456   0.00379872   -0.0200556    0.0114725
    0.232152    0.0278418     0.134358    0.0237142
    0.218101    -0.112523    0.0615802   -0.0178585
    -0.12685    0.0329315    -0.113135     0.115112
  -0.0865031   -0.0538935    -0.224316    0.0755198
  -0.0508702     0.275444    -0.174998    0.0776009
      0.2642     0.108508     0.157757    0.0444996
  -0.0892674    -0.075672     0.259025   -0.0542297
   0.0823662      0.17354    -0.312023    -0.030348
   0.0709805   -0.0861041    -0.262014    0.0945619
   0.0317741    -0.259428  -0.00698922     0.123715
  -0.0897543  -0.00368059   -0.0374887     0.118476
   -0.139907    0.0541258    -0.246815   -0.0652569
   0.0819121    0.0833082   -0.0203187     0.118109
    0.152575     0.273698     0.260382   -0.0169383
   0.0148848    0.0282628    0.0164156   -0.0564892
   -0.172268    -0.205132   -0.0146206   -0.0877717
 -0.00216561     0.106961    0.0521009   0.00642203
 -0.00313796   -0.0105679    0.0936138    -0.178447
  -0.0660521     0.231293    0.0905602     0.241498
   0.0924722     0.148921     0.112784   -0.0143975
    0.149244   -0.0152851    -0.100597    0.0228872
  -0.0077912   -0.0148653     0.192623   -0.0744719
-0.000745889     0.055885    -0.140244   0.00368987
  -0.0360995   0.00812839    -0.192636    -0.217195
  -0.0926834    0.0463808    0.0425741   -0.0227746
   0.0820004     0.232916     0.395745     -0.21175
    0.200302     0.025885    0.0504925   -0.0615995
  -0.0973927   -0.0137427     0.135877  -0.00662201
    0.170313      0.15082    -0.110891     0.116544
    0.235607   -0.0303654    -0.447466     0.161566
   0.0854625   -0.0633634    -0.183315    0.0604201
    -0.03496     0.172684     0.153233   -0.0163386
   -0.221947     0.382033     0.302557   -0.0727306
   0.0835362     0.185144    0.0203991     -0.16472
  -0.0139338   -0.0862052    -0.050135    0.0310322
   -0.100467    0.0307689    -0.169392    0.0851591
  -0.0359844     0.204879   -0.0528572   -0.0322864
    0.197966     0.203325    0.0837536   0.00570521
  -0.0660473  -0.00281322    -0.149923     0.015192
     0.14294    0.0503199    0.0412194   -0.0759697
   0.0444326      0.47677     0.353515    -0.198602
  -0.0316219     0.014743    -0.107456   0.00776261
  -0.0533955  0.000804927     0.234154     0.208076
   -0.285178   -0.0821302    -0.373224     0.295799
   -0.124281   -0.0521001     0.162503     0.149485
    0.192442    0.0259562    0.0366612   0.00616364
  -0.0146973     0.198064    -0.174931   -0.0682468
  -0.0953113   0.00407093    0.0827749    -0.143662
     0.10976   -0.0541348     0.375356    0.0180331
    0.127149   -0.0936847   -0.0168849   -0.0231674
  0.00950539   -0.0824353    -0.119825   -0.0782019
  -0.0219004    0.0893979     0.043015     0.114597
   -0.270601     0.132661     0.261133    -0.175671
  -0.0149189    0.0177609    -0.217458     0.240119
   -0.232561    -0.280006    -0.276179     0.163037
   0.0227456     0.101982  0.000743382   -0.0411981
   0.0805985    -0.042685    -0.124755      0.16789
    0.152899    0.0457695   -0.0614645    0.0150395
  -0.0730059   -0.0812302   -0.0180282    0.0928974
   -0.129179    0.0750542   -0.0514448    0.0465012
   -0.045502   -0.0278984    0.0312815    -0.061086
   -0.110934    -0.163313     0.122766   -0.0780139
   -0.122766   -0.0771248  -0.00136587  -0.00452452
  -0.0604207     0.168338     0.143288   -0.0519338
   -0.139382    -0.016436    0.0136079      -0.0473
  -0.0147642     0.154263  -0.00544138     0.154976
   0.0463259     0.152682     0.085792    0.0623416
    0.334201    -0.110119   -0.0643299   0.00225756
   0.0118981    0.0274589     0.041837    0.0467638
   0.0299723   -0.0330967    0.0280038    0.0137456
  -0.0789249   -0.0954088    -0.270659    0.0887604
   0.0844874     0.224413     0.191277    -0.249679
   -0.105443    -0.121397   -0.0259708    -0.128187
    0.340407   -0.0938037    -0.110773  -0.00709387
   -0.010619     0.078448    -0.219735   -0.0324361
   -0.097259    0.0290335     0.121636   0.00643704
    0.083036    0.0649934    -0.113841    -0.130463
   -0.191535    0.0963446    -0.116107     0.133296
   0.0131016   0.00385308    -0.121822  -0.00981978
    0.190272     0.147069     0.335942    -0.104184
   -0.322448    -0.234115    -0.723689     0.234286
    0.131947    -0.151413    0.0644975     0.193479
   0.0124525     0.215568     0.161098  -0.00639239
  -0.0137738   -0.0610029   -0.0308868    -0.322718
  -0.0540076    0.0567627    0.0426094    -0.110858
    0.149076   -0.0593245   -0.0715539      0.10568
-0.000744245   -0.0354174    0.0214053    0.0388938
    -0.35412    -0.113989     -0.36044     0.191091
   0.0914504      -0.1973   -0.0335636   -0.0582951
  -0.0130205   -0.0064969   -0.0855057    -0.123203
   -0.135508   0.00175847    -0.249089    -0.113251
   0.0907442   -0.0228107     0.065313   -0.0894674
   -0.111882     0.179798    -0.275241    0.0153882
   0.0936997     0.148033    -0.256264   0.00334547
   -0.194085   -0.0523162     0.222659    -0.125508
  -0.0322265    -0.179535    -0.219951     0.021611
   -0.171621    0.0256682    0.0863014    0.0438665
   -0.257702   -0.0130237    -0.287704      0.16845
  -0.0110657     -0.13522     -0.00968   -0.0486462
  -0.0904315  -0.00387678    0.0581245   -0.0908655
    0.001197   -0.0244082   -0.0541875    0.0172262
   -0.174551    0.0260338     0.444417    0.0415476
   -0.353064    -0.305503    -0.152441    0.0197595
  -0.0142803    -0.112875    -0.220342     0.298562
   -0.131007    0.0964606    0.0577625    0.0397549
  -0.0103364  -0.00480679    0.0277663   -0.0101905
    0.228456     0.431672     0.225681    -0.136997
   -0.339311    -0.115336    0.0399345   -0.0771727
    0.111751     0.103148   -0.0653529   -0.0774214
     0.23768    0.0731025     0.036956  -0.00404745
  -0.0765716     0.119883    -0.131373    0.0581361
    0.130038    0.0597675    -0.299992     0.174994
   -0.152386     0.163107   -0.0612118     0.104484
   0.0658265   0.00977484    0.0139089    0.0557021
    0.244145      0.15055    -0.043805    0.0193772
     0.07283     0.276205    0.0394615   -0.0145114
   -0.151681    0.0493438     -0.15244    -0.163848
   0.0825283     0.207545     0.180663   -0.0713252
     0.11531    0.0842462     0.111945   -0.0285283
   0.0769246    -0.159378     0.304237  0.000260292
    0.151972    0.0431222   -0.0823857    0.0944115
   -0.235673    0.0504196     0.111668     0.175316
   -0.212685    -0.121037   -0.0334728    0.0114381
    0.187752     0.156931   -0.0214712    0.0244566
  -0.0285813    0.0698341     0.144329   -0.0343204
  -0.0712959    0.0383743    0.0718501    -0.113209
     0.16808     0.133922    0.0588691    0.0749881
  0.00661247   -0.0875324    0.0227793   -0.0889719
    0.237338   -0.0226366    0.0533373     0.107431
  0.00211466    0.0402925   -0.0522309    0.0659653
    0.135577     0.078027   -0.0563541   -0.0578069
-0.000968388    -0.194839   -0.0891732    -0.105004
  -0.0963261     0.185275    0.0798124    -0.154287
  -0.0918346    -0.202945     -0.13193    -0.342427
   0.0567464     0.152376    0.0375004    -0.072151
   0.0265718     0.103697    -0.255065     0.114262
   -0.373763      0.22429    -0.253803     0.222281
   -0.102938    -0.277853    -0.486666     0.101629
     -0.1902   -0.0826802     -0.19588     0.130292
    0.348564     0.228366    0.0539247   -0.0949614
      0.0754     0.138792    0.0251071    0.0106085
   -0.126234     0.179992     0.139067   -0.0320996
   0.0735099    0.0867734    -0.301845     0.165998
    0.175576     0.096263    0.0251748    0.0310207
  -0.0538301   -0.0218292    0.0559839     0.094627
   0.0246538   -0.0374625    -0.102329    0.0898233
   -0.356447    -0.168575     0.146342   -0.0174909
    0.423016    -0.109596    -0.064385    0.0705751
  0.00987212   -0.0768536   -0.0697967   -0.0329895
  -0.0129642   -0.0998791    0.0121156   -0.0316532
      0.0188     0.225006   -0.0760467     0.168924
   0.0698874     0.116924     0.160083    0.0462062
   -0.217397   -0.0270797     -0.15271    -0.107194
   -0.209263    0.0286044    -0.432677    0.0281508
    -0.12541    -0.242832     0.385143    -0.206988
    0.339839    0.0306689     0.123424   -0.0563288
   0.0913123   0.00177571   -0.0868341    0.0124888
  -0.0542301   -0.0342201     0.194168   -0.0893891
   -0.155554        0.203    -0.358379    -0.228136
    0.161096   -0.0359554     0.054549     0.019943
   -0.082932   0.00137811  -0.00295944    -0.134029
   -0.163554   -0.0906156    -0.247113   -0.0345504
   0.0864334    -0.104609   0.00614389   -0.0200591
   -0.313511     -0.22944    -0.422106     0.258567
  -0.0293267     0.151581     0.335529   0.00747598
    0.146253     0.275521    -0.263974   -0.0564308
  -0.0591526    0.0741527   -0.0538739   0.00266818
   -0.017159    0.0703004    -0.131122    0.0765126
   -0.165209   -0.0443107     -0.41292    -0.120584
  -0.0106208   -0.0677736    -0.355481    -0.190025
  -0.0179683   0.00307105     -0.12355    0.0628839
   -0.103711     0.139896    0.0421067     0.075515
   0.0243538  -0.00794946    0.0152099    0.0634188
 -0.00850698    -0.129897    0.0925285     0.124596
    0.092376    0.0941642    0.0492212   -0.0948966
    0.208135    0.0756837     0.147611   -0.0637129
   0.0723296     0.113012   -0.0933696   -0.0375576
   -0.172746    -0.232369     0.263598    -0.276349
  -0.0772437    0.0301251   -0.0021626   -0.0414343
  -0.0284978     0.101225   -0.0334814      0.28209
   -0.363263   -0.0380614    -0.136956     0.100456
   0.0262807     0.156224    -0.143966    0.0841025
  -0.0526457     0.130872    0.0239416    0.0495407
 0.000835727   -0.0947385    -0.128701    -0.125539
    0.366339    0.0528214   0.00929866   -0.0430155
  -0.0858002    0.0366799     0.264334     0.050937
   0.0249586  0.000282607    -0.124021     0.104522
   0.0140171      0.13294    0.0989658   0.00144429
  -0.0296039    -0.159421     0.136924     0.164616
   0.0240462     0.136374     0.216582    -0.165517
  -0.0760125    0.0598366   -0.0278467    -0.232675
    0.112236    0.0624576   -0.0461374     0.082085
    0.147079    0.0619123    0.0110185    0.0770712
   0.0790518     -0.15019   -0.0868127   -0.0544353
    0.186653    0.0542766  -0.00533875     0.202275
    -0.15314     0.145385   -0.0400512    -0.166622
    0.118768    0.0630193    0.0996118    0.0561992
    0.014006    0.0838053    -0.176929    0.0431367
    0.180105    0.0963454    -0.110399     0.194276
    0.130812     0.110296     0.142672   -0.0932918
    0.025856   -0.0995978     0.138922    -0.036692
   0.0909739    0.0140301       0.1249    -0.038702
   -0.193427    -0.174281   -0.0953524   -0.0562848
   -0.191302    -0.318632    -0.486122   -0.0854385
  -0.0217821    0.0553475    0.0582168     0.145617
   0.0172071    -0.134938   0.00371249     0.155461
    0.034598    -0.340067    0.0257314      -0.3846
    0.119727    0.0220258    0.0752251    0.0107714
   -0.118258   -0.0436904     0.039095    0.0176194
    0.215289   -0.0513637     0.166868    0.0361712
     0.12579    0.0176039     0.244928    -0.217313
    0.119182   -0.0973945    0.0481434    -0.145371
   -0.116085   -0.0326712     0.102004   0.00336571
   0.0388611   -0.0823531      0.10675  -0.00171481
  -0.0506465   0.00720235    -0.231045    0.0894671
   0.0194779  -0.00992097    -0.244769    0.0690893
  0.00150994    0.0582343   0.00680461    0.0391178
   0.0829671     0.250843     0.108749    0.0845815
    0.245372    0.0861565    -0.167217   -0.0592684
   0.0867665     -0.16612   -0.0455315    0.0597033
    -0.19959     0.143185     0.144677    -0.154713
   0.0425369   -0.0320806     0.039194  -0.00749726
   -0.109941      0.34955    -0.373225     0.119426
    -0.22084     0.171931   -0.0478098   -0.0742582
   -0.104586    0.0510567     0.211612    0.0419959
    0.118565    0.0618411    0.0126294    0.0462118
   0.0320962    -0.136698    -0.268379     0.078939
    -0.11278     0.247603   -0.0516053    0.0147303
   0.0183008   -0.0314752    0.0882137     0.148872
     0.14419   -0.0451653   -0.0320683    0.0412168
    0.162218    0.0676122   -0.0283421   0.00821285
   -0.178033    -0.285675   -0.0880215    -0.110457
  -0.0877955    -0.205568     0.110047    -0.197699
   -0.125306     0.185826    0.0845283    -0.143058
    0.184778     0.123387    -0.207935     0.114459
   -0.171106    -0.012205    0.0886845     -0.17961
    0.160286    0.0727054     0.315777     -0.14443
   0.0723893    -0.104016   -0.0655169    -0.245366
   -0.174558    -0.115928   -0.0921459      0.21597
   -0.214647     0.125133   -0.0601834     0.201165
   -0.169699    0.0602108    -0.225101   -0.0254071
   0.0781792    0.0635916     -0.10019   -0.0137642
   -0.259711    -0.285668   -0.0650538    -0.077339
    0.146363    0.0742433   -0.0177174   -0.0393526
   0.0820157   -0.0791996     0.105506   -0.0077319
   0.0624914   -0.0218422    0.0677949    0.0326093
     0.25109     0.234182     0.398675    0.0389657
   -0.120497    -0.120428    -0.232875     0.114563
   -0.247777     0.131466    0.0193825    0.0339045
   0.0673432     -0.02355    -0.197617    0.0446983