   -0.146297   -0.0234388   -0.0548036    0.0435653
   -0.103028    0.0316871    -0.094874     0.100605
   0.0540933    0.0424553    0.0935422    -0.209202
   0.0153971     0.321346     0.231152    0.0605772
   0.0734183    0.0136595     0.175263    0.0423669
   0.0712379   0.00663539    0.0125932   -0.0780386
    -0.28216    -0.120602   -0.0851905    0.0282165
     0.12576    0.0298552     -0.20668    0.0424821
   -0.178512   -0.0732296    -0.412237    0.0372792
   0.0413651   -0.0658995     0.119056     -0.26355
   -0.103207     0.101298    -0.213982   0.00363019
    0.179448     0.214174    -0.246357    0.0384347
   -0.103515     0.107877    -0.152873   -0.0337912
   0.0465288    -0.013589   -0.0815753    0.0396628
    0.122341   -0.0429886   -0.0222274     0.101617
    0.157261   -0.0446093    -0.509113     0.133652
  -0.0425559    0.0556685    -0.207442    0.0683378
    0.208461    0.0336396    0.0348734     0.100375
    0.198592     0.207123     0.250835   -0.0348502
  -0.0363682     0.116333     0.186991   -0.0218172
   -0.237989     -0.35065    -0.254097     0.139499
   0.0194661    0.0225298    0.0585442  -0.00998665
   -0.115367    -0.140767  -0.00755729   -0.0591445
    0.151079    0.0727375     0.176457    -0.176204
    0.017407    -0.026133     -0.22804    -0.146418
  -0.0760153    0.0448861  -0.00828374     0.148811
    0.129835     0.370102   -0.0608392     0.201041
  -0.0393738      0.19366    0.0830122    0.0341922
   -0.117787    0.0227577    -0.128177     0.081258
   -0.159463   -0.0813068    0.0754321    -0.231626
    0.313739    0.0742896     0.100119   -0.0204511
   0.0651229   -0.0663993    -0.134983    0.0405064
    0.172956     0.107273   -0.0790197    0.0576093
  -0.0952795    -0.254244    0.0823289  -0.00704126
    0.277223   0.00124815    -0.242517  7.52581e-05
   0.0553835     -0.41705     -1.01042     0.185046
    0.141385     0.200492    0.0895305    0.0622922
   0.0939923   -0.0363081    0.0390028     0.234185
    0.185911     0.035611    -0.126334    0.0481952
    0.119953      0.12816    -0.182239    0.0214662
     0.12301    -0.144568    -0.367498    0.0179718
    0.290922     0.650777    -0.145846     0.227437
   -0.245163    0.0159916    -0.266974     0.155059
   0.0419496    0.0594776    -0.103152   0.00545848
    0.229789     0.150591      0.13912     0.165856
   -0.226086   -0.0565113     -0.17069    0.0763309
     0.11272    0.0713938   -0.0833322     0.161711
    0.427563     0.356339    0.0129728     0.335661
   -0.323384    -0.278762    0.0130899   -0.0850666
   -0.310722   -0.0185902    -0.201458     0.186155
   0.0517849   -0.0783134     0.200077     -0.15116
    0.391668    -0.117242    -0.250341     0.240776
   -0.217455     0.109744      0.33262   -0.0361283
 -0.00802501   -0.0432189   -0.0966419    -0.021378
   0.0468923   -0.0577907    0.0245061    0.0404731
    0.107399    -0.189015   -0.0663298    -0.197118
    0.195574    -0.129757  0.000808276   -0.0150851
     0.11573    -0.209527    -0.235517   -0.0169666
    0.164307      0.11564    -0.104935    0.0267137
   -0.260088    -0.259235     0.394621   -0.0197379
    0.159749   -0.0863899    -0.198084     0.106124
    0.287056    0.0490609     0.123354    0.0722723
    0.271395      0.11683    0.0220319   -0.0829139
   0.0532696  -0.00232424    0.0244937    -0.128938
    0.180035    0.0312398    0.0720033    -0.127609
   -0.060426    0.0156509   -0.0310036    0.0257502
   0.0791896      0.11374   -0.0474243    0.0109691
    0.132613   -0.0659654    0.0141795    0.0235291
    0.255522     0.124531   0.00178756     0.137284
   0.0217853    0.0722775    -0.300095    0.0359325
   0.0575486    0.0831557   0.00255663     0.219975
   -0.165591   -0.0084679    -0.100723   0.00468509
    0.234209    -0.099827    -0.148597     0.068822
   -0.128445   -0.0143021   -0.0310278   -0.0736888
   0.0780117     0.104216    -0.180833    -0.101516
   -0.473012    -0.334291     0.201082   -0.0696967
     0.11477    -0.235082    -0.358713   -0.0752721
  -0.0354859     0.126944     0.166929    -0.152457
    0.212389    -0.148459  -0.00350119    0.0922472
   -0.222708    -0.277801    -0.391474      0.29056
  -0.0155609   -0.0538169   -0.0529944     -0.04574
    0.252778     0.144206     0.245236    0.0554245
  -0.0567958     0.152659     -0.19741    0.0322217
  -0.0714902   -0.0117903   -0.0323531    -0.106651
    -0.09232   -0.0783705     0.125111   -0.0570838
  -0.0533496    0.0252064    -0.110109     0.210165
   -0.341138  -0.00775495   -0.0519958     0.164598
  -0.0754282    0.0172643     0.308452    -0.309963
    0.166074     0.203423     0.118116    -0.237694
    0.118646    0.0967478    0.0183564    0.0624182
   0.0416013     0.221811     0.103476   -0.0868413
   0.0864659     0.173272   -0.0679482    0.0419364
   0.0740849     0.342311    0.0689643    0.0380754
   0.0447741     0.131675  -0.00910193    0.0708986
    0.247477    0.0450639     -0.34034     0.167616
    0.268263    0.0943304    0.0113973    0.0125727
  -0.0455589    -0.160229    -0.101075    0.0211293
    0.119174     0.334903   -0.0697137     0.011612
   -0.211249      0.13497     0.148463   -0.0404708
    0.458166   -0.0727552   -0.0367848   -0.0445865
    0.198898    -0.338036   -0.0272841   -0.0889191
    0.349445    -0.119022   -0.0611851    -0.385499
    0.334418    -0.176113    -0.151466    0.0164175
   -0.119865    -0.217563     0.115268    -0.220379
-0.000135044     0.222423    -0.226026     -0.14508
   -0.253079    -0.249052    -0.204903    0.0991055
    0.163581    0.0306052    -0.053569     -0.17226
  -0.0119773   -0.0635016    -0.105657   -0.0380719
  -0.0418362      0.11134   -0.0177558     0.224888
  -0.0186617    -0.108346   -0.0998119   -0.0296417
    0.287159     0.103184   -0.0426788   -0.0206164
  -0.0774761     0.145953    -0.278267      0.24422
    0.195187   -0.0168111   -0.0943492    0.0566274
    -0.23154    -0.114572      0.35126   -0.0214153
    0.304379   -0.0394996    -0.170297    0.0492348
     0.19173     0.386245    0.0267817  -0.00199813
   0.0276446    -0.107521   -0.0306803    0.0798078
    0.185772    0.0788163    -0.878161   -0.0887577
   -0.200204    0.0704108   -0.0402364     0.180898
  -0.0648276    -0.029626     0.256999   -0.0476741
   0.0573615     0.071762    -0.134711    0.0799018
   -0.320237    -0.094422    -0.280057     0.146695
  -0.0229129     0.023168    -0.144673    -0.122405
   0.0162481     0.217235   -0.0132562    0.0566616
   -0.145903   -0.0771452    0.0238093    0.0297439
    0.175352    -0.104015    -0.105756   -0.0812875
   0.0694414   -0.0783292   0.00289563    -0.133182
  -0.0435961     0.228948    -0.431681     0.157633
   -0.115756    -0.201791     0.330909    -0.126402
   0.0743403     0.143356    -0.180588     0.187023
   0.0462322     0.091789    -0.247928    0.0614001
   -0.489881    -0.398075     0.130412     0.155343
    0.286293     0.226148     0.301339    -0.142967
  0.00738718     0.125021    -0.210382    -0.183606
    0.172083    0.0699272    -0.125724     -0.02865
  -0.0283351    -0.171507   -0.0248067   -0.0733536
    0.394713     0.265118     0.127368   -0.0433884
  -0.0297185    -0.171391     0.128359    -0.143881
  -0.0226537     0.143821    -0.197915     0.335569
     0.26815     0.381421    0.0777121     0.220695
    0.034362    0.0206037   0.00726562     0.111736
    0.147219     0.116777   -0.0741868     0.141527
   -0.171031   -0.0949065    0.0586424   -0.0183886
   0.0417447     0.077164     -0.30853    0.0124132
   -0.131895    -0.135714    0.0652142     0.135097
    0.104529      0.12902   -0.0138058     0.125332
    0.102243    -0.281506    -0.115861     -0.11012
   0.0793791    -0.100607   -0.0393157    0.0686745
    0.137064   0.00312437    -0.122414   -0.0728575
    0.107777     0.037652     0.216068    -0.214587
   -0.022296   -0.0889956   -0.0180517   -0.0583473
   -0.338933     0.128903    -0.135819   -0.0902753
   -0.198504   -0.0801722    0.0365216   -0.0838154
   -0.216581    -0.306689    -0.374332   -0.0287083
  -0.0808343    0.0540426     0.110113    -0.116225
     0.22938     0.428266      0.23004   -0.0707618
    0.327974     0.133157     0.402222     0.196897
  -0.0224347     0.223198     0.230999     0.103831
    -0.12959   -0.0953264    0.0874044    0.0390171
   -0.362333    -0.258476   -0.0636048    -0.100005
  -0.0102513     0.190195     0.157428   -0.0807055
   -0.150042     0.065882    -0.323607     0.116224
     0.08323    -0.025606    -0.121039   -0.0424133
   -0.263095   -0.0335407    0.0220015    0.0640131
    0.292784     0.199957   -0.0590211   -0.0911536
    -0.34525   -0.0525051    -0.120789    0.0992592
   0.0488165    -0.142363   -0.0406623    0.0218532
   -0.176427   -0.0365527     0.649779    -0.302517
    0.207319     0.158227     0.155633    0.0281215
   -0.118304     -0.08194     0.138827   -0.0973276
  -0.0487602     0.212608    -0.185121     0.216448
    0.135224     0.114953    -0.109515   -0.0520162
    0.115357   -0.0297843     0.129447   0.00852895
  -0.0104463     0.025522    0.0344991     0.180836
    0.272381    0.0364959    -0.146207    0.0799917
   -0.058761   -0.0962649   -0.0230337    0.0400908
  0.00466422   -0.0749579   -0.0537269   -0.0730469
   -0.405594    -0.102919     0.443863   -0.0707295
   -0.321853     0.109829      0.24797   -0.0660071
  -0.0867813    0.0721597    0.0899639   -0.0191626
   0.0471305    -0.079842     -0.13506   -0.0296788
  -0.0320813    0.0776349   -0.0883022    -0.056336
   -0.139573    0.0158424     0.185226   -0.0952847
  -0.0965271    -0.127659    0.0153536     -0.09946
   0.0352607   -0.0141952     0.024861     0.137047
  -0.0703734   0.00412072    -0.146637     0.243977
   -0.124032    0.0355733     0.166745    -0.044078
  -0.0841677   -0.0811817   -0.0354801    0.0033426
  -0.0134396   -0.0796478    -0.180762   -0.0991265
    -0.06813    -0.130294    0.0661645     0.113997
   -0.150563     0.147801    -0.076769   -0.0739569
    0.153793   -0.0941722    -0.129488     0.122798
   -0.204331   -0.0815947    -0.205677   -0.0595018
  -0.0912881    0.0510133  -0.00906246  -0.00162041
    0.148407    0.0873829    -0.100427   -0.0361743
   -0.280587   -0.0824416     0.316317    0.0755435
  -0.0165069    0.0614402    0.0481432    -0.038628
   -0.142852     0.266388     0.240651   -0.0397139
  -0.0802587     0.287476     0.227815  0.000396269
    0.350886     0.168153    -0.411662     0.120054
  -0.0931481   0.00579915   0.00302631    0.0324213
  0.00876573     0.227264     0.107842     0.010742
    0.352361   -0.0440101     0.109795     -0.09439
   0.0181947   -0.0010466    -0.237605     0.110509
   -0.124648     0.398245    -0.411596     0.211991
    0.253815   -0.0565899    -0.248548    0.0190024
  -0.0205449     -0.18707   0.00875546    -0.108787
   -0.322399    -0.100168    -0.329964    -0.335711
    -0.20365     0.111144    0.0470153   -0.0272176
  -0.0247274   -0.0837716     0.016096  -0.00437034
   0.0289422     0.238364    -0.132146      0.24042
   0.0763635     0.256184     0.145655   -0.0463015
  -0.0539476    0.0303865    -0.275948     0.158843
    0.166073   -0.0594576    0.0360727   -0.0579344
    0.163539    0.0126532   -0.0687213     -0.11983
    0.234749   -0.0204637   -0.0807915   -0.0317038
    0.153102   -0.0448604    -0.320428   -0.0378464
    0.201258     0.139744      0.20702    0.0905721
 -0.00805704   -0.0109126    -0.108718    0.0997101
   -0.094059    0.0109071     0.384796    0.0848527
  -0.0836068     0.166357    0.0739372   -0.0742576
  -0.0230932     0.117169    0.0932518    0.0890861
  0.00502165   -0.0297905    0.0367079    -0.011374
    -0.06538  -0.00593234     -0.16302    0.0891276
     0.30263   -0.0963656   -0.0827929   -0.0135855
   -0.030288    -0.207376     -0.21278     0.197074
  -0.0635118     0.143654     0.141661    0.0521324
   0.0605317     0.104769   -0.0406901    0.0927409
   -0.218218     0.069985    0.0593842    -0.194722
    0.060537    -0.162587    -0.133403   -0.0949632
    0.190799     0.141875    0.0613963   -0.0827019
   0.0654477   -0.0558235    0.0899093   -0.0671795
   -0.126555   -0.0471159    -0.130628     0.218672
  -0.0553071    0.0939782    0.0782942     0.123753
    0.203265     0.222078    -0.121963     0.121544
   0.0855759     0.621837     0.182543    -0.186665
   0.0868971    -0.214704     -0.15782  0.000812475
    0.362703     0.263628    0.0507814   -0.0899629
   0.0297323  -0.00969263    0.0216772    -0.200679
   0.0353866    0.0714142     0.114234    -0.014603
   -0.318925    -0.217643     0.219279 -0.000523045
   0.0471438    -0.121142    0.0857531   -0.0769968
   -0.152525     -0.22562     -0.52452     0.180613
   0.0928959     -0.18239     0.204791    -0.110151
  -0.0713037   -0.0928169    -0.129953    -0.149049
    0.188936    0.0162856   -0.0129489   -0.0253602
   0.0300496    -0.201523    -0.181504     0.139911
    0.192532    0.0358388    -0.118481  -0.00457475
   0.0803526   -0.0343159    0.0880172    -0.174433
   -0.101606   -0.0554183   0.00291725    -0.155216
   0.0513784    -0.179856     0.122127    0.0497025
    0.107065    0.0421534   -0.0615285    -0.082075
   0.0896192     0.249597    0.0586346   -0.0885515
   0.0770161     0.235275    -0.124051   -0.0661849
    0.122955    0.0775712    0.0582959   -0.0749718
  -0.0188499   -0.0945473     0.331826   -0.0972235
    0.206747     0.129605    -0.219573     0.154001
   0.0655514   -0.0171382    -0.222661    -0.240846
  -0.0515974     0.187777     0.215096    -0.121192
   -0.137111    -0.137999   -0.0359588     0.194247
   -0.280592   -0.0852587     0.141028    -0.245241
   0.0547822    0.0600844   -0.0858303     0.159435
   0.0636955    0.0296695     0.168729   -0.0143213
    0.176503   -0.0840456  -0.00822571   -0.0348812
   0.0669546    -0.114046    -0.191295     0.130684
    0.119993    -0.012027   -0.0369664     0.127865
 -0.00764796     0.102036   -0.0488431     0.157783
    0.249143      0.12269    0.0731569   -0.0821372
    0.204188   -0.0236236    -0.326163    -0.178335
 -0.00399516   -0.0535504     0.113112    -0.124103
   0.0644382   0.00703027    -0.175342     0.165694
   -0.019012    -0.147647    -0.171967    0.0840695
   0.0678993   -0.0492857   -0.0984686   -0.0593384
  -0.0290909    0.0715987    -0.170786     0.100087
    -0.19055    0.0103565     0.388031     -0.11099
     0.26618    0.0740594      0.14136   -0.0850076
    0.464768     0.014787   -0.0595892    -0.283849
  -0.0907167   -0.0358228     0.160645     0.357465
    0.274828    -0.134327     0.017512   -0.0907353
   0.0601277     0.120996   -0.0492431    -0.183951
     0.16837     0.125472   -0.0744181    -0.055806
    0.121162   -0.0581851    0.0458923    0.0719997
   0.0155545   -0.0831666    0.0820508    0.0728609
    0.014464   0.00137828   -0.0276188     0.119137
    0.139633     0.175464   -0.0321312    -0.101578
   -0.296266   0.00371318      0.05456    -0.141719
    0.137178   -0.0408709   -0.0576688     0.162644
    0.143047   -0.0463451    -0.242308    0.0145716
   0.0390171   -0.0592864   -0.0891604     0.059297
   0.0331144   -0.0720937   -0.0982971    0.0807019
    0.130956     0.185874    0.0547419    0.0822646
   0.0529357   -0.0388432    -0.296631   -0.0198868
   -0.608805    -0.145531     0.427841   -0.0272594
  -0.0641472     -0.10048     0.247471    -0.128207
    0.251032  -0.00771973    -0.163114   -0.0487415
  -0.0625676      -0.1582   0.00967015    0.0152615
   0.0565203     -0.14957      0.13631   -0.0219194
  0.00753945   -0.0517946   -0.0681593    -0.101655
    0.167126     0.198795   -0.0115454     0.122413
   0.0169884    0.0374385     0.116385   -0.0536765
  0.00776286    0.0094964     0.168663    0.0620038
    -0.10703    0.0367686     0.198053    -0.213214
    0.266526     0.383722     0.296081    0.0969677
  -0.0345441    -0.117543     0.192592    0.0171721
  -0.0630291    0.0854586    -0.157924     0.291425
    0.117209     0.156044     0.210414    -0.105646
   -0.139384   -0.0832044     0.296201   -0.0249954
  -0.0113716    -0.136434   -0.0301792     0.055033
    0.059031    -0.172119    -0.506146     0.286915
  -0.0160379    -0.268701   -0.0279208    0.0788709
  -0.0919289   -0.0777756    -0.103049     0.209022
  -0.0889727    0.0541697    0.0460314    -0.128599
    0.201689   -0.0291331    0.0975504   -0.0639687
    0.225814    0.0131093    0.0524176   -0.0508165
    -0.13879     -0.11944   -0.0873756    0.0682651
   -0.161966   -0.0386452   -0.0570828   -0.0766008
    0.273668     0.339785      0.12821     0.177989
   0.0278459     -0.11365   -0.0733528   -0.0939563
    0.139424     0.130998    0.0437259    0.0177582
   -0.152597    0.0707356    0.0720589    0.0249533
   0.0147169   0.00528478     0.194146     0.102181
    0.209542   -0.0614792    0.0959444    -0.278026
    0.238693     0.331245    -0.280423     0.164577
    0.183853   -0.0647567    0.0714783  -0.00494998
   -0.205622   -0.0243237   -0.0362521    -0.180207
   0.0398226    -0.112264    0.0776422      -0.1331
    0.259353   -0.0642028   0.00823959   -0.0416395
   0.0471951     0.239528    -0.111755     0.200021
   0.0102826     0.143561    0.0962774     0.187845
   0.0271896    -0.141837    0.0342269    0.0733015
  -0.0425065     0.157005   -0.0318897     0.303379
  -0.0381783  -0.00918132     -0.14712     0.161064
    0.126929     0.169155    0.0253144    0.0908522
    0.215751   -0.0612935   -0.0322792     0.160218
    0.062035    0.0525241    0.0178671    0.0772588
   0.0717944   0.00257127    -0.142301    0.0227967
    0.107907    -0.109029    -0.316773     0.133384
  -0.0761311    -0.158679     -0.16527     0.091981
  -0.0975274     -0.02573    0.0167327    0.0199044
  -0.0681224     0.178668     0.184226   -0.0539663
    0.071736   -0.0495388    -0.059006    -0.191876
    0.179265     0.101652     0.291752      0.11393
    0.582257     0.360246     0.489368    0.0603168
   -0.201479    0.0557807     0.227989    0.0386045
   0.0998976    0.0280086    -0.194708     0.147494
   -0.073379     0.201022   -0.0327079   -0.0261088
 -0.00744337   -0.0874185    -0.266165   0.00254629
    0.174867     0.161495   -0.0893263     0.248733
  0.00536441   -0.0476582     0.190227    -0.170694
    0.436371    0.0777924   -0.0654636    0.0919623
   0.0967801    0.0144985    -0.270852     0.198067
   0.0842943   0.00934825     0.110324   -0.0334666
 -0.00695449    0.0109952    -0.339737    0.0298858
   0.0559444    0.0314483    -0.122952    0.0967579
    0.120689     0.237709   -0.0535968    0.0196235
   -0.247516    -0.128379  -0.00241355     0.177044
   -0.452399    0.0348208    -0.068113    0.0160138
  -0.0208839    -0.177949   -0.0171312    -0.130279
    0.357425     0.171799     0.141778     0.049007
   0.0940747    -0.134205  -0.00130537    0.0880005
    0.457696     0.563372    -0.403433   0.00153205
  -0.0197348   -0.0100521     0.002048    0.0674395
  -0.0384576     0.235314     0.299609   -0.0144215
   -0.115774    -0.107568    -0.087646     0.080497
   -0.120623    0.0686701     0.222267  -0.00709264
    0.327885   -0.0516667    0.0152495     0.140897
  0.00973374     0.102563     0.168671    -0.167607
     -0.1032     0.135186     0.134391   -0.0624677
   0.0652591    0.0974537   -0.0297273    -0.075245
    0.260813    0.0121721     0.156565  -0.00925138
   0.0366285    -0.211931    -0.274771  -0.00460021
   0.0834853    0.0509361     0.068215   0.00994198
   0.0227482     0.136999   -0.0220112    0.0673026
   -0.196695    0.0412792     0.198393     0.151442
    0.100351     0.110929    -0.176493    0.0634224
    0.323391     0.184409    0.0631266   -0.0756735
   -0.113477  -0.00496104   -0.0243148    0.0243501
    0.153376     0.157014    0.0671137     0.159588
   -0.173428   -0.0696105  -0.00284629    -0.105879
    0.212402    0.0634487     0.160259      0.01193
  0.00420363    0.0352778   -0.0949865    0.0557308
   0.0362061   -0.0525139    -0.482322     0.157278
  -0.0976498    0.0494225   -0.0627359     0.089245
    0.139832   -0.0540859    -0.165574   0.00235071
   0.0983045     0.107118    0.0984036     0.055548
    0.281611     0.159333   -0.0344787     0.124404
    0.132339   -0.0610526    -0.123173    0.0761452
   -0.153181    -0.104754     0.272336     -0.17345
   0.0994065   -0.0403288     0.101395    0.0223582
   0.0852273    0.0443496   -0.0724348     0.109188
  -0.0782977    0.0714264   -0.0181913   -0.0210712
   0.0398576   -0.0252404    0.0141751   -0.0866174
   -0.209982     0.525477    -0.288445      0.27981
    0.169231     0.177448  -0.00515574    0.0365104
    0.122921    0.0821115     0.127192    -0.110417
   0.0318309    -0.105106   -0.0410993   -0.0493707
  -0.0246369     0.341715    0.0492954     0.208091
    0.235008    -0.143967    0.0280302    -0.100271
 -0.00732976   -0.0111278     0.120195    0.0280225
   -0.253166     0.242257    0.0416293     0.138963
  0.00118234   -0.0287629     0.486346    -0.119613
   -0.052735     0.085094    -0.078801    -0.043256
    0.264374     0.105688   -0.0675273   -0.0139975
   -0.120202    -0.012623     -0.33546   -0.0566285
    0.148804    0.0665941    0.0211642    -0.254316
    0.123823     0.214241    -0.308214     0.243077
     0.19774     0.062853    0.0752936    0.0357436
   -0.110686     0.122897     0.239708    0.0665056
    0.187441   0.00157742     0.126895    0.0551146
  -0.0327388     0.242685    -0.465237     0.156848
    0.118857     0.103569    -0.106583   -0.0060146
   -0.213599    0.0214713    -0.131387   -0.0781333
    0.131619     0.147568    0.0363115  0.000920786
   -0.236843   -0.0231227    -0.109765   -0.0619421
    0.198788      0.16683    0.0180328    -0.087004
  -0.0147526     0.107366     0.101696    0.0915704
   0.0712815     0.363383    -0.235443      0.14469
   0.0307578     0.109482    -0.266617     0.153786
   0.0407053    0.0211419     -0.12669     0.188593
   0.0629183     0.128995    0.0481888      0.01086
 -0.00297159     0.187332     0.254405   -0.0728387
   0.0391144    0.0163617     0.157655    0.0451896
   -0.401352    -0.663532    -0.713242   -0.0387782
  0.00166196     0.101422   -0.0565458   -0.0311631
   0.0179392     0.386278      0.37475    -0.191781
    0.150908     0.110312     0.306406   -0.0931526
   0.0599232      0.17162     0.119181     0.182644
  -0.0103805  -0.00304496     0.201985    0.0267852
    0.414325    -0.183325    -0.270905   -0.0954594
   0.0507877    0.0651588    -0.100727   -0.0137601
   0.0320386   -0.0932218    -0.224271     0.035595
  -0.0362348    -0.138992    -0.506266     0.171992
   0.0480374    0.0387859    0.0180356   -0.0296942
 -0.00652853     0.360819     0.408996     0.112777
  -0.0334351    0.0888113    -0.064388    0.0701509
 0.000412092   -0.0737391  -0.00869222    0.0446616
   0.0936731   -0.0874153   -0.0825062    0.0139569
   -0.056775     -0.18525    -0.288011   0.00815055
    0.218411     0.311273     0.137229     0.107741
   -0.132559   -0.0752319     0.086392   -0.0887241
   -0.142687    0.0234319    -0.192603     0.123603
    0.221596    0.0213015    -0.441109     0.297741
  -0.0801082    -0.147923     0.153672   -0.0671144
   0.0859884   -0.0082966    0.0876805   -0.0760248
 -0.00638309     0.191541    0.0492329   -0.0405966
    0.185262  -0.00882034    0.0200883    0.0217098
  -0.0969401    0.0915718    -0.190925   -0.0476554
   0.0272109    -0.150232   -0.0685204   0.00432274
  -0.0449669   -0.0347764   -0.0858941  -0.00895001
  -0.0636249     -0.11365    0.0716516     0.128351
   0.0944803  -0.00905112     0.122619     0.188795
   0.0610958     0.153306    0.0696572    0.0266724
   0.0924234    0.0984528     0.155319    0.0792865
    0.216123     0.171577    -0.201761  -0.00531494
     0.03417    -0.131607   -0.0979703   -0.0626601
    0.185806   -0.0654551    0.0980377    0.0325407
  -0.0671963     0.011624    -0.272188    -0.161727
   -0.051349    -0.221883     0.287154    -0.118233
    0.048304   -0.0404488    0.0899163    -0.239831
   -0.220949   -0.0534177     0.022833   -0.0742972
   -0.239164   -0.0430401    -0.145752     0.071165
   0.0178569    -0.110244   -0.0976156    0.0945615
    0.239734    0.0204275    0.0475061    0.0164173
     0.22208     0.104835   -0.0896023    -0.125517
  -0.0125689     0.142312    0.0307767   -0.0847631
    0.233602     0.400745    -0.137395     0.307538
  -0.0984324   -0.0718057     0.165609     0.185351
 -0.00538452   -0.0606848   -0.0244411    0.0786211
  -0.0841378   -0.0619162     -0.28916   -0.0823054
  -0.0168082    0.0253237    -0.212381     0.154099
  -0.0108523    -0.113907   -0.0432124   -0.0544533
    -0.17209    0.0601825     0.226943     0.112971
   0.0100702    -0.181853    0.0560865   0.00397312
  -0.0821584   -0.0516787  -0.00867509     0.157442
    0.181118   -0.0731552     0.180376     0.125854
   0.0230295 -0.000859563     0.245458   -0.0924801
   0.0176817    0.0945209     -0.23142    -0.104894
   -0.063594    0.0942163  -0.00740735     0.060361
    0.191016   -0.0208729    0.0520946    0.0635656
   -0.121937    0.0100618    -0.219249     0.172455
   0.0898622   -0.0910955     -0.16583   -0.0611393
   -0.377491    -0.301801    -0.114748      0.14528
   -0.474243    -0.182596    -0.358127    -0.245973
   0.0662901     0.221761    0.0389403    0.0432607
   0.0317762    0.0917604    -0.133968    0.0683045
   0.0980488    0.0743568    -0.398518    0.0961673
  -0.0671895   -0.0241001     0.279591    -0.109037
    0.046781     0.133117     0.234898    -0.290801
   -0.052268    -0.217974    0.0540526   -0.0146128
   -0.185287   -0.0877098   -0.0329716    -0.153542
    0.101876     0.225432     0.107834     0.183242
    0.123624   -0.0579333  -0.00780053    -0.120717
    0.121848     0.276523   -0.0446944    0.0455047
  -0.0710166      0.01702     0.311424    -0.155646
   0.0718187    -0.133589    0.0375697 -0.000716715
  -0.0360693    0.0802875    -0.237546    -0.183627
   -0.468802    -0.491829     0.444429     0.182341
   0.0404549   -0.0665285     0.133702    -0.104782
    0.239874     0.162698     0.329104   -0.0169598
  -0.0273041    -0.205607   -0.0218476   -0.0223375
    0.250372    0.0129742    0.0288784    0.0321428
   -0.124881     0.030401     0.023877    -0.126457
   -0.227748    0.0584801     0.158603    0.0218135
    0.136238    0.0462195    0.0325381    0.0663958
   -0.232086    -0.323455    -0.048431    0.0201849
    0.204757     0.149227    0.0716334   -0.0106502
   0.0802834     0.086549     0.145741   -0.0224208
   -0.299655   -0.0680429    0.0634199    -0.147418
   -0.128061   0.00749261     -0.49475    0.0557612
   0.0435091    0.0237202    0.0528523    -0.148269
    0.150188    0.0225758     0.110235    0.0388069
   0.0351637    0.0435362   -0.0726775     0.245337