    1.48474
    0.44893
   0.370006
   0.898166
    1.34998
  -0.241471
   0.109342
  0.0447706
   0.432233
   0.729745
  0.0754788
 -0.0348434
    1.33836
 -0.0870253
   0.033701
   0.534012
 0.00768852
   0.083679
  -0.201059
    0.29994
   0.217788
  0.0940515
 -0.0296224
  0.0293224
   0.386283
   0.112398
   0.101708
  0.0884702
 -0.0662577
  -0.146767
   0.382636
  0.0518066
  -0.135234
 -0.0478399
  -0.140309
  0.0300936
0.000411306
 -0.0980477
  -0.116396
    0.20783
  -0.118471
 -0.0835033
  -0.199739
 0.00648346
  0.0363281
  -0.221344
   -0.12674
   0.182379
 -0.0861375
   0.062006
   0.279235
   0.201271
  -0.136234
-0.00453096
 -0.0424982
 0.00857949
  -0.186651
  0.0199684
  -0.046161
  -0.086385
  -0.181135
  -0.120133
  -0.138062
   -0.22263
  -0.127428
 -0.0649144
  -0.190557
 0.00118379
 -0.0973022
 -0.0704793
 -0.0989383
  -0.215796
  -0.103059
 -0.0937769
   -0.11065
  -0.157276
   0.137387
  -0.135298
  -0.129966
  -0.178985
  -0.115962
  -0.235975
 -0.0674933
  -0.106561
-0.00964035
   -0.16318
  -0.187548
  -0.130498
  -0.156182
  0.0368813
 -0.0739688
   -0.20037
  -0.186463
  -0.143205
  -0.171812
  -0.160519
  -0.176886
  -0.188745
  -0.145672
  -0.164075
  -0.144444
  -0.170814
  -0.171319
  -0.179181
   0.219918
   0.472216
    1.02363
   0.145499
  -0.099021
 -0.0940475
-0.00538639
    1.06401
  -0.247583
 -0.0575699
 -0.0575181
  -0.108448
-0.00752496
  -0.256358
  0.0646388
  0.0631098
  -0.271224
  -0.118502
  -0.109583
  0.0213943
 -0.0279407
  0.0677598
 -0.0967935
  0.0501563
 -0.0388439
  -0.266993
   0.209821
  -0.128225
  -0.301706
  -0.135833
  -0.194483
  0.0263487
   -0.18692
  0.0268777
 -0.0784782
  -0.143974
   -0.21774
  -0.112265
  -0.226018
  0.0427217
  -0.196855
  -0.199374
 -0.0999366
 -0.0696545
 -0.0427194
  -0.160945
  -0.164353
    1.01526
   0.446824
  -0.201043
  -0.113795
 -0.0628101
 -0.0545445
 -0.0379714
  -0.185184
   0.522199
  -0.162264
  -0.129717
 -0.0852761
  -0.174053
 -0.0233921
 -0.0778364
  -0.185698
 -0.0851784
  -0.163948
  0.0865012
  -0.183806
  -0.122081
  0.0528072
  -0.186584
  -0.167458
  -0.079729
  -0.235018
  -0.176292
 -0.0106008
   -0.13416
   -0.18817
  -0.217368