  0.00958652    0.0242115   -0.0198737    0.0915799
  -0.0837398    0.0334968   -0.0403516  -0.00136734
    0.143248     0.149556   -0.0487084     0.289546
   0.0463842   -0.0324372    0.0168227    0.0943345
   0.0112514   -0.0361251   -0.0190515    0.0276082
   -0.100917   -0.0998539   -0.0182463   -0.0357836
    0.049809    0.0543109     0.102025    0.0519922
    0.184509   -0.0325936    0.0596624   -0.0229135
   -0.166091    -0.014605    0.0260385   0.00258749
   0.0439292   -0.0476891   0.00829533    -0.103477
   -0.111788   -0.0420013    0.0311939   -0.0647886
    -0.21647    0.0322703    0.0790791    -0.105296
   0.0128742   -0.0238026   -0.0676602   -0.0413427
  0.00995802    0.0319401    0.0357251    0.0821919
    0.188045    0.0389331   -0.0475454    0.0150696
   0.0159292   -0.0501245    0.0162656    -0.103232
    0.382661   -0.0331394  -0.00835937    0.0479333
   -0.166059   -0.0367778   0.00048725    0.0120466
  -0.0199765      0.10576    0.0320986      0.13489
    0.014026   -0.0172822    0.0407178  -0.00208116
   0.0724988    0.0606433   -0.0527499    0.0957987
   -0.167935   -0.0771175  0.000351461    0.0324288
   0.0875908    0.0520029    0.0202542    0.0173372
    0.141884    0.0470447  -0.00734148    0.0523907
    0.160387   -0.0178054   -0.0627248     0.108976
  -0.0226099    0.0423865   -0.0797766     0.072928
  -0.0274531    0.0502346     0.024288    0.0786412
    0.023132   -0.0770976   -0.0331953    0.0681667
   -0.128786  -0.00736687   -0.0402914    0.0797423
  -0.0866225   -0.0439383    0.0488206    -0.137473
  -0.0975271    0.0517121   -0.0355486   -0.0404849
    0.197023   -0.0526619   -0.0201621   -0.0699307
   0.0165291    0.0192394    0.0450825    0.0438937
   -0.058703   -0.0280587   -0.0818603    0.0451106
   -0.102551    0.0414155  -0.00623658   -0.0209902
   -0.144002    -0.019145     0.107134   -0.0469603
    0.091814   -0.0494355   -0.0335185   -0.0532423
    0.182568    0.0112397   -0.0130719   -0.0439684
   -0.121071    0.0325899    0.0382424   -0.0265899
   -0.160923  -0.00163875    0.0764071    -0.115241
   -0.195857    0.0142607    -0.062446    0.0571093
    0.224347   -0.0158429   -0.0179606     0.207631
   -0.215245    -0.021042    0.0616167    -0.072865
   -0.166036    -0.049086    0.0219688     -0.03089
  -0.0483786    0.0922845   -0.0346038     0.069391
  -0.0173161   -0.0503637  -0.00061815    -0.100874
   -0.274821   -0.0778304     0.027581    -0.138433
    0.219385    0.0314757    -0.158216     0.157604
  -0.0455117    0.0357494  -0.00556717    0.0167618
  -0.0674601   -0.0160388    0.0269491 -0.000597088
    0.169438    0.0508963    0.0281388    0.0422627
    0.182927    0.0223584    0.0514553     0.121677
 -0.00352542     0.032164    0.0482258    0.0261323
   0.0497351   -0.0105137    0.0526834   0.00654384
  0.00375627   -0.0224196    0.0414008  -0.00249061
   -0.040849   0.00369981   -0.0121746   -0.0203353
    0.132584    -0.069212    -0.103449   -0.0400213
   0.0123748    0.0126272   0.00660504   -0.0201937
   0.0219492    0.0243627     0.038803   -0.0783121
     0.20385    0.0164068     -0.12185     0.112408
    0.232549   -0.0437125    -0.118571    0.0473952
  -0.0945316   -0.0162414    0.0260877   -0.0878856
    -0.13133   -0.0343525    0.0674123   0.00506794
    0.144295   -0.0109674    -0.105042    0.0680528
   -0.138113   -0.0217069     0.127132     -0.16119
    0.285962     0.124117   -0.0769381    0.0630401
     0.10272     0.190723    0.0292332    0.0639782
   -0.245234   -0.0811404     0.158517    -0.111821
  -0.0863415   -0.0628846  -0.00448697    -0.140836
   0.0439591     0.059908   -0.0216839      0.10832
  -0.0437356    0.0437116  -0.00885813   -0.0225412
    0.175952    0.0202767   -0.0786934    0.0719781
    0.146702  -0.00883863   -0.0204862   -0.0327103
   0.0625567   -0.0723433   -0.0631998   -0.0487555
   0.0540773   -0.0011946   -0.0715207      0.10822
   0.0116317   -0.0506814    0.0363727    -0.118191
    0.197514    0.0158782   -0.0186099    0.0445406
   0.0326668    0.0659069     0.044979    0.0875925
   0.0862443    0.0155183   0.00177455    0.0947969
   0.0689733     0.113354  -0.00946288     0.162915
   -0.114663   -0.0772348     0.035954    -0.105271
   0.0333972    0.0418401     0.024418   -0.0523537
   -0.157063   -0.0983496  -0.00991979   -0.0531703
  -0.0960861   -0.0244706   -0.0230001   -0.0569357
  -0.0587679    0.0121931   -0.0190761  -0.00863128
  -0.0394752     0.100785    0.0355967    0.0997743
   -0.159136   -0.0730464   -0.0709164    0.0301509
-0.000424793   -0.0545192   -0.0706149    0.0094011
   0.0298732    0.0944973   -0.0180311    0.0227346
   0.0556962    -0.047093   -0.0643002   -0.0480136
  -0.0542221    0.0121044   0.00243061     0.066951
   -0.056119   -0.0370848    0.0397825    0.0675053
    0.166038    0.0459549    0.0331339    -0.004197
    0.142559    0.0296795   -0.0316179    0.0313248
  -0.0267602    0.0117039     0.025475   -0.0178205
   -0.171912   -0.0104787    0.0152344    0.0406316
   0.0669781    0.0607191  0.000395649    0.0844186
  -0.0252582   0.00860289    0.0186091   -0.0805075
   0.0820676   -0.0674832     0.089467    -0.173296
  -0.0384132    0.0444065    0.0674172    0.0170763
   -0.183804    0.0129392    0.0181972   -0.0182752
   0.0163497    0.0410415  -0.00897257     0.067916
  -0.0553609    0.0308157   -0.0687344    0.0479636
  -0.0123997   0.00128592   -0.0234025    0.0996695
   -0.161015    0.0291864   -0.0405687   -0.0431484
   -0.168202      -0.0133  -0.00537122   -0.0954341
   0.0232702   -0.0564064    -0.030232    -0.119441
   0.0237715   -0.0222757    0.0798751    0.0775114
   0.0357098   0.00758971   -0.0334045    0.0532093
  -0.0669277   -0.0418431    0.0729005   -0.0963738
    0.113684    0.0711192   -0.0157875    0.0229211
   -0.161613    0.0329832    0.0223033   -0.0158241
   -0.033255    0.0611818   -0.0672667    -0.030458
  0.00719223   -0.0373014   -0.0170044   0.00176117
   0.0770632   -0.0466344    0.0430692    -0.151248
   0.0370918    0.0626348    0.0156429    0.0216582
   0.0893121   -0.0550977   0.00138124    0.0119026
  -0.0785064    0.0263227   -0.0165554    -0.124751
   -0.118563    0.0055124    0.0117551   -0.0253936
   -0.154527  -0.00238341    0.0917429    0.0618149
   0.0270493    0.0108116   -0.0281036   -0.0632786
    0.420184    0.0265648    -0.152103    0.0599829
   -0.121863   -0.0066342    0.0171078    0.0176842
  -0.0378429    0.0546966    0.0544498    0.0256062
  -0.0963051    0.0488107    0.0291282    -0.049891
  -0.0696949    -0.110702   -0.0337586   -0.0876547
   0.0453272     -0.15664   0.00569841     -0.11112
   0.0117118   -0.0280062   -0.0558333   -0.0851865
   -0.151422   -0.0232683     0.039016     -0.11296
    0.126924    0.0277989   -0.0936574    0.0695312
    0.135116   -0.0334047   0.00406929    0.0566717
-0.000879158   -0.0234219   -0.0552293    0.0220466
  -0.0130515     0.081287   -0.0500588    0.0827149
   -0.109738    0.0310565   0.00320018   -0.0493377
 -0.00513037    -0.016377    0.0309277     0.103237
  -0.0703193  -0.00900111    0.0483725    0.0013089
   0.0491955   -0.0062312    -0.100664    0.0497312
   -0.109959    0.0151596     0.118664   -0.0351004
  -0.0475975 -0.000200089  0.000629279   -0.0242863
   0.0713373    0.0290569  -0.00610341    0.0533869
   -0.170487    -0.067221    0.0902681    0.0366457
   0.0989238   -0.0696791     0.125176    -0.177583
  -0.0568544    0.0377862    0.0122146  -0.00101746
    0.308645    0.0788953    -0.162459     0.134667
  -0.0388082   -0.0199093   -0.0517472    0.0483451
 0.000354542   -0.0100254  -0.00517557  -0.00993161
    -0.29548    -0.041316     0.132901    -0.075248
    0.104228  -0.00147425    0.0293825    0.0883813
  -0.0468353   -0.0558085    0.0363402   -0.0419637
    0.259128    0.0282567    -0.124279      0.15162
   0.0290759   0.00645233   0.00736764    0.0111951
   0.0165156    0.0421271   0.00282948     0.010387
  -0.0252577   -0.0347172   -0.0369975   -0.0784079
  -0.0120822   -0.0151715   -0.0289399    0.0124093
    0.336805    0.0515155    -0.117805     0.154045
   -0.133859   0.00377804    0.0755458   -0.0403842
    0.102836   -0.0496493   -0.0470099   -0.0230656
   -0.124198    0.0378188     0.122839   -0.0247385
   0.0115443    0.0166454    0.0417509    -0.152055
    0.214598   -0.0791207   -0.0970946   0.00394076
   -0.101037   -0.0298322   -0.0227396   0.00599884
  -0.0852297    -0.062839   0.00231765    -0.082601
   -0.310899   0.00306576    0.0789108  -0.00910642
   -0.177243   -0.0233627  0.000501513    0.0738277
  -0.0540838    0.0421305    0.0495667   -0.0601141
   0.0046756   0.00127247   -0.0283097   -0.0675765
    0.130034    0.0361366   -0.0689202    0.0527831
   0.0660844  -0.00650807    0.0236587   -0.0336402
  -0.0864893   -0.0572773   -0.0147673   -0.0813798
    0.354569     0.275303   -0.0805799     0.287435
   0.0566233   -0.0148252   0.00286053    -0.064967
   0.0015602    0.0976752  -0.00397136    0.0608982
 -0.00218406    0.0504035    0.0157143    0.0713827
   0.0369318  -0.00338877     0.100085    -0.126363
   -0.085798    0.0468256   0.00213859   -0.0160406
  -0.0706889    0.0669501   -0.0300119 -0.000260475
   0.0907084    0.0345002       -0.129      0.21895
   0.0769155    0.0960752    0.0223372  -0.00408676
   0.0266639   -0.0351522   -0.0570211 -0.000241146
  -0.0407222  0.000842054   -0.0651765    0.0631305
    0.164703    0.0784747    0.0133893    0.0300352
   -0.194869    0.0179664    0.0156369   -0.0359475
   0.0311674    -0.012531   0.00776878   -0.0150926
   0.0208924   -0.0326714    -0.011749    0.0180166
    0.326968     0.105893   -0.0821782      0.14617
   -0.445645   -0.0192299     0.123643   -0.0973431
  -0.0942608    0.0201371   -0.0660125     0.043359
  -0.0210487    0.0655991   -0.0342799    0.0761564
    0.143836  -0.00965543   -0.0749572    -0.110763
  0.00794592   -0.0538927   -0.0529132   -0.0894185
   0.0726616   -0.0345625   -0.0560116   -0.0341679
    0.124084   -0.0317881    -0.084004   -0.0313632
    0.137197    -0.109903    0.0342494     -0.11196
  -0.0530818   -0.0878804    0.0193279    -0.105527
    0.120935   -0.0681284    0.0451584    0.0320582
   -0.108517    0.0697614    0.0334887    0.0167802
   0.0903806    0.0049551    0.0701908    -0.101054
    0.163857    0.0350226    0.0441043   -0.0497533
  -0.0903796   -0.0127705    0.0992193     -0.02534
   -0.169689    -0.123867    0.0797105   -0.0701341
   0.0291802  -0.00119621    -0.049289    0.0174571
  -0.0646718   0.00036126    -0.020497     0.119061
   -0.178431    0.0276256    0.0623156   -0.0846295
   -0.111391   -0.0493332   -0.0325141 -0.000900379
  -0.0427078    0.0941479   -0.0586585    0.0724312
   -0.116701     0.108251    0.0167735     0.128251
  -0.0701808   -0.0093549    0.0355242   -0.0487963
    0.117017   -0.0734062   -0.0235581   -0.0534291
  -0.0937072    0.0197374   -0.0628492    0.0695431
   0.0762149    0.0318404    0.0422555    0.0264403
  -0.0442054    0.0933873   -0.0259867    0.0861791
    0.139711     0.029832  -0.00534782   0.00556851
   0.0964736   -0.0157477   -0.0711395    0.0431261
    0.175493  -0.00879286    -0.107746     0.115766
   -0.102424     0.039039    0.0220393   -0.0696675
  -0.0271733   -0.0874416   -0.0356434   -0.0163229
 -0.00998763   -0.0171533   -0.0306199    0.0923939
     -0.1023    0.0339632    0.0117759   -0.0167193
  -0.0283722    0.0950734   -0.0758518    0.0785838
   0.0189182    0.0121973   -0.0300483  -0.00561198
 -0.00522968    0.0727007   -0.0505808    0.0185276
  -0.0465776   0.00672972    -0.049686   -0.0395763
  -0.0797218   0.00139504    0.0138449   0.00306281
   -0.195756   0.00234143    0.0415213   -0.0741383
    0.134044   -0.0161751   0.00164121   -0.0190969
  -0.0786864   -0.0422614    0.0609325    -0.026225
   0.0354693    0.0544874    0.0793817    0.0042579
     0.10427    0.0264136  -0.00225892   -0.0227524
    0.174863   -0.0194962   -0.0242518   -0.0674867
    0.174515   0.00478293    0.0169119   -0.0318676
    0.186381    0.0266202   -0.0686575   -0.0245043
   0.0260551   -0.0687639    -0.110148   -0.0394542
   0.0324361  -0.00127325   -0.0585659   -0.0531238
   0.0183028    -0.034384    -0.011073   -0.0246599
   0.0853153  -0.00850374   -0.0207642      0.02611
  -0.0476788    0.0765202    0.0045604    0.0357882
  -0.0359244    0.0198637   -0.0270011 -0.000596277
  -0.0150147     0.018851  -0.00933031    0.0036966
   0.0843893    0.0435233   -0.0436087   0.00714642
    0.153084   -0.0377159   -0.0482997   -0.0717245
  -0.0836983  -0.00608389    0.0618692    -0.104904
   0.0893082   -0.0153478    0.0120739   -0.0671087
      -0.217    0.0212552   -0.0161925   0.00513185
 -0.00772494    -0.136023    -0.035671   -0.0198608
    0.302554     0.135117    -0.105268    0.0867774
  -0.0898963   -0.0370315    0.0318422    -0.078078
   0.0647556    0.0291036    0.0532535   -0.0122619
   -0.062587   -0.0875526   -0.0623312    0.0111523
   0.0828194   -0.0559737   -0.0276577    0.0325822
   -0.165196    -0.049266   -0.0261559   -0.0121071
  -0.0970652  -0.00877389   -0.0313474   -0.0910736
  -0.0241301    0.0640908    0.0297536    0.0399562
   0.0204976   0.00837501   -0.0591161     -0.06452
   -0.206602    0.0268785    0.0853319   -0.0138151
    0.068631   -0.0167135   -0.0348758     0.015733
 -0.00973235   -0.0177989    0.0353285    0.0429727
   0.0735598    0.0324471   -0.0922839     0.108053
   0.0691051    0.0216235  -0.00706197    0.0136297
   0.0798742    0.0496627   -0.0773823     0.016406
   0.0269348    0.0122515   0.00724947    0.0498803
   -0.175776    0.0691001    0.0180646    0.0138419
   0.0629404   -0.0641946   -0.0776061   0.00849004
     0.12809   0.00239242    0.0476221    0.0311389
  -0.0388049  -0.00448023  -0.00857274    0.0609413
  -0.0702959    -0.086377  0.000733853    -0.151015
   0.0617704    0.0349696   -0.0272578    0.0492538
    0.294478    0.0426288   -0.0775496    0.0633991
    0.188864   -0.0400099    0.0102676   -0.0536468
    0.176428   -0.0212255   -0.0865004    -0.122728
   -0.120795     0.051833    0.0784404   -0.0564544
  -0.0800066    0.0252039   -0.0479037   0.00434263
   0.0100258    0.0231226    0.0607495   -0.0606356
   0.0660033    0.0447128    0.0410062   -0.0387061
  -0.0170601   -0.0126625     0.032758    0.0318906
    0.181748    0.0358373    0.0249603    0.0492883
   -0.121901   -0.0333863   -0.0262229   -0.0286086
   -0.180832    0.0183029     0.095688   -0.0768638
    0.201443    0.0957427   -0.0296609     0.086572
  -0.0430161   0.00672457   -0.0436144    0.0687918
  -0.0228029    -0.031145  -0.00914875    0.0657967
   0.0594915   -0.0906108   -0.0549276    -0.118053
   0.0514093   -0.0525156   -0.0304669    0.0540276
    0.016155    0.0203931   0.00508813    -0.132826
    0.146569    0.0552472   -0.0573993    0.0535335
   0.0170764    0.0617203    -0.118056    0.0469351
  -0.0292191    0.0508124   -0.0328023 -0.000630402
    0.034379   -0.0290861    -0.037664    -0.026081
   -0.260235    -0.070539    0.0614498    -0.139585
  0.00264603    0.0107525    0.0578347   -0.0126575
   0.0395534    0.0534348   -0.0818157    0.0283591
    0.378601   -0.0917734   -0.0551397    -0.123382
  -0.0709841    0.0579423   -0.0569799     0.051618
   0.0303065  -0.00928225    0.0162631    0.0680579
  -0.0503985   -0.0430622    0.0939558   -0.0770888
  -0.0134709    0.0245498   -0.0863287    0.0807321
   0.0680471    0.0741662    0.0641695      0.14164
   0.0284656    0.0540195   -0.0274946    0.0789868
   0.0303691    -0.019279  -0.00320606    0.0834961
   0.0470982   -0.0751863  -0.00481908  -0.00507976
   -0.143306   -0.0456332    0.0136245   -0.0657419
    0.145821   -0.0617162    -0.190739    0.0659195
   -0.142841   0.00339767     0.117535   -0.0550324
     0.21166   -0.0531661   0.00815367    0.0824133
   -0.206031   -0.0177225    0.0613871    0.0157158
   0.0230168    0.0793318   -0.0222024     0.153687
   -0.147912    0.0527559     0.114757    0.0328297
    0.213876     0.131211   0.00294732     0.102972
  -0.0694149   -0.0396439   0.00200755  -0.00936664
   0.0342667    0.0952032    -0.135544    0.0771969
    0.232547  -0.00825994    0.0116606    0.0604807
    0.110399    0.0086946   0.00560496    0.0488307
   -0.101862   -0.0178729   -0.0626618    -0.038326
   0.0247035    0.0505354   -0.0997257    0.0207396
  -0.0934236   -0.0159561    0.0738115   -0.0873939
  -0.0539509    -0.170915    0.0716477    -0.177127
    0.256957   -0.0600813    -0.057951    0.0209644
  -0.0639211  -0.00361204    0.0120026   -0.0706914
   -0.118403  -0.00744612     0.102104    0.0275308
    0.065022    0.0481229   -0.0303396    0.0866894
  -0.0319479   -0.0245866 -0.000996419    0.0721762
    0.155467    0.0022245   -0.0757892    0.0851802
    -0.15352   -0.0184879    0.0227714     0.034253
  -0.0683519   0.00796419    0.0498164    0.0589071
  -0.0102584    0.0605784  -0.00458766    0.0408162
    0.131044    0.0164856   -0.0190833    0.0717788
   0.0762151   -0.0487603  -0.00489269    0.0182136
   0.0804136  -0.00856467    0.0147639  -0.00624609
   -0.072642   -0.0080412    0.0368173    0.0791877
    0.138162   0.00881391     -0.06511     0.039823
    0.162898    0.0201068   -0.0610472     0.120171
    -0.15001 -0.000645934    0.0198684   -0.0345744
  -0.0573063  -0.00983175   0.00851368    -0.131349
   -0.105065    -0.106758    0.0520349    -0.115991
  -0.0844468   -0.0329917   -0.0244406   -0.0422339
    0.126811    0.0341741   -0.0768613     0.161243
   0.0852345   0.00193236    -0.109537    0.0960758
  -0.0883176    0.0534082   0.00134146   -0.0117749
    0.125494   -0.0170692  -0.00655203    0.0165209
   -0.101599  -0.00792068  -0.00831382    0.0091065
    0.105765    0.0197249   -0.0322522    0.0136256
   -0.378384   -0.0631645     0.121268    -0.150811
  -0.0158633    0.0383658   -0.0350208    0.0847319
  -0.0647565    0.0169698   0.00606914    0.0309654
   -0.225383    0.0508743    0.0398006    -0.046745
  -0.0154259    0.0291288    0.0728335    0.0835628
 -0.00913339     0.114876   -0.0627329     0.154765
    0.246384  0.000661987     0.281048    -0.156314
    0.164232    0.0155733    -0.018412     0.115894
  -0.0364789   -0.0555397   -0.0515651    0.0619073
   0.0915738    0.0220419   -0.0199234    -0.073724
   0.0776179   -0.0222353   -0.0950722     0.029967
   0.0952165    0.0364262   -0.0500005    0.0442679
    0.077957   -0.0896311     0.122036   -0.0374903
  -0.0521239     0.048558    0.0815596   -0.0356331
  -0.0752239    -0.034825   -0.0275288    0.0193576
    0.126541    0.0912782   -0.0696047     0.113772
    0.187674   -0.0328606   -0.0105811    0.0078479
    0.221563    0.0367748    0.0156357    0.0355767
  0.00500221    -0.138843    -0.114894   -0.0368982
    -0.18136  -0.00988064    0.0632448   0.00927689
  -0.0647658   -0.0334553   -0.0348003   -0.0141009
    0.036547    0.0377976   -0.0182101   -0.0185618
    0.228665    0.0178092   0.00113879    0.0525678
    0.168278    0.0194369   -0.0742622   -0.0435136
   0.0796935  -0.00145018    0.0115917   -0.0575552
   -0.119507    0.0435596    0.0240925   0.00298653
   0.0436624    0.0359441    0.0272854    -0.033887
   -0.139139    0.0435162    0.0380391   -0.0598328
  -0.0793547    0.0786059    0.0507282   -0.0630432
   -0.120131  -0.00508337   -0.0606832    0.0638977
  -0.0361978    0.0334759  -0.00746736     0.104828
    0.102742    -0.042551   -0.0297871  -0.00456458
   0.0796007     0.023312   -0.0941853    0.0701847
   0.0541413    0.0454948   -0.0539749   -0.0283773
    0.216388   0.00340292   -0.0644425    0.0455364
  -0.0939509    0.0436401   -0.0286302   -0.0395845
  -0.0973273  0.000467587    0.0367671  0.000751735
   -0.097473   -0.0216073   -0.0331062   -0.0157459
   -0.191684   -0.0678452    0.0678186   -0.0346225
   -0.108388  -0.00234149    0.0294264    0.0141152
  -0.0117709    0.0530674     0.018359    0.0280996
    0.143461    0.0273975   -0.0879768     0.038687
   0.0494803   -0.0855255     0.048553    -0.097901
   -0.189316     -0.10624    0.0408116   -0.0796591
     -0.1195   -0.0862303    0.0641753    -0.134093
    0.143243     0.031499    0.0323743    0.0166189
   -0.104356   -0.0172476     0.130903    -0.115454
    0.147264     0.041653    0.0174858    0.0277173
    0.050928    0.0468236    0.0258623   -0.0131793
   0.0655924   -0.0627664     0.060142    0.0440345
    0.144076   0.00256688     -0.11828     0.103775
    -0.29971    -0.123829    0.0999944    -0.205376
   -0.181784   -0.0428247     0.018876    -0.123475
    0.185622   -0.0205542   0.00838075   -0.0385062
  -0.0953091    0.0848193 -0.000413859   -0.0463832
   0.0111281   -0.0234503   0.00751302    0.0149375
  -0.0121457   -0.0217131     0.108381   -0.0521367
   0.0541132    0.0260169   -0.0444045     0.037938
    0.143347    0.0175008   -0.0113427    0.0771487
   0.0545506 -0.000377487  -0.00336273   0.00413363
  -0.0621138    0.0884831   0.00259107    0.0372825
  -0.0647498  -0.00251298   -0.0185679   -0.0310779
  -0.0802045    0.0731348   -0.0507342    0.0387387
   0.0154218   -0.0852948   0.00673369   -0.0297636
    0.130805    0.0816275   -0.0361297   -0.0165082
 -0.00273453   -0.0790801   -0.0126791  -0.00105132
   0.0586583   0.00675135    0.0559202   0.00890637
   0.0956434    -0.021252    -0.118452   -0.0868867
  -0.0258404     0.115304   -0.0173635     0.148248
   -0.104894   -0.0601856    0.0502714   -0.0803291
   0.0172485  -0.00268744     0.014325   -0.0262448
  -0.0544817   -0.0521555   -0.0314903      -0.0649
  -0.0580721     0.067835    0.0216538  -0.00532355
   -0.132478     0.105287    0.0236526    0.0539063
   -0.101411   -0.0745406     0.063749   -0.0896004
   0.0869101   -0.0466884     0.017348   0.00992722
   -0.106285    0.0139835    0.0413558    0.0450438
   0.0062005  -0.00621751   -0.0255875     0.108288
  -0.0855265  -0.00547382   -0.0511943   -0.0184239
   -0.077072   -0.0115031   -0.0353407    -0.115454
  0.00696195   -0.0403646  -0.00967855     0.032752
    0.083811   -0.0679328  0.000557299    0.0661888
 -0.00730322    -0.037482   0.00771051   -0.0514267
 -0.00179332     0.054628    0.0113499     -0.06578
  -0.0772438    0.0128509  -0.00230744   -0.0222278
   0.0237149   -0.0385976  -0.00707831   -0.0638614
   -0.011244   -0.0484849   -0.0180569   -0.0115021
  -0.0685405    0.0211893  -0.00976892   -0.0689301
   -0.196598   -0.0410664      0.10803    0.0111714
  -0.0587158   -0.0586345     0.119999    -0.132792
     0.19425     0.109284   -0.0811166     0.158375
   -0.118356    0.0688556   -0.0150446   -0.0134848
  -0.0509886   -0.0721931    0.0214418   -0.0381052
    0.144427     0.186113   -0.0440742     0.200468
    0.147786    0.0200457    -0.011412    0.0351246
  -0.0438056   -0.0268294   -0.0242804   -0.0273858
  -0.0893311   -0.0781506    0.0568754   -0.0111123
   -0.005509   0.00193727   -0.0589379    0.0592968
   0.0610336  -0.00842469   -0.0284535    0.0172813
   -0.171849  -0.00565534    0.0668717   -0.0998919
   0.0699343    0.0413905   -0.0350285   -0.0786865
    0.162978    -0.158757   -0.0451706   -0.0655979
  0.00627427   -0.0449097   0.00131565  -0.00444708
    -0.20973   -0.0215734  -0.00855927   -0.0754538
   0.0754637    0.0680269 -0.000855127    0.0533988
  -0.0474324    0.0579165  -0.00582959   -0.0214867
  -0.0664755    0.0727094  -0.00990619    0.0135262
    0.100429    0.0163194    -0.104055     0.111379
   -0.131646    0.0801046    0.0878856   -0.0638269
   -0.160755    0.0171143    0.0585947   -0.0904642
     0.30476    0.0966179    0.0307718    0.0472971
  -0.0940443  -0.00685523   -0.0068236   -0.0410823
    0.186266     0.057628   -0.0782395      0.04436
  -0.0505038    0.0097719     0.043646   0.00426009
    0.118431    -0.085699     0.035093   -0.0442926
   0.0745905    0.0278748    0.0295336    0.0220014
   0.0326173   -0.0450584    0.0483083  -0.00183582
  -0.0661768   -0.0321605   -0.0592648    0.0261279
   0.0907445   0.00986828    0.0209532   0.00570385
  -0.0466064   -0.0596485   -0.0507596    0.0549037
   -0.119436   -0.0938365    -0.098533   -0.0278471
  0.00586693    0.0856481    0.0516456    0.0374726
  -0.0796055   -0.0323768    0.0909167    -0.105026
   -0.260443    0.0448013   -0.0226872    0.0713595
   0.0225243    0.0132381  -0.00326892   -0.0576969
   -0.112081   -0.0102486    0.0100996   -0.0601927
    0.074934    -0.041229   3.2296e-05    0.0217421
  -0.0256333     0.093389   -0.0837321    0.0180158
    0.256688   -0.0219989      -0.1099    0.0500778
    0.175726    0.0215779   -0.0934437    0.0618659
   -0.037766    0.0145388   -0.0468215   0.00904383
    -0.06331   -0.0400464    0.0109558  0.000743386
  -0.0527764    -0.075842  -0.00748281    -0.146122
   -0.105342    0.0623996    0.0113231   0.00813808
   0.0795559     0.131413   -0.0718862    0.0905639
-1.87969e-05   -0.0558421    0.0495596    0.0129003
   0.0297226    0.0195285    0.0339633    0.0863525
    0.165752    0.0591379   -0.0759471   0.00705262
    0.190687    0.0469157   -0.0203122    0.0137768
    0.140202   0.00602552   -0.0530976    0.0389106
  -0.0769098    -0.101857    0.0645763    -0.141433
  -0.0544398   -0.0314122    0.0269575   -0.0156705
    0.362472     0.209851  -0.00342824     0.181097
  -0.0842845    0.0576158  -0.00678902   -0.0321175
  -0.0216313    0.0927574   -0.0371234     0.053951
  -0.0587482   -0.0142991     0.115077   -0.0766775
   -0.061322   -0.0221286      0.02943  -0.00715975
    0.183202   -0.0409981    -0.143649     0.121898
   -0.190042    0.0197744    0.0246837   -0.0514622
    0.116054   -0.0175668     0.012424 -0.000423104
  -0.0287881    -0.051427     0.024643   -0.0152631
  -0.0905185    -0.024527   -0.0331877   -0.0335682
   0.0554454    -0.129235   -0.0295597    -0.125745
  -0.0588874   -0.0167207    0.0463605   -0.0537321
   0.0407472   -0.0302089   -0.0204979    0.0669716
  -0.0618207   -0.0766328    0.0525138    -0.124513
    0.108348   0.00457694    -0.088332   -0.0256861
    0.275151    0.0104773    -0.133278    0.0850515
    0.247609   -0.0587235   -0.0162321    0.0258344
  -0.0452047   -0.0478147   0.00505553    -0.108699
   -0.207424   -0.0343324     0.122949    -0.143638
   -0.158418   0.00816742     0.155914    -0.152544
     0.12517   -0.0380165   -0.0385898     -0.12174
  -0.0203001   -0.0495033  -0.00423284     0.115413
    0.142421    0.0265258   -0.0339096    0.0271119
    0.204257     0.113136   -0.0850369     0.131708
   -0.363658   -0.0302678     0.108557   -0.0369037
    0.335026     0.011444     0.067332   -0.0319968
    0.169677    0.0569846   -0.0695187   -0.0144802
    0.127679    0.0375459    -0.120264    0.0443762
  -0.0267821    0.0611399   -0.0109222    0.0198646
    0.178822     0.169191    -0.116668     0.143652