 -0.00971866
   0.0428601
  -0.0898976
  -0.0279391
 -0.00711286
   0.0552597
   -0.057294
   -0.141035
   0.0414973
   0.0850519
  -0.0184766
    0.027082
  -0.0212348
 -0.00967794
  -0.0774872
 -0.00395613
  -0.0479001
  -0.0497142
  -0.0813989
   0.0313908
   -0.056179
  -0.0554971
  -0.0161231
  -0.0173472
   0.0460624
    0.129762
   0.0315519
  0.00798377
   0.0407536
  -0.0404105
    0.111306
  0.00721515
   0.0285419
  -0.0321848
  0.00339384
   0.0236943
  -0.0903981
   0.0242022
   0.0336919
  -0.0632251
    0.055662
 -0.00584535
  -0.0311278
  -0.0410596
   0.0625498
  0.00273798
    0.101284
  -0.0610762
   0.0755003
  -0.0561187
    0.014647
  -0.0182924
  -0.0920647
   0.0512816
  0.00652293
   0.0600024
   0.0653693
   0.0364498
   0.0523061
   0.0647679
   -0.117876
    0.129178
  -0.0956472
  -0.0268874
  -0.0130633
   0.0603242
   -0.056796
  -0.0700849
   0.0722977
   0.0520362
   0.0579571
   -0.130714
  -0.0757796
  -0.0177237
    0.081936
  -0.0468427
  -0.0402827
  0.00295762
   0.0260086
-0.000944954
     0.01758
   0.0703488
  -0.0286553
  -0.0218037
  -0.0207497
  0.00943778
  -0.0747941
  -0.0701086
 -0.00918575
  -0.0449284
   0.0923022
   0.0323729
  -0.0411864
   0.0113085
   -0.137796
   -0.116304
    0.113061
  -0.0619037
  -0.0178676
   0.0395751
  -0.0134887
  -0.0404312
  -0.0348848
   0.0384543
   -0.015365
 -0.00426554
   0.0365859
   0.0201594
  -0.0135702
   -0.114918
  -0.0592676
  -0.0474971
  -0.0226314
-0.000349084
   0.0080469
   -0.179138
   -0.081461
  -0.0408628
   0.0240126
  -0.0827521
  -0.0328881
  -0.0191761
  -0.0299356
  -0.0588231
    -0.10722
   0.0105335
   -0.114322
   0.0133205
   0.0763511
   0.0918578
   0.0318429
   -0.083687
   -0.150551
  -0.0105375
   0.0163567
  -0.0317512
  -0.0317909
   0.0191707
  -0.0856074
   0.0679329
    0.104961
    0.010081
 -0.00852041
   -0.204935
  -0.0137611
   0.0384274
   0.0463386
   0.0277285
    0.142266
  -0.0494483
  -0.0228876
  -0.0180804
   -0.140419
  -0.0528658
  -0.0724879
  -0.0583962
   0.0151197
   0.0163413
   0.0214664
    0.144857
  0.00114886
  -0.0468487
   0.0571107
   0.0527733
  -0.0532822
  -0.0242241
 -0.00851856
   -0.023395
  0.00433751
    0.120326
   0.0293325
 -0.00878901
  -0.0393949
    0.205452
    0.055611
   0.0436358
    0.085375
   0.0434118
  -0.0538932
   0.0241536
   -0.126207
  -0.0154452
   0.0492304
  -0.0763705
   0.0217671
  -0.0621551
   0.0146577
   0.0634915
  -0.0159682
 -0.00635717
 -0.00497521
   0.0344679
 -0.00982366
   -0.100254
  -0.0328326
   0.0808765
    0.021817
 -0.00730857
    0.167778
 -0.00122799
   0.0894929
   -0.172006
   0.0179251
  -0.0530671
  0.00458273
   -0.091014
 -0.00131949
  -0.0265065
   -0.107281
   0.0725811
  -0.0247155
  -0.0306113
   -0.116787
   -0.191152
   0.0483111
  -0.0691689
    0.119177
   0.0642346
  -0.0716429
   0.0434934
  -0.0309246
  0.00532327
    0.019938
   0.0105112
  -0.0288309
   -0.214464
  -0.0392535
  -0.0551843
  -0.0694058
    0.131498
   -0.109206
  -0.0883757
   0.0748569
   -0.115259
   0.0498152
   0.0433106
    0.101166
  -0.0018751
  -0.0100722
  -0.0512177
  -0.0873096
   0.0405476
   -0.135001
   0.0743927
  -0.0571717
  -0.0686598
    0.145442
  -0.0814141
   0.0374718
   -0.045516
  -0.0161389
   0.0310694
   0.0412198
  -0.0502408
  -0.0685775
  0.00913335
   -0.105659
   0.0545264
    0.125893
    0.127325
  -0.0213872
   -0.011216
   0.0815947
   0.0961633
  -0.0708735
   -0.051781
  -0.0878824
   -0.080713
  -0.0605714
  -0.0126449
   -0.094629
    0.035512
  -0.0564413
   0.0226463
  -0.0446115
  -0.0355999
  -0.0538839
  -0.0167736
  -0.0117146
 0.000628732
    0.150883
  -0.0456788
   0.0449283
  0.00931167
  -0.0134884
    0.016963
   0.0361659
   0.0242027
      0.0543
    -0.12934
     -0.1293
  -0.0194934
   0.0548839
    0.134052
   0.0507179
   -0.127848
  0.00373831
  -0.0768446
  -0.0501612
   0.0241536
 -0.00848098
   0.0205066
   -0.131476
  -0.0952565
   0.0204646
  -0.0773372
  -0.0433865
   0.0746039
  -0.0762752
  -0.0934887
    0.128523
   0.0167292
   0.0248372
   0.0657309
  -0.0203116
    0.142822
   -0.067024
   -0.125968
  -0.0320648
  -0.0682949
 -0.00590091
   -0.079464
  0.00441115
    0.189801
  -0.0172784
  -0.0459888
   0.0340026
   0.0487691
  -0.0294358
  -0.0261719
   -0.128081
   0.0277993
 -0.00566573
 0.000775449
   0.0470665
   0.0306293
  -0.0553391
   0.0946549
   0.0506291
    0.034818
   -0.102842
   0.0303382
  -0.0278754
   0.0495954
  -0.0181154
    0.106835
   0.0431673
    0.133695
     0.11832
    0.112027
    0.172202
    0.021747
    0.115007
  -0.0771238
   -0.110079
  -0.0630622
  -0.0251681
   0.0891046
  -0.0526187
   -0.091778
     0.08848
    0.044705
   -0.109487
  -0.0204523
   0.0120927
  -0.0860332
   -0.117028
   0.0802971
  -0.0478639
   0.0657688
  -0.0149341
  -0.0682171
  -0.0880138
   0.0429738
   0.0535938
   0.0343545
   0.0417737
   0.0290918
   0.0150426
  -0.0227366
 -0.00898281
  -0.0716553
  0.00798156
  -0.0706375
   -0.039443
   -0.132966
  0.00661078
 -0.00424314
  -0.0700411
   0.0630247
  -0.0790218
  -0.0629833
   -0.145286
  -0.0343966
   0.0880324
    0.126431
  -0.0552416
   0.0671191
  -0.0639501
   -0.156551
  -0.0342285
  -0.0861361
  -0.0604486
  -0.0555187
  -0.0693772
-0.000982221
   -0.106123
 -0.00339833
  -0.0268512
 -0.00430459
  -0.0224026
   0.0495617
   0.0965501
  -0.0767074
  -0.0407063
   0.0143629
   0.0518133
  -0.0029832
  -0.0134626
   0.0504684
  -0.0349876
   0.0157426
  0.00344629
   0.0721168
   -0.145627
   0.0400639
  -0.0078629
   0.0413237
  -0.0143286
 8.10979e-05
  -0.0362403
  0.00771614
   -0.161658
  -0.0129508
   -0.122851
   0.0515734
   0.0837963
  -0.0391695
  -0.0728494
  -0.0612722
   0.0521711
   0.0296721
  0.00449834
   0.0127393
   0.0630115
   0.0696094
   0.0610716
  -0.0540378
  -0.0507911
  -0.0421115
    0.109053
  -0.0563089
  -0.0614235
   -0.104113
   0.0363966
 -0.00686275
 -0.00381058
  -0.0374336
   0.0215437
   0.0513577
   0.0257651
  -0.0915907
   0.0436838
  -0.0158812
   0.0170478
   0.0802566
    -0.12009
   0.0311251
   -0.017953
   0.0313625
    0.022219
   0.0559516
  -0.0492959
  0.00234274
   0.0251754
  -0.0335698
    0.106316
  -0.0299582
    -0.05147
  -0.0771517
    0.161653
   -0.058338
    0.015187
   0.0533181
  -0.0745216
   0.0610255
  -0.0614272
    0.147593
    0.121842
    0.048617
  -0.0848068
 -0.00657824
   0.0505349
   0.0213924
   0.0163925
  -0.0366766
  -0.0716627
   0.0786479
  -0.0426918
  -0.0432858
   -0.105487
  -0.0311428
   0.0168645
  -0.0454734
    0.101614
   0.0643124
  -0.0538488
  -0.0651595
   -0.045427
  -0.0218265
  0.00940729
  -0.0560936