   -0.198525   -0.0137537     0.138999     -0.10304
  -0.0737637   -0.0526555    0.0193935   -0.0782364
    0.608064     0.199756    -0.190363     0.270406
   0.0961019    0.0274075   -0.0142227     0.163026
  -0.0641118   -0.0604328   -0.0792491    0.0645681
   -0.239427   -0.0322733    0.0744144   -0.0400476
      0.1275  -0.00651895    -0.113564   -0.0510735
    0.246229    -0.041223    -0.115018    0.0729313
   -0.191391   -0.0314929     0.065448   -0.0737526
   -0.188041   -0.0484609      0.03204   -0.0614389
    0.129856    0.0461362   -0.0489179    0.0464915
   -0.181018    -0.051553    0.0204978   -0.0392976
  -0.0667362   0.00530015    0.0460179    0.0358359
    0.311377    0.0959751   -0.0896232     0.219025
  -0.0431233   -0.0416065    0.0156958     0.024059
    0.123675    0.0370315   -0.0542923     0.100877
    0.467178    -0.140899   -0.0684048   -0.0418298
  -0.0256329    0.0799988  -0.00307525    0.0452416
   -0.133732    0.0139571     0.039011   -0.0371602
   0.0548861    0.0605043    -0.143232     0.179742
   0.0191766    0.0237702    0.0791208    -0.151337
   -0.147318    0.0661658    0.0816379    0.0543785
   -0.213971   -0.0450049    0.0899188   -0.0806297
  -0.0888722   -0.0708745    0.0631266   -0.0474458
    0.264509     0.011058   -0.0519102     0.108754
     0.15169  -0.00567286   -0.0152675    0.0575189
  -0.0211566    0.0203528    0.0425578   -0.0501778
   0.0342199    -0.042128   -0.0267016   -0.0674787
   -0.096089    0.0126248  -0.00123667   -0.0277211
   -0.246387    0.0078756     0.171382   -0.0835442
    0.296458    0.0482714    -0.108355     0.103545
    0.726469   -0.0207309    -0.227732     0.149511
    0.151508    0.0164976    -0.124414    0.0923398
    0.404719   -0.0114399    -0.245269      0.13857
     -0.1229   0.00210474   -0.0304097   -0.0328435
    0.112812   -0.0449663   -0.0528158    0.0641018
  -0.0492871  0.000112396      0.13272    -0.153196
   -0.149851    0.0301783  -0.00705277   -0.0714232
    0.493338     0.063747    -0.167462     0.183982
   -0.290026    -0.115105     0.164836     -0.15886
   0.0228827    0.0898101   -0.0872912     0.077375
    0.183389   0.00329286    0.0223189    0.0472926
    0.101629    0.0274583    -0.052458    0.0834224
    0.169398   -0.0100893   -0.0251832   0.00961921
    -0.22305  -0.00917822    0.0148868    0.0117996
   -0.150746    0.0456644    0.0992274   -0.0208479
   -0.472308    -0.122373    0.0343139    -0.114015
  -0.0300046    0.0146096    0.0940362    0.0400939
   0.0181184   -0.0709801   -0.0674927    0.0138638
  -0.0663096    0.0546972    0.0546113    0.0262657
  -0.0218357    0.0901086   -0.0461362    0.0364893
  -0.0306698    0.0515801   -0.0491701     0.115056
    0.251833    0.0770393   -0.0581799     0.248983
   -0.134436   -0.0725552   -0.0411474   -0.0476446
   -0.195622   -0.0360276   0.00818176    0.0388577
   -0.139143   -0.0493161   -0.0109005   -0.0266859
    0.091679   -0.0308133   -0.0116455    -0.118722
   -0.220103   -0.0482997     0.057018   -0.0212256
   0.0362315    -0.058998   -0.0348599   -0.0687612
    0.344845   -0.0601492   -0.0348367   -0.0675354
     0.46225    0.0226613    -0.130112    0.0474292
    0.131331    0.0901652   -0.0628422     0.109965
   0.0584122    -0.033857   -0.0157511   -0.0602863
    0.261332    -0.145212   -0.0153014   -0.0916282
   -0.101457   -0.0564603   0.00325673    0.0335503
   0.0455086   -0.0992622    0.0542587    -0.065677
    0.129203     0.168838    -0.107094     0.205068
    0.516709    0.0434063    -0.198422     0.165361
   -0.227667    -0.131464     0.144687   -0.0836327
     0.30451   -0.0388448    -0.121169    0.0602085
    0.216714    0.0515361    -0.100442     0.103571
   0.0674736    0.0394577   -0.0279743    0.0940424
   0.0188834    0.0945042   -0.0459162    0.0619322
    0.221396    0.0217616   -0.0536711   -0.0572074
   -0.205067    -0.032224    0.0475515   -0.0528401
   -0.019604   -0.0073712    0.0213067   -0.0279604
   -0.263333   -0.0512262    0.0258581  -0.00325209
    0.357482     0.150967   -0.0968064     0.301498
   0.0920173    0.0127966   -0.0422407    0.0518377
   -0.189658     0.122794     0.144644    0.0812042
  -0.0365509    0.0740978   -0.0191074    0.0827917
  -0.0550247   -0.0737722    0.0293565   -0.0623511
   -0.141821   -0.0715324   -0.0368876    0.0418773
   -0.445379    -0.111487      0.20858    -0.128841
   0.0578633   -0.0153505    0.0821526   0.00242426
  -0.0207195  -0.00225284    -0.089566   -0.0182694
   0.0309898 -0.000752234   -0.0155533    0.0281488
   -0.128025   -0.0420938  -0.00147748    -0.103568
  -0.0504466    0.0340492    0.0268719    0.0559164
  -0.0943917    0.0350568    0.0515829    0.0627557
  -0.0442253    0.0172471    0.0684885   -0.0249597
  -0.0381252      0.10327    0.0817614    0.0270026
    0.130842   0.00692724  -0.00197093    0.0160249
   0.0177409   -0.0220872   0.00813131    0.0171364
  -0.0999571   -0.0702147    0.0202134     0.056333
     0.18966     0.080056    -0.120507     0.212221
  -0.0896839  -0.00368442    0.0345626    0.0308516
    0.037307   0.00761273  -0.00701448     0.070126
   0.0278059    0.0923467   -0.0734143     0.158731
    0.141187    0.0337428   -0.0617723     0.112711
    0.310518    0.0173639   -0.0190065   -0.0144734
    -0.17626    0.0661605    0.0719365   -0.0261827
   -0.113303   -0.0336234    0.0289584    0.0343756
    0.065536     0.040509    -0.027752   -0.0277618
   0.0153476    0.0743895    -0.027095    0.0585813
   -0.233514   -0.0715125    0.0910988   -0.0447702
    0.271074  -0.00695297    -0.079511    -0.132693
  -0.0283943  -0.00347453  -0.00273837     0.132025
 -0.00289935    0.0682597   -0.0109185   0.00752176
  -0.0704159    0.0291414   -0.0294661     0.067569
    0.418174     0.182598   -0.0356169     0.191327
    0.300126     0.100764    -0.159706     0.146852
 -0.00104325    -0.027836   -0.0457136   -0.0279598
    0.268686    0.0176229   -0.0121578   -0.0343541
  -0.0951151   -0.0149551    0.0228743   -0.0101423
   0.0826736    -0.066473    -0.103337    0.0252759
     0.46664   -0.0886488    0.0136492   -0.0160114
  -0.0987384     0.104128   -0.0295015   -0.0257413
    0.082753    0.0292821   -0.0116296   0.00870109
    -0.39197   -0.0612983    0.0614858    -0.112254
   -0.345164    0.0215581     0.241728   -0.0493575
    0.320017    -0.148156    -0.115341   -0.0393784
   -0.146464  -0.00953874    0.0236876    0.0536535
   -0.116665   -0.0465697   -0.0250315   -0.0379227
    0.073118   -0.0662481   -0.0463671   -0.0223586
    0.131703   -0.0231775   -0.0841713    0.0759035
    0.301581    -0.115737   -0.0438279    -0.168961
  -0.0188498    0.0289085   -0.0222084    0.0357787
   -0.247539   -0.0874892    0.0625696   -0.0589756
    0.235986    0.0905262   0.00251003     0.197949
  -0.0641339   -0.0724004    0.0750931   -0.0476527
   0.0354629  -0.00928748    0.0611339   -0.0994235
  0.00484427    0.0401373   -0.0759036     0.105971
   -0.217603   -0.0240811    0.0489012     0.026101
   -0.176658   -0.0631562    0.0261594   -0.0940807
   0.0514966    0.0446842    0.0499944  -0.00644663
    0.466299     0.111694    -0.110227     0.111197
   -0.123585   -0.0329074    0.0647052   -0.0827066
  0.00412447  -0.00691142  -0.00883393   0.00525726
 -0.00415784   -0.0104041   0.00430275    0.0154094
   -0.101638   -0.0768093   -0.0427352   -0.0497884
    0.277158   -0.0712292    -0.125385   -0.0763415
   0.0696358   -0.0906423    0.0889791   -0.0199687
    0.246564    0.0621121   -0.0111926    0.0524866
   -0.213758  -0.00879635    0.0954455    0.0167503
  -0.0894133    0.0146074      0.08091  -0.00960886
   0.0121762   -0.0213268   0.00794852   0.00141362
  -0.0493669   0.00316869  -0.00451975   -0.0658174
    0.199457    0.0871914   -0.0706967    0.0612757
    0.242936    0.0871313    0.0277904     0.188116
   0.0428219   -0.0111882     0.017404     0.124315
    0.176603    0.0438263   -0.0191658    0.0872443
   0.0433878   -0.0937394   -0.0304304   -0.0188336
    0.204672   -0.0448967   -0.0252942  -0.00823334
    0.272998    0.0494552   -0.0915727     0.191756
    0.247878     0.223675    -0.125491      0.31968
    0.400093    0.0625753    -0.143912     0.199338
    0.092321   -0.0195097    0.0495529    0.0214616
    0.101465     0.182758   -0.0343874     0.245411
    0.199182    0.0750859    -0.144336     0.107743
    0.263614    0.0413568   -0.0773424      0.16996
    0.399874   -0.0148249   -0.0994574   -0.0495038
   0.0977755     0.071217    -0.155501     0.191471
  -0.0229467   -0.0607423   -0.0261278   0.00138071
  -0.0609299     0.047193   0.00135428   -0.0552374
   -0.183494   -0.0247645    0.0276656   -0.0370908
   0.0150166   0.00197233   -0.0648636    0.0219521
  -0.0601966  -0.00321474    0.0348091 -0.000161211
    0.143745    0.0493409    -0.179607     0.167983
    0.189027     0.191573   -0.0431395     0.252206
   0.0520231    -0.144583   -0.0283394    -0.148466
   0.0198431    0.0590312   -0.0548976    0.0943293
   -0.259874    0.0132723     0.118308   -0.0664743
   -0.187699     -0.10943      0.11227    -0.158254
   -0.363078   -0.0796303    0.0725986   -0.0713294
   0.0697696  -0.00376659    -0.026157    0.0302963
    0.173151   -0.0539195    0.0281755     0.114603
    0.199149   0.00375685   0.00780535    0.0379563
  -0.0563289   -0.0274839    0.0322262    0.0887371
   -0.147326    0.0948535    0.0346187    0.0914045
   -0.027752    0.0114353     0.100424    0.0602227
  -0.0763546  -0.00199079    0.0640133    0.0220711
    0.071049   -0.0610053    0.0354741   -0.0471892
 -0.00743472    0.0171018    -0.018213    0.0136032
     0.16052   -0.0199838    -0.103631    0.0850851
   -0.153286    0.0420649  -0.00512515   -0.0675632
  -0.0995516   -0.0721757    0.0130351   -0.0397475
  -0.0235036  -0.00795633    0.0436223   -0.0247274
    0.318896   0.00818692    -0.138728     0.143564
   -0.147006   -0.0441124   0.00774027  -0.00418422
    0.133158   -0.0747857   -0.0316033   -0.0915206
   -0.161618   -0.0655674    0.0805921   -0.0948398
     0.01244     0.004147     0.047172    -0.117781
  -0.0222156   -0.0484854    0.0167849   -0.0585059
  -0.0982025   -0.0532393   -0.0014276   -0.0347681
   0.0511719     0.056647    -0.090649   -0.0183711
   -0.257831   -0.0652701   -0.0288241   -0.0335357
    0.180996    0.0358857    0.0256216    0.0180915
   -0.115448   -0.0577633    0.0584935   -0.0463382
   -0.204708   -0.0301181   -0.0897231   -0.0500051
     0.14903   -0.0864882   -0.0417508    -0.143772
   -0.159033    0.0124393    0.0785881    0.0971893
    0.111996    0.0100551   -0.0222812   -0.0664127
   0.0385032   -0.0297653     0.104262    -0.115029
   -0.255232    0.0412358     0.165861   -0.0713418
     0.12583      0.14848    0.0324374    0.0929478
    0.169206   -0.0902319   -0.0363152    0.0443069
   -0.106565    0.0446315     0.040112    0.0768661
    0.156088    -0.107392  -0.00355823     -0.12955
    0.149272   0.00223055   -0.0658337    0.0986108
    0.122071     0.151755   -0.0337787     0.167027
    0.106494    0.0363305    0.0126005   -0.0225519
   -0.118221   -0.0312149   -0.0212864   -0.0922316
   0.0574449   -0.0492917   -0.0373755   -0.0101656
    0.172277   -0.0166619   -0.0619463     0.107429
   -0.126177    0.0666557    0.0379381    0.0362891
  -0.0521434   -0.0322599    0.0310791   -0.0327257
   0.0638573    0.0119725   -0.0561314   0.00139307
    0.246959    0.0121915    -0.144483    0.0454523
     0.36211    0.0624437    -0.161882     0.236014
    0.104823    0.0838572    0.0108833    0.0787475
  -0.0029735     0.137321    0.0211173    0.0860537
    0.169979   0.00825288   -0.0149138    0.0173949
  -0.0185474   0.00231425    -0.128914   -0.0190601
   -0.267346   -0.0386514    0.0481461   -0.0790614
   -0.122953   -0.0204309    0.0339161   -0.0723997
   -0.106328  -0.00435067  -0.00969357   -0.0941822
   0.0341609    0.0247798  -0.00653273   -0.0139654
   -0.432885   -0.0118989     0.109426   -0.0716266
  0.00189775    0.0735874    0.0172488    0.0865069
    -0.14523   -0.0502379    0.0380938   -0.0424604
     0.22503    0.0110422   -0.0915076  -0.00270889
  -0.0875531   -0.0315374    0.0315508    0.0113071
   0.0751579    -0.028738    0.0383183    0.0601285
  -0.0313277  -0.00327156   -0.0683823   -0.0542923
   0.0905499   -0.0402139   -0.0325641    0.0607594
    0.226739    0.0678578    0.0200982   -0.0530789
    0.161365    -0.012184    0.0308838    -0.138266
    0.398961    0.0989105    -0.173627       0.2272
   0.0366862    -0.103121    0.0333859     -0.13105
  -0.0284361   0.00270225     0.078645    0.0086632
    0.280342     0.154593   -0.0254218     0.182297
   -0.104589   0.00355917   -0.0502592     0.080906
      0.1542   -0.0783478   -0.0862782  -0.00717587
   0.0622727   -0.0858564    0.0532025  -0.00680253
    0.117786    0.0508889    -0.060392    0.0135805
     -0.1193   -0.0779295    0.0166128    -0.013044
    0.269953     -0.04938   -0.0958572   -0.0424726
    0.289364    0.0406299   -0.0627146     0.108705
   -0.209557    0.0131217    0.0686017    0.0275733
   -0.198226   -0.0234903    0.0644995   -0.0580723
   -0.271391   -0.0562972    0.0442692   -0.0265932
  -0.0824146    -0.109603    0.0255602    -0.196554
  -0.0769624  0.000409792   -0.0363116   -0.0555483
  -0.0760539    0.0181255    0.0134713    -0.032988
   -0.305072    0.0512665    0.0873227   -0.0841226
    -0.03076    0.0807602     0.063043    0.0482624
    0.130944  -0.00758129   -0.0264352    0.0623565
    0.411576     0.077727  -0.00963147     0.124322
    0.167176    0.0145405   -0.0311336    -0.125006
   -0.123932    0.0192953   -0.0233918    0.0881081
    0.212539   -0.0148598   -0.0286441   -0.0715659
  0.00348758    0.0191309   -0.0168374    0.0144229
   0.0756116 -0.000754355    0.0300751   -0.0072389
  -0.0738811   -0.0201596  -0.00603474   -0.0588795
     0.10508   -0.0439611    -0.132371      0.10505
   0.0954207   -0.0634289    -0.044507    0.0734169
   0.0377123   0.00553275    0.0108367    0.0543283
    0.170811   0.00222779    0.0414175    0.0270544
   0.0510185     -0.11902    -0.011656   -0.0131932
   -0.324547   -0.0542843  0.000792474   -0.0334511
   -0.143775   -0.0712457    0.0890361    -0.117121
   -0.278792  -0.00433251     0.134731   -0.0977835
    0.039986    0.0101241     0.035452    0.0166582
   -0.507864    0.0644093     0.272252   -0.0774732
    0.246022    0.0916692    -0.120169    0.0540772
    0.124262    0.0756423   -0.0431856     0.184555
   0.0679256    0.0774395   0.00393691    0.0648724
   0.0234867     -0.04555    0.0170979    0.0178017
  -0.0299455   -0.0217965   -0.0520493     0.044667
   -0.117075   -0.0209781    0.0120788   -0.0757234
   -0.188069  -0.00988606   -0.0252676  -0.00424249
   -0.201588    0.0292122    0.0654282   -0.0449884
   -0.154009    0.0231898    0.0504582   -0.0162523
   -0.245366    0.0217257    0.0568559    0.0576253
   -0.136311   -0.0370334     0.108556  -0.00982283
   -0.119808    -0.035604   -0.0462731    -0.041909
  -0.0129264    0.0497797   -0.0695608     0.023135
    0.157172    0.0704581  -0.00507089    0.0186356
    0.359316     0.011426    -0.032234      0.03268
    0.448086   -0.0974372   -0.0378033   -0.0581949
   -0.291018   -0.0653242     0.103638   -0.0979733
   -0.413521   -0.0534409     0.136477   -0.0948339
   -0.049504   -0.0456896    0.0453217      0.04412
  -0.0461765    -0.169946     0.014345   -0.0600063
   0.0105376    -0.064536   0.00849456   -0.0334168
  -0.0620036    0.0273349   -0.0748179    0.0974238
 -0.00581015   -0.0263047    0.0273287   -0.0219726
   -0.082881    0.0760425  -0.00298427   -0.0122462
   -0.180631   -0.0674913   0.00744223   -0.0512333
  -0.0701788   -0.0599403     0.112747   0.00544023
   0.0811654   -0.0853002   -0.0413429   0.00569748
     0.04331     -0.03186   -0.0496708   0.00718695
   -0.135585  0.000675122    0.0401431   -0.0568781
   -0.156623    0.0221275    0.0190894   0.00560125
  -0.0684615    0.0837495   -0.0313541    0.0329067
   0.0987067      0.11514    -0.105566     0.108524
   -0.139462   -0.0265842   -0.0420586   -0.0536432
  -0.0788476    0.0919754   -0.0250148     0.211628
   0.0874381    -0.029118    0.0568492  0.000780058
   -0.326872   -0.0917851    0.0301841   -0.0864692
   -0.266097   -0.0142847     0.128782    -0.153307
   0.0903331 -0.000140979    0.0676459       0.0245
   -0.100096   0.00523408   -0.0324083   -0.0180699
    0.407498    -0.105682   -0.0894957    -0.149118
    0.106563     0.146338    -0.030862     0.222734
   0.0675303    0.0651174    -0.132328    0.0228023
    0.299499    0.0169203    -0.132393    0.0723921
    0.206043    0.0552236   -0.0431057    0.0680447
    0.129262    0.0915905   -0.0280221     0.176539
    0.418438  -0.00230986    -0.109499    0.0144178
  -0.0278795   -0.0337133    0.0334916    0.0486071
    0.155152     0.009214     0.080553   -0.0356203
    0.182039    0.0632475   -0.0375108   -0.0108794
  -0.0226335    0.0204961    0.0308796    0.0772108
  0.00673528    0.0963074   -0.0208851    0.0819216
    0.181651    0.0789002    -0.129088    0.0508404
  -0.0298215     0.154169   -0.0819906     0.112899
    0.047383    0.0183644    0.0213934    -0.105938
   0.0727489    0.0933985  -0.00435118    0.0951997
   -0.126556    0.0995748   -0.0210798    0.0628005
 -0.00873454    0.0714529    0.0168474    0.0769833
   0.0922646      0.11955    -0.149507    0.0882486
  -0.0407914   -0.0294209  -0.00571465    0.0344911
 -0.00726693   -0.0146287  -0.00383401   -0.0989225
  -0.0772675    0.0512919    0.0443462    0.0643028
   -0.647922   -0.0659901     0.262065    -0.211876
    0.199615   -0.0125877   -0.0888152    0.0527689
    0.175351    0.0126952    0.0135523     0.147021
  -0.0338114   0.00980404    -0.120156    0.0909649
   0.0166413   -0.0310944   -0.0628643   0.00702507
  -0.0266198   -0.0464865   -0.0377664   -0.0183628
    0.137208   -0.0554233   -0.0891176   -0.0607003
   0.0183483    0.0458616    0.0154372     0.151481
   0.0543684     0.040023   -0.0447676     0.115365
   -0.185547    0.0774075     0.103032   -0.0702973
   -0.300869    0.0541508  -0.00191586   0.00845147
     0.32357   0.00909815   -0.0559717   0.00161769
   -0.418369     -0.13073     0.136471    -0.150637
   -0.189817    0.0623663   0.00450592    0.0643879
   -0.329916   -0.0745161     0.185277    -0.175906
   -0.210912    0.0568874    0.0584686    -0.094242
    0.249766     0.147884   -0.0727994     0.229257
  -0.0599593  -0.00532344  -0.00477449      0.13994
    0.176747    0.0308951   -0.0685897    0.0370485
    0.186662   -0.0144474    0.0551093   -0.0581229
   0.0362024   -0.0433023    -0.076177    0.0958534
   -0.136331    0.0413308    0.0892327    0.0376587
    0.725773    -0.102407    -0.282866    0.0559079
    0.450226    0.0820425    -0.147847     0.171956
    -0.16544    0.0806922  -0.00542878    0.0672788
   -0.186106   -0.0214436    0.0384935    0.0510373
  -0.0924128    0.0941417   -0.0282054     0.155591
    0.162804   -0.0148598  -0.00310828    0.0668033
   0.0175598    0.0148723    0.0351526    0.0287916
    0.180363    0.0861306    0.0198583     0.132427
   0.0912709    -0.018684    -0.057778   -0.0851203
  -0.0895628   -0.0277056    0.0258384    -0.055838
   -0.166618     0.103906   -0.0690685     0.109243
   -0.140136     0.162512  -0.00183674     0.194641
  0.00778029   -0.0909924  -0.00372505   -0.0252852
     0.23425   -0.0963908    -0.102399    0.0396969
   -0.155656    -0.107614     0.042318    0.0170105
   -0.151953    0.0365323    0.0307874   0.00305154
  -0.0030981   -0.0821256    0.0342444    -0.147613
   -0.154129    0.0193916   -0.0140914  -0.00775335
   0.0752674    0.0499858   -0.0292212    0.0153131
   -0.115874    0.0373714  -0.00679834    0.0085845
  -0.0511806   0.00210048    0.0721269   -0.0312963
  -0.0823643   0.00600579     0.040328    0.0577229
    0.155234    0.0561976  -0.00480728   0.00848862
    0.110081    0.0977815    0.0105953    0.0253164
    0.181053    0.0459797    -0.139162     0.191539
  -0.0106318    0.0198828    -0.136945     0.121971
   -0.434557    -0.164287     0.186399    -0.236969
   0.0187538    0.0401777   -0.0130448     0.123952
    -0.09039   -0.0260708   -0.0343407   -0.0465048
  -0.0344952   0.00661537   -0.0259762     0.109581
     0.12716     0.101411   -0.0557694     0.191424
   0.0714402    0.0630676    -0.106939     0.107312
   0.0609574    0.0263505    -0.160009    0.0478536
   -0.235524   0.00978659    0.0933802   -0.0415543
   0.0375959     0.033321    0.0217144   -0.0236482
    0.344541    0.0297635    -0.030537   -0.0197827
  -0.0246935   -0.0100931   -0.0246305   -0.0499136
   -0.424179   -0.0912983      0.17562   -0.0661825
   -0.146012    -0.116906   -0.0566044   -0.0530396
    0.147439   -0.0622796    0.0130083  -0.00448043
    0.158614    0.0453248    0.0464015  -0.00766429
   -0.120503    -0.011912    0.0693454  -0.00109024
  -0.0864477    0.0583322    0.0873318   -0.0792204
    0.198435   -0.0294791   -0.0812631  -0.00895169
    -0.32452   -0.0292066     0.137843   -0.0857032
   0.0209666   -0.0112186   -0.0692716      0.04465
    0.167671    0.0267722   -0.0356725    0.0371062
    0.345455    0.0137023    -0.195801     0.154504
  -0.0151545    0.0681411   -0.0123449    0.0523611
    0.413799   -0.0832721    -0.202611   -0.0408422
   -0.228897   -0.0248786    0.0138244   -0.0383765
    0.206668   -0.0420402   -0.0553694   -0.0188088
   -0.297527    0.0422835  0.000454514    0.0132592
    0.242042    0.0172841   -0.0129062    0.0527497
   -0.204638    -0.074131    0.0763462   -0.0602805
   -0.116979  -0.00436537   -0.0356033    0.0749289
   0.0560526    -0.117322    0.0233076    -0.127129
    0.263567    -0.134924    -0.107375   -0.0365639
  -0.0641866    0.0954549    0.0973796    0.0528867
   0.0619118     0.011426   0.00483962    0.0246077
    0.127143   0.00789738   -0.0822717    0.0955537
   -0.305886   -0.0441596    0.0572217   -0.0375034
    0.542937 -0.000229827   -0.0813391    0.0356603
   -0.263341   -0.0669966    0.0645975    -0.084503
   -0.159802   0.00620663     0.120448   -0.0616647
     0.18925   -0.0388332   -0.0419726    0.0255886
   -0.264939   0.00425852    0.0386876   -0.0999845
     0.16847   -0.0928905    -0.122649    0.0529973
    -0.10087    0.0132417   -0.0666348   -0.0141845
   0.0415914    0.0115126   0.00928949     0.088796
   -0.127584    -0.039711    -0.090676    0.0219541
   -0.343888    0.0161054     0.102931    0.0341694
   -0.039252    0.0194513   -0.0251783   -0.0342416
   -0.119919   -0.0514405   -0.0142348    0.0190299
   -0.325177    0.0420818      0.12577   -0.0151136
   -0.167871    0.0257948     0.143607   -0.0147087
   -0.110726   -0.0632105   -0.0093304   -0.0581553
   0.0231075    0.0881103   -0.0506545    0.0701411
  -0.0831754   -0.0628936    0.0508593   -0.0677513
  -0.0953777   -0.0740739    0.0324434    -0.054527
    0.157141    0.0398123   -0.0156475    0.0252223
   0.0407381    0.0788928   -0.0213169    0.0933215
   -0.145322    0.0388813    0.0563667    0.0487152
      0.1817   -0.0361944  -0.00947979   -0.0469034
  -0.0902713    0.0518889    0.0350692    0.0553471
   -0.341343    0.0303606    0.0769598   -0.0163159
  -0.0412971    0.0722795    0.0497821   0.00985093
  -0.0744539    -0.145393   -0.0197267    -0.127062
   -0.110819   -0.0520662    0.0469245    0.0300503
   0.0469306    0.0550391    0.0312651    0.0402472
    0.178816     0.140155   -0.0199476     0.206135
   -0.144836    -0.015926   -0.0419137  -0.00292699
  -0.0646543   -0.0142134     -0.21369   -0.0304625
   0.0912241     0.126081   -0.0605927     0.189039
   -0.229492   -0.0137176     0.128185   -0.0231873
   0.0973369     0.032773   -0.0465464    0.0152472
  -0.0556335    0.0415957   -0.0440478   -0.0291768
   -0.079934     0.154248   -0.0275384     0.162695
    0.170542    0.0998682   -0.0837452     0.122144
   0.0517255    0.0583743    -0.101839     0.103361
   0.0960326    -0.108721    0.0361085   -0.0299215
    -0.11486   -0.0787974      -0.0526    0.0778693
   -0.133368   -0.0842139    0.0223867   -0.0812067
   0.0953093    0.0859042    0.0719867     0.107288
    0.151497   -0.0296071   -0.0203355   -0.0195441
    0.487768   -0.0129787    -0.196592     0.124578
    0.496323   -0.0571493   -0.0961273    0.0371831
  -0.0667841   -0.0163377   -0.0815952    0.0254793
   0.0602973    0.0472109    0.0606755   -0.0232235
   -0.570744  -0.00151864      0.24781    -0.184978
   0.0651739    0.0122083     0.071569    0.0622234
  -0.0172339   -0.0320079    0.0224158    -0.109196
  -0.0401519    0.0204474   -0.0320324    0.0115473
  -0.0528142   -0.0384289    -0.072601     0.105161
  -0.0799224   -0.0729115  -0.00144644   -0.0462813
  -0.0766431   -0.0199502    0.0217728   0.00614509
   -0.265353   -0.0857612      0.10636   -0.0584892
    0.276916     0.202404    -0.118273     0.227596
  -0.0246402    0.0901903    0.0213279     0.192187
    0.073685   -0.0124231    0.0229953   0.00157042
    0.164311    0.0672248   -0.0618709     0.156082
    0.282548     0.069945    -0.142859     0.145672
   -0.188204    0.0480223    0.0300428    0.0325335
  -0.0123921   -0.0155763    0.0909359    0.0183173
   -0.251476   -0.0742041     0.120033    -0.134662
   -0.216827    -0.071954    0.0477488    -0.119282
  -0.0498942    0.0260683   -0.0310847    0.0851324
   0.0383753     0.040486   -0.0923789     0.104602
    0.113769   -0.0900274    0.0032187  -0.00891355
   -0.026322     0.079183   0.00232374     0.194216
   -0.197696   -0.0724351  0.000462376   -0.0464915
   0.0913628     0.055389   -0.0297568      0.10466
  -0.0569464    -0.117514    0.0750225   -0.0701047
    0.143294    0.0110132     -0.11581     0.136789
    0.358304   -0.0209945    -0.111495   -0.0898264
  -0.0255114   -0.0631433    0.0162067   0.00056656
   0.0956511   -0.0595215    0.0237776    0.0129266
    0.122519   -0.0629603   -0.0886472    0.0296726
    0.115906    0.0527573    0.0321931   0.00608371
   -0.233023   -0.0445593    0.0670188   -0.0752161
    0.378158   -0.0345555   -0.0308176    0.0591275
    0.318339     0.127244    0.0118424     0.245352
  -0.0321283     0.084747   -0.0830336    0.0189985
   -0.227552   -0.0771245     0.160894    -0.125486
   -0.708266   -0.0580189     0.152878    -0.140504
   -0.250324    0.0183657    0.0419813  -0.00187664
   0.0801493   -0.0394729  -0.00444532   -0.0458228
   0.0573378    0.0505021   0.00444649     0.146382
  -0.0729853   -0.0218372  -0.00125068   -0.0314333
   -0.112272 -0.000717911     0.016713    0.0683394
    0.198152    0.0470263     0.017017     0.133556
    0.242644   -0.0110228   -0.0267679   -0.0194523
   0.0484053   -0.0469704    0.0388828   -0.0142736
   -0.489941   -0.0430945     0.119778     -0.10061