  -0.131241
   0.089233
  0.0451487
   0.247077
  -0.215193
  -0.095592
  -0.119708
  -0.113739
 -0.0236982
 -0.0335321
  0.0173554
    0.14293
  -0.224863
   0.250711
   0.189911
 -0.0612798
  -0.151515
  -0.170227
  0.0664691
 -0.0362452
   0.235025
   0.266714
  0.0346354
   0.226898
  -0.160612
   0.356431
  -0.123282
   0.130173
   0.119958
 -0.0928486
   0.149861
  -0.137489
   0.144864
  -0.139866
   0.099443
 -0.0329978
  -0.200157
  -0.155412
  -0.374751
    0.14114
  0.0844556
  -0.171337
   0.196266
   0.101012
    0.24214
   -0.37718
 -0.0707888
   0.101009
  0.0479294
 -0.0780035
  0.0278052
  0.0725703
  0.0746994
  -0.157378
   -0.33548
   -0.14057
 -0.0457692
  -0.038033
 -0.0862259
 -0.0234914
   0.110546
   -0.22032
   0.218136
   0.101543
   0.137133
   0.235729
  0.0739013
 -0.0282555
-0.00633451
  0.0491348
  -0.043682
   0.305961
  -0.109021
  -0.317799
  0.0250477
  -0.159439
   0.195619
  0.0341425
   0.159636
 -0.0356228
 0.00961669
  -0.118081
   0.133845
  0.0815488
 -0.0519484
 -0.0232578
   0.101684
  0.0964188
   0.204355
-0.00915878
 -0.0754793
   0.114028
  -0.121591
 -0.0719832
 -0.0390345
   0.051829
  -0.309001
  -0.116698
  -0.322708
 -0.0870167
   0.032605
  0.0586801
  -0.154369
  -0.179199
  -0.143302
 0.00547493
  -0.435334
 0.00700888
  -0.194378
  0.0756993
 -0.0799495
   0.234695
 -0.0867868
-0.00177431
0.000960409
   0.208172
  -0.229743
 -0.0372317
  -0.184325
   0.197129
  0.0815146
   0.338161
  0.0472516
  0.0040205
   0.128947
   0.142179
  -0.199053
  0.0576108
   0.182991
  0.0279768
  -0.155608
 -0.0133934
   0.105758
 -0.0637287
  -0.122446
   0.147301
  0.0854589
  -0.142527
  0.0375107
  0.0555733
   -0.40458
  -0.128769
  -0.140773
 -0.0251241
 -0.0766122
  0.0317207
-0.00988777
 -0.0182289
 0.00273467
  0.0712127
 -0.0331107
 -0.0311665
 -0.0662752
  0.0132951
  -0.162841
 -0.0472853
   0.120825
  -0.119709
  -0.350308
  -0.416612
  -0.217531
 -0.0466636
  -0.398395
 -0.0901801
  0.0104798
 -0.0691496
  0.0610005
  -0.212325
    0.37045
  -0.338287
 -0.0369291
  0.0774414
   -0.08811
  -0.119093
 -0.0792198
    0.22443
  -0.358804
 -0.0695169
 0.00826291
  -0.299887
    0.21451
   0.100421
   0.037247
  0.0379893
 -0.0649022
  0.0424384
 -0.0797378
 -0.0914862
  -0.198903
  -0.208664
 -0.0254548
   0.103048
   0.134745
 -0.0566733
  -0.026493
    0.23997
  -0.278229
  -0.225762
  0.0986984
   0.144365
 -0.0216789
   0.434002
 -0.0781586
    0.21399
 -0.0479676
 -0.0159392
   0.164349
  -0.111884
  -0.316995
  0.0842131
   0.131692
   0.137236
  0.0589568
  0.0502825
   0.347803
  -0.043897
 -0.0708437
  -0.342093
   0.226798
   0.244276
  -0.131859
  -0.070801
 0.00646026
  0.0886719
  0.0279618
 -0.0615405
  0.0669445
  0.0819948
  -0.626851
   -0.17973
  -0.136931
 -0.0226943
   0.146353
  -0.200209
 -0.0654609
 -0.0675352
 -0.0359741
  0.0555792
  -0.104142
   0.117424
    0.30816
 -0.0539025
   0.248346
   0.123456
  0.0175085
  0.0860408
  -0.368254
  0.0616106
  0.0307721
  0.0144839
   0.337792
  -0.129891
  0.0278377
   0.132876
   0.174877
  -0.220319
  0.0534274
   0.045027
  -0.247574
  0.0536292
 -0.0285306
  0.0435978
  -0.183743
   0.123091
  -0.033045
   0.110331
  0.0229011
 -0.0351176
  -0.238105
  -0.095459
   0.200526
    0.25342
   0.216985
 -0.0333701
  -0.298641
  0.0370764
  -0.120058
  0.0980797
  -0.149061
 -0.0767203
 -0.0719413
  0.0136214
  -0.249331
   0.237807
  -0.165694
 -0.0382612
  0.0210319
   0.260391
  0.0714755
   0.111715
 -0.0466551
   0.359628
  -0.124067
  -0.266887
   0.153345
   0.248528
  -0.371164
  0.0261216
   0.189912
-0.00604757
    0.10228
  0.0388542
  -0.112257
   0.566413
  0.0964489
   0.331379
  0.0842309
  0.0917969
   0.237438
   0.244436
   0.018227
  0.0789493
 -0.0772279
 0.00845384
  -0.176484
  -0.531808
    0.14841
 -0.0549392
  0.0202966
   0.159228
 -0.0587649
 -0.0586919
    0.10781
   0.149457
  0.0652956
  -0.134344
  -0.182547
  0.0116825
  0.0971671
 -0.0977646
 -0.0657476
  -0.253278
 0.00486758
  -0.142496
  -0.145762
  0.0360655
 -0.0193523
 -0.0704358
 -0.0343317
   0.128689
   0.260641
 -0.0491623
   0.149193
-0.00140512
 -0.0380487
   0.266125
  -0.494814
  -0.278512
  -0.233875
   -0.16925
 -0.0725893
  -0.151039
  -0.545937
  0.0719435
    0.10655
   0.105058
   0.105672
 -0.0615328
 -0.0814522
   0.815011
  -0.253526
  -0.543195
   0.110408
 -0.0632426
  -0.133167
   0.228966
  -0.127076
   0.193101
   0.029285
 -0.0727791
   -0.12539
  -0.168496
   0.346931
  0.0324078
  -0.255683
-0.00631577
  0.0804519
 -0.0962346
-0.00959785
  0.0622486
  0.0241824
-0.00577909
  0.0884957
 0.00711683
  -0.109696
  0.0246899
   0.113603
   0.213042
  0.0526138
  -0.204554
  -0.182169
   0.262573
   0.149907
   0.215083
  0.0938566
  -0.144049
   0.090808
  0.0144342
 -0.0560497
 -0.0402215
  0.0586765
   0.070361
   0.048147
-0.00316333
  -0.106553
  0.0466121
  0.0336472
  -0.190763
  0.0528396
  -0.138485
  0.0961153
 -0.0182854
  -0.202699
   0.343103
  0.0117628
 -0.0144091
  -0.118474
  0.0505139
 -0.0749393
   0.304732
 -0.0617893
 0.00372949
-0.00177879
 -0.0272742
 -0.0952558
   0.124719
   0.102717
  0.0294371
   0.129694
  -0.330946
-0.00673006
   0.129371
   0.132083
  0.0703174
 -0.0195768
  -0.048577
  0.0778291
   0.333269
 -0.0605853
 -0.0666074
  -0.459087
  -0.142015
-0.00310755
   0.137914
  0.0681263
  -0.144466
  0.0964526
  0.0620687
 -0.0392308
   -0.17769
  -0.390318
   0.166246
   0.163188
  -0.117847
  0.0388217
  -0.369101
 -0.0397979
   0.155238
  0.0442094
  0.0762079
   0.152759
 -0.0438631
0.000837368
   0.535531
  -0.207089
  0.0889514
 -0.0872176
  0.0583853
  -0.085047
  -0.173763
 -0.0773886
  -0.260298
 -0.0747341
 -0.0841612
   0.118879
  0.0106596
  -0.236876
  0.0897436
 -0.0196828
   0.204657
  -0.244543
  0.0670781
 -0.0156841
  -0.277966
   -0.11067
  0.0378454
  -0.185419
  0.0163785
   0.196183
  0.0561814
   0.067065
    0.44394
  -0.295027
   0.104459
 0.00291283
   0.164509
 -0.0605806
 -0.0197205
  -0.153655
-0.00501534
 -0.0320993
   0.358076
  -0.069109
   0.189967
  -0.277211
  -0.135731
   0.170413
  -0.148564
  -0.183947
 -0.0564631
   0.073306
   0.219791