   -0.241183
  -0.0950726
   -0.106956
  -0.0837824
   0.0870719
    0.196963
     0.35772
  -0.0300618
   0.0675746
   0.0851389
    -0.10934
  -0.0409289
    0.104884
   0.0869885
   0.0441732
   0.0090412
  -0.0454597
   -0.193848
 -0.00454904
    0.160732
    0.165186
   -0.132594
    -0.11574
  0.00700908
    0.144276
    0.185181
    0.205704
   -0.196686
   0.0699681
     0.20319
   0.0458728
   0.0732644
   0.0488681
  -0.0885002
      0.1822
   0.0385806
   0.0235215
    0.132031
   0.0168133
    0.152175
   -0.114988
  -0.0318213
  0.00117231
   0.0251811
   -0.076459
    0.070984
  -0.0235288
  -0.0040246
    0.109424
  -0.0146259
  -0.0675071
    0.161875
   0.0993266
   0.0144243
   0.0982755
  -0.0187018
 -0.00597388
     0.02454
  -0.0817308
   0.0624874
   0.0922488
   -0.203804
  0.00499432
   0.0303961
   -0.111802
   0.0183459
   0.0366619
    0.172773
 -0.00785461
    -0.26598
    0.110967
    0.145459
    0.147765
  -0.0874104
  -0.0325054
    0.172547
   0.0604306
  -0.0459244
   -0.118914
   -0.175207
    0.103375
    0.320831
  -0.0659875
   -0.142783
  -0.0455404
  -0.0999694
     0.00196
   -0.159987
   -0.067394
    0.074838
  -0.0784869
  -0.0130425
    0.179458
    0.112879
   -0.135235
  -0.0925912
   0.0494809
    0.104925
   0.0968731
   0.0820234
   0.0699084
    0.199064
    0.172161
  -0.0939892
   -0.165017
   0.0414235
 -0.00254343
  -0.0246729
  -0.0863748
  -0.0363755
  -0.0861723
   0.0383777
    0.175739
   0.0713887
   -0.159259
   -0.214228
  -0.0688566
 -0.00653676
  -0.0240266
  -0.0110287
    0.160436
   0.0244416
   0.0545525
   0.0747904
   0.0631169
   0.0941317
   -0.105444
    0.101784
    -0.33185
  -0.0452234
  -0.0513847
   0.0818379
    0.162146
   0.0989035
  -0.0298189
   0.0178343
    0.161988
   0.0532732
    0.154634
   -0.243523
    0.172508
   -0.116352
   0.0797339
    0.084409
   -0.171978
    0.236268
  -0.0324791
   -0.205282
  -0.0196314
  -0.0451812
   0.0374059
   -0.132745
   0.0639517
  -0.0279677
   0.0478581
   -0.056014
   -0.142755
   0.0356294
   0.0885277
    0.015064
    0.175707
     -0.1539
  0.00978261
   0.0941365
  -0.0709558
   0.0176342
 -0.00913519
  -0.0518732
 -0.00132038
    0.157086
   -0.050458
  0.00197077
    0.155554
   0.0564932
   -0.115717
  0.00112578
    0.136282
    0.123289
   0.0960049
    0.104577
    0.137614
   -0.107441
   -0.199436
    0.205303
   0.0300112
   -0.108683
  -0.0538979
   -0.211273
    0.116175
   -0.114787
   -0.139781
  -0.0901936
    0.103612
    0.104285
  0.00962118
   0.0411565
  -0.0266994
    0.119563
   0.0758455
   0.0459492
   -0.257338
  -0.0468729
  -0.0200853
   -0.183891
 -0.00669867
   0.0404457
   -0.103047
  0.00108871
   0.0287661
    0.046062
   0.0235268
   -0.227957
   0.0782225
    0.124095
   -0.200447
    0.273135
   0.0550059
    0.117949
   0.0040878
   -0.258437
     0.13109
   -0.109034
   0.0211834
  -0.0827987
   0.0369705
  -0.0180778
  -0.0837932
    0.304954
    0.135853
    0.100113
  0.00424253
  -0.0949745
   0.0446045
    0.101224
   0.0188515
   0.0349748
  -0.0422362
  -0.0209299
   0.0413527
   0.0774565
   0.0894431
  -0.0998229
   0.0265106
     0.22745
  -0.0976006
  -0.0741972
   -0.133534
   0.0803759
  0.00421552
  -0.0414462
   0.0222347
  -0.0818532
    0.113979
   0.0640745
    -0.14822
 -0.00180332
  -0.0424614
  -0.0512742
  -0.0173025
   -0.257959
  -0.0638064
    0.048842
    0.126207
   -0.038467
  -0.0296823
   -0.208773
   0.0466782
   0.0251081
    0.146537
   -0.155563
   0.0763684
    0.114201
   0.0316907
    0.102306
 0.000303405
   -0.187082
    0.140694
    0.294877
   -0.293634
    0.142961
   -0.115791
   0.0662927
  -0.0729113
    0.140647
    0.253372
  -0.0204347
   0.0941487
    0.246562
    0.110595
   -0.174053
  -0.0594647
   0.0296534
   -0.165442
   0.0221902
    0.106513
    0.140742
    0.146383
   0.0521196
   -0.102651
  -0.0652794
   0.0467805
    0.179638
   0.0168816
   0.0474053
  -0.0268662
  -0.0449186
   0.0687952
   0.0308198
   -0.324566
   -0.327806
  -0.0331119
  -0.0165488
  -0.0354917
   0.0681145
  -0.0482398
    0.230106
  -0.0594824
    0.208392
   0.0166612
   0.0248403
    0.214006
   -0.248923
  -0.0252068
  -0.0445245
     0.11306
   -0.102041
    0.336471
   -0.133606
   0.0884006
    0.160696
    0.187176
    0.008865
     0.12491
    0.223022
   0.0749834
    0.151251
  0.00975175
   0.0383687
   0.0432184
    0.146273
  -0.0761798
    0.325115
   0.0344654
   0.0222593
  0.00982096
  -0.0886578
   0.0349665
  -0.0922927
  -0.0460459
  -0.0487863
  -0.0355114
    0.205478
   0.0772845
  -0.0158983
   -0.251681
   -0.119815
 -0.00810357
  -0.0655653
   -0.189215
    -0.15202
  -0.0180285
   0.0762108
    0.114988
   0.0533788
   -0.145186
   -0.220354
  -0.0028064
    0.189984
   -0.101607
   0.0708497
    0.036299
    0.238948
   0.0102607
    0.198666
  -0.0236039
   -0.144131
   -0.197016
     0.24329
    0.131808
    -0.13363
    0.235783
  -0.0832638
   -0.284555
    0.174859
  -0.0289975
   -0.235105
   0.0634659
   -0.063569
    0.030978
  -0.0658415
    0.174144
  -0.0207929
   0.0549756
  -0.0621262
   -0.236288
    0.061302
   0.0982975
   -0.119343
   0.0294018
  -0.0400762
    0.153918
    0.210633
   0.0243996
   0.0465326
    0.421405
   0.0468708
    0.107901
   -0.259621
   -0.101756
    0.253905
  -0.0811591
    -0.38318
 0.000355084
   0.0145578
    0.217355
    0.135835
   -0.123928
   0.0336199
   -0.191201
  -0.0342179
   0.0902862
  0.00210411
   -0.169799
   0.0225419
  -0.0434473
-0.000704835
  -0.0094441
   -0.143295
     0.11581
   0.0812572
   0.0594449
  -0.0326014
  -0.0664084
    0.101811
   0.0587089
 -0.00883267
   -0.146285
  -0.0178891
    0.101327
    0.173312
   -0.128353
  -0.0975881
  -0.0611504
   -0.193851
   -0.194734
   -0.308236
    0.193522
  -0.0444261
    0.223115
    0.183835
   0.0297285
  -0.0342743
     0.20213
  -0.0241168
   0.0643202
 -0.00896736
    0.199899
   -0.140871
   0.0128064
  -0.0351345
   -0.100953
    0.396417
  -0.0553075
   0.0135582
    0.146207
   0.0475449
   -0.165725
   -0.159657
   -0.109955
    0.167392
    0.200194
   -0.241324
  0.00720352
    0.259354
    -0.10514
    0.235304
    0.109314
   0.0627689
   -0.133286
   0.0135159
    0.130831
  -0.0969571
  -0.0666395
  0.00428346
  0.00425422
    0.249963
    0.203095
    0.145608
   0.0617433
   0.0204205
   0.0975418
   0.0647381
    0.145346
   -0.109735
   0.0208294
    0.223787
  -0.0185072
  -0.0869175
   0.0586289
   -0.118251
  -0.0261274
  -0.0583905
    0.163699
  -0.0962837
   -0.113008
  -0.0496642
    -0.16399
    0.112385
    -0.05979
   0.0311167
    0.286879
   -0.188334