   0.0304747
  -0.0361419
   -0.151903
    0.317383
   0.0183468
   0.0635443
    0.272793
    0.218468
    0.109097
  -0.0148127
   -0.221645
    0.021226
  -0.0342431
    0.161944
    0.089643
  -0.0721024
  -0.0822394
   0.0539523
   0.0915099
   0.0979127
   -0.307898
    0.100904
  -0.0420038
    -0.11597
  -0.0500205
   -0.242906
  -0.0548587
    0.198307
    0.108746
   0.0742405
    0.186299
  -0.0520472
    -0.26545
   -0.337207
  -0.0265686
   0.0717422
  -0.0762376
  -0.0116496
   -0.278177
    0.206003
    0.144403
   -0.171937
   0.0809133
  -0.0867103
  -0.0414772
  -0.0109873
   -0.101314
   0.0133321
   0.0133295
  -0.0401189
  -0.0799085
  -0.0796738
   0.0528362
 -0.00783015
    0.249038
   -0.251806
   0.0321233
    0.199701
    0.090297
   -0.082991
   -0.163937
   0.0124237
    0.285035
    0.138345
  -0.0407601
  -0.0653618
   0.0243529
  -0.0730669
   -0.110277
   -0.057022
  -0.0259734
   0.0478145
   0.0634984
    0.271517
   -0.209921
  0.00307422
  -0.0330766
    0.080805
   0.0248937
  -0.0446657
  -0.0739236
   0.0678874
  -0.0558714
  -0.0166452
  -0.0619899
   0.0294372
    0.144491
  -0.0709766
  -0.0222332
  -0.0954356
 -0.00516642
   0.0787184
    0.245114
   0.0991362
    -0.18429
  -0.0146923
   -0.148553
   0.0172924
   0.0402941
    0.108582
   0.0870235
    -0.11833
  -0.0241955
  0.00203087
  0.00833848
     0.18078
  -0.0566527
    0.080036
   0.0365206
    0.140535
    0.162055
    0.284292
    0.190302
  -0.0510649
    0.167542
   0.0557054
 -0.00483147
    0.031317
    0.032785
   -0.106359
    -0.14638
   -0.137204
   0.0144565
    0.100422
    0.146049
   0.0502647
  -0.0918778
  -0.0310975
   0.0570738
  -0.0981953
   0.0588448
  -0.0546627
   -0.222636
   0.0391859
    0.051597
    -0.10696
  -0.0947805
   0.0682372
   0.0181504
   -0.139842
   0.0741454
   0.0382757
  0.00886605
  -0.0201543
  -0.0706046
    0.182226
  0.00245259
 -0.00924189
    0.186119
   0.0403821
   0.0540148
   -0.132896
    0.117374
   -0.103643
    0.211076
   -0.194926
   -0.182266
   0.0493085
   -0.139899
    0.125345
   0.0177786
    0.124413
   -0.209843
    0.115079
   -0.212165
    0.126777
    -0.25937
  -0.0154833
    0.199543
    -0.18186
   0.0625025
   -0.181831
  -0.0256983
   -0.213076
  -0.0791371
    0.070107
   0.0442108
    0.190706
  -0.0614637
    0.163874
    0.104431
  -0.0439596
    0.109858
   0.0730455
   0.0143079
   0.0074601
    0.300805
   0.0715953
    0.101872
  -0.0707449
  -0.0441415
  -0.0769829
    0.134146
   0.0652619
   -0.127677
    0.181643
  -0.0417695
    -0.17234
    0.099378
  -0.0902765
   0.0358857
   0.0861685
    0.297065
   -0.200164
   0.0774656
    0.218052
    0.255283
   -0.168965
   0.0959178
    0.048127
   0.0696456
  -0.0695711
    0.158146
    0.129091
    0.123764
  -0.0295315
    0.203633
   0.0488361
  -0.0550045
  -0.0887045
    0.137633
  0.00899436
    0.049084
   0.0958968
    0.214043
    0.160047
  -0.0402036
    0.103908
   -0.345324
   -0.110373
   -0.025675
  -0.0556532
  -0.0773878
   -0.205737
   -0.203068
    -0.23868
   -0.197245
   -0.452589
  -0.0509762
   0.0603697
    0.037039
   -0.168155
    0.196387
  -0.0540599
  -0.0598426
    0.114728
    0.157375
  -0.0941985
   -0.119784
   -0.108931
   -0.276907
   -0.127481
   -0.118747
    0.139473
  -0.0298839
   0.0564135
   0.0154779
   -0.136943
    0.310085
    0.166496
  0.00503983
   -0.163704
    0.032028
    0.072008
  -0.0142289
 -0.00302267
    0.253356
   -0.014091
   0.0534496
   0.0158359
   -0.115124
   0.0373911
   -0.148248
     0.03556
    0.139313
  0.00344937
    0.093906
   -0.127062
  -0.0441263
   0.0862854
  -0.0258821
    0.154535
   0.0954397
   -0.100676
   -0.055358
   0.0454499
    0.225795
   -0.380268
  -0.0551978
  -0.0431448
    0.097728
     0.42396
  -0.0881913
   0.0922896
   -0.194939
     0.26367
   -0.171087
   0.0456187
  -0.0885035
    0.178509
  -0.0226848
    0.048495
  -0.0500936
   0.0769396
   -0.166086
   0.0676956
    0.257112
  0.00360279
   0.0239438
    0.011128
   -0.230202
 -0.00627635
  -0.0549829
  -0.0223076
  -0.0428413
    0.129036
    0.112096
    0.142617
  -0.0937278
   -0.233362
   0.0561744
   0.0334339
  -0.0409356
  -0.0971794
   -0.122501
    0.215317
     0.27133
     0.24976
  -0.0464299
    0.274807
  -0.0928445
  -0.0550851
 -0.00799612
    0.102077
  -0.0990487
  -0.0195356
    0.145613
  -0.0209944
    0.140734
  -0.0189023
   0.0265469
    0.204891
   0.0581571
   -0.123263
   -0.119291
   -0.221599
   -0.252874
   -0.070719
    -0.35126
  -0.0697009
   0.0422457
  -0.0527681
    0.126992
    0.296873
   -0.110112
   0.0811343
  -0.0262382
  -0.0492428
   0.0563036
    0.224817
  -0.0349116
    0.111714
    0.116371
   0.0572744
  -0.0766687
   0.0970406
   0.0426074
   0.0602519
   -0.171704
   0.0751553
     0.35296
  -0.0101855
  -0.0501653
   -0.014148
   -0.126825
  -0.0833451
   -0.157175
    0.206699
  -0.0746201
   -0.107406
   -0.142268
   0.0019201
   -0.273331
    0.352134
  -0.0447562
   0.0694666
   0.0079456
  -0.0574232
  -0.0107006
  -0.0672895
    0.149901
  -0.0385899
  -0.0422973
    0.232807
   -0.183461
 -0.00941236
    0.288447
    0.014616
    0.466045
  -0.0166842
   0.0212598
  -0.0865115
   0.0187795
   -0.144722
   -0.205768
   0.0606481
   -0.025757
    0.276368
   0.0746954
  0.00838733
   -0.101655
   0.0147219
    0.212139
   0.0274621
   -0.222034
    -0.14994
     0.32836
   0.0913944
    0.132404
  -0.0763392
  -0.0820258
   0.0808874
   -0.171061
-0.000918097
 -0.00992561
  -0.0320812
   0.0391801
  -0.0976411
    0.196088
   0.0514691
   -0.093851
    0.301524
   0.0155017
   0.0922278
    0.088407
   0.0616041
  -0.0403942
   0.0297215
  -0.0282748
   0.0525063
    0.343283
  0.00514738
   -0.164673
   -0.248685
   0.0528005
   -0.087735
   0.0205263
   -0.159456
  -0.0311681
    0.178001
    0.170594
  0.00954473
   0.0190352
   -0.134434
   -0.025917
  -0.0662718
   0.0509926
   0.0679019
   0.0792288
  -0.0248278
   0.0447103
   -0.120171
 -0.00994885
    0.553827
    0.139614
    0.045287
   -0.195951
   0.0254391
    0.139726
    0.130418
    0.152249
   -0.089822
   0.0432055
  -0.0937936
   0.0440656
   0.0370061
   0.0344452
  -0.0344673
    0.102547
   -0.165498
    0.114428
    0.205204
   0.0631257
   0.0239946
   0.0165434
   -0.197367
  -0.0810682
  -0.0349313
   0.0118776
   -0.189778
   0.0343587
    0.096047
    0.155566
   0.0857963
  -0.0345267
   0.0284031
     0.10631
    0.150006
    0.102299
   0.0418147
   0.0227753
  -0.0123921
   0.0216215
    0.228684
    0.190241
  0.00563045
   0.0918359
   0.0691471
  -0.0589626
    0.129345
    0.206855
   0.0513628