     0.31852    0.0612066   -0.0277662   -0.0277803
  -0.0602531    0.0933712    0.0396626    0.0816023
  0.00556888    -0.102356    0.0212042   -0.0225598
    0.024899   -0.0200643   -0.0330438    0.0338783
   0.0679442   -0.0394325   -0.0648986    -0.046957
    -0.16585   -0.0921664    0.0712261   -0.0364745
   -0.305885    0.0213175     0.116943    -0.109433
   0.0337283    0.0493779  -0.00790386    0.0390834
   -0.024167    0.0710368   0.00491609   -0.0724394
  -0.0352237    0.0326247   -0.0157831   -0.0413536
   0.0447576    0.0913405   -0.0725951    0.0107032
    0.149192   -0.0216128     -0.12793    0.0879262
    0.167617    0.0116267   -0.0437624    0.0923789
    0.105032     0.027532   -0.0510754   -0.0556528
  -0.0791389   -0.0413058    0.0103733   -0.0794803
  -0.0769746    0.0399745   -0.0404577   -0.0670046
   -0.166621   -0.0774954   -0.0484496   -0.0868241
    0.192705    0.0133064     -0.12441     0.070928
  -0.0554801    0.0595478    0.0437699  -0.00420698
   -0.240314   -0.0398289    0.0381692   0.00540846
    0.114829    0.0355946   0.00332386    0.0638443
   -0.180572   -0.0791588    0.0490834    -0.114788
   -0.179927     -0.01486     0.128519   -0.0725658
   -0.190173  -0.00111555    -0.058414   -0.0723077
   -0.204886   -0.0200474    0.0383144  -0.00469254
  -0.0699662    0.0258973   -0.0437794    0.0537225
   0.0457409   0.00853665    -0.013971   -0.0617088
   0.0590857  -0.00264703    0.0483477     0.027464
    0.146806   -0.0458183   -0.0816072     0.006776
    0.128675    0.0477573   -0.0378659    0.0814472
    0.103234   -0.0409163   0.00983969     0.038951
    0.210723    0.0785102  -0.00637371    0.0720493
    0.135291  -0.00132503   -0.0105858   -0.0475266
   -0.129834   -0.0517504    0.0654907   -0.0974136
  -0.0896094   -0.0362395  -0.00694238    0.0694445
   -0.117547   -0.0931019    0.0374687   -0.0107427
    0.130288     -0.02726   -0.0303904    0.0342417
  -0.0602845   -0.0433097    0.0776698   -0.0262413
   -0.178678   -0.0214741   -0.0205759     0.032464
    0.435369    0.0339508    -0.123493     0.196438
   0.0192031    0.0665744   -0.0502087   0.00931639
   0.0830348    0.0363656   -0.0734035    0.0380389
  -0.0615727   -0.0569557    0.0177612    -0.037636
  -0.0441017   -0.0462382   0.00491558   -0.0193675
    -0.15644   -0.0576029    0.0240634   -0.0648235
   0.0456838   -0.0689578   -0.0752821   -0.0308436
    0.257681     0.111879   -0.0299909    0.0609646
  -0.0718114     0.118254    0.0815466    0.0248444
    0.125687   -0.0436636   -0.0548235   -0.0195311
    0.157802    0.0432067   -0.0668459    0.0456475
    0.106077   -0.0532743    -0.113447   0.00610674
    0.157641   0.00388099   -0.0112708     0.106009
  -0.0696404   -0.0531986  -0.00551834   -0.0256026
   -0.322696   -0.0105537     0.100652   -0.0515284
    0.106285     0.071745   -0.0181504     0.113286
   0.0398207    0.0103766    0.0496305   -0.0676365
   -0.124928   -0.0182443   -0.0650959   -0.0204328
   0.0404623    0.0200441     0.032428    0.0219195
  -0.0682608     0.066463    0.0249317  -0.00339992
  -0.0904281   -0.0452128   0.00439819   -0.0434682
    0.190217   0.00896949    -0.116407     0.146323
   0.0822093   -0.0605707   -0.0835693   -0.0286295
   0.0859521    0.0326871   -0.0291996     0.119252
   -0.186023     0.015544  -0.00728801    0.0921354
    0.111729  0.000434043   -0.0770993    0.0901058
  -0.0186772    -0.081238    0.0271657   -0.0689511
   0.0562739   -0.0162973    0.0398566   -0.0162918
    0.136322    0.0587317    -0.139089    0.0572112
    0.283793    0.0758571   -0.0767861     0.186911
   -0.119515    -0.097303    0.0201088   -0.0153843
  -0.0243186    0.0430055   0.00698773   -0.0585651
  -0.0528251   -0.0456116    0.0467979   -0.0593648
    0.105547   -0.0109672   -0.0517643   0.00305465
   -0.200175   -0.0407647    0.0514501   -0.0341524
    0.151461   0.00205125    -0.112885     0.112443
   -0.134269   -0.0125745    0.0645319    -0.013956
   0.0629457   -0.0331663   -0.0120672  -0.00649233
   0.0936443   -0.0142537    0.0116903    0.0685881
    0.116488    -0.041751   -0.0457529   -0.0748217
    0.194721    0.0855577   -0.0449651    0.0626904
    0.027189   0.00249415    0.0763647    0.0531606
     0.13252   -0.0372178   -0.0534545   -0.0521709
    0.110372   -0.0483172   -0.0146137   -0.0399282
    0.216103   -0.0163858    -0.110107    0.0957372
    0.069863     0.085469   -0.0623603    0.0566311
    0.233784     0.103341   -0.0661198     0.124293
   0.0603631   -0.0863679   -0.0544532    0.0547347
   0.0900436   -0.0124874   -0.0440201    0.0280542
    -0.12521   -0.0217142    0.0793044    0.0236381
  -0.0792739   -0.0729806    0.0239379   0.00986391
   0.0461088    0.0117586    0.0249012    0.0458794
    0.092838  -0.00964625    -0.103701     0.104864
   -0.130701    -0.113752   -0.0145121   -0.0480969
   0.0141069    0.0712412    0.0162701    0.0699895
  0.00114803   0.00767926   -0.0142066   0.00547725
  0.00771676   -0.0415346    0.0797216   -0.0157011
   0.0482398   -0.0721984   -0.0251096   -0.0541603
   0.0148821   -0.0124227  -0.00179668    0.0821811
 -0.00151811  -0.00879725    0.0187436     0.121066
   0.0928716    0.0831704    0.0335691    0.0499414
   -0.128738    -0.104867    0.0184502   -0.0882246
  -0.0767143   -0.0847343    0.0089856    0.0287892
    0.130773    0.0662016   -0.0527233    0.0282304
  -0.0488298    0.0341243   -0.0129568    0.0790074
   0.0249429  -0.00834548     0.069938      0.03259
    0.044815   -0.0505632   -0.0421323    0.0620633
    0.132205    0.0471615   -0.0762044     0.134594
   0.0923943    0.0505683   -0.0520551    0.0139357
  -0.0934241   -0.0236953   0.00878333   -0.0300425
   0.0730798    0.0910577    0.0501238    0.0787231
   -0.106726   -0.0176986   -0.0645557    0.0210006
   -0.143461   -0.0809944    0.0122645    -0.172372
   -0.287126    -0.105071     0.128735    -0.148637
    0.258063    0.0819335     -0.08067     0.172782
     0.12297    0.0922283   -0.0310618   0.00777759
    -0.08108   -0.0824201   -0.0283993   -0.0193922
  -0.0293085   -0.0138006    0.0675257    0.0300807
  -0.0382567   -0.0525305    0.0162483   -0.0241492
    0.109024  -0.00367419   -0.0558789     0.100016
   0.0915494   -0.0885291    0.0204846   -0.0270213
   -0.149103    -0.102137    0.0464491   -0.0359621
   -0.078208   -0.0360788   -0.0255836    0.0659952
  -0.0732327   -0.0824647    0.0929614    -0.082623
    0.196097   -0.0447267   -0.0607026  -0.00599338
  -0.0611242    0.0583577    -0.023402    0.0401982
   -0.012494    0.0816633   -0.0130382     0.120789
   -0.187345    0.0235357  -0.00566137    -0.014566
   -0.243188  -0.00896953    0.0456405   -0.0274998
    0.136942    0.0355702  -0.00332283    0.0695035
   -0.215679    0.0145523      0.10393     -0.10093
    0.170347    0.0607948    -0.086432    0.0092429
    0.124353   -0.0257053   -0.0935614    0.0370875
   -0.170692    -0.021823    0.0531965     -0.12025
  -0.0487202   0.00716089    0.0207074   0.00989871
 -0.00293146    0.0650921    0.0194497   0.00777569
    0.308468     0.114881     -0.13643     0.170971
   -0.035456    0.0187371     0.110605   -0.0675852
  -0.0694126   -0.0441031    0.0540165   -0.0562389
  -0.0771679   -0.0205854    0.0584135   -0.0166389
    0.259818     0.046291    -0.131472     0.055543
    0.228251    0.0515929     -0.14872     0.164559
   -0.134521   -0.0315603    0.0748188    0.0159523
   0.0894175   -0.0302498    -0.091328    0.0806602
   -0.198472    0.0438747    0.0276844    -0.011728
  -0.0348522    0.0796899  -0.00498212    0.0353482
   -0.132006   -0.0769796    0.0619793   -0.0209545
   0.0364791   -0.0594564   -0.0366238   -0.0100977
    0.100693   -0.0258888   -0.0154326   -0.0310986
  -0.0765522   -0.0802727   -0.0253269  -0.00951315
    0.298748     0.076683    -0.183654     0.127909
  -0.0125531   -0.0351804   -0.0474445   -0.0923002
   -0.115421   -0.0803323    0.0190797   -0.0655516
    0.146757   0.00363579   -0.0165456   -0.0571963
  -0.0321882    0.0128898    -0.088768    0.0161269
  -0.0183031   -0.0509523    -0.083787    0.0114939
    0.179685    0.0224816    -0.084635    0.0858327
   -0.308173   -0.0160392    0.0818419   -0.0711802
   -0.208846    0.0414841  -0.00291845    0.0152029
   -0.011429   -0.0171727    0.0027404   0.00655067
  -0.0138085    0.0376813   -0.0598949    0.0501281
   0.0867436   -0.0850457  -0.00550934   -0.0995795
  -0.0759172    0.0332771    0.0661853   -0.0218342
    0.202137    0.0362204    -0.075195    0.0944663
  0.00372179    0.0598674   0.00528789    0.0336933
   0.0693426   -0.0175278    0.0301762    0.0583156
     0.20227   -0.0260402   -0.0114574     0.117476
  -0.0928332     0.101176   -0.0577984    0.0456027
    0.164815    0.0209364   -0.0317122    0.0348906
    0.143118  -0.00764762     0.026343   -0.0262484
  -0.0740287   -0.0537656   0.00193114   -0.0823114
   -0.117745   -0.0349602    0.0659241   -0.0999514
   -0.176827   -0.0928057    0.0488177    -0.047379
   0.0551737    0.0494246  -0.00947208    0.0582231
    0.293821     0.087491   -0.0492224     0.123472
    0.120574    -0.131736   -0.0517802  -0.00348628
   0.0480275     0.018372    -0.057012   -0.0357682
   -0.139848    0.0309529    0.0322556   -0.0678595
 -0.00281047   -0.0487298    0.0638036    0.0408195
   0.0690763     0.141506   -0.0301717    0.0983014
    0.032438    0.0880519    0.0329582     0.094815
   -0.140489   0.00807816    -0.106348  -0.00474786
   0.0167081  -0.00129334   0.00908566    0.0304604
   0.0843093   -0.0891786   -0.0374084   -0.0549473
    -0.31016   -0.0231139    0.0594502   -0.0392751
   0.0944284   -0.0161971    0.0589046   -0.0607357
    0.129576   -0.0631101     -0.03251    0.0712223
   0.0413605    0.0438235   -0.0210729    0.0165655
   -0.017109    0.0481449   -0.0420012    0.0376601
    0.108203    0.0039561  -0.00309829    0.0641835
   0.0141546   -0.0129992    -0.010598   -0.0708301
  -0.0231396    0.0404832    0.0313894    -0.025948
     0.11492    0.0202466    0.0290357   -0.0128596
   -0.140493     0.056549  -0.00357423   -0.0116846
   -0.112271   -0.0428761     0.042108    0.0490252
  -0.0323125    0.0216058    0.0184205    0.0578365
    0.103132    0.0333413    -0.100627    0.0206955
    0.196594    0.0677659   -0.0315608     0.158567
  -0.0452431   0.00948286    0.0167636   -0.0122089
    0.331167     0.141682   -0.0969063     0.183031
    0.191312    0.0573798   -0.0609413     0.157022
  -0.0954608    0.0488985    0.0224694   -0.0714836
   0.0850801   0.00869383    -0.032091    0.0488564
    0.205077    0.0257923    0.0286986    0.0224881
  -0.0683646   -0.0207363   -0.0527275    -0.007426
   0.0848086   -0.0235334   -0.0563929    0.0163787
  -0.0441438  -0.00491113    0.0168542   -0.0636579
  -0.0179811    0.0718214   -0.0165972    0.0559818
  -0.0630604   -0.0623935    0.0658809    0.0100628
   -0.155885    0.0308793    0.0739014   -0.0851881
   -0.127793   0.00528265    0.0214002   -0.0491635
  -0.0113513   -0.0897629  -0.00937874   -0.0019273
    0.187374    0.0718822   -0.0545171    0.0957072
   -0.137261    -0.076762  -0.00731618   -0.0194639
   -0.123597   -0.0963236   -0.0372995    -0.104333
    -0.10344    0.0697045    0.0938848    0.0557054
   0.0910501   -0.0256977    0.0766138     0.011857
  -0.0983791    -0.054793     0.024442   -0.0165185
  0.00335371    0.0025602  -0.00444232   -0.0502005
   -0.196281   -0.0710863    0.0739948    -0.124408
   -0.100892    0.0249288   -0.0159367    0.0014777
   -0.220851    -0.112552      0.15617    -0.148075
   -0.267671    0.0458976    0.0935081   -0.0571584
 -0.00344476   -0.0576777   -0.0939736    0.0568854
    0.317729     0.117734   -0.0657591    0.0917584
   0.0270833    0.0375985   -0.0427926   0.00541028
    0.113887     0.066091   -0.0666281     0.102889
   -0.188347   -0.0437608    0.0780231   -0.0686556
  -0.0487172   -0.0733915   -0.0193796      -0.1015
    0.181419     0.104704    -0.113976    0.0683858
   0.0788425    0.0185903    -0.115346     0.139564
   -0.186361    0.0493075   -0.0266404    0.0480111
   -0.126303    0.0362004    0.0358203    0.0346107
    0.131468   0.00883285    -0.055102    0.0177807
    0.133401    0.0508305    -0.104637    0.0430704
   -0.095429    -0.064072    0.0039129   -0.0402309
  -0.0307494  -0.00574546   -0.0238356   -0.0765694
   -0.508743   -0.0865679     0.135473   -0.0617923
   -0.096396   -0.0464607  -0.00829793    0.0116484
   -0.089342    0.0255305   0.00187057    0.0431066
   -0.450829   -0.0535533     0.103674  -0.00142961
    0.225912    0.0932093    -0.118138     0.143869
   -0.141747    0.0702388    0.0594614    0.0358605
  -0.0691892    0.0806508    0.0571197    0.0202397
   -0.165848   -0.0476554    0.0122503   -0.0157947
  -0.0331792    0.0575374    0.0518297    0.0213147
  -0.0133653    0.0128638  -0.00371217   -0.0379943
   0.0788427    0.0705069    -0.064107    0.0582903
  -0.0701686   -0.0252224   -0.0345134    0.0171766
   -0.121505   -0.0475936  -0.00874186   -0.0606191
    0.218067    -0.050169   -0.0534005    0.0822118
  -0.0513954    0.0414016    0.0533876    0.0685374
   0.0423013    0.0233586   -0.0955364    0.0909079
   -0.100965    0.0208288    0.0172025   -0.0710484
   -0.024699    0.0223538    0.0786187   -0.0490055
    0.224752    0.0193998   -0.0357375   0.00418804
   -0.100682    0.0242293     0.046252   -0.0151111
   -0.023281   -0.0986418   -0.0451389   -0.0706026
  -0.0389755  -0.00371218     0.081401    -0.033872
  -0.0894521   -0.0498074   -0.0576611   0.00242815
   -0.334978   -0.0262809    0.0597586   -0.0842858
    0.095289    0.0595626   -0.0183347    0.0694906
   -0.267978   -0.0765566     0.097226   -0.0904949
  -0.0456698   -0.0441777    0.0166832   -0.0428085
    0.123403    -0.020947   -0.0711713     0.096242
   0.0908845    0.0225032   -0.0132095    0.0402575
    0.105683   -0.0395446    -0.103558    0.0441153
   -0.167825   -0.0243323    0.0265902    -0.016659
  -0.0210751    0.0542317   -0.0447325   -0.0123431
   0.0973029    0.0286313   -0.0190051     0.141826
    0.197523    0.0445783   -0.0754167    0.0520512
   0.0316433   -0.0442644   -0.0200523   -0.0393788
    0.139654 -0.000193809  -0.00780459    0.0710964
   0.0908703    0.0335346    0.0129571     0.049996
   -0.198964    -0.105412    0.0819352   -0.0361304
    0.320866    0.0208288    -0.117526    0.0236382
   -0.211825    0.0133523    0.0914231   -0.0972432
    0.118171    -0.118648   -0.0687294   -0.0545787
   0.0194555    0.0233945  -0.00538059   -0.0413444
    0.151122   -0.0455164   -0.0354889    0.0486529
   0.0258975    0.0248736  -0.00655638    0.0709606
  0.00100376   -0.0362126   -0.0289255   -0.0348126
   0.0285185   -0.0299547   -0.0672656    0.0605588
    0.136236    0.0664758   -0.0637951     0.028646
  -0.0538324   -0.0694475   -0.0179905    0.0147135
   -0.367522    0.0314837     0.138387    0.0116772
    0.119201   -0.0293787    0.0188315    0.0363174
  -0.0451841   0.00855684   -0.0298564    0.0276417
   0.0537771   -0.0229586   -0.0663735    0.0426185
  -0.0234317   -0.0424054    0.0526473    0.0113282
   -0.227608    -0.102388     0.102344    -0.112363
    0.107207     0.106564    -0.105293     0.251713
    0.147053    0.0656799   -0.0514137    0.0266972
    0.256431    0.0390959    -0.110289      0.11899
   0.0277046     0.114157   -0.0454136     0.130655
   0.0992749 -0.000120744    0.0400478   0.00529885
  -0.0163576   0.00944074    0.0370137   -0.0438182
   -0.109981   -0.0500071   -0.0528794    0.0275035
   -0.201185   -0.0682881      0.09741    -0.127315
  -0.0136454    0.0306667   -0.0199551    0.0712868
  -0.0890815   -0.0154907    0.0311079  -0.00278321
   -0.110491    -0.064355    0.0725254  -0.00425217
   -0.125126    0.0464602    0.0965996   -0.0955368
    0.254667    0.0472824   -0.0487606   0.00234747
    0.055217    0.0204239    0.0258683   -0.0334374
   0.0949133   -0.0125482    0.0405831   -0.0189294
  -0.0863724   -0.0430033    0.0815935    -0.061509
  -0.0206206    0.0350207     0.012015    0.0107193
    0.133743   -0.0208582    0.0246434      0.02405
    0.306762    0.0174075   -0.0899966     0.109461
   -0.188438   0.00607702   -0.0339727   -0.0647982
   -0.112556    0.0235445    0.0290511   -0.0957952
   0.0342669   -0.0473678   -0.0606402    0.0841137
   0.0230734    0.0983209    -0.074809     0.125339
   0.0570543    0.0365255   -0.0306228     0.144687
     -0.1018   -0.0186774    0.0471256   -0.0131254
  -0.0842236    0.0123657     -0.03347   -0.0162682
  -0.0982227    0.0401712    0.0306686   0.00900469
   -0.100332   -0.0207482   -0.0322192   -0.0225651
   -0.113866   -0.0370087   -0.0448386   0.00793597
   0.0228877   -0.0863073   -0.0784818   -0.0301284
   -0.139383   -0.0775425    0.0945639   -0.0764752
  -0.0560082   -0.0530954    0.0674171   -0.0278209
  -0.0998729   -0.0753673    0.0552087   -0.0242101
  -0.0442401    0.0314082    0.0646326   -0.0239547
   -0.226142    0.0381029    0.0600416   -0.0134372
    0.079642   -0.0729588  -0.00356523   -0.0431762
   -0.123895    -0.101197    0.0305319   -0.0716508
   -0.119083    -0.114713    0.0911075    -0.148369
  -0.0541407   -0.0474689    -0.026195    -0.059298
  -0.0538076     0.057063    0.0738807  -0.00560241
  -0.0678666    0.0142707    0.0359771    0.0170112
  -0.0691838   -0.0207054    0.0660119   -0.0392567
  -0.0167433    0.0763938    0.0428048    0.0428756
   -0.036858    0.0101407   -0.0884413    0.0766006
   -0.170524    0.0274524     0.066644    0.0507004
   0.0710607    -0.041782   -0.0307476    0.0926762
   0.0548787    0.0770564   -0.0181704    0.0622412
  -0.0886122   -0.0135035   -0.0197781    0.0272764
  -0.0982454   -0.0165192   -0.0043384   -0.0232507
   0.0455747    0.0593778    0.0496689    -0.061381
   0.0607347   -0.0325964   -0.0474226     0.074176
   -0.241384   0.00243212     0.133921    -0.121885
  0.00437672   -0.0444745   -0.0167008    0.0591421
    0.191848    0.0202028   -0.0337218     0.101248
  -0.0254318   -0.0353316   -0.0271742   -0.0100615
    0.107925   -0.0123412   -0.0314256   -0.0815347
   0.0585548   0.00256295   -0.0681758    0.0846953
    0.063741     0.032987    0.0359304    0.0230658
    0.420418     0.119589    -0.178527     0.129352
   0.0549315   -0.0509921    0.0165821   -0.0628897
    0.118903    0.0508435   0.00229918    0.0698791
  -0.0901555   -0.0873007     0.141351  -0.00984696
  -0.0987174    -0.015964   -0.0231972   -0.0131768
   -0.164402  -0.00958836    0.0574881    -0.111043
   0.0731872    0.0206985   -0.0106465    0.0155026
   -0.117491   -0.0570864   -0.0955055   -0.0702085
    0.101863    0.0136248    0.0119757    0.0325289
   -0.153801    0.0279836    0.0815225   -0.0878754
 -0.00114661    0.0538151    0.0391168    0.0627156
     0.22219    0.0319865    -0.119762    0.0463914
   0.0555602    0.0686093   -0.0114523    0.0584088
  0.00713052   -0.0460416  -0.00439127   -0.0558057
  -0.0242634    0.0526509   -0.0677679    0.0336015
  -0.0660707    0.0110623    0.0626951   -0.0403128
  -0.0563899   -0.0334977    0.0220294   -0.0156788
   -0.259777  -0.00343936     0.087496   -0.0374051
  -0.0261883    0.0126731   -0.0210732   -0.0745806
   -0.164259   -0.0324837  -0.00920487   -0.0679766
    0.163439    0.0971131   -0.0340236    0.0790897
    0.149443    0.0338317   -0.0643165     0.134639
    0.192561    0.0618238    -0.121311      0.11018
   0.0336051     0.033556    -0.101532    0.0748083
  -0.0914782    -0.112957   0.00212107    -0.159424
   -0.028972    0.0429745    0.0286534   -0.0384415
   0.0918043   0.00920957   -0.0419453    0.0758551
   0.0890473   0.00991372   -0.0163484   0.00237549
  -0.0754126   -0.0168046    0.0155482   -0.0297801
   0.0734388    0.0901075    -0.095939    0.0779519
  -0.0301683   -0.0760036   -0.0981145    0.0903553
   0.0962456   -0.0765656   -0.0216435     0.026554
   0.0321883   -0.0330171   -0.0207494    0.0868953
   0.0608386    0.0251928   0.00349208    0.0542133
   0.0676052   -0.0219794   -0.0727947    0.0830642
     0.10207     0.100487   -0.0970103    0.0921402
    0.453265   -0.0134563    -0.189956     0.142592
    0.131768     0.059433   -0.0596605    0.0640316
  -0.0972925   -0.0942828  -0.00698038   -0.0423404
   0.0212042   -0.0429386   0.00211112     0.111538
    0.076174   0.00903868   -0.0452639    0.0632013
    0.100088   -0.0284795   -0.0508959    -0.152408
    0.238544    0.0422188    -0.128096     0.161464
    0.233368    0.0267076   -0.0251017     0.125434
  -0.0890422    -0.103461   -0.0170874   -0.0286309
   -0.211185   -0.0106079  -0.00433517    0.0473644
    0.155022   -0.0800946   -0.0239172   -0.0745456
  -0.0281458    0.0268404    0.0464786   -0.0120704
    0.117093    0.0915051  -0.00810254    0.0564422
   0.0662656     0.136142     -0.06319     0.163154
   -0.157241   -0.0597912   -0.0247685   0.00549935
   -0.124672    0.0155142    0.0621634   -0.0458981
    0.269645    0.0667627   -0.0930009    0.0836469
   -0.133199   -0.0195251   -0.0318989    0.0296471
    -0.01363   -0.0402464    0.0519537    0.0264019
   0.0713657   -0.0752923   -0.0324653   -0.0853032
   -0.459631    -0.049524    0.0990916   -0.0318159
   -0.210022   -0.0363015    0.0471082   -0.0755227
   0.0754529    0.0511383   -0.0439436    0.0982747
  -0.0347186   -0.0481591    0.0194283   -0.0328431
    0.103553   -0.0135802   -0.0161741   -0.0338502
    0.208217     0.172376   -0.0670218     0.216517
   0.0240152    0.0367323   -0.0730634     0.166214
   -0.342168   -0.0750318    0.0822212   -0.0585861
  -0.0685037   -0.0192009  -0.00312834   -0.0397527
   0.0780385   -0.0219454    0.0414862   -0.0347906
    0.141816     0.033621   -0.0432938    0.0722371
   0.0394601     0.070031   -0.0246861    0.0659473
  -0.0375742     0.019908   -0.0377349    0.0806021
   0.0648537    0.0560059  -0.00873808   -0.0186069
    0.165914    0.0225103   -0.0676118    0.0941871
   -0.111693   -0.0276171    0.0288964   -0.0762209
  -0.0506168   -0.0217502   -0.0160599   -0.0466719
  -0.0855725   -0.0280537    0.0152864   -0.0534989
   0.0632484     0.122234   -0.0798221    0.0251437
   -0.185001    0.0297504   -0.0197811   0.00807327
   0.0522781   -0.0398396   -0.0192365   0.00591083
  -0.0182756   -0.0733193    0.0321174   -0.0553768
    0.205579    0.0238905    -0.016321     0.110171
    0.072039   -0.0154809   -0.0234908   -0.0264465
   -0.131995   -0.0673712  -0.00704978    0.0357057
    0.125659   -0.0122431    0.0415921   -0.0435673
  -0.0456707     -0.05049    0.0590832    0.0545311
   0.0429873   -0.0317776   -0.0280114    0.0894117
  0.00317129   -0.0678463   -0.0140782    -0.105025
   -0.155345    -0.044657    0.0780887   -0.0151265
    0.220546    0.0912707    -0.115645     0.127309
  -0.0107699   -0.0381657   0.00473076   -0.0895462
    0.321876     0.105485     -0.12366     0.170313
    0.177272   0.00599627  -0.00717354    0.0278379
    0.168484    0.0352136    -0.130806    0.0669589
 -0.00412391   -0.0498133    0.0280353    0.0858887
     0.13587   0.00345729   -0.0117083     0.109803
   -0.014938   -0.0336843  -0.00714386    0.0196759
   0.0431915     0.115507   -0.0576258      0.12285
   0.0291481    -0.075715    0.0833594    -0.183926
    0.170182    0.0223938   -0.0556284    0.0876081
    0.169689    0.0232453  -0.00978505    0.0106619
   0.0223342    0.0174445   -0.0462329     0.102853
  -0.0370065    0.0272946  0.000143561    -0.048622
   0.0118105   -0.0376424  -0.00672949    -0.034513
   0.0529114   -0.0217426    0.0194363   -0.0680799
  -0.0939548   -0.0241176    0.0443946   -0.0247335
    -0.15087    -0.137885     0.122815   -0.0802023
   -0.178076   -0.0411733    0.0321536    -0.130622
    0.297681    0.0502049   -0.0086059     0.132149
    0.152975    0.0652049   -0.0166284    0.0603257
   0.0450547    0.0264181 -0.000698989   0.00537493
   -0.126301  -0.00834901    0.0298321    0.0240261
    0.178851   0.00467043   -0.0364142    0.0460131
   0.0250751   -0.0790344    0.0446729    0.0323154
   0.0185509    0.0307753   0.00292994     0.076794
   -0.131633    0.0878933    0.0854964   -0.0100921
    0.139795   -0.0329306   0.00633965    0.0353953
   -0.145665    0.0562168   -0.0787638    0.0855612
     0.15299   -0.0262544   0.00872039    0.0325459
   -0.104983    0.0446532    -0.022458    0.0857084
    0.168562 -0.000273836   -0.0667897     0.113242
  -0.0399948    0.0270596   0.00622083    0.0359097
   0.0314011   -0.0487243     -0.10277   -0.0438236
   0.0688218    0.0277906   -0.0441706     0.112169
   0.0900396    -0.031783    -0.106865    0.0471974
  -0.0770232   -0.0170339     0.109142     -0.13484
   0.0682033    0.0153181   -0.0984943    0.0379126
      0.2291   0.00455086   -0.0302632    0.0626496
    0.115237    0.0568061    -0.108503     0.137716
    0.146152   -0.0659377  -0.00755852    0.0509309
     -0.1225    0.0359257   -0.0150116   -0.0424789
 -0.00449621   -0.0570338    0.0471321   -0.0584155
   -0.233163   -0.0827723    0.0463482    -0.126072
   -0.148476   -0.0693028     0.114556    -0.143076
   0.0576272      0.04275   -0.0193544    0.0331304
    0.209393     0.117859   0.00614934    0.0928682
   -0.073561   -0.0712515    0.0240447    0.0151242
   -0.121258   -0.0298468    0.0208259    -0.106511
    0.289369   0.00636234    -0.128666     0.046277
   -0.008075  -0.00693948  -0.00440619  -0.00894553
  -0.0584873    0.0174782   -0.0571901    0.0860291
  -0.0672571   -0.0358076    0.0792112   -0.0610471
   -0.192915    -0.097094     0.131469    -0.103051
    0.208332    0.0390378    -0.195066     0.178887
  -0.0470948   -0.0105542    0.0408871   -0.0382864
    0.159266    0.0155188    0.0055407   -0.0637755
     -0.1084   -0.0225404    0.0719754   -0.0487312
   -0.238457     0.081408    0.0102296     0.103365
    0.214194    0.0610869   0.00722727     0.102748
   0.0926612    0.0371469   0.00303177     0.101023
   -0.161678   -0.0370194   -0.0249804   -0.0643774
   0.0759353    0.0203431   -0.0234856  -0.00277287
  -0.0373801   -0.0855082   -0.0354468   -0.0405172
  0.00888682   -0.0141828   -0.0377126     -0.10832
  -0.0826361   -0.0856647   -0.0212901   -0.0180403
  -0.0291161  -0.00963662   -0.0253699    0.0775911
  -0.0784422   -0.0160726    -0.053564   -0.0518839
   -0.146047    0.0438171    0.0401274     -0.01794
  -0.0343438   -0.0479429  -0.00224302    -0.116197
     0.13863   0.00629939   -0.0888425    0.0293275
   0.0187688    -0.081847    0.0398432   -0.0151548
   0.0644944   -0.0522469   0.00576859   -0.0340383
   -0.173342   -0.0147588   -0.0107557    -0.062312
   -0.147283    -0.105182    0.0946463    -0.134762
   -0.102564   0.00998268   0.00759218   -0.0115565
   -0.186143    -0.107848    0.0546351   -0.0222605
   0.0232342   -0.0769825    0.0307829   -0.0218038