 -0.319632
 -0.711856
 -0.932403
 -0.605499
 -0.352426
 -0.311108
 -0.277172
 -0.310791
  0.015853
 -0.259711
 -0.542392
 -0.331508
 -0.543755
 -0.332669
 -0.351076
 -0.200746
 -0.689746
 -0.444983
 -0.211113
 -0.477269
 -0.779534
 -0.246343
 -0.315654
 -0.603147
 -0.318652
  -0.47341
 -0.305841
  -0.30229
 -0.303043
  -0.28886
 -0.167258
 -0.700169
 -0.601818
 -0.662178
 -0.215773
 -0.213853
 -0.133489
 -0.263582
   -0.6068
 -0.619907
 -0.398068
 -0.769851
 -0.491998
 -0.242634
 -0.535557
 -0.286164
 -0.380331
 -0.302352
 -0.332876
 -0.306441
 -0.357186
 -0.750501
 -0.415081
 -0.420561
 -0.209979
 -0.208977
 -0.273844
  -0.41848
 -0.440797
 -0.481571
 -0.707277
 -0.264368
 -0.423362
 -0.516652
 -0.459801
  -0.27953
 -0.459864
 -0.290271
 -0.269581
 -0.229079
 -0.350295
 -0.525314
 -0.287082
 -0.328497
 -0.731882
 -0.071004
-0.0540963
 -0.529932
 -0.346026
 -0.335339
  -0.19983
 -0.286384
 -0.135496
 -0.478342
 -0.123802
 -0.365998
 -0.406356
 -0.217573
 -0.285086
 -0.304558
 -0.152342
 -0.346461
 -0.710184
   -0.2235
 -0.385762
 -0.175066
    -0.257
 -0.141291
 -0.572182
 -0.308385
 -0.551893
-0.0793347
 -0.318747
 -0.377967
 -0.367634
 -0.292396
  -0.42426
 -0.275914
  -0.10007
 -0.654148
 -0.526664
 -0.415328
 -0.397868
 -0.455825
 -0.732406
 -0.330308
 -0.576237
 -0.343211
-0.0624153
 -0.270442
 -0.294839
 -0.853642
 -0.315148
 -0.287979
 -0.289134
  -0.34824
  -0.61741
 -0.630255
 -0.665959
 -0.420922
 -0.297095
 -0.300439
 -0.607193
 -0.220829
 -0.419187
 -0.493968
 -0.541534
 -0.130566
 -0.190168
 -0.299519
 -0.516035
 -0.500919
 -0.247522
 -0.379115
  -0.21648
 -0.241531
 -0.354465
 -0.475708
 -0.421292
 -0.608029
 -0.117108
  -0.54345
 -0.297015
 -0.287974
 -0.415515
  -0.83253
 -0.690662
  -0.39223
  -0.52342
  -0.34464
 -0.277623
 -0.773631
  -0.56277
 -0.266685
 -0.146907
 -0.260487
 -0.326633
 -0.219826
 -0.514291
  -0.67103
 -0.257038
   -0.6886
 -0.174171
 -0.279696
 -0.709681
 -0.371828
 -0.243615
 -0.326125
 -0.211186
 -0.271475
   -0.3806
 -0.278032
 -0.286947
 -0.187206
  -0.39003
  -1.00955
 -0.608375
 -0.204417
 -0.572256
 0.0441025
  -0.44519
 -0.420889
 -0.652161
 -0.506259
 -0.294516
 -0.542192
 -0.178386
 -0.608563
 -0.384875
 -0.293935
 -0.483484
 -0.543883
 -0.145251
 -0.494905
 -0.373738
 -0.391459
  -0.52945
 -0.360952
 -0.298644
 -0.191478
-0.0919119
 -0.234787
 -0.266098
  -0.41548
 -0.193864
 -0.573993
 -0.311301
 -0.211178
 -0.472388
 -0.528876
 -0.209799
  -0.27338
 -0.519171
 -0.353368
 -0.387968
 -0.240757
 -0.228089
 -0.291879
 -0.468037
 -0.319102
 -0.249802
 -0.781601
  -0.27497
 -0.287311
 -0.263413
  -0.52477
 -0.589355
 -0.367914
 -0.299209
 -0.488368
 -0.777949
 -0.294775
   -0.6033
 -0.340897
 -0.380755
 -0.221196
 -0.256908
 -0.426926
 -0.328573
 -0.261488
 -0.637515
 -0.173129
 -0.117264
 -0.430999
 -0.730557
  -0.34985
 -0.379309
 -0.332778
 -0.230915
 -0.504457
 -0.345778
  -0.33566
 -0.174776
 -0.301308
 -0.493615
 -0.375864
 -0.390495
 -0.286919
 -0.406468
 -0.375004
 -0.431512
 -0.427232
 -0.516788
 -0.282903
 -0.220181
 -0.278951
-0.0196493
 -0.668294
 -0.275396
 -0.299322
 -0.220012
 -0.370853
 -0.467022
 -0.567346
 -0.513445
 -0.366552
 -0.430816
 -0.707974
  -0.31477
  -1.04237
  -1.41005
 -0.594596
 -0.442216
 -0.309995
 -0.201435
 -0.365002
 -0.507657
 -0.461049
    -0.436
 -0.226693
  -0.22182
 -0.450667
 -0.465389
 -0.887115
  -0.46248
 -0.278072
 -0.376251
 -0.559747
 -0.334084
 -0.234166
 -0.177608
 -0.540852
 -0.232013
  -0.53048
  -0.72341
 -0.466113
 -0.304417
 -0.515013
 -0.233935
 -0.364606
  -0.31063
 -0.177481
  -0.24956
 -0.497762
 -0.371775
 -0.153701
 -0.630086
 -0.127551
-0.0238348
 -0.230003
 -0.306581
 -0.271256
-0.0933644
 -0.245772
 -0.318618
 -0.519472
 -0.189148
 -0.309372
 -0.182753
 -0.227647
 -0.582864
 -0.244753
    -0.339
 -0.246847
 -0.176067
 -0.178304
   -0.5825
 -0.649477
 -0.651447
 -0.373406
 -0.402396
 -0.239664
 -0.377389
 -0.305108
 -0.469286
 -0.385514
 -0.250651
 -0.167062
 -0.434311
 -0.581265
 -0.223921
  -0.28627
 -0.417399
 -0.296455
 -0.201027
 -0.368846
 -0.351257
 -0.313622
    -0.232
 -0.588891
 -0.344027
 -0.308647
 -0.342769
 -0.353242
 -0.349494
  -0.11045
 -0.139931
 -0.104392
 -0.444068
 -0.377256
 -0.389987
 -0.436214
 -0.349037
   -0.4482
 -0.578026
 -0.236138
 -0.327814
 -0.441974
 -0.363239
  -0.34534
 -0.263818
 -0.389117
 -0.247883
 -0.687839
 -0.307351
 -0.349727
 -0.480056
 -0.501225
 -0.455054
 -0.115015
 -0.163917
 -0.252402
 -0.449379
 -0.345761
 -0.669183
 -0.355132
  -0.24593
 -0.664597
 -0.560036
 -0.548838
 -0.479278
 -0.704328
 -0.272418
 -0.441075
 -0.254305
 -0.307219
 -0.272209
 -0.154845
  -0.29422
 -0.311446
 -0.612902
 -0.557045
 -0.280032
 -0.403178
 -0.267322
 -0.291741
 -0.368823
 -0.275925
 -0.576967
 -0.537429
 -0.363344
 -0.495392
 -0.342102
 -0.510597
 -0.257605
 -0.319767
 -0.244428
 -0.654046
 -0.308396
  -0.27514
 -0.302437
 -0.484573
 -0.228025
 -0.425979
 -0.192282
 -0.718721
 -0.110082
 -0.425585
 -0.350102
 -0.381926
 -0.534199
 -0.472435
 -0.376164
 -0.424427
 -0.404378
 -0.370676
-0.0166486
 -0.753046
 -0.403687
 -0.484237
 -0.585605
 -0.534727
 -0.409119
 -0.620464
 -0.525667
 -0.178429
 -0.250287
  -0.31398
 -0.269212
 -0.279721
  -0.42804
  0.123841
 -0.351536
 -0.243415
  -0.85951
 -0.169823
 -0.452969
 -0.223426
 -0.319271
 -0.611294
 -0.531737
 -0.159866
 -0.136657
 -0.372079
 -0.156525
 -0.591789
 -0.326976
 -0.608752
 -0.429547
 -0.152221
 -0.474627
 -0.352007
 -0.270852
 -0.169764
 -0.150888
 -0.382865
 -0.239681
 -0.199075
 -0.355502
 -0.515682
 -0.409953
 -0.478378
 -0.599334
 -0.372428
 -0.340856
 -0.492885
 -0.572919
 -0.469323
 -0.437505
 -0.281279
  -0.23966
 -0.455492