   0.0426366
  -0.0398965
    0.198569
   0.0656949
  -0.0173442
  -0.0677196
  -0.0271768
    0.143553
   -0.126419
 -0.00787208
   -0.125039
  -0.0386076
  -0.0235827
   0.0455532
  -0.0919367
   0.0256633
   0.0131979
   0.0413387
  -0.0140395
   0.0997877
  -0.0446858
 -0.00561572
   0.0974293
  -0.0373009
 -0.00451469
  -0.0247712
  -0.0371374
  -0.0126456
    0.116255
     0.15574
  -0.0522975
   0.0338427
   0.0286331
   0.0265868
   0.0217505
  -0.0203924
    0.110921
    0.020519
  0.00766349
   0.0282287
 0.000149146
  -0.0471419
    0.122127
  0.00907463
  -0.0894861
    0.073027
   0.0438775
 -0.00655104
 -0.00416411
  -0.0254103
  -0.0902893
 -0.00722802
   -0.120036
   0.0946934
   0.0487697
  -0.0712744
    0.013112
  -0.0169573
  -0.0646095
   -0.052674
  -0.0422703
   0.0105531
  -0.0220602
   0.0167566
  -0.0562885
   0.0212074
  -0.0853629
  -0.0281505
     0.10386
   0.0213467
   0.0825831
    0.083603
  -0.0885212
    0.120425
  -0.0853295
   -0.187897
  -0.0390709
  -0.0191583
  -0.0577551
  -0.0462348
   0.0145502
   -0.120698
  -0.0296137
  -0.0387496
   -0.040253
    0.047999
   -0.116551
  0.00901583
  -0.0744152
   0.0321946
   0.0401186
   0.0294233
   0.0217354
 -0.00449672
  -0.0562112
   0.0493684
   0.0317127
  -0.0344155
  -0.0805862
   0.0627395
    0.196319
-0.000537152
  0.00770975
  -0.0528704
   0.0790524
    0.019091
   0.0527712
    0.031107
  -0.0641158
  -0.0310695
    0.117297
   0.0647242
    0.169735
  -0.0201744
  0.00380167
   -0.052971
 -0.00824832
  -0.0355217
  -0.0137697
   0.0689479
    -0.11277
   -0.141642
    0.049291
   0.0300299
   0.0684071
  -0.0867436
    0.177431
  -0.0389983
   0.0231998
   0.0263098
  -0.0406863
  -0.0297505
    0.159953
   0.0150322
  -0.0633097
   0.0608763
    0.073582
   0.0376554
  -0.0848418
   0.0456178
    -0.12193
  -0.0126551
   0.0552435
  -0.0167205
  -0.0720428
    -0.11682
    0.128394
  0.00688033
    0.107783
  -0.0586492
  -0.0510199
  -0.0410646
  0.00215413
 -0.00766836
 0.000101436
   -0.229873
   0.0527879
   -0.175514
   -0.066086
  -0.0705606
   0.0552588
    0.138955
   -0.152419
   0.0790066
    0.152974
  -0.0123268
    0.125768
    0.112422
   0.0467869
   -0.118426
   -0.021042
   -0.102154
  -0.0936988
  -0.0442941
   0.0810319
  -0.0452122
   -0.168156
   -0.112898
  -0.0363876
  -0.0670436
   0.0308013
  -0.0212573
   0.0784328
   -0.101016
  -0.0462493
   0.0683032
  -0.0296362
   0.0539001
   0.0640786
   0.0733494
  -0.0633342
  -0.0287119
  0.00381569
   -0.096505
 -0.00577723
    0.090721
   -0.100153
  -0.0705095
   0.0824874
   -0.108901
  -0.0331595
  -0.0912373
   -0.117889
    0.016867
   0.0509303
    0.094211
  -0.0156842
   -0.139789
   -0.031303
   0.0681654
  0.00733526
   0.0381917
  -0.0364064
  -0.0154458
   0.0264491
   0.0571375
  -0.0617856
   -0.122941
   0.0245001
   -0.058247
  -0.0523548
  -0.0585775
  -0.0411186
  0.00626216
  -0.0221065
  -0.0604657
    0.114519
  -0.0684941
    0.038694
  -0.0237549
 -0.00754554
    -0.08355
  -0.0575374
   0.0153809
    0.012944
  -0.0239584
    0.018107
  -0.0977247
  -0.0120276
    0.077896
  -0.0250899
  -0.0305508
  -0.0495614
   -0.149413
 -0.00324168
   -0.132664
   0.0293303
   -0.092395
  -0.0757259
   -0.065626
    0.114945
  -0.0148259
  -0.0692829
  0.00845299
   0.0240547
  -0.0262337
   0.0403231
   0.0701333
   0.0652165
   0.0234518
  -0.0719109
  -0.0661666
  -0.0272874
  -0.0102872
   0.0217211
  -0.0424236
  0.00370383
    0.123791
  -0.0208298
  -0.0702764
   -0.116403
    0.146125
  -0.0540645
  -0.0163485
   -0.184445
   0.0423745
   0.0177581
   0.0840593
  -0.0623431
  -0.0844878
    0.121775
    0.100965
   0.0300315
   0.0111122
  -0.0389914
   -0.113158
  -0.0501934
   -0.118276
  -0.0601974
  -0.0893422
     0.13207
   0.0869673
    0.023294
  -0.0446635
  -0.0025725
   -0.120915
 -0.00710447
  -0.0472107
   -0.115248
 -0.00895057
  -0.0411012
  -0.0436707
   0.0407542
   0.0230475
  -0.0269435
  -0.0463041
   0.0718742
  -0.0392682
   0.0574912
   0.0326222
   -0.143383
   0.0794257
   0.0366386
   -0.096526
    0.159094
  0.00314116
  -0.0562882
  -0.0044779
   0.0212015
  -0.0448327
   -0.109576
  -0.0349197
   0.0652514
   0.0404111
   0.0228283
   0.0094257
  -0.0304205
    0.202172
   0.0172036
   0.0492317
   0.0443417
  -0.0558279
 -0.00680753
  0.00341277
   0.0715119
  -0.0393072
   0.0202859
    0.098205
  0.00247559
   -0.100785
   0.0140747
  -0.0814574
   -0.158108
   0.0332196
  -0.0144979
  -0.0860254
   -0.102332
    0.112265
  -0.0833912
  0.00317354
  -0.0585399
  0.00654841
   -0.052247
   -0.155696
  -0.0598097
  -0.0189287
   0.0734003
    0.150095
   0.0647975
    0.136582
-0.000818806
 -0.00634888
  -0.0942834
   0.0861511
  -0.0472501
  -0.0684728
  0.00779004
  -0.0836641
  -0.0372932
    0.148862
   0.0069929
   -0.014147
   0.0111696
  -0.0693227
   0.0566714
  -0.0271997
  -0.0211959
  -0.0103573
   0.0671579
    0.049412
   0.0400633
    0.127619
   0.0160747
   -0.029622
  0.00931699
   0.0457639
   0.0672536
    0.110954
  -0.0926147
   0.0450277
  -0.0136391
  0.00400072
  -0.0355066
   0.0160199
  -0.0427657
 -0.00548051
  -0.0862525
     0.14388
   -0.132081
   0.0556529
   0.0942224
  -0.0440353
  -0.0557272
  -0.0776892
   0.0160044
  -0.0407323
   0.0649648
  -0.0307727
  -0.0462452
  0.00326247
  -0.0288169
   0.0376442
   -0.041426
    0.109706
  -0.0703732
    0.119322
   0.0205791
   0.0533269
  -0.0438518
   0.0570501
   0.0357578
  -0.0866183
   0.0616088
  -0.0848584
    0.122256
  -0.0398385
  -0.0827486
    0.100329
   0.0169583
  0.00105038
  -0.0261147
   0.0891165
  -0.0175096
  -0.0497453
   0.0986791
  -0.0116522
   0.0762308
   0.0689867
  -0.0701209
  -0.0190901
   -0.012538
   0.0979282
    0.136063
  -0.0424032
 -0.00915194
   0.0376542
  -0.0884473
    0.078934
  -0.0479207
  -0.0587827
  -0.0951264
    0.101996
 -0.00922899
   -0.124917
   0.0086317
    0.242402
    -0.13619
    0.143318
  -0.0283263
  -0.0419934
  -0.0441981
  -0.0502891
  -0.0871096
  -0.0448845
   0.0500106
  -0.0213697
  -0.0430723
   0.0203362
   -0.192266
   0.0766554
  -0.0153664
   -0.110125
  -0.0753441
  -0.0732832
   0.0546652
  -0.0461775
 -0.00905401
  -0.0398107
   0.0577972
  -0.0616143
   0.0718118
    0.105805
   0.0253518
  -0.0794217
   -0.160507
   -0.103554
   0.0396868
  -0.0638381
    -0.14431
   0.0324674
  -0.0470516
 -0.00503109
 -0.00326284
   -0.158951
   -0.116435
 -0.00885206
   -0.085101
  -0.0248077
  -0.0918755
  -0.0671378
  0.00520104
   0.0523002
   0.0270817
   -0.091701
   0.0920614
   0.0137177
   0.0409711
 -0.00469187
    0.132368
   -0.121517
   0.0302442
  -0.0273177