  -0.0794584
  -0.0448678
  -0.0690187
  -0.0333335
  -0.0483492
  0.00931516
  -0.0797604
   -0.060843
 -0.00112889
   -0.137791
   0.0557236
  -0.0368904
   0.0629552
   0.0883475
  0.00223798
   0.0330204
  -0.0783029
   0.0498261
  -0.0476867
   0.0537464
  -0.0921353
  -0.0652629
  -0.0331801
   0.0539149
 0.000215602
 -0.00498329
  -0.0549407
    0.151913
    0.125297
    0.058301
   0.0700379
  -0.0306248
  -0.0859444
  -0.0345663
  0.00162206
  -0.0402444
    0.111255
   0.0806762
    0.053904
  -0.0637523
    0.107888
  -0.0394642
    0.148238
   0.0422124
  -0.0265909
   0.0341774
  -0.0911955
   0.0197546
    0.109857
  -0.0452351
    0.017514
   0.0528607
  -0.0602125
  -0.0752579
    0.055978
   0.0795509
  -0.0107056
   0.0525984
  -0.0784324
   -0.109541
  -0.0701755
    0.120714
   -0.109316
  -0.0594331
   0.0497322
  -0.0140038
   0.0622698
 -0.00443768
 -0.00843125
 -0.00629966
 -0.00551149
     0.11345
   0.0034157
 -0.00713547
  -0.0846325
  -0.0574357
   0.0602241
  -0.0103595
   0.0354137
   0.0245316
  -0.0361693
   0.0545789
   0.0605505
   0.0711206
 -0.00206393
   0.0304118
   0.0147487
   -0.105269
    0.042296
   0.0549977
   0.0386527
  -0.0743455
    0.014356
  -0.0331943
     0.12611
     0.10426
  -0.0442198
  -0.0160026
   0.0483156
  -0.0112137
  -0.0179523
   -0.128901
   0.0459896
   0.0434109
  -0.0518531
    -0.10699
   0.0324576
   0.0192893
  -0.0253058
    0.160395
   -0.130783
   0.0311948
  -0.0373745
   0.0664912
   -0.114448
 -0.00230254
    0.133359
   0.0219488
    0.061789
   0.0910718
   0.0231075
   -0.154065
   -0.112763
  -0.0391343
   0.0660025
   0.0624366
   0.0676358
   0.0112691
   0.0951658
   -0.107416
   0.0105255
   0.0552562
   -0.140409
   0.0629726
  -0.0617511
  0.00445111
   -0.113744
  -0.0191157
  -0.0358504
  -0.0779902
   0.0885806
    0.131832
   0.0425819
   -0.130099
   0.0276968
    0.128859
 -0.00855427
  -0.0996334
    0.132249
   -0.199161
  0.00669012
   0.0558857
  0.00187577
   -0.024954
  -0.0539437
 0.000186649
    0.083995
  -0.0541809
 0.000490624
   0.0022529
  -0.0731992
  -0.0896156
   0.0884688
    0.206158
   0.0145542
   -0.122211
   0.0254413
   0.0675899
  -0.0410004
     0.17974
    0.103056
  0.00814671
   0.0781518
   0.0438592
    0.161453
    0.105127
   0.0244095
   0.0215903
  -0.0355105
   -0.160149
  -0.0362248
   0.0222936
   0.0683758
  0.00495172
   0.0401013
   0.0732261
    0.116127
  -0.0334827
  -0.0761859
    0.189621
   0.0400102
   0.0925065
  -0.0528949
   -0.076045
  -0.0983376
  -0.0368668
  -0.0382077
  -0.0913547
   0.0437751
    0.126319
   0.0123747
  -0.0313179
   -0.019971
    -0.10308
  -0.0609746
  -0.0690778
 0.000670364
   0.0669186
  -0.0367247
   -0.147539
 -0.00945484
   0.0290017
  -0.0779388
    0.133491
   0.0252308
  0.00267928
   0.0357524
    0.254262
  -0.0195307
   0.0856386
   0.0203603
   0.0114355
   -0.108392
   0.0450396
  -0.0459265
   0.0056736
    -0.11425
   0.0279955
   0.0505412
  -0.0264904
  -0.0121912
   -0.146127
  -0.0708139
  -0.0780246
   0.0567491
   0.0810784
    0.141196
  -0.0109994
   0.0114327
  -0.0140813
  -0.0844903
   0.0691927
    0.145641
   0.0631213
   -0.115136
   -0.112118
   0.0268278
  -0.0208975
  -0.0176057
    0.105549
    0.088947
  -0.0565804
    0.118353
   -0.137286
   -0.102911
   0.0454566
  -0.0463192
 -0.00111147
    0.148623
   0.0427736
  -0.0712156
    0.067988
  -0.0147612
   0.0482547
   -0.147866
  0.00275508
  -0.0165247
  -0.0658071
   0.0650054
   0.0386866
   0.0249972
  -0.0220902
 -0.00254373
    0.155099
   -0.043607
   0.0838017
    -0.15511
   -0.212022
    0.197982
  -0.0715906
   0.0474106
   -0.216282
  -0.0321026
  -0.0571245
  -0.0205383
  -0.0325179
  0.00826637
  -0.0494326
   0.0296955
  -0.0468642
  -0.0744179
 -0.00538337
   0.0436694
  -0.0349688
    0.104377
   0.0410299
    0.104908
   -0.101037
 -0.00434926
    0.078831
   0.0284412
  -0.0249567
   0.0314155
    0.184062
  0.00687826
  -0.0856405
  -0.0302648
  -0.0088642
  -0.0119661
  -0.0359777
   0.0559215
   0.0418636
   0.0480844
   -0.158637
   0.0474041
   0.0710584
   0.0815734
   0.0873846
  -0.0118849
  -0.0399494
  -0.0583583
   -0.153902
  -0.0379069
  0.00930713
  -0.0197436
   -0.105238
  -0.0709259
   -0.100785
  -0.0435326
   0.0158751
   0.0113201
     0.11671
     0.02869
  -0.0412263
    0.057569
  -0.0476606
  -0.0202607
   0.0481781
   0.0485609
   -0.102255
  -0.0881556
  -0.0739953
  -0.0711082
   0.0263939
   0.0378483
 -0.00709215
   -0.096906
 0.000681956
   -0.203471
  -0.0172137
    0.180548
  -0.0344153
   0.0984279
   0.0496002
   0.0902307
   -0.037256
  -0.0800127
   0.0177771
   0.0301936
   0.0517781
  0.00916266
   0.0323996
   0.0731272
   -0.112726
  -0.0718679
   -0.127963
    0.122681
   -0.125981
 -0.00223734
   -0.133194
 -0.00201419
    0.068532
   0.0129501
   0.0145976
   -0.077014
   0.0884655
   -0.168518
    0.077413
   -0.011005
  -0.0165741
 -0.00842673
   0.0438497
   0.0149312
  -0.0132039
  -0.0637193
  -0.0088497
  0.00546244
  -0.0415612
   0.0395678
   0.0345988
   0.0873554
   0.0600883
  -0.0209954
  -0.0415644
  -0.0164014
   0.0460373
  -0.0901113
   0.0317974
   0.0532005
  -0.0220793
   0.0910127
  -0.0787179
  -0.0541703
   -0.062731
  -0.0844927
  -0.0563414
  -0.0751843
   -0.139658
   0.0036553
 -0.00716981
  -0.0124795
   0.0312496
   0.0154347
    0.184981
   -0.177944
  -0.0155538
    0.216049
   0.0181731
 -0.00837183
   -0.139782
     0.11383
    0.138098
   0.0700717
  -0.0297793
-0.000834975
 -0.00494731
    0.093295
  0.00965475
  -0.0591479
    0.022634
   0.0131947
  -0.0144868
  -0.0691891
   -0.119022
     0.12957
  -0.0192478
    0.123477
    0.165444
   0.0654772
  -0.0609505
   0.0827164
  -0.0308833
 -0.00802298
  -0.0242199
  -0.0361195
  -0.0749477
  -0.0520594
    0.171255
  -0.0642168
  0.00105012
  -0.0322091
    -0.02085
  -0.0845804
    0.035947
   0.0484894
   -0.167237
  -0.0224672
    0.100306
  -0.0639966
    0.109168
  -0.0420916
   -0.172047
  -0.0873151
    0.127784
 -0.00333096
 -0.00168847
  -0.0520371
  -0.0779575
    0.113716
   0.0161806
   0.0835379
    0.181313
  -0.0286757
    0.010194
   -0.041811
 -0.00146804
  -0.0980033
 -0.00145811
  -0.0643109
   0.0929741
    0.245635
   0.0307828
    0.017751
    0.135326
   0.0965189
  0.00839058
 -0.00232345
  -0.0341316
   -0.126332
   0.0319306
  -0.0475732
    0.031268
   0.0807766
  -0.0144543
 -0.00804419
   0.0867406
  0.00848317
  -0.0649489
  -0.0396662
   0.0566857
   0.0156061
   0.0641782
   0.0467289
  -0.0586497
   0.0536498
   -0.107679
    0.157002
 -0.00343017
  -0.0154467
  -0.0439729
   0.0603172
   0.0415023