    0.119113
    0.122119
   0.0516499
   -0.161593
  -0.0514334
    -0.11212
   0.0426126
  0.00277838
   0.0580694
   0.0441135
  -0.0703413
    0.119921
 -0.00362676
   0.0155524
   -0.107421
  0.00479841
  -0.0368892
  -0.0701421
   -0.241352
  -0.0131929
  -0.0549875
   -0.123877
  -0.0180105
    0.184966
   0.0209129
     0.15927
    0.042212
  -0.0919567
  -0.0790838
   0.0233096
     0.25397
  -0.0373486
 -0.00576843
   0.0142271
    0.253587
    0.142158
  -0.0591311
  -0.0680479
  -0.0419736
   -0.091048
    0.181112
   0.0669631
   0.0828785
   0.0524514
   0.0144205
   0.0487658
  0.00223231
   0.0644769
   0.0389489
   0.0667651
   -0.051904
  -0.0679573
   0.0202714
   -0.028433
   0.0157818
   0.0746124
 -0.00728289
   -0.146505
  -0.0895913
    -0.12529
  -0.0538564
   0.0368205
    0.134083
    0.150052
   -0.147168
   -0.172364
   -0.133807
  -0.0575715
   -0.112398
     0.17164
    0.138101
     0.08067
  -0.0383894
    0.196723
   -0.165632
   -0.054064
   -0.138304
    0.125701
    0.127356
  -0.0793276
   0.0604867
   -0.082946
   0.0883663
   0.0459497
   -0.111866
   0.0714639
   0.0179692
  -0.0658376
   -0.176539
   0.0846748
    0.128894
  -0.0831903
   0.0147252
   0.0970693
  -0.0351176
   -0.172523
  0.00765446
    0.040662
  -0.0847926
    -0.23196
   0.0136419
   0.0785253
   0.0625899
  -0.0351062
  -0.0101109
    0.175306
  -0.0617218
    -0.01672
   0.0913022
  -0.0420579
   0.0396012
   -0.201384
  -0.0137356
  -0.0575285
   -0.183478
    0.205175
  -0.0212885
   -0.053335
 -0.00770918
   0.0720648
   -0.144808
    0.439115
    0.133411
    0.199273
   0.0588211
  -0.0501768
   -0.150126
  -0.0137465
   0.0470949
   -0.200031
   0.0526118
  -0.0142365
   -0.076974
   0.0532312
    0.134734
    0.107337
   -0.028455
  -0.0192822
  -0.0140809
   0.0313163
   -0.298599
   -0.127832
  -0.0791387
   0.0105499
    0.163407
   -0.025015
    0.128795
   -0.146557
   -0.277573
    0.246437
    0.132958
   0.0664076
  -0.0896465
    0.177396
    0.139651
   -0.165282
  0.00487622
   -0.136509
   0.0679338
    0.269067
   -0.122398
  -0.0255184
   -0.271396
   0.0911312
   0.0880688
  -0.0665818
   0.0719756
   -0.170114
   0.0437657
   -0.241285
   0.0578427
   0.0719846
   0.0644138
   -0.110123
  -0.0471614
  0.00312165
  -0.0962733
   -0.085246
  -0.0419669
   0.0246822
    0.141079
  -0.0809109
   0.0598613
   -0.140596
    0.145995
  -0.0597012
  -0.0485561
    0.010967
   -0.173792
    0.146418
   0.0400273
  -0.0103967
  -0.0898336
   -0.127405
  -0.0533453
  -0.0965213
     0.27522
   -0.145372
  -0.0316634
    0.102005
   0.0453755
   -0.357837
    0.015849
    0.169532
 -0.00189206
   0.0602972
    0.139266
  -0.0491291
   0.0776945
    0.148448
      0.1201
  -0.0655884
    0.102382
  -0.0385046
  -0.0213181
    0.191908
    0.046097
  -0.0516953
   0.0883327
   -0.116387
   0.0159031
    0.108897
   0.0279461
   0.0291359
  -0.0395736
  -0.0961809
  -0.0897387
  -0.0173248
    0.371992
   -0.180883
  -0.0149806
   0.0495254
    0.060199
   -0.116112
  -0.0503834
   -0.118423
   -0.117115
   -0.191542
  -0.0297312
  -0.0669103
   -0.241747
    0.129307
   0.0416569
   0.0428345
  -0.0650003
  -0.0614371
   0.0942625
   0.0427457
  -0.0529463
   -0.102177
    0.201837
    0.089326
  -0.0761901
    0.152669
    0.596864
   0.0799122
  -0.0751094
   0.0021918
   -0.119032
   -0.070136
    0.265135
   0.0686277
   0.0268906
   -0.107738
    0.068132
   0.0381632
    0.101165
   0.0246065
  -0.0606895
  -0.0829535
     0.20621
   -0.221815
 -0.00798311
  -0.0706017
  -0.0458504
  -0.0171321
  -0.0661746
   -0.269308
   0.0903136
  -0.0585966
   0.0342011
  -0.0128622
   -0.177465
   0.0437294
  0.00897389
  -0.0848559
    0.056913
   0.0318967
    0.172813
    0.128722
   -0.647326
  -0.0245402
   0.0821708
  -0.0874996
  -0.0917889
   -0.196022
    0.201101
 -0.00631261
    0.255444
   0.0814259
    0.108464
   -0.104491
   0.0537245
   -0.635031
   -0.104995
   0.0588261
   -0.125473
    0.294586
   0.0496169
  -0.0186031
  -0.0967113
    0.171745
    0.055974
   0.0483571
   -0.260665
   -0.107565
  -0.0284954
  -0.0297633
    0.183393
    0.220716
   0.0378672
    0.213348
    0.141878
  -0.0632575
   -0.112606
    0.101156
   -0.106931
  -0.0859588
   0.0461699
  -0.0061956
  -0.0228592
  -0.0520219
    0.018376
   -0.160366
    0.139153
   -0.118229
  -0.0351221
   0.0699354
  -0.0615991
   0.0889435
    0.349759
  -0.0211213
   0.0704484
-0.000817975
      0.0966
 -0.00297931
    -0.17152
   -0.153048
  -0.0483941
    0.269294
   0.0727732
   0.0655426
   0.0839554
   0.0159308
  -0.0392639
  -0.0396488
   -0.120904
 -0.00738054
   -0.124187
   -0.158497
    0.216003
    0.104877
   -0.100567
    0.159529
   0.0221422
   0.0542132
   -0.057432
  -0.0489947
    0.212579
    0.136581
    0.158659
    0.130593
  -0.0499157
 -0.00389016
   0.0588742
   0.0641024
   0.0345541
  -0.0790707
  -0.0581658
  -0.0256408
    -0.17084
   -0.020763
  -0.0909865
   -0.023814
   0.0765993
  -0.0552581
   0.0600747
  -0.0184893
   -0.169034
    0.187208
   -0.106657
    0.336834
    0.158797
   0.0615556
  -0.0407501
    0.119565
  -0.0648707
  -0.0301395
   0.0309933
    0.216967
   -0.131302
  -0.0506383
   0.0498147
  -0.0927206
  0.00188488
  0.00878169
  -0.0018193
   0.0162194
  -0.0100048
     -0.1504
   -0.083236
   -0.258203
    0.124575
  -0.0776057
  -0.0993683
    0.103019
  -0.0638083
  -0.0423302
    -0.15565
    0.169038
  -0.0855913
   0.0272499
   0.0665389
  -0.0018626
   0.0714063
    0.311378
  0.00747525
   0.0130539
   0.0111922
   -0.253392
  -0.0544804
   0.0472764
    0.115317
    0.112168
   0.0272605
   0.0262443
    0.012215
   -0.161368
    0.164337
   -0.142647
  -0.0666857
   -0.058329
    0.105495
     0.18947
   0.0272565
   0.0325186
  0.00396674
    0.175636
   -0.131867
    0.244724
    0.291264
   0.0667652
  -0.0635892
  0.00263486
   -0.123473
  -0.0245115
  -0.0189657
  -0.0700579
  -0.0511065
   0.0382593
    0.260041
  -0.0902034
  -0.0305627
   -0.244983
  -0.0594991
   0.0105559
   0.0711749
   0.0844036
   -0.136526
   0.0164378
   0.0666718
  -0.0558691
   -0.233591
  -0.0737418
  -0.0825862
  -0.0765399
   0.0986143
  0.00624551
  -0.0864352
    0.019188
  -0.0401421
    0.102525
   0.0317648
   0.0107347
   0.0438393
   -0.222401
    0.105537
  -0.0472511
  -0.0438842
   -0.169595
  -0.0333572
 -0.00733348
   -0.194494
   0.0562373
 -0.00949508
 -0.00104528
   0.0163073
  -0.0345897
  -0.0761523
  -0.0380253
   -0.284551
   0.0223178
  -0.0364836
  0.00907165
  -0.0903694
    0.188098
    0.612929
   -0.192867
   -0.069048
  -0.0140022
    0.144769
   0.0920852