    -0.28854   -0.0363988     0.101402    -0.130613
    0.101545   -0.0227989    -0.159642     0.139568
  -0.0535897    0.0051126  -0.00569209  0.000921891
  -0.0458433    -0.119802   0.00260222    -0.067101
  -0.0736633    0.0362674     0.134184   0.00932891
    0.147916     0.107021   -0.0566456     0.104877
  -0.0405771   -0.0501817    0.0263597   -0.0113402
   -0.162416   -0.0740442   -0.0549888   -0.0155947
    0.172683   -0.0196437   -0.0273151    0.0185431
    0.352072    0.0935374    -0.136496     0.129955
  -0.0181706    0.0449679     0.046562   0.00130573
    0.207944    0.0214236    0.0336738   -0.0208173
    0.163067   -0.0580273   -0.0267433    0.0677441
  0.00583363   -0.0111373   0.00550152   0.00223406
   -0.023926    0.0394858    0.0291409   -0.0138204
    0.100184   -0.0540317   -0.0789913    0.0116164
   -0.246119    0.0272532  -0.00320195    0.0164018
   -0.103516   0.00698631    0.0629731   -0.0823185
   0.0173122      0.07353   -0.0539098     0.160567
    0.227444     0.125314   -0.0309547     0.119727
  -0.0396291    0.0315437    0.0100221    0.0327822
   0.0332218    0.0629116   0.00643717    0.0121191
   -0.147162   -0.0518414     0.125328   -0.0924421
   0.0671146    0.0341672    0.0039486    0.0180699
   -0.120674   0.00825184   0.00971325   -0.0183859
   -0.126065    -0.069174    0.0632284   -0.0951454
   -0.104039   -0.0259116   0.00628791    -0.071596
   0.0905355    0.0889218   -0.0529072   -0.0021958
   0.0103959    0.0174161    0.0779871     0.035045
     0.23393     0.059797   -0.0687369     0.110152
  -0.0121393    0.0155541  -0.00684405    0.0583616
  -0.0575268   -0.0194589    0.0201493     0.117635
   -0.103037   0.00631012    0.0212075   -0.0408615
   -0.248585    0.0391598    0.0223869  -0.00832402
   -0.129326   -0.0242596   -0.0558998    0.0379912
   0.0341427    0.0496871   0.00224859    0.0077959
   -0.387852   -0.0332133     0.139049    -0.186253
   0.0211339     0.019254    0.0492968   -0.0218665
   0.0737708     0.041198    0.0379998    0.0222049
    0.168158    0.0976364    -0.100586     0.123295
  -0.0255031   -0.0463642    0.0385241    -0.081607
  -0.0502995    0.0126294    0.0116265   -0.0292548
 -0.00210784   -0.0199724   -0.0610524  0.000922342
   0.0964412    0.0971791   -0.0990493    0.0656329
    0.178917   -0.0827926    0.0144149   -0.0841085
   -0.215584   -0.0611492  -0.00667879   -0.0557529
   0.0600786    -0.043675   -0.0747021   -0.0202129
   -0.148353    -0.121619   -0.0427501   -0.0399757
    0.195394     0.068746    0.0412156    0.0220186
   0.0251827   -0.0816319    0.0166172    -0.024092
   -0.181121   -0.0103984     0.088767    0.0099594
  -0.0670218    -0.031566    0.0514896    0.0150816
    0.169442   -0.0178163   -0.0138883    0.0368339
   -0.138767   -0.0104011    0.0384089   0.00874386
    0.165509   -0.0173271   -0.0228007   0.00413174
   -0.110286   -0.0326982   -0.0158242    -0.016013
  -0.0795992   0.00620839    0.0243387   -0.0180569
     0.22538     0.024177   -0.0312374     0.168015
    0.217235    0.0823148   -0.0968953     0.166534
   0.0605041   -0.0242571   -0.0522901    0.0470949
   -0.295446    0.0255898   -0.0135731    0.0422535
  -0.0917182   -0.0815905    0.0451996   -0.0327906
     0.02529   -0.0240818    -0.153545     0.056861
    0.129972      0.09657    -0.141895    0.0955615
     0.16291     -0.04069   -0.0766961     0.014144
    -0.13775    -0.021567    0.0138205   0.00102878
    0.120355  -0.00365885   -0.0238583    0.0413896
   -0.147533     0.016078     0.104154   -0.0654235
  -0.0577946   -0.0322686    0.0104929    0.0152842
   0.0147778    -0.046652  -0.00455147   -0.0615319
  -0.0884711  -0.00138618   -0.0247097  -0.00239811
  -0.0073575    0.0966044   -0.0282653     0.143119
   0.0124088    0.0642075    0.0407619    0.0399141
   -0.311653   -0.0712754    0.0627956    0.0259105
   -0.334501   -0.0523336     0.141249    -0.176194
   -0.118607   -0.0389278  -0.00499495    0.0774889
   -0.336612   -0.0509688     0.159802     -0.13897
     0.10059    0.0231119  -0.00478134   -0.0273562
    0.102225   -0.0869124  -0.00998946   -0.0319002
   -0.228899    -0.149815      0.10536     -0.12748
 -0.00166238    0.0458578    0.0445946   -0.0673143
   -0.131451  -0.00630139   -0.0273451    -0.049678
    0.123712   -0.0354878   -0.0606179    0.0476436
   0.0414055   -0.0164119    0.0116819    0.0331343
 -0.00546471    0.0302409    0.0463598    0.0126797
     0.10581     0.036631   -0.0249658 -0.000155754
   -0.151759    0.0393663    0.0828858   -0.0665664
   -0.166857   -0.0179042    0.0107976   -0.0699994
   0.0799359    0.0544888   -0.0407334   -0.0132783
   0.0151851   0.00490374   -0.0607613   -0.0182612
  0.00254479   0.00641703    0.0282276   -0.0233643
  -0.0572993    0.0240425    0.0449211    0.0569614
   -0.284768   -0.0169751     0.118731   0.00870488
   -0.081793   0.00282852    0.0291078   -0.0416399
  -0.0601399   -0.0378884    0.0530524    0.0357974
  0.00481141    0.0228249    0.0744156    0.0382861
   -0.178221   -0.0986499    0.0728438    -0.109478
  -0.0205806    0.0409972  -0.00778752   -0.0140187
   -0.194021  0.000373112    0.0513386    0.0628938
   0.0108264      0.01469  -0.00224585    0.0425399
   0.0421049   -0.0261549   0.00973942      0.10517
  -0.0554642    0.0859767   -0.0523664    0.0336316
  -0.0427147   -0.0428485    0.0614547   -0.0155464
  -0.0057861    0.0625997   -0.0065894  0.000969282
   0.0976318   -0.0370672   0.00836464   -0.0740696
     0.34127    0.0740139    -0.199436     0.279683
    0.120871    0.0282811    0.0567094   -0.0579272
  -0.0276789   -0.0793622   -0.0396052    0.0409536
  -0.0813985    0.0256222     0.104612    0.0315527
    0.122519   -0.0572351    -0.117477     0.107489
   0.0647217  -0.00394974  -0.00218829     0.139882
   0.0178915   0.00227163    0.0654618     0.026201
  -0.0593735    0.0519434   -0.0412842    0.0134704
  -0.0636764   -0.0441904    0.0446313    0.0152074
   -0.233045    0.0650679    0.0195117    0.0248284
  -0.0889613    0.0593534   -0.0188266    0.0924398
    0.326726    0.0672697   -0.0478544    0.0567643
    0.362176    0.0160411    -0.140313    0.0559235
   0.0200254   -0.0414244  -0.00745991    0.0602263
     0.16242      0.05844    -0.175075     0.118596
   -0.179826    0.0658187    0.0424248     0.013287
  -0.0915444    0.0405681    0.0289436   -0.0770297
    0.142496   0.00417737   -0.0138483    0.0615484
  -0.0911799    -0.057623   -0.0500214   -0.0635656
   -0.107873   -0.0258109    0.0176568   -0.0377675
  -0.0494301    0.0469401    0.0357079    0.0165328
    0.185241     0.113782   -0.0393882     0.167602
   0.0834335    0.0569153     0.062852    0.0561093
    0.238841    0.0452082   -0.0936761     0.143117
    0.142525    0.0255913   -0.0915996   0.00933928
   0.0148445  -0.00886411   0.00925068     0.009072
  -0.0859186   -0.0568629    0.0208854     -0.07086
  -0.0355167   0.00444364   -0.0620181     0.127133
  -0.0457049    0.0551163   -0.0400896  -0.00747605
   0.0790359   -0.0432309    0.0258656    0.0519107
  -0.0758604   -0.0388839   -0.0130747    0.0458356
  -0.0783604    0.0839677    0.0627651    0.0536016
 -0.00991473   -0.0418834    0.0246851   -0.0684132
   -0.055354   -0.0642751    0.0679081   -0.0622489
  -0.0642304    0.0445326    0.0711757   0.00989341
  -0.0752713   -0.0247008    0.0516917     0.132528
   -0.243039   -0.0608188    0.0945889   -0.0919343
   -0.185932   -0.0809529    0.0773259   -0.0752572
   -0.341286    -0.107448    0.0755645    -0.139362
   -0.173311   -0.0406681    0.0578808   -0.0447227
  -0.0314073    -0.035315    -0.041095    0.0813367
   0.0790321    0.0820493     0.033096     0.104622
   -0.131696   -0.0294376  -0.00351052   -0.0665901
  -0.0972287  -0.00785505    0.0336703   -0.0612948
   -0.176568   -0.0220785   -0.0164756   -0.0117899
   -0.122805   -0.0393339    -0.038845    -0.030397
    0.412527     0.159093   -0.0963168     0.179805
   -0.383342   -0.0206116     0.127455   -0.0132212
   0.0199866  -0.00116163   -0.0305137    0.0111939
    0.246091     0.125647   -0.0847314    0.0592506
    0.102623   -0.0686958    0.0535147   -0.0294001
   -0.299134   -0.0116959    0.0162163   -0.0800543
   0.0312443    0.0465703   -0.0175588     0.130852
  -0.0662887   -0.0188114    0.0628245    -0.123032
  -0.0331821   -0.0678684   -0.0456608   -0.0161814
   -0.032764   -0.0919267      0.03951   -0.0535493
  -0.0531367   -0.0241965  -0.00364523    0.0296151
   -0.194326   -0.0280008     0.148179   -0.0519089
  -0.0439164    -0.035122     0.072476   -0.0385784
     0.11949   -0.0343378   -0.0422666     0.130128
   -0.170385    0.0329099    0.0152485   0.00789173
   0.0436428   -0.0061823      0.02437    0.0160926
  -0.0684024   -0.0522073  0.000905786    0.0178533
    0.197687   -0.0187889   -0.0810303     0.110151
   -0.196824   -0.0691426    0.0469104    -0.202144
   -0.299656   0.00423379   0.00693016   -0.0670372
    0.107686   -0.0451165    0.0117801   -0.0137832
    0.201973    -0.020307    -0.158642    0.0553904
  -0.0579096   -0.0842239    0.0466147   0.00556502
     0.04831   -0.0437874    0.0357026    0.0362845
   0.0870144   0.00688936  -0.00205421    0.0620107
  -0.0915881   -0.0399727   -0.0453758  0.000242252
   -0.162867   -0.0672981    0.0294444   0.00585504
    0.208565     0.081693   -0.0207737  -0.00306792
   -0.103835    -0.103009    0.0632807   -0.0745935
   -0.194062   -0.0562109    0.0690459    0.0264836
   0.0632595    -0.049338   -0.0485875   -0.0413089
   -0.252573   -0.0520887     0.117871    -0.138693
   0.0621147     0.110987   -0.0303237     0.154004
    0.335427    0.0860263   -0.0786266     0.105422
    0.181383   -0.0221133    -0.123482    0.0554288
    0.220147      0.12729   -0.0711551     0.250015
  -0.0170882    0.0221817     -0.02716    0.0298916
    -0.15315   -0.0493384   0.00165029    0.0366364
    0.052565   -0.0208136   -0.0332042   -0.0442618
   0.0718878  0.000466459    0.0260539  -0.00924577
    0.130891   -0.0671773   -0.0480478    -0.071605
   -0.160143 -0.000859443    0.0507377    0.0401157
     0.11352    0.0158666   0.00890047   -0.0123009
   0.0198747   0.00298946    0.0403646    0.0275711
   0.0509151     0.051364   -0.0177056    0.0496982
   0.0902969   -0.0643717   -0.0415536    0.0372659
   0.0757697    -0.108887   -0.0351107   -0.0411405
    0.054346     0.105325   -0.0931761    0.0415231
   0.0480907    -0.124974    0.0272823   -0.0749029
    0.058085   -0.0323895   -0.0320742    0.0640832
      0.2117     0.048907    -0.118115    0.0851886
   -0.188146   -0.0263565    0.0223681    -0.100455
    0.109402    -0.033184   -0.0269153    0.0860941
   -0.201403  -0.00949817   0.00859449   -0.0875608
    0.132459    0.0607024    -0.026932   -0.0801935
    0.012052    0.0346199   -0.0721143    0.0826331
   0.0754291    0.0624576   -0.0138926    0.0595518
   -0.103534   -0.0622598  -0.00998498    0.0578445
  -0.0360968    0.0154321   -0.0433641    0.0250051
  0.00340139   -0.0602623    -0.029009   -0.0952795
   -0.113832   -0.0513937    0.0202845  0.000730805
  0.00862848    0.0397626    -0.085993    0.0916081
    0.178329    0.0229752    0.0130544    0.0208293
     0.25476     0.110547    -0.101585    0.0458434
   0.0893126   -0.0134208   -0.0466015    0.0159048
    0.130114   -0.0521895    -0.111973   -0.0719505
    0.194706   0.00509839    0.0395888   -0.0658868
  -0.0930411    0.0571581    0.0969153    0.0296398
   -0.106957    -0.061891    0.0376632   -0.0270635
   -0.119343     0.067841   0.00280702   -0.0617018
   -0.184833   -0.0516201    0.0602001   -0.0169509
  -0.0328897    -0.019041    0.0102932    0.0745166
    0.195419    0.0493734    -0.110527     0.150801
   -0.278273    0.0112544    0.0219993   -0.0406349
   -0.152622   -0.0573135    0.0643402   -0.0133438
    0.044512   -0.0285806   -0.0184205   -0.0768038
  -0.0048502    0.0199727    0.0300172     0.034368
   -0.274183   -0.0457314     0.113036    -0.125202
    0.242635    0.0409237   -0.0837082    0.0717083
  -0.0922829    0.0186216    0.0233888   -0.0850197
  -0.0817703   -0.0477062   -0.0114609   -0.0795713
    0.145115    0.0918682    0.0165778    0.0774732
      0.2903    0.0117826   -0.0262642    0.0225519
    0.222555    0.0229721   -0.0127863    0.0986823
   -0.245215   -0.0663484     0.101075   -0.0712636
  0.00971926    -0.028485    0.0425109   -0.0163061
    0.155742     0.046043    -0.059533     0.105828
   -0.119978   -0.0628953   0.00286357   -0.0365985
   -0.374721   -0.0172187    0.0912288    -0.078801
   -0.201662   -0.0172166   -0.0129235   -0.0388087
    0.220232   0.00453564   -0.0103459   0.00720411
    0.313171     0.087985   -0.0684197     0.169347
 -0.00164592   -0.0116985   -0.0480437    -0.047314
   0.0819666   -0.0453147   -0.0218987   -0.0340974
  0.00351952    0.0110182   -0.0334629    0.0212939
   -0.117148  -0.00838345    0.0133178   -0.0152563
   0.0388304   -0.0211285   -0.0144398   -0.0680815
   -0.257534   -0.0947405     0.123415   -0.0301271
  -0.0461759   -0.0557705    -0.018963    0.0430428
    0.040228    0.0942945    -0.039118    -0.012359
  -0.0523867  -0.00276244    0.0218102   -0.0661416
   -0.097447   -0.0215639    0.0860842    0.0340979
   0.0109997   -0.0175298    0.0274862    0.0760723
  -0.0130234    0.0476522   -0.0204374     0.115968
  -0.0609373   -0.0248012   -0.0304223   -0.0321316
   -0.292166   -0.0434351    0.0942583    -0.135739
   -0.159549    -0.119769     0.136837   -0.0705891
   -0.117341  -0.00322383     0.062268   0.00460924
    0.112765    0.0952959   -0.0322633      0.14661
  -0.0927065   -0.0665799    0.0208936    -0.107873
  -0.0466621   -0.0536132    0.0434552   -0.0058607
   0.0235362   -0.0619474   -0.0230142    0.0164041
    0.122954    0.0464426    0.0567249   0.00394074
   0.0973815     0.018292   -0.0494566    0.0667458
   0.0660919   -0.0208295   0.00982044    0.0306587
   -0.181791    -0.059329     0.075576   -0.0663492
 -0.00637247   0.00616801  -0.00495818  -0.00343572
   -0.141136    0.0494089    0.0988662   0.00957572
   -0.231983   -0.0536917    0.0936249   -0.0212866
    0.262366   -0.0500524   -0.0787037     0.086207
     0.12461    0.0110302    0.0317031      0.10314
 -0.00596476    0.0210771   -0.0588048   0.00533209
   -0.195427    0.0245414    0.0381748   -0.0541133
   -0.329485    0.0436208    0.0373538    -0.100718
    -0.14081   -0.0641425    0.0677663   -0.0526356
   0.0125363   -0.0482694     0.061853    0.0196459
   -0.189274   -0.0771338    0.0978948   -0.0706193
   0.0459859   -0.0157661   -0.0577193    0.0124217
    0.137737   0.00147852   -0.0192374    0.0776856
    0.118849   -0.0280196    0.0340826   -0.0321319
    0.031417   0.00569416   -0.0476139    0.0544382
    0.122374    0.0502008    -0.167791      0.13776
    0.030224   -0.0193532     0.066979   -0.0769328
   -0.108892   -0.0298094     0.121596      0.03177
   0.0645932   -0.0646485   -0.0983177    0.0599661
  -0.0393872    0.0423987    0.0517521    0.0218188
  -0.0419335   -0.0236876   -0.0372802   -0.0396672
   0.0243362   -0.0846647    0.0828048  -0.00647319
   0.0461358    0.0482762    0.0312429    0.0281936
   0.0545415    0.0973743   -0.0773871       0.1069
   -0.104617   -0.0486584    0.0262474   0.00283138
   -0.172496   -0.0935262    0.0396672    -0.134592
    0.112298     0.147061   -0.0864096    0.0984815
   0.0499098   -0.0234566   -0.0700968    0.0349782
  0.00898644     0.049281   -0.0137365     0.109425
    0.115756   -0.0151292   -0.0576137   -0.0644949
   0.0994527   -0.0276879   0.00379736    0.0324731
   -0.148004   -0.0247701   -0.0328362   -0.0194707
   0.0860262    -0.040033    0.0146106     0.058229
  -0.0735071    0.0642608     0.048972   -0.0228184
   -0.088842    0.0487869    0.0718238   0.00759633
  -0.0752228     0.030372    0.0712541  -0.00320998
 -0.00749711    0.0288548   -0.0641309    0.0462055
    0.130986    0.0285964   -0.0469235    0.0711643
  -0.0832349    0.0139916   -0.0138866     0.017616
  -0.0383513    0.0458827    0.0358738    0.0862207
   0.0525826    -0.040611   -0.0526396    0.0719616
     0.30823     0.070553   -0.0186132    0.0219106
    0.158257    0.0169444  -0.00432395     0.109407
    0.045272   -0.0243691    0.0535765   -0.0330243
   0.0312686   -0.0615383    0.0324453   -0.0181097
   0.0395329     0.112841    0.0411126       0.1008
   0.0467996    0.0098614   -0.0192236  -0.00796101
   -0.297994    0.0340252    0.0905701   -0.0125404
   -0.111931   -0.0892982     0.084439   -0.0500724
   0.0195366    0.0262232   -0.0601019    0.0148553
   -0.023735    0.0149037 -0.000151081     0.116555
   0.0109379     0.070838   -0.0965464     0.107636
  -0.0306599    0.0722346   -0.0753692   0.00467125
  -0.0440355    -0.030521    -0.028684     0.023044
    0.101727    0.0237604     -0.10102    0.0105394
   -0.121558   -0.0908857    0.0100108   0.00499137
   -0.124107   -0.0524795   -0.0247629    0.0092521
   0.0270229   -0.0660107    -0.025202   -0.0226491
   -0.225169   -0.0887061    0.0423299   -0.0942555
   -0.148312    0.0198244    0.0284147   -0.0507597
    0.109865    0.0770811   -0.0594612    0.0819722
  0.00607794     0.010804   0.00183262    0.0319887
   -0.116376   -0.0484149   -0.0287735    0.0643581
    0.318693    -0.014876   -0.0853458    0.0420253
   0.0262273    0.0163343   -0.0415539     0.122234
   -0.250837   -0.0454041   -0.0170402   0.00069655
  -0.0714901    0.0263886   -0.0271193    0.0289791
   -0.021385    0.0689813   -0.0112577   -0.0232794
    0.124683    0.0536066   -0.0321424    0.0272484
   -0.171261  -0.00359391   -0.0145843    0.0234547
  -0.0616972   0.00285745  -0.00346305    -0.049705
   0.0539006    0.0602695    0.0258844   -0.0312901
  -0.0611909   -0.0292213   -0.0334381      0.04748
    0.314009     0.009414    -0.145899    0.0850012
  -0.0159262   -0.0575674    0.0384357  -0.00405357
  -0.0506719    -0.081928    0.0424666   -0.0423039
  -0.0225616    0.0228242   -0.0273446  -0.00665339
    0.163884    0.0490612    0.0621558   -0.0363095
   -0.262336    0.0692869    0.0841062   0.00834691
   -0.281457    0.0199624     0.115756    -0.128217
    -0.16659    0.0216405     0.008694  -0.00472029
   0.0309883   -0.0141138    0.0458427    0.0326101
  0.00887337   -0.0063216    -0.069021    0.0558594
  -0.0977976  -0.00524013    0.0619435   -0.0449636
  -0.0984025   -0.0241754    0.0400024    0.0145699
   0.0600146   -0.0255953   -0.0754171    0.0151479
  -0.0575145    -0.016815     0.050722   -0.0419777
    0.245603    0.0245536    0.0154338    0.0344825
   -0.106479   -0.0120424   -0.0135991    0.0595348
   0.0260395    0.0211323   -0.0311671    0.0181601
   -0.112569    0.0191512   -0.0319297    0.0782315
   -0.385555    0.0178021     0.156445    -0.112015
   0.0254839   -0.0744443    -0.066436    0.0134668
    0.260289    0.0967209   -0.0969024     0.187993
   0.0311217   -0.0767037    -0.103335    0.0489966
  -0.0735693   -0.0134757    -0.102548  -0.00437584
    0.129746    0.0660304   0.00660766    0.0420186
  -0.0650291     0.058216   -0.0180325   0.00217075
   0.0268064    0.0406974   -0.0199829    0.0821193
    0.295222    0.0306784    -0.110168     0.135918
   -0.215964     -0.02046   -0.0120155    0.0235882
    0.229344   -0.0277337    0.0196776   0.00452792
    0.106655    0.0152948   -0.0552088     0.117837
   0.0157751   -0.0690526   -0.0777873    0.0765783
   -0.105593   -0.0359515    0.0739215   -0.0117893
    0.194221    0.0161974    -0.089336    0.0279534
 -0.00907826    0.0331212   -0.0567336    0.0176501
   -0.313326   -0.0466543     0.123352   -0.0982862
   0.0178089   -0.0555683    -0.115172    0.0191599
  -0.0605732   -0.0306593    0.0362908    0.0213634
   -0.168328     -0.10097    0.0566905    -0.105685
  -0.0689366    0.0741643   -0.0420655    -0.019306
  -0.0767257   -0.0243863  -0.00989115   -0.0180555
  -0.0296224    0.0112902    0.0546786   -0.0763302
    0.088302    0.0285977   -0.0558291   -0.0389472
  -0.0853922  -0.00499276    0.0303873   -0.0506266
   -0.168397     0.116589  -0.00754678    0.0317179
    0.574947    0.0608879    -0.291532     0.259446
   0.0938452    0.0334896   -0.0293825     0.113515
  -0.0723098   -0.0222294    0.0293824    0.0820013
    0.016798   0.00342873    -0.020219    0.0773966
  -0.0611266    0.0390072   -0.0610912    0.0312159
   -0.193388   -0.0729286    0.0384164    -0.105691
   -0.294223    0.0265124     0.133819    -0.041337
   0.0716122   -0.0263639   -0.0181996    0.0391404
  -0.0609324    -0.103258   -0.0235798    0.0247325
  -0.0308781   -0.0285801   -0.0828142    0.0871733
  -0.0625663   -0.0842423    0.0896808   -0.0750817
  -0.0039552  -0.00640821    -0.017803     0.105966
     0.33613     0.153682   -0.0382404     0.144469
   0.0346928     0.110126   -0.0465758    0.0698564
  -0.0433211   -0.0249772     0.019503     0.106469
   -0.150648   -0.0683922    0.0280596    -0.156889
   -0.127257   -0.0410944    0.0778022   -0.0518527
   0.0195384    0.0157141   -0.0479976    0.0741864
  -0.0480821    0.0226399     -0.04375   -0.0224568
   0.0534601    0.0381619    0.0283585    0.0581199
  -0.0442172   -0.0340245    0.0307891    0.0372641
   -0.173018    0.0159225      0.07983   -0.0291828
   0.0116975    0.0243564    0.0589002    0.0461697
   0.0205128   -0.0223856   -0.0265187    0.0303438
  -0.0142243    -0.115934    0.0246174  -0.00711023
    -0.25644    0.0294996   -0.0471236   -0.0652642
    0.240344   0.00248297   -0.0603142    0.0990832
   0.0568563     0.131452    0.0192451     0.138139
   -0.313674   -0.0672736     0.113061    -0.190826
   0.0537017    0.0443268   -0.0450544    0.0333911
   -0.166813   -0.0210875     0.109429    -0.172775
   -0.144579    0.0367949    0.0391515   -0.0872374
     -0.1401   -0.0151061   -0.0363734    0.0643189
  -0.0351732    0.0769909   -0.0591871   -0.0401545
   -0.326171   -0.0368487    0.0728546    0.0397502
   0.0358337    0.0891617  -0.00687041  -0.00855007
   -0.190766   -0.0912009    0.0251487   -0.0795891
   0.0571255   -0.0389725    0.0176357    0.0131645
    0.188339   -0.0297872   -0.0804738   -0.0135016
   0.0418885   -0.0369304  2.88046e-05   -0.0186322
  -0.0739094   -0.0807402     0.064273    -0.115582
   -0.089477   -0.0417658   -0.0400384    0.0377758
   0.0666743    0.0338094    -0.065172    0.0985517
    0.126612   -0.0291835  -0.00130805     -0.06245
    0.309191     0.112962    -0.116759     0.230221
   -0.315917  -0.00216879     0.126016   -0.0361101
  -0.0628326   -0.0278672  -0.00151027   -0.0631954
  -0.0284231   -0.0401365    0.0189242   -0.0221249
   0.0417578   -0.0676088   -0.0579592   -0.0173032
   -0.100902   -0.0598258    0.0309846   -0.0112574
   -0.221901    0.0436514     0.115821   -0.0883431
   -0.113934   -0.0435193    0.0869178   -0.0495845
  -0.0303241   0.00123842    0.0521179   -0.0350885
   0.0431545    0.0477762    0.0385301  -0.00976812
   -0.180422    0.0409701     0.104475   -0.0253928
    0.112825     0.101583   -0.0461921    0.0888295
   -0.206187  -0.00934231     0.147239    -0.103927
    -0.20181    0.0616664    0.0638241    0.0302969
   0.0149433    0.0149577   -0.0250071   -0.0887848
    0.242292   -0.0171677   -0.0746986    0.0477854
    0.070126     0.059127   -0.0417539    0.0185077
   -0.132189    0.0410434     0.117004   -0.0523509
   0.0229562     0.073466    -0.054117  -0.00659769
  -0.0687195   -0.0851728    0.0796706   0.00286396
  -0.0561891      0.05139   -0.0344205   -0.0200705
    0.153331   -0.0365676    0.0272831   -0.0148112
   -0.143892    0.0229467    0.0490474    0.0488278
    0.172077     0.132992   -0.0742642     0.147839
   -0.244247    -0.109422     0.113479    -0.118084
   -0.304357    -0.104013    0.0148125   -0.0993055
   0.0186012   -0.0567182   -0.0523988    0.0461445
    0.148611   -0.0132024   -0.0516191    0.0353082
   0.0415532    0.0299679   -0.0486075   -0.0285541
  -0.0572562    0.0322073    -0.074617     0.115241
  -0.0194919    0.0862267     0.039134     0.100814
    0.119342   -0.0491852  -0.00911069   -0.0589945
    0.104116   -0.0431279   -0.0702895  -0.00396873
   -0.118267    0.0009907   -0.0221072     0.115421
  -0.0597028    0.0191621   -0.0176466    0.0979957
    -0.13265   -0.0451019    0.0698721    -0.141762
   0.0814082    0.0573317   -0.0419444    0.0533012
   0.0440019  -0.00366947   -0.0100903    0.0580945
  -0.0455746    0.0312041   0.00258353   -0.0384646
   -0.134067    -0.039813     0.141183     -0.09207
   0.0300623  -0.00697105   -0.0143016   -0.0328965
  0.00740647    0.0426698   -0.0835768   -0.0178625
    0.162864   -0.0393459   -0.0206255  -0.00125353
    0.315788     0.116595   -0.0854254    0.0550768
   0.0311751   0.00485956    0.0764026   -0.0201198
   -0.103069   -0.0510701    0.0391852    0.0101959
    0.151139    0.0250554  -0.00604197   0.00203377
   -0.112679  0.000684458   -0.0297416   -0.0420535
  -0.0906431   -0.0791417    0.0112459   -0.0644887
   -0.112088    0.0650652    0.0686854    0.0684663
    0.149737    0.0373498   -0.0355829   0.00665239
    0.149961    0.0391484   -0.0385797    0.0137501
   -0.140055   -0.0987321    0.0909271    -0.120719
     0.10859  -0.00285638   -0.0692099     0.102516
   -0.251146    0.0365536      0.10048     -0.06263
    -0.25606   -0.0577199    0.0776502   -0.0486775
   0.0608852    -0.011134    0.0533407    -0.105492
   0.0198553    0.0302854   -0.0612986     0.068195
   0.0016975   -0.0592661   -0.0703973  -0.00828509
   -0.198404   -0.0511591     0.053593    -0.036685
  -0.0608916    -0.085313   -0.0158725   -0.0358005
   0.0380614     0.111159    -0.042849   0.00408533
   0.0160637   -0.0092955   -0.0416633   0.00202885
   0.0893846   -0.0268586   -0.0476768    0.0951853
   -0.146939    0.0262643    0.0654619     0.108054
   -0.112307   -0.0575125    0.0664832   -0.0248555
  0.00279423    0.0540169    0.0638442    -0.079831
  -0.0855539    0.0467297    0.0249374    0.0181686
  -0.0747763    0.0222756    0.0646294    -0.075462
   -0.104495    0.0326089    0.0947829    -0.011837
  -0.0670002   -0.0151662    0.0851454  -0.00902569
   0.0124364   -0.0442093   -0.0579002   -0.0023359
     0.24007    0.0147443    -0.060515     0.130918
   0.0316178    0.0343065   -0.0477785    0.0961927
   -0.356134   -0.0882339     0.188811   -0.0926206
   0.0332992  -0.00181102    0.0439125    0.0390383
   -0.208571    0.0345417      0.12112  -0.00597233
   -0.378683    -0.134193      0.11079    -0.153361
   0.0869044    0.0623803    0.0151492     0.109743
   -0.190027    0.0152708    0.0025143   0.00496347
   -0.173355    -0.133125    0.0646158    -0.111198
  -0.0975946   -0.0473262  -0.00326137    0.0431266
   -0.237149   -0.0223883    0.0702982   -0.0622058
   -0.223785    -0.130883    0.0917939    -0.172506