   0.0924952
   -0.141285
  -0.0830768
    0.108056
   0.0336069
   0.0874146
   -0.109091
   -0.106231
    0.205995
  -0.0770644
   0.0204127
   0.0389533
   -0.104402
   0.0208227
  -0.0696012
   -0.053209
   0.0442337
  -0.0141667
  -0.0340752
   0.0577604
   -0.114976
   0.0247722
   0.0970044
   0.0744104
    0.112314
   0.0555534
  -0.0651901
   -0.116056
  0.00969724
  -0.0578004
   0.0556231
      0.1654
  -0.0343014
   -0.150875
   0.0589492
-0.000608004
   0.0545148
    0.159656
   0.0751255
  -0.0819013
    0.105663
    0.058581
   0.0864565
    0.025128
   0.0171129
   0.0815308
  -0.0143352
   0.0273266
   -0.174945
   0.0273551
  -0.0324149
  -0.0490157
   -0.111829
   -0.103839
  -0.0524708
    0.118928
   0.0731829
    0.150454
   0.0721795
  -0.0302462
   0.0205309
   0.0297469
    0.154287
  -0.0531985
   -0.153077
   0.0527161
   -0.058551
     0.09528
    0.083531
   -0.044424
    0.102688
  -0.0641529
   0.0416116
  -0.0989012
   0.0633118
   -0.108729
    0.113622
   -0.124495
   0.0446159
    0.013019
    0.120613
   0.0130662
  -0.0355397
  -0.0655638
  0.00637495
  -0.0607724
    0.148428
  -0.0559195
  -0.0351279
   0.0642037
    -0.04708
   0.0292857
    -0.03741
  -0.0637305
  -0.0379407
   0.0122355
   0.0309933
  -0.0957168
  -0.0643013
  -0.0676414
    0.104399
  -0.0424275
  -0.0469411
  -0.0954303
   0.0175979
    0.164309
  -0.0296968
  -0.0672871
  -0.0467955
 -0.00738259
   0.0963587
  -0.0611528
   -0.147148
   -0.188569
   0.0971299
 -0.00758143
   0.0406397
  -0.0865933
  -0.0171074
   0.0485438
    0.217587
  0.00883233
   0.0138642
  0.00613735
 -0.00547839
    0.023814
   0.0144663
   -0.104479
   0.0183353
  -0.0675761
   0.0574214
  0.00327755
    0.163749
   -0.044558
  -0.0633255
   -0.117211
   0.0799187
 -0.00515508
  0.00668451
   0.0457265
   -0.117167
   0.0303393
  -0.0472085
      0.1125
   0.0296165
  -0.0475623
   0.0980606
   0.0644464
  -0.0183177
 -0.00140206
   0.0906644
   -0.111501
   0.0730851
  -0.0959618
  -0.0730897
  -0.0155371
  -0.0296076
  -0.0386507
  0.00850038
   -0.026817
  -0.0933746
   0.0364075
  -0.0244305
  -0.0929439
 -0.00670555
   0.0310591
  -0.0253771
   0.0120995
   -0.055419
   0.0695838
   -0.100047
   -0.125648
   0.0297017
    0.215191
  -0.0232724
   0.0322961
  -0.0415023
   0.0139494
   0.0854665
 -0.00535294
   0.0115245
   0.0130393
  -0.0480615
  -0.0460508
    0.113628
   0.0690206
  -0.0128887
  -0.0136508
  -0.0196844
    0.041802
   -0.081302
 -0.00593734
 -0.00471019
  -0.0988263
   -0.104705
  -0.0335599
   0.0623347
    0.108987
  0.00878228
   0.0136149
   -0.123272
  -0.0219274
  0.00544123
    -0.05875
    0.143729
   -0.111665
   -0.032417
   -0.109962
 -0.00689298
   0.0291756
 -0.00333864
   0.0427072
   -0.121072
  -0.0513808
    0.102244
    0.157128
    0.164908
  -0.0986139
    -0.11143
   0.0442863
  -0.0194858
  -0.0024862
 0.000446259
  -0.0392927
   0.0528929
  -0.0184163
  -0.0158202
 -0.00316716
   0.0162656
   0.0427862
   0.0160986
   0.0811344
  -0.0451874
   0.0681587
   0.0401465
   0.0709679
  -0.0576682
    0.170884
  -0.0282719
  -0.0262045
  -0.0807915
 -0.00671594
   0.0127924
    0.174203
  -0.0805333
    0.049888
  0.00874638
  -0.0422892
  -0.0916772
  0.00768682
   0.0855103
    -0.18629
   0.0366946
  -0.0561168
   0.0218689
   0.0532223
   0.0318952
   0.0443628
  0.00436654
   0.0364918
   0.0533504
   0.0469431
    0.014262
   0.0867972
   0.0149944
  -0.0282694
   -0.126296
    0.106556
   -0.143598
    0.187189
   0.0862372
 0.000363305
   0.0821468
   0.0853093
    0.109666
   0.0201736
   0.0221226
   0.0914767
    0.058231
   0.0165112
   0.0749622
  -0.0321066
   0.0504401
   0.0196007
   0.0301413
  -0.0316703
   0.0375651
   0.0214213
   0.0910664
   -0.108922
   0.0468496
  -0.0243953
    0.118244
   0.0207148
   0.0181306
  -0.0744069
    0.029746
   -0.141812
   0.0123133
   0.0507868
   0.0701616
    0.035476
   -0.047191
   -0.128085
  0.00629964
   0.0332167
  -0.0500989
    0.131978
   0.0415004
  -0.0435533
 -0.00987426
    0.177896
   0.0925995
   0.0301156
  0.00349594
   0.0563047
  -0.0240775
   0.0266865
   0.0749633
  0.00841361
  -0.0293165
   -0.116916
  -0.0520862
     0.11282
   -0.031527
   -0.114361
   -0.061465
    0.126345
  -0.0696392
  -0.0667165
   -0.121612
  -0.0293028
    0.113574
  -0.0211241
    0.150427
 -0.00839571
   0.0040259
  -0.0855881
  -0.0139081
   0.0294954
  -0.0255742
  -0.0712185
    0.104968
  -0.0322061
   0.0173119
   0.0485963
 -0.00737442
  -0.0300257
   0.0592005
   0.0105791
    0.118625
  -0.0809041
   0.0221994
   0.0955251
  -0.0472164
  -0.0395685
   0.0180811
   -0.117182
    0.129624
  0.00866973
    0.077308
  -0.0710254
   0.0203216
   0.0735016
   0.0198865
   0.0475435
  -0.0253848
  -0.0401038
   0.0142478
  -0.0417455
  -0.0336197
  -0.0439829
    0.170509
   0.0647925
  -0.0748372
  -0.0173808
   0.0616771
   0.0446797
   0.0498524
   0.0937684
  -0.0135781
   -0.133877
    0.175505
  -0.0780106
  -0.0192373
    0.121151
    0.030759
   0.0426844
 -0.00729188
   0.0356305
   0.0101802
    0.167511
  0.00237148
   -0.130094
  -0.0652015
    0.108166
  -0.0539032
   0.0227343
  -0.0450345
    0.106607
    0.102311
  -0.0294875
  -0.0498283
   0.0191061
    0.221884
   0.0390756
     0.11094
  -0.0136245
    -0.06613
  -0.0721923
  -0.0857531
   -0.118664
  -0.0120554
    0.100426
  -0.0786846
 -0.00123515
    0.162856
   0.0145438
   0.0187248
   0.0990762
   0.0137308
   0.0127527
   0.0671005
    0.102688
  -0.0152449
    -0.07908
  -0.0348892
  -0.0817971
  0.00751833
   -0.219122
  -0.0237637
  -0.0387493
    0.056153
   0.0409577
   0.0915271
   0.0812248
   0.0288662
  0.00233055
    0.118907
   0.0698873
  -0.0643873
  0.00784391
    0.131599
  -0.0336486
    0.186153
  -0.0128254
   0.0787818
   0.0857541
  -0.0219531
   0.0214371
   -0.055837
   0.0833257
  -0.0218282
   -0.070631
 -0.00128266
  -0.0796878
     0.10654
  -0.0188959
  0.00956498
   0.0609647
   0.0702075
   0.0755214
     0.00702
  -0.0487374
    0.113349
   0.0329264
 -0.00122684
    0.128719
   -0.145084
   0.0623414
    -0.03261
  -0.0669525
   0.0360149
   0.0402684
 -0.00648271
   0.0865925
  -0.0349937
    0.117962
   0.0639564
   0.0932549
   0.0177502
  -0.0526261
    0.107956
 -0.00846558
   -0.151885
 -0.00343874
   0.0666017
    0.175939
   -0.189832
     0.11171
    0.023988
   0.0274175
  -0.0756262
  0.00231107
    0.179891
  -0.0593833
   -0.029458
  -0.0894863
  0.00341034
  -0.0850772
   -0.226831
    0.197592
  -0.0323857
   -0.184483
  0.00118792
     0.10919
   0.0506975
   0.0865439
  -0.0312165
  -0.0191988
   -0.115273
    0.052563