    2.01922
    2.18856
   0.660854
    2.33881
     1.0029
  -0.632539
  -0.192926
  -0.619062
  -0.685408
     1.0248
  -0.630195
  0.0906282
   -0.77164
  -0.472614
   0.159236
  -0.605691
  -0.344013
  -0.623958
  -0.132332
  -0.632614
  -0.626366
   -0.42194
  0.0712602
   -0.62853
  0.0304276
   0.232628
  -0.667187
   -0.65893
   0.300148
    1.82403
    1.20335
    2.21874
  -0.111119
  -0.375945
   0.751226
   0.317413
-0.00955016
  -0.302355
  -0.224407
  -0.360169
  -0.174637
  -0.255107
  -0.224035
  -0.392745
    -0.4109
  -0.139642
  -0.118478
  -0.427517
  -0.417384
  -0.343077
   -0.55051
   0.320574
  -0.552068
  -0.417119
    1.41453
    1.67606
    1.46867
    1.14867
   -0.34162
    1.49615
  -0.571812
 -0.0935519
 -0.0140884
  -0.437202
  -0.373079
  -0.567596
  -0.522522
  -0.598622
  -0.530119
 -0.0459904
  -0.131376
 0.00904794
  -0.540211
  -0.657465
  -0.563532
  -0.507291
  -0.583436
  -0.572797
  -0.486547
  -0.676369