    -0.16808       0.3147    0.0667327     0.294837
   -0.209582     0.281871    0.0325636     0.169957
   0.0404955      0.23475     0.225986    0.0186931
    0.390738    -0.736537     -0.49713    -0.584371
   0.0121025    -0.232347   -0.0222598  -0.00334661
  -0.0802113   -0.0172078   -0.0416426    0.0755707
   0.0673124     -0.29717    -0.143082    -0.239055
    0.148961    -0.267747    -0.250759    -0.254142
  0.00536686     0.192449     0.174694    0.0174183
   -0.129019   -0.0167154   -0.0275663    0.0793188
   0.0537227     0.331594     0.351724    0.0392032
    -0.11534   -0.0200351    0.0399174     0.128436
   -0.181935    0.0628328    0.0641876     0.166859
    0.120167     -0.18044   -0.0726304    -0.130538
   0.0365438    0.0327884    0.0429046   -0.0682817
   0.0127175    0.0315924  -0.00767519   -0.0407739
   0.0535979  -0.00479817   -0.0415997    -0.155691
   0.0768287    -0.094369    0.0199948    -0.198838
   0.0219292    -0.160625   -0.0856222    -0.163225
   0.0369041     0.125908    0.0821316    0.0293846
   0.0621289    -0.181136    -0.259882   -0.0645163
  -0.0158906     0.142512     0.167218    0.0819771
  -0.0735453   -0.0621634   -0.0712019    0.0754268
   -0.153778    0.0391165   -0.0344913     0.239334
  -0.0839006    0.0189009   0.00368396     0.192283
   0.0693526     -0.13015    0.0221473   -0.0574502
   0.0172804    -0.260027    -0.117366    -0.191114
   0.0517203     0.172211     0.326027   -0.0548219
   -0.052455     0.160923     0.102566    0.0691672
    -0.23242     0.144871   -0.0928528     0.354838
   -0.045296     0.188986     0.216065    0.0105743
   0.0473176     0.373218     0.200914    0.0150622
  -0.0304863    0.0731234     0.207875   -0.0260687
    -0.23302     0.331446     0.256336     0.326485
   -0.043477   -0.0683512    -0.194614    0.0822777
   0.0677038    -0.213581   -0.0914483   -0.0177452
   0.0530395   0.00556779    0.0870068    -0.051174
  -0.0891787     0.147385    0.0310501    0.0307012
  -0.0623118     0.201001     0.173368     0.109908
 -0.00994288     0.030788   0.00431686    0.0356587
   0.0412766    -0.252313    -0.200968   -0.0568383
    0.126312    0.0397553     0.107454   -0.0116339
    0.148493    -0.264381    -0.162934    -0.192209
    -0.11382     0.003918    -0.051331    0.0584202
   -0.240784     0.148493    0.0399654     0.224342
  -0.0241563    0.0471591     0.130223   -0.0363814
   0.0334324    0.0289121    0.0637497    -0.132857
  0.00495034     0.141508     0.228647   -0.0648286
  -0.0144925   -0.0360471     -0.10884   -0.0616122
   0.0146575    -0.200768    -0.138916   -0.0630698
   0.0771504   -0.0292863    0.0299923   -0.0864873
   -0.107102   -0.0173124    -0.048944      0.10735
   -0.167759      0.18852   -0.0112571     0.167502
  -0.0239837   -0.0223486     0.053788   -0.0256633
   -0.160139     0.400129     0.204556     0.258492
   0.0583155    -0.141166   -0.0643354     -0.11694
   0.0477478    -0.022084    0.0480492    -0.123223
    0.164175   -0.0548285   -0.0515563    -0.134835
   -0.027608   0.00138132     0.104064   -0.0124313
 -0.00871516     0.133975     0.124111    0.0361534
   -0.038324    -0.083743   0.00935186   -0.0480939
   0.0494601      0.34888     0.387827   -0.0643457
   0.0220183    -0.184611    -0.207607    0.0479206
   0.0743362    -0.265473     -0.25366    -0.107267
 -0.00550685    -0.101506   -0.0730541   -0.0112112
  -0.0256007   -0.0246412   -0.0902012    0.0211784
   0.0951645    -0.102215   0.00614419    -0.150641
   -0.081679     0.324904     0.272259      0.18843
  -0.0607731   -0.0624952   -0.0752026   0.00966346
    0.164341    -0.301085    -0.147144    -0.241141
   0.0448277     0.385365     0.161325    0.0862143
   0.0373588    -0.260971     -0.15763    -0.170805
  -0.0208799     0.176761    0.0140972    0.0641362
   -0.042282   0.00336155   -0.0217812    0.0265767
  -0.0378611   -0.0483861   -0.0580851  -0.00330871
   0.0651378   -0.0044187   -0.0469272   -0.0667949
  -0.0351901   -0.0164139    0.0321791    0.0209675
 -0.00239599    -0.255657    -0.272185    -0.115563
   0.0391322   0.00616775    0.0234776   -0.0714458
   0.0378719     0.227276     0.182034    0.0481324
   -0.187628    -0.110411   -0.0337044     0.111749
  -0.0499852    -0.139689    -0.183049     0.010417
 -0.00828808     0.166857    0.0045157     0.111111
    0.110659    0.0705731    0.0718577    -0.118157
   0.0214334    0.0252922    0.0818429   -0.0997239
   -0.240412     0.292968    0.0199155     0.351765
  0.00911298   0.00105679     0.117131    0.0178108
    0.111675   -0.0691853    0.0538652     -0.14233
  -0.0741146    -0.105435    -0.153595   -0.0571544
   0.0441151    -0.392889     -0.39182    -0.183615
  -0.0203333   -0.0177809    0.0816384   -0.0695758
   -0.145567     0.596455     0.530583     0.380518
   0.0134098     0.252252      0.38752    0.0130896
   0.0510479     0.298013     0.255428    0.0774021
    0.172006    -0.108861    0.0759177    -0.123836
  -0.0631623     0.123784     0.310486    0.0396918
    0.255884    -0.310258    -0.163529    -0.406471
   0.0546935    -0.255583    -0.260928    -0.252776
    0.158715    -0.176524     0.141252    -0.219324
    0.103295    0.0676558    0.0928486    -0.149079
    0.137861    -0.378971    -0.319849    -0.196194
  -0.0158803    0.0916922     0.315173    0.0117771
  -0.0626317     0.108682     0.138074     0.149179
   0.0133868    0.0864784     0.149467    0.0770635
   0.0958736     0.119791   0.00987661   -0.0103277
   0.0252224     0.189544    0.0725252    0.0319777
    0.124983    -0.119279   -0.0509152   -0.0825887
    0.076802   -0.0978769    -0.110735    -0.164343
  -0.0082094   -0.0641328   -0.0971625    0.0743976
 -0.00811396     0.160704      0.23542    0.0219535
  -0.0862781     0.168781    0.0270138  -0.00241297
   0.0593486  -0.00412495     0.021562    -0.209754
  0.00888811   -0.0855427    -0.121819    0.0227945
    0.108037   -0.0428839   -0.0013059    -0.193205
   -0.390191    0.0360069    -0.347159     0.380101
  -0.0234512   -0.0675376   -0.0227553   -0.0936564
   -0.081091   -0.0373529   -0.0820114     0.169732
  -0.0228751    -0.118566  0.000589331   -0.0342028
   0.0616803    -0.183588   -0.0266072  -0.00440408
  -0.0162101    -0.192121    -0.128387   -0.0743616
   0.0115761    0.0976694    0.0615027    0.0393587
   0.0103497   -0.0954239     -0.13139    -0.152463
    -0.16148     0.157759    0.0320613     0.223061
   0.0390559     0.193078     0.334284   0.00683612
    -0.19088     0.509096     0.347715     0.218997
  -0.0381429     0.209348     0.160588    0.0727612
  -0.0510597     0.410262     0.483982     0.201818
   0.0369443    0.0368479     0.123431   -0.0561452
  -0.0103067    -0.256673    -0.185333   -0.0275871
    0.202258      0.14492      0.14525    -0.100082
   0.0897644     0.205039     0.143252   -0.0630419
  -0.0276818     0.010354   -0.0691571    -0.100544
  -0.0395952    -0.213381    -0.113145    0.0499479
  -0.0521933     0.135813    0.0746319    0.0315278
   0.0205354      0.10384    -0.114026   0.00740819
  -0.0108615     0.190327     0.157703    0.0955571
  -0.0748725    -0.101394    -0.153372   -0.0176427
  0.00854677     0.371944     0.328468       0.1964
   0.0458393   -0.0777475    -0.102633   -0.0583716
   -0.139699     0.215488     0.142691     0.236472
   0.0612324     0.155845    0.0793688    0.0707912
    0.193818    -0.378303    -0.253545    -0.188632
   0.0355311    -0.272565    -0.118066    -0.166127
   0.0324041   -0.0353289   -0.0436552   -0.0291954
  -0.0879485     0.252868    0.0470587    0.0386624
   0.0329711     0.122269     0.114513  -0.00554924
 0.000484056   -0.0782365   -0.0314814     -0.10395
   0.0478888    0.0483195     0.116235   -0.0990441
  -0.0225779    -0.142598    -0.259624   -0.0603614
   0.0668669     0.215566     0.323426   -0.0654015
  -0.0591456     0.116622     0.077143   -0.0160487
    0.078054    -0.105458   -0.0724187   -0.0976548
   -0.299751        0.167    0.0958289     0.234035
   0.0869704     0.216761     0.169136    0.0253717
  -0.0141372     0.110148   -0.0146818   0.00696583
   -0.185092     0.469928     0.216172     0.397225
  -0.0850923    0.0359047     -0.09921     0.159998
  -0.0887758   -0.0647176   -0.0266418    0.0487815
  -0.0666132     0.300929     0.245037     0.159943
  -0.0747507   -0.0434274    0.0308416    0.0188527
   0.0358972   -0.0656005    -0.119049   -0.0673069
   -0.135186    0.0543728   0.00183097    0.0653724
   0.0970857    -0.268946    -0.113714    -0.261297
  -0.0687709    0.0994247  -0.00512942     0.173631
  -0.0197143     0.056339   -0.0573938     0.183391
   -0.283684     0.031628    -0.133864     0.303225
   0.0512411    -0.145468    -0.157981    -0.104202
  -0.0226237    0.0698114    0.0796662    0.0314814
   0.0699181   0.00710504    0.0788343  -0.00413401
   -0.032569    0.0523366   0.00159225   -0.0301692
  -0.0308191   -0.0200269    -0.072823     0.054858
   0.0171589    -0.293144    -0.245258    -0.131082
   0.0574483   -0.0749355    0.0791712   -0.0237513
  0.00215744     0.204553      0.28435   -0.0592729
  -0.0157912    0.0379121     0.076236   -0.0402548
  -0.0157106   -0.0190564     0.030453   -0.0943872
   0.0171082    0.0369856     0.039166    0.0144255
  -0.0475318    0.0287869    0.0449566    0.0883337
    -0.10461      0.15563    0.0561976     0.155089
   -0.023157   -0.0443608     0.142971   -0.0782521
   0.0766952   -0.0542636    -0.189149   -0.0416195
   0.0276155    0.0825985   -0.0142009    -0.144503
   0.0152523     0.442591     0.216491     0.131377
  -0.0114312   -0.0805858    -0.215375     0.131442
  -0.0892398   -0.0933832    -0.187028   -0.0401401
  -0.0402543     0.119099   0.00232306    0.0843255
  -0.0990969   0.00691894   -0.0516844  -0.00753902
   0.0020608   0.00762306    -0.102041    0.0601642
   0.0262776    0.0587521     0.076692   -0.0257455
   0.0154241  -0.00922353    0.0725029    0.0318875
   0.0478157    0.0644104    -0.106894    -0.038923
    -0.06194     0.054084    0.0740154   -0.0322162
   0.0484668    0.0804778    0.0169491    0.0576753
    0.128651     0.119669     0.220549    -0.156859
   0.0394374     0.294065     0.273154   -0.0630482
    -0.11906    0.0399198   -0.0198735     0.124248
  -0.0081815     0.188677  -0.00898719     0.069076
    0.155762    -0.201202    -0.064748    -0.154661
   -0.112548     0.239356   -0.0364289     0.201946
   -0.119633   -0.0124657    0.0115131    0.0772147
  -0.0894037     0.118779   -0.0116159     0.221229
  0.00413251    -0.109889   -0.0405807   -0.0729234
  -0.0216832  -0.00466353   -0.0542492     0.149298
   0.0154188   -0.0570685    -0.123301  -0.00540574
   0.0331902  6.07142e-05   -0.0106862   -0.0450035
    0.249181    -0.662326    -0.530275    -0.530257
   -0.103928     0.104582   -0.0792063     0.200912
   -0.131777    -0.287269    -0.236877   -0.0735054
   0.0122443    -0.243572    -0.189792   -0.0661906
  -0.0376927  -0.00340053     -0.20971   -0.0381456
    0.117072    -0.167804   -0.0318327    -0.191741
  -0.0962172    0.0540774   -0.0271277    0.0306652
   -0.170359     0.416412      0.15633      0.25934
   0.0375375   -0.0982406   -0.0430204   -0.0793024
   0.0846098     0.146659    0.0936797     0.140565
    0.153809     0.134729    0.0740081   -0.0145585
 -0.00351835    0.0769036   -0.0460792    0.0386681
 -0.00253498   0.00938463   -0.0411138    -0.057273
    0.078441   -0.0624244   -0.0450315    -0.116408
   -0.033569   -0.0375677   -0.0713242     0.116831
   0.0188199   -0.0419729   -0.0607317  -0.00930564
   0.0365316    -0.421931    -0.305937    -0.201652
   0.0776172    0.0214273    0.0703257    -0.139539
  -0.0350636    -0.020991    0.0131324   -0.0211685
    0.163641    -0.014576    0.0509939   -0.0502921
  -0.0520976     -0.13712    -0.158504    -0.106596
    0.148924   -0.0819568    -0.118091    -0.117776
   0.0410195   -0.0456657    -0.104598    -0.132969
   -0.013409   -0.0334947   -0.0102697    -0.045564
 -0.00865486     0.034509   -0.0336724   -0.0310791
   0.0370899    0.0596583    0.0846017    0.0167532
   0.0308244   -0.0105688    0.0262268     -0.10741
   0.0233864    -0.332761    -0.143108   -0.0998874
   0.0441199   -0.0243065    0.0664027   0.00590138
    0.101558    -0.448331    -0.494864    -0.210356
   0.0794466    -0.334373    -0.133041    -0.211442
   0.0989187    0.0744259     0.228576   -0.0949507
  -0.0185417    0.0217641    0.0379193   -0.0907919
   0.0102948    0.0392976     0.135179    0.0164745
   0.0327395     0.168033   -0.0526221    0.0348849
   -0.125796      0.13774   -0.0171218    0.0846212
  -0.0388648     0.108529     -0.10041    0.0901019
  -0.0202653   -0.0374464   -0.0896035   -0.0293064
  -0.0831986   -0.0258218    0.0415455    0.0126905
   0.0257672     -0.17425    -0.210567   -0.0854116
  -0.0221258   -0.0982421    -0.182842     0.119632
    0.142785   -0.0485122     0.147522    -0.110056
  -0.0739732   -0.0495315    0.0445546   -0.0797061
   0.0071419    0.0702911     0.048072   -0.0444618
   0.0021982    0.0396062    0.0422428   -0.0203623
   0.0613291    -0.148555    0.0353039   0.00329829
   0.0307109   -0.0958071   -0.0518961    0.0341036
  -0.0379074     0.248011     0.198509    0.0635523
  -0.0218178  -0.00852464   -0.0604762    0.0400744
    -0.20623    0.0738538  0.000781673     0.219268
   -0.134221    -0.116899    -0.230051    0.0167175
  -0.0831902    -0.137304    -0.201855   -0.0273222
  -0.0506374     0.028238    0.0586224   -0.0357216
    0.105238    -0.149772   -0.0925715    -0.174135
  0.00674586     0.145851     0.149457     -0.01068
   0.0284996    0.0700871   -0.0014324   0.00374149
   -0.197276 -0.000286593    -0.160305     0.159727
  -0.0574386   -0.0451278   -0.0963897    0.0969702
  -0.0809842    0.0331147     0.084973   -0.0513458
  -0.0280089     0.097735     0.120884    0.0463349
   0.0349299     -0.23357    -0.245184    -0.205274
 -0.00317049    0.0534905   -0.0246962  -0.00736909
  0.00191581      0.05463   -0.0338464    -0.131492
   -0.103884  -0.00976232   -0.0229769    0.0123854
    -0.12473    -0.249086    -0.233303   -0.0349809
   0.0263135   -0.0263157    0.0460354   -0.0321857
 -0.00123824   0.00516025   -0.0895932   0.00833086
  -0.0527499    -0.111954    -0.125148     0.013949
   -0.140172     0.161116    0.0702621     0.219064
  -0.0834419     0.106417    0.0835874     0.110601
  -0.0185337     0.190118     0.186793     0.103538
   0.0797486  -0.00976502     0.043509   -0.0341452
   0.0533934     0.155778     0.119512    0.0164614
  -0.0783391     0.114185    0.0843433    0.0631267
    0.024657   -0.0794868   -0.0363595   -0.0042169
   -0.098132    -0.223364    -0.222241    -0.115607
  -0.0885108   -0.0689978   0.00764279   -0.0870967
  -0.0213308   0.00628039    -0.019761   0.00538033
    0.117208    -0.179583   -0.0835428    -0.195417
    0.121723     0.121602     0.275216    -0.130439
   0.0899049   -0.0982073    -0.107282    -0.203251
   0.0637127    -0.111649    0.0587742   -0.0485567
   0.0592438     -0.26402    -0.286911    -0.128242
   0.0383784    0.0473896    0.0108772   -0.0339878
   0.0165311     0.241251     0.194721    0.0857428
    0.111895   -0.0151466     0.288013    -0.145314
   0.0409781    -0.128861    0.0463637    -0.105598
   0.0598707    -0.135974    -0.141444   -0.0712169
   0.0671927    0.0453239     0.101584   -0.0760371
  0.00969804    0.0955862  -0.00135203   -0.0735606
  -0.0170616    0.0627735    0.0604357     0.105329
    0.013775    0.0227617   -0.0836422  -0.00902108
  0.00493967     0.147313    0.0996567    0.0910871
   0.0415888    -0.197166    -0.119842    -0.150331
   0.0705204    -0.116215   -0.0389584    -0.157442
   0.0808528     0.028659    -0.169194   -0.0289505
  -0.0274984     0.101752   -0.0690517    0.0571652
  -0.0390992     0.156552    0.0968707     0.100055
   -0.230177     0.297964  -0.00517653     0.289477
   0.0564246   -0.0173447     0.084091   -0.0950132
  -0.0417279   0.00723826   -0.0494255    0.0722764
    0.278312    0.0508254    0.0725606    -0.237386
    0.133353    -0.283728    -0.207485    -0.104519
  -0.0327259   -0.0362996   -0.0378927    0.0404916
    0.060987    -0.143937     -0.12799    -0.129131
    0.088002    -0.209165    0.0479113    -0.126159
   0.0438724    0.0777821     0.009296   -0.0205703
   0.0630169    -0.180164   -0.0298642    -0.206986
    0.011478    -0.145612    -0.213518   -0.0785541
   -0.022785  -0.00846348  -0.00640738     0.076666
   0.0281519     0.104803     0.159214   0.00495935
   0.0525936     0.194264    0.0787564    -0.026169
    0.160402   0.00767677     0.180316    -0.173301
   0.0091699    0.0431262   -0.0766277   0.00904448
   -0.054709     0.156975     0.137539    0.0593178
   0.0249242   -0.0358234    0.0474731   -0.0685897
  -0.0903317      0.19907   -0.0244813     0.108047
 -0.00157032   0.00180704    -0.103634   0.00545073
   0.0569713      0.10286     0.043426   -0.0101343
   0.0188689     0.193883     0.141215    0.0499106
    0.135065    0.0602009     0.177166    -0.124808
  -0.0286611   -0.0370621    -0.184255    0.0476875
    0.148748    -0.426209    -0.145434    -0.305343
   0.0551618    0.0184803    0.0803266    -0.155763
  -0.0736011   -0.0423107   -0.0159422   -0.0491431
   0.0452342    -0.109445   -0.0268794    -0.045707
   0.0188499    -0.129729   -0.0762564  -0.00668857
  -0.0802455     0.134203    -0.150057     0.171566
   0.0727152    -0.361552    -0.177656    -0.240073
  -0.0128796    0.0389067   -0.0698903   -0.0426637
   -0.144123     0.245298   -0.0219574     0.152912
    0.116333   -0.0271246   -0.0368855    -0.114109
    0.116102     0.012138     0.035859     0.024874
   0.0178197   -0.0129045   -0.0978021    -0.179106
   0.0571137    0.0283208    0.0127835   -0.0170645
    0.120591      -0.1638   -0.0844308    -0.279176
   -0.126835   -0.0428482    -0.160031     0.105481
   0.0525684    0.0788106   0.00197781  0.000215839
    0.138272    -0.136629   -0.0963365     -0.10482
    0.075045    0.0147237    0.0988095    -0.180684
  -0.0606111    -0.270497     -0.31684    -0.155565
   -0.142954     0.180048    0.0269574     0.102126
   0.0719304   -0.0306142    0.0232879    -0.125572
  -0.0112319    0.0425578    0.0716628  -0.00289601
   0.0420511    -0.446104     -0.19502    -0.211084
     0.06668   -0.0464294   -0.0319918   -0.0236918
  -0.0628542    -0.209201   -0.0449999    -0.105315
       0.198   -0.0708925    0.0782615    -0.254763
   0.0558414     0.136184     0.209838   -0.0846698
 -0.00264316    -0.159371   -0.0875692   -0.0733958
  0.00340563   -0.0155778     0.106776   0.00218687
  -0.0871142   -0.0193705    -0.175745     0.103226
    0.131697   -0.0517984   -0.0811341    -0.212172
     0.11063   -0.0329014    0.0315819    -0.153417
 -0.00996902   -0.0901661   -0.0374409    0.0258488
   0.0511386     0.139987     0.188301   -0.0320776
   0.0105661     -0.13196    -0.175178    0.0247713
  -0.0692335       0.2693     0.297716     0.243522
   0.0298746   -0.0550474    0.0620448    -0.140135
   0.0539025    0.0788852     0.141229   -0.0891225
   0.0392591    -0.150763    -0.051253    -0.107703
    0.103457    -0.110846   -0.0268169    -0.181866
   0.0248708    0.0139958    0.0379003   -0.0663942
  0.00947186    -0.215242    -0.133558   -0.0859371
 -0.00465718    -0.128249    -0.153757   -0.0707557
   0.0275177   0.00863385    0.0558633   -0.0747601
  -0.0163287    -0.100914   -0.0543116    0.0193337
   -0.116146     0.089529    0.0560443    0.0901984
   -0.117422       0.1216    0.0397004    0.0175293
  -0.0619466   -0.0523447    -0.153945    0.0298767
   0.0131173   -0.0906787    -0.154246    -0.149976
  0.00132518    0.0492596     0.197014  0.000720993
  -0.0813215     0.373317     0.263733     0.270182
   -0.116214    0.0304999    0.0552062     0.127218
  -0.0197654   -0.0706341   -0.0893981     0.071301
  0.00873312   -0.0818784   -0.0169337   -0.0373281
   -0.022833    -0.188517    -0.146236    -0.138437
   0.0520276     0.143518    -0.140856   0.00323605
    0.131041    -0.339756     -0.19062    -0.194312
   -0.110956      0.07416    0.0426747     0.102376
  -0.0760107    0.0997078   -0.0555461     0.180373
   0.0971746    0.0149166    0.0691371    -0.135241
  -0.0697805     0.223499    0.0979415     0.158011
   0.0504642    -0.040346    -0.139276    -0.117109
   0.0425017     0.267259     0.111816     0.131634
  0.00756853   -0.0655374    -0.152168    -0.154777
    -0.32228     0.217993    0.0349497     0.359033
   0.0198617  -0.00801055    0.0473732   -0.0420522
   0.0556583   -0.0155549   -0.0998079   0.00607223
  0.00298068    0.0760548      0.12449     0.075423
    0.139441    -0.116723   0.00987104    -0.290942
  -0.0466542    -0.105298   -0.0769478    0.0692867
    0.159396    -0.349999   -0.0935776    -0.394979
  -0.0519034    0.0513772    0.0811982     0.035753
   0.0288705    0.0441493    -0.121639    0.0579648
   0.0640633    -0.142483    -0.224147   -0.0225315
   -0.115933     0.148066      0.17563      0.12945
   0.0359021    0.0422052     0.201249    0.0182483
   -0.027535     0.253745    0.0680372     0.169624
   0.0040109     -0.27292    -0.100999    -0.203042
  -0.0768882      0.11015     0.126017     0.159741
  -0.0659153    -0.100381    -0.188931   -0.0240134
   0.0673264    0.0496841    0.0581856   -0.0359156
   0.0443543   -0.0273835   0.00868287   -0.0514173
   -0.130602      0.31028     0.175632     0.260366
   0.0659065    0.0399956   -0.0268215    0.0405653
  -0.0429527    -0.142235   -0.0377895     -0.14216
   0.0902429   -0.0873592   -0.0330284    -0.143724
   0.0403185   -0.0273164   -0.0503307  -0.00794374
  -0.0209424    0.0108584     -0.15254 -0.000769526
  -0.0921266     0.105414    0.0485158     0.122751
 -0.00426109     0.110025    0.0178186     0.106178
    0.138561   -0.0485396    -0.110328    -0.137617
    0.120695   -0.0952786   -0.0019278    -0.203049
   -0.102059     -0.16529    0.0138932    0.0288328
   0.0325702     0.129217    0.0175126    0.0444608
   0.0604619       0.1811     0.205582    0.0425498
   0.0405085     0.112992     0.218148   -0.0510025
   -0.149338     0.224693    0.0473667     0.292789
   -0.210539     0.632176     0.428645      0.40662
    0.178118    0.0242176    0.0708104    -0.167814
  -0.0875976    0.0598914     0.075055   -0.0472975
  -0.0299117     0.061549   -0.0082836    0.0811519
   0.0168748   -0.0213277    -0.138916    0.0424393
   0.0316579     0.133873     0.174414    0.0248889
    0.117677    -0.387326   -0.0574343    -0.323409
   0.0328357    -0.130479   -0.0457119   0.00463446
    0.067509    0.0649975    0.0350162   -0.0583214
   -0.216825   -0.0937233    -0.105362     0.102937
   0.0336725     0.348639     0.312468     0.125325
  -0.0151165    0.0707683     0.107516    0.0213553
   0.0648498    0.0961297     0.117254   -0.0877846
   -0.158074     0.249394     0.133389     0.242765
   0.0964528     0.190504     0.130017   -0.0154481
   -0.157368    0.0445794   -0.0948284    0.0652221
   0.0114568     0.111614    0.0374132     0.117645
    0.142376   -0.0834828   -0.0515578    -0.223509
  -0.0270894    -0.103829    -0.237554   -0.0673764
   -0.153701    -0.057349   -0.0680854    0.0974275
    0.114461    -0.251849   -0.0983548    -0.167386
    0.101256  -0.00621567     0.129391     -0.20657
   0.0999001    -0.256753    -0.245661    -0.213808
    0.132275    -0.246805    -0.180647    -0.162304
   -0.105118     0.178984     0.232882     0.064693
   0.0231578    -0.116725    -0.149763    -0.122273
  0.00867277     0.017676   -0.0923082   -0.0510071
  -0.0397919     0.313002    0.0660075     0.202888
   0.0293123     0.036678    0.0780593    -0.124159
  -0.0442037    0.0187606   -0.0986203   -0.0604497
  -0.0024334   0.00350354    -0.101946   0.00295335
  -0.0445397     0.168883    0.0872672     0.118561
   0.0736229   -0.0933178   -0.0846593   -0.0855283
   0.0785553    -0.160823    -0.201277   -0.0300432
  -0.0147758   -0.0837317   -0.0358292   -0.0550134
   0.0196786   -0.0172363    0.0768285    -0.122663
  -0.0237997     0.197961     0.177796    0.0150245
    0.137342    -0.414451    -0.383687    -0.261094
   0.0333966    -0.198138   -0.0406673    -0.140017
     0.10918    -0.180096    0.0168148   -0.0259212
   -0.111257     -0.21018   -0.0611125     0.003285
  -0.0763068    -0.132599    -0.122787     0.110787
    0.131603     0.110248      0.19309    -0.126025
-0.000274413    -0.202676    -0.289866    -0.125154
    0.207636    -0.170555    0.0234006     -0.29684
    0.096934    0.0157754  -0.00727641   -0.0128618
 -0.00268987     0.169263     0.227493     0.064291
   0.0614714   -0.0375924    -0.071491    -0.136772
 -0.00424499    -0.182486    -0.120535    -0.112537
  -0.0496721     0.105279    0.0667744    0.0237552
  -0.0413543   -0.0454434   -0.0128393   -0.0903576
  -0.0400782     0.155164     0.115647   0.00368401
   0.0723074    0.0779147     0.197146   -0.0890473
  -0.0866824    0.0614388    0.0238818     0.123954
   0.0736553     0.227287     0.111123    0.0560554
  -0.0892504    0.0132921   -0.0200611    0.0256213
   -0.103929   -0.0417199   -0.0236363    0.0326482
    0.127783    0.0182042  -0.00968674   -0.0894925
   0.0965226    0.0472321     0.178829   -0.0405183
  -0.0235734    -0.138339    -0.168103   -0.0507758
-0.000493367     0.207576     0.132396     0.037122
   0.0998451    -0.200123   -0.0100257    -0.180028
   0.0843606    0.0854901     0.209479      0.01672
   0.0124155   -0.0452667   -0.0118248   -0.0551253
   -0.175783     0.492715      0.20937     0.267227
   0.0409608   -0.0958048   0.00352378    -0.119388
  -0.0516947    0.0761551     0.113472   -0.0311776
   0.0119487   0.00498142  -0.00629448   0.00684413
   -0.106109     0.320613     0.203551     0.123046
    0.121372      0.11179   -0.0531559    -0.019265
   0.0663818     0.196369    -0.119308    0.0144238
     0.17506    -0.359591    -0.132253    -0.284117
   0.0479406   -0.0130527    0.0706483    -0.186229
    0.107235    0.0416916     0.157269   -0.0881715
   0.0711321    -0.264803    -0.445596    -0.103281
    0.147052     -0.14608   -0.0591474    -0.154839
   0.0586545    0.0137319   -0.0432696   -0.0162932
   0.0982935     0.241672     0.184403   -0.0310622
   0.0181264   0.00261765   -0.0660013    0.0582175
  -0.0136611    -0.208316    -0.382266   -0.0332895
  -0.0330797     0.304731     0.090447     0.193017
  -0.0904907   -0.0299879   -0.0526936     0.125849
  -0.0240629     0.262992     0.189561    0.0370235
  0.00765172    0.0706724    0.0268391   -0.0039477
 -0.00500221    0.0424791   -0.0227994   -0.0509832
  -0.0577021    0.0183708    0.0233515    -0.120841
   0.0683455    -0.217672   -0.0701316    -0.140143
   0.0183044  -0.00193357    0.0497744   0.00232765