    0.114915     0.106092   -0.0511199   -0.0194719
  -0.0556786   -0.0122403   -0.0339676    0.0916007
 -0.00818166   -0.0416544     0.058638   -0.0129233
   0.0674223   -0.0305911   -0.0557279   -0.0533003
   0.0399057     0.133784   -0.0512674    0.0846869
   -0.104655   -0.0669862   -0.0693113   -0.0109271
 -0.00716544   -0.0802707   -0.0981847   -0.0406592
   0.0654051    -0.173451    -0.121496   -0.0400999
   0.0580556    -0.130438    0.0342324   -0.0956473
   -0.011513    0.0847325   0.00395453    0.0747993
   0.0725872     0.100716    0.0927562    0.0237587
  -0.0057108    0.0556969   -0.0761939    0.0663821
    -0.03235   0.00628354  -0.00932319    0.0461962
   0.0903521    -0.124449   -0.0528815   -0.0320907
    0.022753  -0.00665956    -0.139333   -0.0601794
  -0.0248945    0.0741554    0.0112586    0.0601741
   0.0465879    0.0118762    0.0061989     0.059429
    0.140931   -0.0365634   -0.0511598    -0.114879
  -0.0111908    0.0586508    0.0532681   -0.0123819
   0.0562538    0.0722796    0.0889961   -0.0617621
    0.021063   0.00824922    0.0618058    -0.105324
  -0.0349805   -0.0863601    -0.100816   -0.0802475
   -0.084314    -0.104786   -0.0790717    -0.017938
  -0.0248275    -0.125683    -0.179697   -0.0798246
    -0.04815    -0.097471   -0.0110829   0.00971626
  -0.0164012    0.0544701    -0.133269    0.0223168
    0.189087    0.0789599     0.104451   -0.0183364
   0.0318369    0.0971719     0.144619     0.068108
  -0.0797187    -0.130863   -0.0981196   -0.0333345
  -0.0299361     0.209118    0.0604154    -0.024391
   0.0147774   -0.0891411   -0.0509442   -0.0156696
  -0.0920998   -0.0701538   -0.0144377    0.0227084
   -0.140911    -0.129473    -0.070933    0.0722817
   0.0704497     0.352024     0.264416    0.0802189
  0.00529789    -0.215725    -0.188759   -0.0943418
   -0.166141    -0.101595    -0.165888    0.0763972
    0.120708    0.0235223    0.0414409    0.0180752
   -0.051629    0.0350691   -0.0228205   -0.0114038
   -0.125423   -0.0868103   -0.0625697   -0.0462944
  -0.0483048    -0.202866    -0.159837    0.0340817
   0.0952133     0.117246    0.0118101  -0.00988569
  -0.0187283     0.105657      0.01968    0.0366983
 0.000573945      0.04647     0.038526    0.0293833
  -0.0754777    -0.101825    -0.162358  -0.00863378
  -0.0457442     0.130168    0.0578236    0.0117732
  -0.0945088    -0.314513    -0.403354    0.0876663
  -0.0347011   0.00273807   -0.0351733   -0.0178786
   -0.124778    -0.257142     -0.17991   -0.0520395
  -0.0333585     0.214657    0.0826123  0.000711076
  -0.0460207    0.0150323    0.0851163    0.0303707
  -0.0155575    -0.182031   -0.0177598   -0.0517082
   0.0188897    0.0105516   -0.0704413   -0.0286355
  -0.0804918   -0.0737907    -0.104585    0.0601133
   -0.102736    -0.123347    -0.166672    0.0396883
  -0.0470683    -0.279376    -0.222691   -0.0788988
  -0.0203185    0.0123155     0.035904   -0.0161598
   -0.141092     0.131213    0.0173141    0.0420583
 -0.00935107    0.0636678    0.0280201     0.027319
   0.0897266   -0.0707572       0.1255    -0.070203
  -0.0400127    0.0589621   -0.0363755  -0.00639498
    0.142345   -0.0851924  0.000321432   -0.0267958
  -0.0121922   -0.0726045   -0.0744271    0.0674008
  0.00638986     0.176062    0.0507002   -0.0409116
   -0.156029    -0.164745   -0.0960767     0.023815
  -0.0269485    0.0580428    0.0731749    0.0506096
  -0.0852185    0.0860287  -0.00548156   -0.0277174
  -0.0599156    0.0375946    0.0367603    0.0493148
  -0.0106271     0.112219    0.0322771  -0.00107994
  -0.0014018  -0.00742366    0.0128127   0.00932618
  -0.0194813     0.131397    -0.024584    0.0413168
  -0.0525834   -0.0501241   0.00824471    0.0100085
  -0.0841047   -0.0255666    0.0737546    0.0526069
     0.10224     0.169617     0.102856  -0.00968215
   -0.171517    -0.107429    -0.065451    0.0338047
   -0.163065   -0.0114099   -0.0365784   -0.0273931
  -0.0279887     0.059014   -0.0410636    0.0815251
  -0.0193195    0.0455635   -0.0335483    0.0379193
   -0.097776   -0.0915806    0.0363163  -0.00873773
   0.0549298    -0.130458   -0.0834272   -0.0228799
  -0.0319592    0.0686621   -0.0379537   0.00886255
    0.133899   -0.0267855    -0.174543   -0.0502136
  -0.0548757     -0.19235    -0.247193    0.0674917
    -0.23251     0.159754     0.139994     0.108766
  -0.0938655    -0.139619    -0.164001    0.0437374
    0.130965   -0.0898533  -0.00948267   -0.0916645
    -0.10097   -0.0317709   -0.0173606   -0.0539387
     0.15955     0.223726    0.0953075   -0.0274349
 0.000908965    0.0541715   -0.0176019     0.063287
  -0.0802435   -0.0270768   -0.0138673   -0.0347943
   -0.216122    -0.238921    -0.183965    0.0954843
   0.0249221   -0.0623323    0.0113023   -0.0982712
   -0.137636    -0.188978    -0.147361    -0.023499
  0.00033455    0.0638754   -0.0750729  -0.00352653
   0.0944444    -0.138833    -0.137845   -0.0935524
  -0.0184694   0.00916615    0.0325849    0.0857112
  -0.0556529    0.0336662    0.0355451    0.0402354
    0.102734    -0.096462   -0.0755407   -0.0632627
  -0.0715063     0.339524     0.283538    0.0774906
 -0.00952606    -0.162076    -0.110021   -0.0336933
   0.0970057    0.0864686     0.091182    0.0286462
   -0.050969   -0.0358152   -0.0283806    0.0177295
  -0.0331697   -0.0542515    -0.113991    0.0662188
    0.123975     0.210797    0.0711966     0.102755
   -0.058517   -0.0143367    0.0196965   -0.0725683
   -0.063472   -0.0606427    -0.170772    0.0265162
  -0.0672879     0.285592     0.203966    0.0604288
   0.0473548   -0.0803061    0.0400505   -0.0097658
    0.039143   -0.0165125   -0.0238013    -0.097888
   -0.078403     0.037239      0.10833    0.0511585
 -0.00547089   -0.0624296    -0.168738  9.43966e-05
    0.245903   0.00785026    0.0153857   -0.0715712
    0.137636   -0.0163882   0.00930705    -0.135612
   -0.171417    0.0546982    0.0752974     0.116843
    0.119407    -0.128377   -0.0679257   -0.0825981
   0.0611044      0.10537      0.13825   -0.0153527
   -0.223286   -0.0123793   -0.0623883    0.0312182
  -0.0972529   -0.0958329   -0.0636257    0.0258133
   -0.110595   -0.0291066   0.00130671    0.0467169
   0.0312728   -0.0807025    -0.146777   -0.0850883
   0.0339226     0.118779    0.0511704    0.0673408
  -0.0552676   -0.0341448   -0.0311143   -0.0342979
   0.0858722     0.190918    0.0933884   -0.0531554
   -0.177492    -0.342037    -0.149155    0.0268958
   0.0653902    0.0972834     0.136919  0.000930827
  -0.0989183    -0.138326    -0.137389   -0.0321344
   -0.212364    -0.118391    -0.068238    0.0627117
   0.0280347    -0.233986    -0.157703   -0.0843575
  -0.0901308     0.243235     0.248122    0.0334402
   -0.149377     0.085572   0.00773248    0.0594808
  -0.0256347    -0.155728    -0.179392    0.0352278
    -0.10766   -0.0551494    0.0330997    0.0240832
    0.187003   -0.0148131     0.165562   -0.0761527
   -0.014675    -0.294274    -0.144319   -0.0172845
 -0.00450023     0.084301   -0.0192102   0.00871268
   -0.161256   -0.0801594   -0.0304088   -0.0446423
   0.0550724   -0.0078328   -0.0102085  -0.00753566
  -0.0465958   -0.0193868     -0.10803    0.0150024
   -0.130919   -0.0298117    -0.158069    0.0397909
  -0.0457356    -0.223871    -0.201772   -0.0407738
  -0.0238446     0.254108     0.118334    0.0581214
   0.0762305    -0.132917  -0.00293948    -0.098382
    0.075961   -0.0178053    0.0464748   -0.0162077
   0.0519401   -0.0619981    -0.121845   0.00815887
   -0.102676   -0.0346968    -0.146976   0.00640351
    0.184791    0.0876471    0.0643663   -0.0688907
  -0.0276302    0.0519662     0.027891    0.0209827
  -0.0389628    0.0139492   -0.0525966    0.0597635
   -0.121245    0.0678144     0.142828    0.0791317
    0.044889     0.109301     0.135088   -0.0579528
   -0.113065    0.0413471   0.00232217   0.00816146
  -0.0459809    0.0613205    0.0503458   -0.0169903
   -0.249385    0.0812651  -0.00355537    0.0518515
  -0.0446158    -0.165619   -0.0876019    0.0623743
  -0.0608653    -0.243291    -0.112471   -0.0672497
   0.0130071    0.0539703    0.0725328    -0.106508
   -0.222116    -0.149483    -0.169298  -0.00739459
   0.0834607    0.0890713     0.127544   -0.0725565
   -0.116023   -0.0942504    -0.203215   -0.0217235
   -0.101944     0.133116  -0.00973793    0.0567835
    -0.12127    -0.220866    -0.318529    0.0220032
   0.0224425    -0.233006   -0.0650311    -0.110511
   0.0523194   -0.0223459    0.0522866   -0.0404973
   0.0440456     0.150554    0.0288431    0.0491563
   0.0746938   -0.0264197   -0.0633616   -0.0418551
   -0.156525     0.113788    0.0239485    0.0346735
 0.000799958     0.115767    0.0992415  -0.00186396
    0.159757    -0.107214   -0.0502865   -0.0262067
   -0.150451   -0.0326805   -0.0421761   -0.0206009
    0.127921     0.113213     0.184164  -0.00873736
  -0.0267432    0.0228589   -0.0634282     0.067328
   0.0092999   -0.0398901   0.00481218  -0.00200466
     0.26395    -0.032246   -0.0456684   -0.0818673
 -0.00910343    -0.143665    -0.105053  -0.00199237
 -0.00960955   -0.0301898   -0.0743482   -0.0686684
  0.00308919    -0.127598   -0.0942153    -0.064533
   0.0281262     0.116849     0.150384    0.0725361
  -0.0578894   -0.0166575    -0.116275    0.0718682
   -0.154223   -0.0408641   0.00983951    0.0875656
  0.00213142   -0.0176832   0.00779602    0.0510939
   -0.133966    -0.133348    -0.122778    0.0261047
 -0.00619705  -0.00220121   -0.0248135   -0.0181855
   0.0685544    -0.124676    -0.110229    -0.103621
   -0.191321   -0.0208623   -0.0554463  -0.00441725
   0.0607886     0.142519     0.144066   -0.0402504
  -0.0067211     0.145424    0.0750956   -0.0125318
   0.0814296   -0.0499042     0.160594    -0.107306
    0.201609     0.229065     0.108469   -0.0698845
  -0.0688601   -0.0356056   0.00113098    0.0212459
  -0.0182798    0.0902656    0.0117438    0.0887851
  -0.0255113    0.0555539    0.0207004   -0.0410789
  -0.0781547     0.145137     0.125641    0.0557535
  -0.0313547     0.162757    0.0446744    -0.068103
 -0.00897634    -0.181709    -0.114848   -0.0715673
  -0.0313501     0.250496     0.125614    0.0419872
 -0.00624591    -0.182472    -0.116727   -0.0597419
  -0.0582034    0.0783967    0.0323139   0.00881726
  -0.0439602   -0.0473347   -0.0449417   -0.0363857
   0.0946377    -0.140996   -0.0219745   -0.0651768
  -0.0231168    -0.176142    -0.206596   0.00554241
   0.0961133   -0.0852104    -0.175863    0.0296742
   0.0371555    0.0668395   -0.0802071     0.016608
   0.0360338   -0.0709214   -0.0114208    0.0180001
  -0.0323101   -0.0170236 -0.000258128    0.0148224
 -0.00855206   0.00879637  -0.00747735    0.0257395
   -0.089987   0.00392146   -0.0475223     0.111735
   0.0646676   -0.0999109  0.000810066    -0.086846
  0.00536886    0.0198843    -0.120893   -0.0207029
   -0.183639    -0.267758    -0.234299   -0.0137177
  -0.0315919    -0.204972    -0.120907   -0.0108898
    0.129527     0.051905    0.0805638   -0.0989565
  0.00964334    -0.163062   -0.0871793    -0.048226
     0.12672    0.0492434    0.0912286   -0.0392589
   -0.123448    -0.371932    -0.244388  -0.00810175
  -0.0633259     -0.22165     -0.15908     0.044919
  -0.0345757    0.0424264    0.0405388    0.0708888
   0.0649825  -0.00862157    0.0418374   -0.0329937
   -0.118881    -0.133735   -0.0884751    0.0859178
   0.0256606    -0.131446   -0.0178492   -0.0139648
   0.0179229  -0.00849765   -0.0936519   -0.0174172
   0.0547966    0.0051503   -0.0691796   -0.0140982
    -0.03956     0.115248  -0.00751715     0.033495
  -0.0775395    0.0194456   -0.0792302    0.0638267
   0.0537255    -0.198295     -0.24331   -0.0683262
 -0.00762645    0.0253821   -0.0016721    0.0286754
   0.0788745     0.158127 -0.000160774  -0.00611234
    0.100856    -0.087124    0.0053225   -0.0313428
    0.087026   -0.0251382   -0.0306693   -0.0103222
    -0.11884   -0.0359548   -0.0839619   -0.0211467
    0.186718     0.240253    0.0507826    -0.126577
    0.146849     0.115053  -0.00223836   -0.0119923
   0.0785635   0.00720878    0.0429625   -0.0213128
    0.108601     0.198254     0.126081    0.0311258
  -0.0382878    -0.005319    0.0286235   -0.0351429
   0.0410288    0.0567307     0.068339   -0.0491722
   -0.114165    -0.331614    -0.273339   -0.0209661
    0.144608    -0.102252  -0.00217938   -0.0830966
   -0.114351    -0.188268    -0.251475   0.00546835
   -0.191527    -0.127016      -0.1603    -0.038929
  -0.0654277   -0.0992287   -0.0452459    0.0916345
  -0.0158506   -0.0631631   -0.0842124   -0.0407675
   0.0149388   -0.0116024   -0.0519226   -0.0106584
 -0.00284528    0.0643819    0.0450784   -0.0221959
  -0.0562446    -0.164781    -0.220634   0.00343436
   0.0453483    0.0940156    0.0012911    0.0736917
  -0.0955898    0.0666694   -0.0649733    0.0841322
   -0.100003    0.0425065   -0.0506089    0.0922284
    0.127583   -0.0682229   -0.0233666    0.0518603
   0.0477736     0.163878     0.149653    0.0553442
    0.111201    0.0866443   -0.0244404   -0.0686426
   0.0600851   -0.0423995      0.11804   -0.0459613
   0.0151679    -0.123337   -0.0115462   -0.0533153
   0.0338878    0.0253645    0.0856174   -0.0418321
   0.0107039    -0.176198    -0.131402   -0.0111134
  -0.0673575   0.00842702   -0.0443636    0.0690628
  -0.0773855    -0.096538   -0.0611417    0.0251357
    0.160942   0.00709788    0.0657025   -0.0192865
    0.116788     0.136597    0.0857316    0.0604556
   -0.118891    -0.105644   -0.0978894    0.0364557
  0.00126221    -0.152941    -0.171226   -0.0196488
   -0.175124    -0.072646   -0.0392655     0.012293
  -0.0435839    0.0252387   -0.0577154     0.031433
    0.150428   -0.0178089    -0.115774    -0.124971
  -0.0231543    -0.139692     -0.14561   0.00883725
   -0.170982    -0.201506    -0.214918   -0.0339497
   0.0234906  0.000605346  -0.00933573   -0.0559392
   -0.115685    -0.122487    -0.092803   -0.0215955
   0.0799979    -0.149692    -0.126646     0.046883
  -0.0874987     0.111016    0.0500168      0.07559
    0.246228     0.319302     0.223047   -0.0210171
   0.0310724   -0.0347071    0.0461749     -0.02171
 -0.00347478   -0.0253138   -0.0453715    0.0232435
   0.0209646    0.0319199    0.0680237    0.0756391
  0.00348071     0.204092       0.1314    0.0112352
 -0.00675419   -0.0104029   -0.0793655   -0.0122483
  -0.0103978    -0.172259     -0.12522    0.0587221
   0.0175175    -0.163235     -0.05326   -0.0704917
 -0.00348265     0.194785    0.0677492    0.0761992
  -0.0500379  -0.00559176     -0.15114    0.0872152
   -0.175817    -0.355716    -0.280848     0.079524
   -0.102568    0.0753405    0.0669839    0.0980325
    0.106677    0.0836741    0.0553538   -0.0400708
  -0.0999071   0.00791535   0.00687929   -0.0380589
   -0.137729     0.136681   0.00982903    0.0573733
   -0.174138   0.00852331    0.0152649   0.00831397
  -0.0426689     0.123046   0.00815315     0.141253
   -0.110502    -0.161671   -0.0930124   -0.0262827
  0.00459369   -0.0383177    0.0196389   0.00450526
   0.0496601    -0.271408    -0.368247   -0.0511723
  -0.0368258    -0.172809     -0.27345  -0.00824039
  -0.0743951    -0.328139    -0.296559   -0.0391064
  -0.0678654   -0.0718215    -0.255696    0.0265658
  -0.0187894    0.0811156    0.0587566    0.0658825
    0.157866     0.133637     0.115177    0.0302799
    0.262774     0.084383     0.114251   0.00199377
   0.0232217    0.0130712    0.0860364   -0.0565432
  -0.0287929    -0.237688    -0.116487    0.0179244
    0.176478     0.256982     0.209462   -0.0266871
  -0.0464978     0.141003     0.028985  -0.00907784
   -0.111793     0.143814    0.0975196    0.0426098
   0.0391905    -0.110785    -0.209041   0.00516191
  -0.0685684   -0.0472283   0.00444974    0.0746071
   0.0207424    0.0558318   -0.0371601   -0.0647493
   -0.141999      0.17863    0.0954212     0.102328
   0.0067774    -0.115981    -0.109085   -0.0717558
    -0.20136    -0.018521   -0.0826862     0.052941
   0.0474024    -0.052748     0.126676   -0.0668193
 -0.00895912    0.0357203   -0.0105436    0.0303568
  -0.0524891    -0.201893    -0.122807    -0.067009
  -0.0343238    -0.122311    -0.198201    0.0104037
   0.0541769   -0.0384917    0.0908715   -0.0263421
  -0.0622127    0.0360571   -0.0142086    0.0106912
   0.0225698   -0.0403776   -0.0171608    0.0364242
   -0.150712    0.0677265    0.0135914    0.0643034
   0.0208148    -0.150171   -0.0864577   -0.0395313
   -0.108541   -0.0189133   -0.0934722    0.0609909
  -0.0697269   -0.0769193   -0.0988945    0.0564525
   -0.205755   -0.0979954   -0.0752002    0.0549386
  -0.0454671    0.0455591  0.000583883  -0.00424751
    0.469504   -0.0120338     0.130089    -0.237816
  -0.0332015     0.383348     0.144102      0.10072
  -0.0073239    -0.085699     0.123602    0.0211583
    0.377025    -0.155821    0.0558142    -0.270097
     0.14971    0.0409199    -0.104437    -0.133661
  0.00515477   0.00364126   -0.0041885   -0.0246997
  -0.0245213   -0.0530717   -0.0615762   0.00775337
  0.00080011   -0.0958914    -0.100534   -0.0845636
   0.0964957   -0.0182369   -0.0221389   -0.0448326
  -0.0272683     0.089819   -0.0408861    0.0602158
    -0.12315   -0.0950719    -0.170871  -0.00455609
   -0.135357    0.0710203     -0.12288       0.0298
    0.142664     0.125833     0.039696   -0.0372033
  0.00897042     -0.13099   -0.0287758   -0.0437767
   0.0110431   0.00218175   -0.0264368    0.0139486
   0.0409337   -0.0369022    -0.061957    0.0388641
   -0.198652   -0.0706089    -0.209947    0.0112851
   0.0355012   -0.0884528    -0.142226    0.0336765
    0.279142   -0.0824804   0.00993122    -0.183186
   0.0934588     0.151124     0.242189   -0.0495752
  -0.0621355    -0.151421    -0.163841   -0.0303846
   0.0428181    0.0762374    0.0302997   -0.0113362
   0.0246761    -0.203504   -0.0841328   -0.0379104
     0.16752    0.0519699    0.0995011   -0.0557613
   -0.172247    -0.314673     -0.19276   -0.0417131
   0.0041755    0.0382038   -0.0733233   -0.0130251
  -0.0122777   0.00564916   -0.0222726   -0.0588498
  0.00746616   0.00512774   0.00485295   -0.0248585
   -0.192809     0.349562     0.187254     0.184331
    0.104859   -0.0747131   -0.0555981   -0.0599676
  -0.0368154     0.125719      0.12188   0.00206265
   -0.041855     0.151498     0.101752     0.111558
   -0.144109    -0.197704    -0.379775     0.131748
   -0.220527  -0.00554723    -0.245469     0.129803
   0.0559167    0.0814226     0.101862   -0.0400473
   -0.180716   -0.0601222   -0.0294936    0.0728623
  -0.0092472    0.0432724   -0.0132295 -0.000943082
  -0.0188282    -0.137744    -0.117117   0.00645069
   -0.150853    0.0138932   -0.0604806   -0.0111452
    0.228359    0.0568049   0.00418651    0.0121438
    0.209458    -0.170015    0.0139078    -0.168838
   -0.100559    -0.106432    -0.127245   0.00738243
   -0.227504   -0.0528655  -0.00737683    0.0421721
  -0.0745349     -0.16131    0.0471393   -0.0225107
  -0.0996754   0.00233273    0.0504533    0.0511626
  -0.0621827    0.0317812    -0.111319    0.0637835
   0.0537059    0.0128041   -0.0425542   -0.0679744
   0.0627696    0.0917512     0.021148   -0.0212725
  -0.0382422      0.11826    0.0523463    0.0759568
   -0.108639     0.114482   0.00768652   0.00865805
  -0.0344101    -0.101202   -0.0102438   -0.0457135
  0.00374875     -0.07382   -0.0142284    -0.107235
   0.0427998     0.121575   -0.0368932    0.0535832
    -0.21977     0.166056   -0.0388213    0.0497977
     0.10034     0.062798    0.0615867   -0.0639236
  -0.0818457    -0.064854     0.112313   -0.0443877
  -0.0398001   0.00482451   0.00771463   -0.0280026
   0.0165391    0.0607083    0.0568489    0.0175396
   0.0349387     0.186035    0.0276979    0.0550228
   -0.161885    -0.077556    -0.099941   0.00228694
  -0.0707402    0.0513391   0.00325244  -0.00730154
  -0.0165669     0.037743   -0.0462001    0.0174941
    0.103021     0.109614    0.0788728  -0.00409759
   0.0455417     0.243369    0.0831898   -0.0385446
   -0.132733     0.104005   -0.0918942    0.0720281
  0.00993238    -0.119766    0.0250722   -0.0131287
   -0.206038   -0.0836349    -0.187865    0.0991529
 -0.00796746   -0.0735755   0.00230108   -0.0526009
   0.0232053   -0.0467705    -0.110241    0.0188514
  -0.0978534     -0.13247    -0.128678   -0.0514943
   0.0123432   -0.0453188     -0.11456    0.0118161
  -0.0952229    0.0249878     0.127404  -0.00280077
    0.181369   -0.0123927      0.14068   -0.0978499
   -0.138913    0.0789198    0.0391156    0.0205272
   -0.122457     0.038845   -0.0219676    0.0515331
    0.247331    -0.338482    -0.225893    -0.309216
   -0.149293    -0.273288    -0.180786    0.0523787
    0.153139     0.101306     0.139289    0.0409065
    0.140618    0.0648885    0.0225058  -0.00261812
 -0.00343653    -0.216147    -0.262302    0.0589273
  0.00636475   -0.0926536   -0.0850084   -0.0448562
   0.0195905   -0.0212103    -0.103408    0.0428509
    0.148982    0.0815328     0.133488    -0.021081
    0.106119    -0.127506    -0.137831     -0.11843
   0.0703443    0.0980406  -0.00317821    0.0590032
   0.0102261     0.194439    0.0813288   0.00241917
 -0.00432208   -0.0798824   -0.0829102   -0.0973011
    0.179461     0.322791     0.220772   0.00692918
    0.017941    0.0426665   -0.0160049   -0.0280031
   0.0572187    -0.258865    -0.193995   -0.0424688
   -0.076929   -0.0101041   -0.0428668    0.0275995
   -0.029942    0.0442581  -0.00588044   -0.0232276
   -0.062814   -0.0595513     -0.20874   -0.0190649
   0.0553872    -0.103436   -0.0905933    0.0243417
   0.0987746   -0.0651875    0.0714882    -0.142866
  -0.0261681     0.240001    0.0570006    0.0599802
    0.384424   -0.0809467    0.0874051     -0.17382
  -0.0529684      0.13909   0.00929387    0.0255668
-0.000835503    0.0613979   -0.0190284    0.0472946
  0.00674412      0.06696     0.163052   -0.0148378
  0.00765742    0.0671821   -0.0128803    -0.025744
  0.00647816    -0.302213    -0.120286   -0.0800534
  -0.0669842    -0.188576   -0.0534842    0.0382179
   -0.131263     0.215603    0.0403702    0.0831003
  -0.0694234    0.0297883   0.00801175   0.00756637
   0.0813633   -0.0878349  -0.00315265   -0.0387187
   0.0548666     0.177357      0.17288    0.0741436
  -0.0278582      0.20316    -0.135075    0.0400107
  0.00751064   0.00311753    0.0300273   -0.0291865
  -0.0324926     0.176515    0.0121957   -0.0535411
  0.00172698    0.0217759   0.00539392    0.0556831
 -0.00614867    -0.127771    -0.170988   0.00746848
   -0.123568  -0.00310887    0.0702785   0.00704615
   -0.129637     0.228623    0.0786804      0.13997
  0.00575562   -0.0645338     -0.12946    0.0438208
  -0.0904771    -0.135391    0.0311821   -0.0916805
  -0.0782098    0.0513322    0.0594208     0.108414
    0.141886     0.086472    0.0935002    0.0123126
 -0.00956886    0.0462814    0.0889957    0.0246962
  0.00130701   -0.0662417    -0.160479     0.057169
   -0.103238   -0.0695577    -0.152993    0.0241924
   -0.131704   -0.0376893    -0.100496    0.0311296
   -0.121773   -0.0466482   -0.0327265   -0.0263123
    0.185377    -0.123124    0.0111551    -0.158699
   0.0399725    0.0470635    0.0327454   0.00793953
   0.0893112     0.100144     0.101025    0.0210783
   0.0653541   -0.0961263   -0.0897192   -0.0972427
  -0.0738119   -0.0514631   -0.0710461    0.0703748
    0.194333  -0.00524607    0.0677329   -0.0406796
  -0.0869883    0.0933115   -0.0313938    0.0380318
   0.0354434      0.14642  -0.00702097   -0.0514573
   0.0151745   -0.0883409   -0.0726926   -0.0919177
   0.0946665    -0.180539    -0.156267   -0.0802966
  -0.0867577    -0.230386   -0.0545648   -0.0366022
    -0.11012    0.0267185  -0.00455866    0.0626924
   0.0661632     0.166351     0.124921   -0.0304944
  -0.0788627      -0.1236   -0.0723369  -0.00951939
   0.0131805     0.123946     0.121566    0.0185064
  -0.0790309    -0.364399    -0.404283  -0.00202278
   0.0106255    0.0867046    0.0571106   -0.0744091
    0.152241   -0.0213334     0.191826    -0.122972
  -0.0618845  -0.00430979   -0.0588952    0.0157379
  -0.0337916    -0.143038   -0.0206624   -0.0164996
   0.0639652   -0.0391063    -0.122493    -0.040881
    0.224917    0.0565518    0.0686583   -0.0897672
     0.12067    -0.121153   -0.0071874    -0.051515
  -0.0808534    0.0582773   -0.0587929    0.0283466
   0.0637345     0.285783      0.12604    -0.012539
  -0.0193993    0.0696675    -0.173006    0.0440172
   -0.156828    -0.195302   -0.0759288    -0.014431
  -0.0592266    0.0354077   -0.0493878    0.0641047
  -0.0343849    0.0427501   -0.0602699     0.081729
   -0.108831  -0.00603265    0.0851354    0.0157993
    0.249609   -0.0918264    0.0477414    -0.161273
  -0.0399785    0.0051018    0.0788607    0.0184383
  -0.0816057     -0.17952    -0.149696    0.0188668
   0.0654766    -0.129295   -0.0315602   -0.0668404
   -0.023924   -0.0366985    0.0488157   -0.0513961
   -0.112391     0.216627   -0.0216751     0.113393
   0.0179441    -0.147703    -0.094698   -0.0172541
   0.0519707     0.118188     0.249906   -0.0212902
  -0.0869855     0.235842     0.145887     0.144609
     0.38441    -0.414258     -0.18254    -0.241793
   0.0281983     0.129702   -0.0581727   -0.0565456
  -0.0461537    -0.115516    0.0038211   -0.0695087
  -0.0981155   0.00397643   -0.0632436   -0.0141653
    0.160382   0.00497388    -0.108979    -0.010654
   0.0383651   -0.0485564     0.130054   -0.0145583
   0.0141581    -0.221572   -0.0940878   -0.0161221
  0.00462452    0.0299176     0.119157    -0.101294
  -0.0118708     0.181942    0.0939931     0.109961
   0.0182208   -0.0830496    0.0529428    0.0498303
    0.139182    0.0508573     0.112932   -0.0237466
   -0.155941    -0.216551    -0.285515   -0.0323332
  -0.0640399    -0.100994    -0.027339   -0.0364867
  -0.0472698    0.0436259   -0.0168297    0.0545453
  -0.0675433    -0.130099    -0.112788   -0.0343249
   -0.130349    0.0607284  -0.00404126    0.0888565
    -0.13588    0.0472876    0.0283719     0.114672
   0.0634818    -0.110236     -0.16425   -0.0715663
   0.0579839    -0.286051    -0.119581   -0.0188803
  -0.0218767   -0.0668155    0.0454215    0.0197315
  -0.0914387    0.0021529   -0.0357786    0.0714677
   -0.199247     0.147146    0.0550716    0.0480935
   0.0760992   -0.0703171    -0.102474   -0.0538692
   0.0249946    0.0357437   -0.0443854   -0.0445247
   0.0254051   -0.0265106   -0.0747003   -0.0743629
   0.0809212     0.174579     0.139695   0.00990142
   -0.135987   -0.0293137   -0.0947934    0.0743446
  -0.0885576       0.2727     0.191644    0.0948542
   -0.074737     0.103794   -0.0842336    0.0783817
  -0.0696411    -0.145888   -0.0487917   0.00675174
   -0.222526   -0.0758085    -0.283637    0.0649966
    0.011041   -0.0191232   0.00533961   -0.0615064