   0.0443719   -0.0599724    -0.100564   -0.0219828
  -0.0232248   -0.0289795 -0.000948221   -0.0460033
  -0.0184158    -0.371282    -0.235619   -0.0174586
   0.0572819     0.148834      0.13938    0.0935891
  -0.0240558   -0.0227218   -0.0964646    0.0574138
 -0.00686964    -0.152334    -0.117599   -0.0538911
  0.00596519    0.0365866     0.161711   0.00970235
   0.0445981     0.169544     0.182262    0.0131971
   0.0750777    -0.048461   -0.0276505  -0.00226998
   0.0444495     0.117427    0.0363259  -0.00505371
   0.0261706   -0.0309924    -0.147073   -0.0278011
  0.00133871   -0.0644873   -0.0653398   0.00104048
   0.0329239    -0.110448    -0.129505   -0.0660435
  -0.0673374   0.00188588    0.0677071    0.0258002
   0.0949091     0.143111  -0.00954849  -0.00351573
    0.210441    0.0344625     0.106334   -0.0900809
  0.00594264   -0.0626417    0.0390447   -0.0266754
   0.0943102   -0.0859833   -0.0300405   -0.0210257
   0.0666756     0.105392    0.0883675    0.0255132
     0.15944    0.0415949   0.00365597    -0.010663
  -0.0203053    -0.156043     -0.14474    0.0445994
  -0.0863022    -0.117723    -0.182655    0.0430265
    0.083322    0.0897453    0.0965126   -0.0538226
   0.0295518   -0.0679098   -0.0446493   -0.0500703
     0.14455    -0.123903   -0.0599526   -0.0339965
  -0.0131395    -0.139465    -0.240365   0.00677432
   -0.122357    0.0275897    0.0101121     0.039135
    0.120489   -0.0364267   -0.0156797    0.0351883
  -0.0652214   -0.0784806    0.0231809    0.0194339
  -0.0513389     -0.16126  -0.00881487   -0.0947606
 -0.00929237     0.059041    0.0198246   -0.0729264
   0.0547756    -0.115783   -0.0502101   -0.0682583
  -0.0498718     -0.09573    0.0223528   -0.0442365
  -0.0748705    -0.130982   -0.0543842    0.0401984
 -0.00549144    0.0354107   -0.0336394    0.0150192
   0.0653411    -0.133618    0.0273798   -0.0961252
  -0.0295088    -0.232967    -0.189832   -0.0529361
   0.0365916    0.0749779    -0.029263   -0.0430163
   0.0334415    0.0396522     0.063579  -0.00687227
  -0.0107982     0.141884   -0.0307543   -0.0160927
    0.061258   -0.0284954    -0.146977    0.0375937
  -0.0613949     0.189828      0.12508    0.0936957
-0.000182094   -0.0327918   -0.0156974   0.00125044
  -0.0504379    -0.167938    -0.134591   -0.0161158
   0.0688679     0.152955   -0.0420022    0.0344306
  -0.0413563    0.0242781    0.0657265   -0.0204617
   0.0878035     0.195834     0.160808   -0.0687753
    0.212753     0.144224     0.162367   -0.0211798
    0.105722    0.0975467     0.109166   -0.0690072
  -0.0606722    -0.197314   -0.0984324    0.0228359
 -0.00985288   -0.0784585    0.0425224   -0.0500694
  -0.0240936    -0.206952    -0.231263    0.0272235
   0.0149625    0.0716328    0.0572581    0.0190931
 -0.00516521   -0.0102863    0.0124778    0.0405105
   0.0297835    0.0787011    0.0564585    0.0477356
  -0.0301543   -0.0840998    -0.132615   -0.0672601
    0.205116     0.115575     0.036881    0.0101175
   0.0204122    0.0856585   0.00515407   -0.0282867
   0.0389136     0.148166   0.00414013  -0.00159706
  -0.0486182    0.0357777   0.00989058   -0.0251695
  -0.0112238    -0.105573    0.0633274   0.00170512
   0.0636497   -0.0475282     0.145073    -0.086532
  -0.0774273   -0.0569139    -0.023822   0.00545575
 -0.00669746    0.0459147     0.121601 -0.000140549
   0.0153419     0.029839    0.0266871   -0.0218908
    0.057429     0.110345    0.0399156   -0.0683781
  -0.0380683     0.061401     0.060012   -0.0663202
   0.0495371     0.110444     0.112598   0.00666324
   0.0105594     0.123504    0.0464105    -0.015476
    0.128213     0.077948    0.0443705   -0.0304363
  -0.0986913     0.120095    0.0896003    -0.032055
    0.168361    -0.043656    0.0463935    -0.106679
   0.0758112    -0.124489    -0.217862    0.0102431
  -0.0244767     0.169004     0.177232     0.051309
  -0.0310191    0.0387832    0.0081204    0.0125726
   0.0362226    0.0576821    0.0884855   -0.0465232
    0.082958      0.15122     0.119824    0.0201334
  0.00416267     0.138665    0.0846525    0.0477836
   0.0556866    0.0411875    0.0683282    0.0485804
   0.0973204    0.0754384     0.125268   -0.0100734
 -0.00969541    -0.165513    -0.127185  -0.00523293
  0.00706226   -0.0923575    -0.121434    -0.053243
   0.0295705    -0.236071    -0.293396   0.00118513
 -0.00397663   0.00316179   -0.0621443    0.0248826
   0.0568923     0.198066     0.109082    0.0779961
   0.0813941    0.0667341   -0.0232231   -0.0282836
   0.0567195     0.155548     0.136026    0.0608635
  0.00207923    0.0786544     0.129149   -0.0151215
   0.0489852     0.146174    0.0522143   -0.0176862
  -0.0611273     -0.23725   -0.0636511   -0.0274883
  0.00504608   -0.0830244   -0.0693093   -0.0303622
  -0.0358111    -0.157716   -0.0548833   -0.0113502
   0.0215305     0.156467     0.158651   -0.0431323
    0.085685     0.049386   -0.0377715   -0.0341305
 -0.00656602    0.0117577    0.0431642  -0.00248256
   -0.041101   -0.0464335   -0.0627538  -0.00524696
  -0.0656504     0.116446     0.106383    0.0344293
   0.0773874    -0.125899    -0.127685   -0.0889109
  -0.0466751   -0.0597426    -0.152569    0.0485287
  -0.0144132    0.0289047   0.00140971    0.0157926
  -0.0278683    -0.238872   -0.0868548   -0.0495024
   0.0444048     -0.08009    0.0693587   -0.0222082
  -0.0131359   -0.0158537    0.0677576    -0.013776
   0.0135134    -0.133155  0.000303606    0.0204462
  0.00499787    0.0721834   -0.0222184   -0.0533037
    0.070831     -0.21352    -0.206351     -0.12512
   -0.197076    -0.303801    -0.303083    -0.121523
   0.0678181    -0.162016    0.0588058   -0.0382422
   0.0126427      0.02073   -0.0187294    0.0594034
   0.0795456    0.0738824     0.140227    -0.102657
   0.0368062    -0.041542    -0.151579   -0.0455991
     0.13182      0.13751     0.014853   -0.0309774
   0.0638213     0.230186     0.178979   -0.0366738
   -0.147325    -0.212916   -0.0485662    0.0471633
   0.0368885  -0.00890569   0.00360077    0.0194402
   0.0457599     0.122843   -0.0303878   -0.0351028
   0.0297263     0.129235    0.0215262    0.0535595
  -0.0773282    -0.010385    -0.048831   -0.0525876
  -0.0771468     0.193248    0.0237866    0.0392046
  -0.0114978    0.0144175     0.147122    0.0130421
   0.0379762     0.142699    0.0111582   -0.0406317
  -0.0295524   -0.0847071   -0.0663428   -0.0202984
   0.0221972    -0.059635   -0.0405601    0.0185792
 -0.00363022   -0.0868804   -0.0381133    0.0225287
   0.0244683     0.190592   -0.0410042    0.0161995
   0.0452947     -0.26438    -0.116463    -0.126076
  0.00529868    -0.203556    -0.193835   -0.0560041
   0.0537574   -0.0524474   -0.0457191   -0.0816589
-0.000806395     0.153058     0.130293    0.0093815
  -0.0400131    0.0453628   -0.0219864     0.029262
   0.0720026  -0.00246228     0.124961    0.0122614
    0.118393    0.0884484      -0.1232    0.0386004
   0.0153154     0.114895     0.149709   -0.0299766
   -0.068649     0.141003     0.131697   -0.0242888
   -0.103653    -0.348951    -0.114834   -0.0135541
   0.0302842  -0.00758088    0.0800296 -0.000713972
     0.17355     0.100469    0.0800388   -0.0565647
   0.0722827    -0.180224    -0.102342   -0.0478787
-0.000512306      0.19445     0.185467   -0.0505038
  -0.0944313   -0.0274372   -0.0562835   -0.0425176
    0.206618     0.291296     0.291836    0.0508472
    0.124347     0.097183    0.0448744  0.000478546
   0.0978303     0.205129     0.149331    0.0254962
   0.0317743    -0.109761   -0.0710771   -0.0530286
   -0.105693    -0.276753     -0.18005    -0.048799
    0.127649    -0.026077   -0.0340529   -0.0173163
   0.0307762    0.0824527     0.105612    0.0125012
   0.0447268   -0.0293302   -0.0401335    0.0570534
  -0.0462196    -0.150634      -0.1397    0.0356393
    0.031247    -0.110796    -0.161781   -0.0592503
  -0.0537991    0.0844125    0.0500892  -0.00907247
    0.132543    0.0867752  8.81803e-05   -0.0822019
   0.0209305    -0.156938    -0.189462  0.000455773
   0.0353432   -0.0235906   -0.0172815     0.042047
   0.0221438     0.138985   0.00584568   0.00315851
   0.0270939     0.133374     0.192484    -0.051317
  -0.0198595    -0.159242    -0.158942   -0.0520679
  0.00408389    0.0971301    0.0236631    0.0485852
   -0.110917    -0.312196    -0.243403    -0.132155
    0.155859     0.111257  -0.00173374    0.0349822
    0.129156      0.25887     0.137509    0.0429996
  -0.0376639    0.0100151     -0.10047      0.11144
  0.00952787    0.0426591    0.0236612    0.0279316
  -0.0838963   0.00228223    -0.019438     0.083333
   0.0970563   0.00270455    0.0940531    -0.100172
 -0.00187128    0.0214812    0.0163899   -0.0380909
    0.012438     0.166697  -0.00714803   0.00635586
     0.18264     0.206742     0.199896   -0.0105799
  -0.0454481    -0.103441     -0.14879   -0.0555941
   0.0545926     0.261183     0.291435   -0.0181662
   0.0088996     0.149674    0.0569201    0.0726862
  -0.0581597      0.13909      0.18127   -0.0470931
   0.0705226    0.0208848     0.168442    0.0349338
   0.0292501    0.0548783    0.0715186   -0.0496553
 9.03903e-05   -0.0682354    -0.152695   0.00536583
   -0.049893    0.0936349   -0.0450044   -0.0397319
  -0.0764428   -0.0886031    -0.168394    0.0338251
    0.151871    0.0761614    0.0384093   -0.0966165
   0.0983006   -0.0674229    0.0687445   -0.0861432
  -0.0574366   -0.0627816   -0.0216217   -0.0237276
   0.0444193   -0.0163473  -0.00342023   -0.0847836
   0.0260906     0.361674     0.166385   -0.0158229
   0.0771518   -0.0468453   0.00729871    0.0108532
  0.00825656   -0.0316956   -0.0589774    0.0434858
   0.0571469   -0.0289999   -0.0746856   -0.0402119
  -0.0577671    0.0803116    0.0700742   -0.0139351
   0.0310691  -0.00272772    -0.179529    0.0409798
 0.000971223     0.180618    0.0106289    0.0595549
   -0.111178    -0.167562    -0.188664  -0.00675383
   0.0127332   0.00152002   -0.0679503   -0.0369362
   0.0432386    -0.072479    -0.117597   -0.0150936
   0.0300113    -0.103511   -0.0842481   -0.0996993
  -0.0743423   -0.0953048    0.0233306    0.0955156
    0.164678    0.0770544     0.155153   -0.0931702
   0.0707195   -0.0175869   -0.0433414     0.031633
  -0.0272965   0.00772998   -0.0265616  -0.00338557
   0.0312984     0.135835     0.100044    0.0267215
  -0.0209045    0.0254089    0.0953805   -0.0422276
    0.131451     0.135483     0.174439    0.0219902
  -0.0851142    0.0135198    0.0260489    0.0497336
   0.0121311    0.0531433     0.216962   -0.0476476
  -0.0733225   -0.0312723    0.0230004    0.0704828
  -0.0325161    0.0846969   0.00823225   -0.0299676
  -0.0872714   -0.0398332     0.079362   -0.0573958
    0.020339    -0.110009    -0.107545    -0.094682
   -0.129433    0.0649014     0.103147    0.0551324
   0.0682138     0.291072     0.261586    -0.051295
    0.103161    -0.069846   -0.0620241   -0.0755759
   0.0153315     0.126629     0.114339    0.0408876
   -0.030059     0.036408    0.0937023   -0.0241052
   0.0295345     0.166508     0.141333    0.0277942
   0.0200462    -0.146633    -0.115461   -0.0807699
    0.121784     0.204644     0.117517    0.0454373
   0.0936732      0.22498     0.133946     0.052029
    0.044613     0.136882    0.0606206     -0.05006
  -0.0791629    -0.119696    0.0802525    -0.077303
  -0.0478019   -0.0771399    0.0216015    0.0640606
   0.0740302     0.064288    0.0984111   -0.0841368
  -0.0437301    0.0363079     0.128317   -0.0697538
  -0.0757281    0.0892394      -0.1051    0.0248536
   0.0301686     0.145049    0.0218449   -0.0156731
  -0.0251243   -0.0838094   -0.0975896   0.00166511
    0.135461   -0.0118816     0.144052    -0.102515
   -0.081343      0.11902    0.0429163    0.0711778
    0.111865    0.0488111    0.0194591    0.0171361
 -0.00600027  0.000239829     0.174503   -0.0152114
  -0.0541397   -0.0543413     -0.12376    0.0134877
    0.032522    0.0800668  -0.00219698   -0.0384325
    0.164291     0.146773     0.152085   -0.0429183
   0.0212191     0.142242     0.172556  -0.00802548
  -0.0697126    0.0857437    0.0105179   0.00597665
  -0.0868082    -0.189192    -0.123403     -0.12231
  0.00925737   -0.0468651    -0.124411   -0.0447166
   -0.105096   -0.0607607   -0.0473657   -0.0281635
  -0.0409096    -0.197996      -0.1693   -0.0235627
   0.0919904    0.0756012     0.112108   -0.0563513
  0.00337081   -0.0278347    0.0371025   -0.0760482
    0.166457     0.161873    0.0847841   -0.0083256
    0.156299   0.00468776   -0.0546817   -0.0645507
    0.103242    0.0337877     0.126419   -0.0923358
   0.0919188     0.131316     0.118416   -0.0512815
    0.130402   -0.0568961    -0.113132   -0.0770383
  0.00219248    0.0562115     0.069371   -0.0575715
   0.0164526    -0.028153    0.0522515    0.0546038
    0.109752     0.100391   0.00795071   -0.0121176
    0.014185    0.0328474   -0.0496693    0.0419727
   0.0331917     0.203672     0.151467   0.00744282
  -0.0384736    -0.352754    0.0310258   -0.0751084
   0.0400458   0.00927593     0.023277   0.00474148
   0.0537919     0.253057     0.146462    0.0383634
  -0.0781765 -0.000540723    -0.318698   0.00381109
 -0.00972709   0.00950301   -0.0518608    0.0151391
   0.0253972    0.0507121   0.00841472    -0.035949
  -0.0445095    -0.164384    -0.125808   -0.0741561
    0.093303     0.076672    0.0779576   0.00230932
  -0.0855444    -0.047195    0.0604732    0.0947004
   0.0519262    0.0226823   -0.0031192    0.0784131
   0.0704884    0.0725274   -0.0212782   0.00338216
   0.0953768     0.240469   -0.0483206   -0.0232863
  0.00503391   -0.0561165      0.05094   -0.0346583
    0.128072   -0.0405376   -0.0161001   -0.0316696
    0.128474     0.252266     0.254736   -0.0341813
    0.023555    0.0784072    0.0797574    0.0211267
   0.0479772     0.215291     0.135927   -0.0268278
   0.0236371  -0.00658766   -0.0406878   -0.0945229
    0.131347     0.123098     0.143401   -0.0254608
   0.0672316   -0.0662244   -0.0592668   -0.0851102
    0.129159    0.0655121    0.0740368   -0.0294169
  0.00662182   -0.0948182   -0.0915355   -0.0459682
   -0.020368    0.0195698   -0.0883004   -0.0241271
  -0.0172032    0.0310338    -0.136518   0.00660139
    0.013043   -0.0259765   -0.0730013    0.0311381
  -0.0224122   -0.0818591    -0.144562  -0.00302372
   0.0161181   0.00464145    0.0835945    0.0245248
   0.0649493      0.18507     0.185501    0.0375568
    0.075311     0.165658     0.102634    0.0141052
   0.0222607    0.0129152   -0.0617314   -0.0579927
  0.00412813     0.151302     0.134233    0.0378971
    0.019268    -0.107839    -0.104487   0.00917969
   0.0321237   -0.0732961   -0.0323333     0.043664
  -0.0392933    -0.165911    0.0983388   -0.0941262
   0.0791086   -0.0436399   0.00727908    0.0175927
   0.0131879     0.146468     0.103751   -0.0254716
   0.0724006   -0.0336944   -0.0724034   -0.0710397
  -0.0240453    -0.177161    -0.111335   -0.0686806
   -0.122759      0.13548     0.095634   -0.0276678
   0.0892003    0.0488278    0.0158042   -0.0322612
   0.0506569     0.074764     0.102643   -0.0639835
     0.13392    0.0758257     0.103404 -0.000715387
    0.162278     0.102782    0.0129604   -0.0529627
    0.124811     0.187179     0.171151    0.0703076
  -0.0114658  -0.00254835   -0.0542893   -0.0263255
   0.0197252  -0.00662958   0.00155538    0.0462593
   0.0209428    -0.174383    -0.176821   -0.0646822
  -0.0194091     0.222955    0.0584986    0.0769451
   0.0570563     0.166022     0.142313    0.0815457
   0.0974765   -0.0169501   0.00270388   -0.0252883
    0.126668   -0.0393338    0.0367304   0.00531934
   0.0950195     0.107018     0.152278    0.0359285
  -0.0784676    0.0675542    0.0475036  -0.00197275
   0.0600903    0.0208473   -0.0669143   -0.0506898
   0.0459592     0.113565     0.123182   -0.0394535
   0.0678084     0.025141     0.146039     0.028385
    0.023648    -0.105334   -0.0750906   -0.0218956
  -0.0252294    -0.130075    -0.233362    0.0407561
  -0.0115088     0.115438     0.121205  -0.00963419
 -0.00446293     0.107158     0.139814   -0.0313711
  -0.0466685    -0.238559    -0.297307   0.00140444
  -0.0428983   0.00900676   -0.0218105   -0.0516574
   0.0499556  -0.00978995    0.0794835   -0.0359808
   0.0198938   -0.0586077    0.0679905   -0.0030613
  -0.0546616    0.0094461   -0.0331314    0.0026019
  -0.0146574    -0.072314  -0.00926921   -0.0860586
  -0.0480597     -0.10272   -0.0553867    -0.095269
    0.073458    -0.160457   -0.0781676  -0.00479843
    0.147974   -0.0141059   -0.0106589  0.000175188
  -0.0240287    -0.048298   -0.0475995   -0.0884651
   0.0242967   -0.0661342    0.0241448    0.0298323
   -0.115994    -0.171139   -0.0345641    0.0161647
  -0.0679184    -0.275189   -0.0535906   -0.0347072
    0.132316     0.141013    0.0656875   -0.0125433
  -0.0639758   -0.0255939    0.0713532   -0.0114766
  0.00483368   -0.0882067    -0.050044  -0.00321631
    0.018917   0.00983803    0.0457287  -0.00977124
   0.0133374    -0.102971    -0.143553    0.0381197
     0.19542     0.224467     0.214674   0.00896286
 -0.00196027     0.105506     0.212896    0.0437585
   0.0449109    0.0879954     0.177015    0.0416167
   0.0251769   -0.0863328   -0.0556945   0.00971115
 -0.00259173   -0.0701807   0.00602306   -0.0443458
    0.098041   -0.0318763    0.0746445    -0.115308
  -0.0462519   -0.0688807    -0.131177   -0.0896343
-0.000747451    0.0161261     0.107627  -0.00293426
  0.00357728   0.00855132   -0.0199556   -0.0310022
    -0.16341    -0.218146    -0.174172   0.00084503
   0.0124037    -0.111098    -0.198783    -0.032854
   0.0269525    0.0423153    -0.039969   -0.0440769
  -0.0239554    -0.146926   -0.0941646   -0.0453617
  -0.0954116    -0.291471     -0.11917   -0.0758637
   0.0547205    0.0805837   -0.0240835    0.0486924
   0.0761274     0.147944     0.174509   -0.0506064
     0.02066    0.0644524   -0.0506306    0.0209971
  -0.0400114    -0.145442    -0.133002   -0.0823949
   0.0872177     0.139395     0.117774   -0.0543408
   0.0779955   0.00965512   -0.0339005   -0.0229355
  -0.0327096    0.0721269   -0.0420177    0.0340788
 -0.00358278    -0.219928    -0.155243   -0.0985762
    0.021765    0.0982635     0.115382    0.0358639
   0.0578577    -0.113665   0.00487526  0.000791413
  -0.0341623    0.0632457    0.0440391   -0.0345784
    0.105854    -0.164703    -0.101555   -0.0805569
    0.135673     0.157893     0.219482   -0.0353868
   0.0675795    0.0515116     0.100159    0.0169144
   0.0526858   -0.0303138   -0.0554229   -0.0341281
   0.0190619    0.0513244   -0.0011063    0.0222491
   -0.096102   -0.0950694   -0.0217458   0.00370866
   0.0187409    0.0161478    0.0692829   0.00782685
  -0.0243676    -0.249726    -0.195277   -0.0521695
    0.108201     0.112867    -0.049515    0.0791304
  0.00702303   -0.0854239   -0.0791844    0.0275047
   0.0595229    0.0672739   -0.0141351   0.00375989
   -0.052363    -0.111393   -0.0921433    -0.044704
   0.0438503   -0.0738918   -0.0298628   0.00552365
  -0.0271481     -0.25445    -0.228618    -0.103151
   -0.141997    -0.129107   -0.0864875   -0.0146085
  0.00751386     0.162343   -0.0879126    0.0557455
   0.0215029    0.0241353    0.0494649   -0.0116755
  -0.0846324   -0.0678626    -0.117864   -0.0240389
   0.0520115    0.0872205      0.12724    -0.119866
    0.108421    -0.128217   -0.0285107   -0.0490889
   -0.028716    -0.128367    0.0175419   -0.0337026
   0.0461596   -0.0298498    -0.068523   -0.0399536
  -0.0802645   -0.0728798    0.0449448   -0.0115522
    0.082237     0.163225   -0.0293494   -0.0648173
   0.0100932    -0.088564    -0.101672  -0.00192841
 0.000543267   -0.0443862   -0.0848448   -0.0645173
  -0.0586498    -0.233194    -0.233185    0.0212384
  -0.0588039    -0.074982   -0.0409279   0.00653867
   0.0718044   -0.0417328     0.102237   -0.0868787
  -0.0393106    0.0246885  0.000698331    0.0608703
   0.0151498    0.0710191     0.116853    0.0520159
   0.0408263     0.103198   -0.0148829    0.0155723
   0.0262018  -0.00889604    0.0318486   -0.0104875
  -0.0654975    -0.144783   -0.0676725   0.00781154
    0.126047  -0.00878516  -0.00975162   -0.0243414
    0.107003    -0.159274   -0.0455234    -0.088486
   0.0766567   -0.0234013   0.00126669   -0.0407959
   0.0925684   -0.0705268   -0.0467597   -0.0455036
 -0.00358121    0.0534827    0.0840554   -0.0547821
   0.0343363   -0.0330175    0.0779692    0.0441135
   0.0492749    0.0313409   -0.0170978    0.0362743
  0.00429904    -0.149173    -0.272226   -0.0663595
   0.0547549    0.0447566   0.00552542   -0.0433837
   0.0626733     0.214157   0.00260871    0.0187425
  -0.0938133   -0.0498361    0.0168311   -0.0756175
  -0.0324182     0.102681      0.10052    0.0522448
   -0.144347   0.00692797     0.147185    0.0287499
    0.111701     0.115829  -0.00488256     0.048845
   -0.024963    -0.111165  -0.00616479   -0.0253453
  -0.0966463    -0.135689   -0.0052554   -0.0277175
  -0.0271993     0.130279    0.0767767   -0.0200699
  -0.0190518   -0.0437442    -0.212338   0.00175709
   0.0701683     0.092065    0.0419946   -0.0126335
 -0.00848155   -0.0715749    -0.198394      0.01673
    0.121192   -0.0343451  -0.00363263    -0.031397
  -0.0342856   -0.0162078   0.00923125    0.0392453
    0.042996    -0.037566    0.0456006    -0.029444
   0.0133211     0.121171   0.00532455   -0.0231726
 -0.00490306      0.14345    0.0936815    0.0180205
  -0.0506207   -0.0356471   -0.0765465   0.00356406
   0.0553219     0.176928     0.026501   -0.0335104
   0.0879663    0.0996341    -0.109989  -0.00833928
   0.0277802      0.20614     0.195204     -0.07106
   -0.117733    -0.228713    -0.189046   -0.0343734
 -0.00922967   -0.0875503    0.0369043   -0.0513799
   -0.015664   -0.0753905   -0.0353264    0.0238101
    0.170601     0.254738    0.0596303    0.0544851
    0.046532   -0.0662979   -0.0271638    0.0534598
  -0.0293502   -0.0102899    -0.127915    -0.027632
   0.0326604     0.131393   -0.0992343    0.0175646
   0.0562922     0.144336     0.150561    0.0965141
  0.00813871    -0.340741   -0.0408802    -0.060452
  -0.0522877    -0.128259   -0.0202207   -0.0719714
   0.0500236   -0.0426734     0.118247    -0.139984
   0.0961047       0.1827     0.209072    0.0224177
   -0.173601   -0.0414006     0.141838   -0.0270133
    0.133228   -0.0359354   -0.0220734     0.019985
    0.147066     0.293178     0.139158   -0.0495761
-0.000377156    -0.145336    -0.032832    0.0125186
    0.138598    -0.011153    0.0950129     -0.11416
   0.0818579     0.181429    -0.025907    0.0709447
 -0.00644561   -0.0284805    -0.181428  -0.00288914
    0.015562    -0.157832   -0.0932999   -0.0738775
   0.0107936    -0.107275   -0.0652958   -0.0105456
    0.024241    -0.111473   -0.0526312   -0.0229996
   -0.118575   -0.0146723     0.145298   -0.0599567
 -0.00075644   -0.0941945  -0.00793921  -0.00600501
  -0.0591263   0.00104403   -0.0465355     0.016591
   0.0260117    0.0287612   -0.0454417    0.0231162
   0.0618862     0.142357      0.20162   -0.0643252
   0.0102872     0.290231     0.146265   0.00035629
   0.0802049    0.0828395   -0.0095015    0.0609833
  -0.0133624    -0.159171   -0.0517026   -0.0987201
   -0.014823   -0.0167206   -0.0177799   -0.0632925
 -0.00889166    0.0492813    -0.112852    0.0892827
   0.0035123    0.0270044    0.0558941   -0.0768025
  -0.0489761     0.158328    0.0612926     0.029664
  -0.0248155    -0.108517    0.0604467   -0.0500414
  -0.0886937    0.0281951    0.0293215   -0.0580599
  -0.0234651   0.00844047     0.069858   -0.0669499
    0.116768     0.137665     0.127384   -0.0150102
   -0.114726    -0.108834   -0.0506102   -0.0548916
   0.0377917     0.170406    0.0964343   -0.0966011
   0.0103556    0.0105573    0.0748979   -0.0534257
   0.0291202   -0.0412437     0.130783   -0.0915503
  -0.0174661   -0.0830139   -0.0306395   -0.0240253
   0.0786039   -0.0482704    0.0884591   -0.0147624
 -0.00539612     0.116625     0.130694     0.012362
   0.0400698       0.0225   -0.0217589    0.0654968
   0.0802304     0.107574    0.0796032   0.00288821
  -0.0323684   -0.0154576   -0.0719947    0.0200834
    -0.04558   -0.0768413   -0.0440765   0.00346831
  -0.0676185    0.0654899    0.0639875  -0.00160031
  0.00110733    0.0817449  -0.00621358   0.00901317
   -0.059587    -0.281219    -0.261591   -0.0421235
   0.0136485    0.0651492    0.0282297   -0.0159244
   0.0258376   -0.0272324    0.0352953   -0.0181791
   0.0701966    -0.028363    -0.234309   -0.0859234
    0.165835     0.134978    0.0584545   -0.0834155
  -0.0155069   -0.0610045  -0.00703729   -0.0320212
   0.0328741    -0.113526   -0.0387521   -0.0525726
  -0.0427672    -0.027524   -0.0135795  -0.00250535
    0.120765   -0.0353418    0.0107785   -0.0740134
  0.00528515     0.148352     0.105737    0.0274111
   0.0434691   -0.0498261  -0.00994953    -0.085087
 -0.00938376   -0.0156768    -0.112209    0.0573492
  -0.0953149    -0.174155     -0.14558     0.025078
    0.117921    0.0420283   -0.0468387   -0.0699359
 -0.00283159   -0.0737731    -0.233222    0.0276293
   0.0628788    -0.238574    -0.130952   -0.0617368
  -0.0939748   -0.0119249    0.0257132   -0.0269911
   0.0144109     0.115367     0.135829    0.0147791
    0.106377     0.171316    0.0257268    0.0478896
    0.082821     0.215652     0.133882   -0.0493301
 -0.00532445   -0.0951137    -0.105052   -0.0636743
  -0.0440132    0.0918166    0.0978141    0.0696661
    0.100993    0.0974236    0.0231376  -0.00161057
   0.0557554   -0.0135305   -0.0144243    0.0326237
  -0.0876017    -0.115018     0.025345   -0.0296184
   0.0366618    0.0451369   0.00804213    0.0669915
  -0.0851122    0.0303572   -0.0163105    0.0262099
   0.0553321    0.0917597  -0.00703652   -0.0129165
   0.0235929    -0.149276   -0.0740916    -0.017265
   0.0388217      0.14045     0.128077   -0.0042506
  -0.0165365   -0.0473109   -0.0870949    0.0563104
    0.122027     0.162257     0.140252    0.0369134
 -0.00627697    -0.113592   -0.0514303   -0.0999728
   0.0701243   -0.0288962   -0.0335689   -0.0426199
   0.0117634    0.0432573   -0.0774745    0.0689721
   0.0494587    0.0805491   -0.0971143   -0.0405332
   0.0343488    0.0181571   -0.0194885  -0.00269028
   0.0390584     0.033301    0.0246514   -0.0562084
   0.0167355     0.163237    0.0896574    -0.021466
 -0.00051349   -0.0207662    0.0720267    0.0306818
   0.0385729    0.0540779  -0.00910094    0.0380504
   0.0507159   -0.0929093   -0.0954352   -0.0641613
   0.0728833    0.0573584    0.0509457   0.00327594
    0.183191   0.00799953    0.0691144   -0.0187947
   0.0526749    0.0649325   -0.0893016  -0.00694748
   0.0809763     0.180317   -0.0197902   -0.0146579
   0.0199232    0.0193024   -0.0035464     -0.06145
   0.0723174     0.179221  -0.00253112   0.00277537