   0.0151128   -0.0151646   -0.0922141  -0.00224697
   0.0392325    0.0727665   0.00862232   -0.0106058
   -0.133528     0.114032     0.172442    0.0872888
   -0.142683     0.133538   -0.0540485     0.146269
  -0.0545071    -0.145067   -0.0980281   -0.0628015
   0.0739887     0.125581     0.190823   0.00877662
 -0.00198203    -0.109023   -0.0240421  -0.00978931
   -0.075377   -0.0435626   0.00963476    0.0612219
    0.101585   -0.0738581   -0.0820175   -0.0734713
   0.0156602    -0.283164    -0.259924    -0.099216
  -0.0848011    0.0633737   -0.0771712    0.0477448
   -0.123622    0.0157593    -0.103789     0.163173
    -0.10463    0.0882171    -0.114931     0.196516
 -0.00685273   -0.0311285  -0.00020053   -0.0460922
    0.051309    -0.209225    -0.292371    -0.129887
  -0.0285731     0.240114    0.0359259    0.0874496
  -0.0641353   -0.0969851    -0.165502   -0.0196946
  -0.0195248    0.0717402   -0.0683109   -0.0356857
   0.0223309    -0.221266    -0.187171    -0.115052
   -0.148511     0.133423     0.105702     0.160247
  -0.0994997   -0.0104867    -0.051215    0.0247443
   0.0203144    -0.115007   -0.0693094    -0.111616
   0.0146516    0.0156678   0.00199438     0.085787
  -0.0184125     0.176606    0.0808301     0.105767
  -0.0326424    -0.207995     -0.20592   -0.0574104
   0.0685864   0.00416507   -0.0943069   0.00450232
 -0.00782486    0.0191145    0.0667686    0.0349639
   0.0515051    0.0797636     0.102482   -0.0344452
    -0.06048    0.0149619   -0.0677285    0.0722093
  -0.0747628    -0.132256   -0.0701633    0.0108155
   -0.141128    0.0815473    -0.111786    0.0627524
    0.159442    0.0187614     0.232774    -0.185775
  -0.0833007     -0.07949   -0.0501293  -0.00455404
  -0.0461428    0.0113384   -0.0634383    0.0684229
    0.218222    -0.111442     0.132035    -0.172216
   0.0966593    0.0942254      0.12726   -0.0753016
-0.000495893    0.0236645    0.0237346  0.000265513
  -0.0974265   0.00898101   -0.0263187     0.146123
  -0.0412974   -0.0688211     -0.10753   -0.0340722
  -0.0762799      0.03955    0.0165116   -0.0203313
  0.00681186   -0.0147366   -0.0220072    -0.123998
   -0.107435    0.0715844    0.0319625     0.107986
   -0.190767     0.231216   -0.0337263     0.406537
    0.211899   -0.0185226    0.0925272    -0.188119
   0.0874507  -0.00606387   -0.0812625   0.00890538
  -0.0197559    -0.156063    -0.205622   0.00571455
  -0.0925128   -0.0470715    -0.137753    0.0818367
   0.0419972    0.0216377   -0.0843029     0.121452
  -0.0305533    0.0950498    0.0103775    0.0774249
   -0.133042   -0.0181561   -0.0250182     0.186422
  -0.0311121    0.0830332    0.0473153    0.0756153
  -0.0783905    0.0072144   -0.0876977    0.0990714
   0.0406597   -0.0141833   -0.0768369   -0.0186819
   0.0377543   -0.0284082    0.0677133   -0.0237179
   -0.090451   -0.0892849   -0.0485495    0.0524254
   -0.243342     0.111024    -0.118745     0.207901
    0.199549    -0.150697    0.0861441    -0.312619
   -0.115904    0.0276999   -0.0965651    0.0849544
    0.130878    -0.268673   -0.0909663     -0.20185
  -0.0110569    -0.109619    -0.145609    0.0479029
    -0.04915   -0.0362073    -0.134769   -0.0502463
   -0.041607  0.000397359   -0.0177642   -0.0552342
  -0.0777546    -0.121898   -0.0972713    -0.162743
   0.0397039     0.035845   -0.0772565   -0.0869465
  -0.0156202    -0.318211     -0.15888    -0.174676
  0.00774151    -0.205096    -0.151736    -0.148644
   -0.102628     0.167818     0.104165     0.116655
-0.000903604   -0.0223474   -0.0223508   -0.0016646
  -0.0228521    -0.151232    -0.148562   -0.0303889
   -0.177495    0.0632539    -0.198053     0.158117
  -0.0385083    -0.169022    -0.106456   -0.0532429
    0.181117    -0.388766    -0.324926    -0.210836
  0.00688831   -0.0783627   0.00361541    -0.102655
     0.11032    -0.042402    0.0442177    -0.128638
   0.0896976    0.0243106    0.0878555   -0.0719568
    0.183908    -0.117312    0.0615568    -0.265614
   0.0946655    -0.420541    -0.502216    -0.138655
  -0.0526684   0.00777757   -0.0640521    0.0881618
   0.0384729     0.177429    0.0999744    -0.118831
   0.0444014    0.0505606    0.0569052   -0.0948926
    0.175744   -0.0647784     0.035426    -0.302172
  -0.0578959   -0.0100722   -0.0175953  -0.00850586
  -0.0754531     0.125914   -0.0382871   -0.0242079
  -0.0524523     0.105334    0.0995866  -0.00114529
    0.213939    -0.112375    0.0243985    -0.257184
   -0.118437    0.0580368    -0.152345    0.0694403
   0.0700709   -0.0332709   -0.0582229    -0.102569
   -0.139584    -0.212079    -0.193442   -0.0254193
   0.0424323    -0.248126   -0.0856409    -0.193574
  -0.0900984    -0.155518    -0.249213   -0.0494222
    0.243259    0.0103027     0.197011    -0.370858
   0.0736871    0.0781924   0.00629895  -0.00737047
   -0.137322     0.184227     0.125269      0.02728
   -0.154156    0.0408882    -0.105267     0.155376
   -0.104611    0.0670241    0.0118037    0.0114614
     0.15714   -0.0508052   -0.0165942    -0.225676
   -0.147267    0.0444811   -0.0142065     0.164784
    0.038767    -0.173325    -0.106566    -0.167329
  -0.0450879    -0.091705    -0.119663    0.0569394
   -0.139226     0.081063   -0.0915735        0.148
   -0.098441     0.408106     0.166674     0.108023
    0.029477    -0.070704   -0.0126974     -0.12083
    0.121486    0.0572518    0.0868894   -0.0669379
 -0.00463216    -0.187267    -0.096578   -0.0827773
   -0.030393     0.102005    0.0484765    0.0742873
   0.0421681    0.0359069    0.0914448   -0.0980291
   -0.118821     0.054953    0.0300388    0.0299305
   -0.144137   -0.0305846    0.0107503    0.0795087
  -0.0472165   -0.0702052    -0.121577    0.0166867
 -0.00952346   -0.0197817   -0.0655319   -0.0740223
   0.0594443   0.00142514    0.0256519    -0.149044
     0.13781    -0.204555    -0.143429    -0.198361
  -0.0838396     0.185006   -0.0238037     0.176339
  -0.0197434    -0.201911    -0.119221    -0.103514
  -0.0280907   -0.0278798    0.0549383    0.0188057
   0.0120541    -0.121015    0.0615752    -0.113711
  -0.0634602   -0.0865205    -0.101933  -0.00377262
    0.139281    -0.190044    -0.143842    -0.304289
  -0.0228446      0.16925    0.0920608    0.0477171
  -0.0780738    0.0292771   -0.0492185    0.0843765
   0.0115008   -0.0487578   -0.0606256   -0.0754166
   0.0511454    -0.364065    -0.138567    -0.190641
   -0.024698     0.126671    0.0216973    0.0928527
    0.100396   -0.0641407    0.0956832   -0.0509905
  -0.0156685    0.0224578   0.00749813    0.0862818
  -0.0882251   0.00174568   -0.0609404     0.134385
   0.0119875    -0.035991    -0.069802   -0.0802672
  -0.0171735   -0.0281423   -0.0616408     0.116613
 -0.00768567    -0.105851    -0.136571   -0.0603997
    0.137384    -0.117121    0.0443644     -0.30903
 -0.00119086    -0.189165    0.0485162    -0.123592
 -0.00730452     0.181549     0.109054    0.0797619
    0.145691   -0.0532635    0.0442161    -0.187245
   0.0354197    -0.270541    -0.039804    -0.189947
    0.139729    0.0900684     0.115167   -0.0128789
    0.108446    0.0838701    0.0641175   -0.0784118
    0.122029    0.0259855   -0.0947452   -0.0546308
   0.0445645   0.00982001   -0.0635074    -0.016081
  0.00466935   -0.0989365    -0.148067   -0.0418059
   0.0202334   -0.0706789   -0.0238033   -0.0933042
  -0.0631917     0.096842   -0.0412095     0.146863
   0.0121674    -0.100927    0.0351043   -0.0331335
   0.0446437    -0.105892   -0.0799376    -0.122709
   -0.035103   -0.0943677    -0.117915    0.0288612
  -0.0890572    0.0492776   -0.0349034     0.128863
  -0.0360086    -0.128738    -0.112653   -0.0114168
  0.00699857    -0.146196   -0.0667757   -0.0756333
    0.120975    0.0912822     0.175745    -0.106715
   0.0848894    -0.109599    0.0730856    -0.157844
  0.00275048    0.0942701      0.12862   -0.0245332
    0.037979    -0.138513   -0.0543764   -0.0414782
   0.0912615    0.0931525     0.049698  -0.00187836
  0.00603432    0.0567069    0.0519424   -0.0493358
    0.168772   -0.0974006    0.0135906    -0.153286
   0.0734906  0.000297147   -0.0126091    0.0130554
    0.175473    -0.198092   -0.0456314    -0.181762
   0.0391736    -0.139073    -0.143158    -0.105235
    0.106209    0.0149378   -0.0264448    -0.092626
  -0.0398207     0.006064    0.0950162    0.0180171
   0.0529103    0.0313607   -0.0296381  0.000679133
   0.0449081    -0.104163   -0.0561478   -0.0334175
  0.00750428    -0.191896   -0.0986009    -0.120683
   0.0291768    -0.117055    0.0162668    -0.178376
  -0.0600994   -0.0400929  -0.00380606   -0.0785407
  -0.0259555    0.0197303   0.00430963  -0.00380548
  -0.0239675    0.0278695   -0.0626978  0.000377626
   0.0250816  0.000576712  -0.00836671    -0.126454
    0.194854   -0.0588778    0.0780466    -0.130746
   0.0362372    0.0578172   -0.0702716  -0.00613946
    0.118556    -0.137811    -0.127128   -0.0360035
    0.169927    -0.268986   -0.0306258    -0.258032
  -0.0377468   -0.0204182   -0.0707978   -0.0325494
   0.0409651     -0.00792   -0.0247001    0.0175105
  -0.0846478   -0.0888686    -0.177397     0.132932
   -0.174708    -0.116816    -0.155101    0.0812738
 0.000707488  -0.00613466  -0.00704048   -0.0558869
   0.0908071    -0.129996   -0.0232732    -0.168951
    0.040559     0.031153   -0.0470335   -0.0533617
   0.0527087   -0.0487519   -0.0230518   -0.0902744
    0.152013    0.0168917     0.112733    -0.209639
    0.135505     0.029757     0.186965   -0.0258114
  -0.0143092   -0.0533426    0.0144835   -0.0394771
  -0.0457941    -0.186497   -0.0960478    -0.104047
    0.110487     -0.16191   -0.0768386    -0.126295
    -0.03515    -0.222345    -0.228588   -0.0830841
   0.0246481    -0.397462    -0.377592    -0.141331
   -0.174486    0.0495389   -0.0239401    0.0608515
  -0.0147979   -0.0188344    0.0159863   -0.0319771
   0.0886135   -0.0299313   0.00949142    -0.156682
  0.00192733   -0.0467987   -0.0899409   -0.0437806
     0.13551     0.248808     0.174409     -0.14261
   0.0856395    -0.076909   -0.0880337   -0.0970776
   0.0455875   -0.0633229    0.0696061     -0.11728
   -0.107525     0.101853    -0.177315     0.166231
   0.0102369    -0.251241    -0.169917    -0.168401
   0.0229419   -0.0272183   -0.0934118   -0.0478577
 -0.00302796   -0.0433915   -0.0706176     0.121104
   0.0498071    0.0318034    0.0797036     -0.14169
   0.0639518    -0.299001    -0.158399    -0.206898
   0.0244702    -0.146701   -0.0135663  -0.00571841
   0.0502979    0.0112601    0.0339014    -0.115309
   0.0701054    -0.110461    -0.120852   -0.0720927
    0.090836  -0.00338509   -0.0626124    -0.096474
   0.0506505    -0.161743   -0.0623073    -0.073459
   0.0852335     0.119466     0.172413    -0.106377
 -0.00736368    0.0180026    0.0979233    0.0807175
   0.0307973      0.28519     0.116014    0.0938912
   0.0578803   -0.0664954   -0.0406083    -0.217787
  -0.0389607    -0.018781    -0.142814    0.0264147
   0.0193303    -0.112061    0.0309559    -0.125997
  -0.0531815    0.0224166    -0.147607   -0.0162927
  -0.0451937   -0.0988454    0.0320672   -0.0800474
  0.00155765   -0.0438184   -0.0700954   -0.0142004
 -0.00064499    0.0862924    0.0279568   -0.0226667
   0.0161284    -0.187752    -0.189958    -0.120098
   0.0205203     0.102531      0.20942  -0.00356607
    0.118077    -0.144871    -0.125162    -0.250596
  -0.0413615     0.053332   -0.0110493     0.100236
   0.0467187    -0.155236   -0.0438707    -0.248557
   -0.124258     0.134209    0.0427391      0.16025
    0.104713    0.0663064    0.0834502    -0.113279
   0.0489868    -0.146315   -0.0385771   -0.0476609
   -0.185251    0.0602641   -0.0821865     0.259121
   0.0516653    -0.295811   -0.0683492     -0.19434
     -0.1144   -0.0753751    -0.213518   -0.0642895
   -0.157115    -0.113363    -0.170919     0.132435
   -0.103145    0.0269476   -0.0921607    0.0260716
   0.0206925    -0.168636    -0.132097   -0.0175421
    0.145349    0.0787775     0.216708    -0.193833
   0.0632054    -0.340374    -0.184389    -0.218358
  -0.0295909     0.168867     0.086647    0.0384357
   0.0733305    -0.101822   -0.0427041    -0.159804
   -0.125709   0.00351212    -0.093198     0.109901
   -0.140797   -0.0798295    -0.116832     0.117785
   -0.156151   -0.0420878    -0.204679     0.109068
    0.191609    -0.138876    -0.104998    -0.247621
   -0.049249   -0.0909814    -0.136606   0.00895157
   0.0801082    -0.211683    -0.190712   -0.0985599
   0.0477121    -0.071814   -0.0333761     -0.11512
  -0.0563328    0.0668749    -0.028943    0.0857367
    0.146968    -0.279412    -0.279135     -0.19225
   -0.110824    -0.100114    -0.144229     0.115069
   -0.132942    0.0714571   -0.0313748     0.207535
   0.0220856     0.177088    0.0661672     0.113459
    0.028952    -0.208688   -0.0460253    -0.165333
   0.0114146   -0.0244526    0.0443134    0.0162792
   0.0650267    -0.181699   -0.0630773    -0.138208
  -0.0121939     0.151783      0.02998    0.0673522
  -0.0952966   -0.0633245   -0.0569128    0.0735996
    0.112439    -0.227528    0.0268094     -0.17716
   0.0514446    0.0880356     0.164499     -0.13693
   0.0211861    0.0908631    0.0796988    -0.084899
   0.0749693    -0.178033   -0.0763952    -0.107324
  -0.0365099    0.0380895     0.112641    0.0246956
    0.150654    -0.157041    -0.117136   -0.0836692
  -0.0967058    0.0994331   -0.0243955   -0.0244574
  -0.0868508     0.088162   -0.0819544     0.250047
  -0.0238729    -0.257572    -0.164892   -0.0797964
  -0.0328296    -0.122019    -0.150414    0.0242814
  -0.0108724   -0.0201954    0.0228744   -0.0051159
  -0.0282228     0.127682    0.0382867    0.0180354
   -0.137334     0.180437    0.0111723     0.125452
  0.00414098    0.0911142    0.0177396    0.0375768
    0.110096     0.129354     0.182343    -0.116341
   0.0674911   -0.0338942   -0.0119661  -0.00844687
  -0.0355225    -0.172855    -0.156686  -0.00882594
   -0.121164    0.0887749    -0.020982     0.163724
    0.157061    -0.100696    -0.111443   -0.0820513
   -0.058169    0.0309249   -0.0623065     0.067077
   0.0567177   -0.0242104    0.0497546  -0.00826234
   0.0661516   -0.0605368   -0.0256762   -0.0365774
   -0.242271    -0.115953    -0.163885     0.145567
   0.0226724   -0.0270552    0.0485336   -0.0544826
   0.0536318    -0.119845    -0.107004    -0.108171
  -0.0752541    0.0720681    0.0538396    0.0682514
   -0.105149    0.0990002    -0.164459    0.0782081
   -0.172026    -0.219267    -0.395729    0.0772347
    0.006268   -0.0483998   -0.0836448     0.024608
    0.181933    -0.034775    0.0820375    -0.145233
  -0.0180407   -0.0227977   -0.0397615    0.0308189
    0.117422   0.00313864   -0.0821965     -0.13898
  -0.0539933     0.112216    0.0214136    0.0354724
  -0.0481842   -0.0123192   -0.0496541   -0.0515214
  -0.0355568    0.0201296   -0.0815988      0.16172
    0.155259     0.175963     0.217767    -0.067669
  -0.0696742   -0.0913035    0.0904232   -0.0700892
    0.089718   -0.0375101    -0.080264    -0.119486
   -0.100666    -0.159113   -0.0170317   -0.0775486
    -0.03644    -0.176649    -0.271828   -0.0500548
   0.0651386   -0.0575544    -0.156521    0.0378598
    0.025741    -0.346622    -0.300451   -0.0492663
   -0.017912   -0.0983551  -0.00218878   -0.0985141
   0.0237263    0.0484755    0.0489432    -0.121082
   0.0549876   -0.0771397   -0.0553953   -0.0316567
   0.0474968   -0.0353502    -0.014547    -0.036335
   -0.021713    0.0173246  -0.00127157  0.000877252
   -0.116692     0.184637    0.0505005    0.0913251
   0.0499543      0.11449    0.0393637   -0.0909324
    0.150116    -0.159173    -0.019157   -0.0281517
    0.204531    0.0770032     0.115756   -0.0700273
  -0.0151658    0.0546735    -0.119957    0.0580952
  -0.0757691   -0.0399488    -0.109549    -0.051446
  0.00723169    -0.155339    -0.128617   -0.0575409
  -0.0278776    -0.146551   -0.0999465   -0.0346385
    0.202529     0.249014     0.425085    -0.194575
    0.164113   -0.0483856      0.16921    -0.134672
    0.104237   -0.0756024    0.0145915   -0.0931004
  -0.0962611      0.17069    0.0573041     0.130563
    0.133221   -0.0630663     0.127932    -0.107684
  -0.0534247   -0.0251933   -0.0127669      0.06337
    0.020673    0.0569203    0.0228067    0.0938275
   0.0393945   -0.0766115   -0.0715321    -0.103258
   0.0640302    -0.156346   -0.0547453   -0.0894229
   -0.122224   -0.0116821    -0.140534     0.101357
  -0.0158369    -0.168102    -0.193297   -0.0386072
  -0.0390737     0.161264     0.127927     0.125528
    0.015934  -0.00069916  -0.00547747    -0.153082
 -0.00282107    -0.334785    -0.228416    -0.118204
 -0.00100334    -0.125921    -0.108211    0.0224702
    0.129684     0.104053     0.153308    -0.134727
    0.176694    -0.176779    -0.115773    -0.100985
   0.0324929     -0.18222    -0.129729    0.0149779
   0.0827699   -0.0299539    -0.159078   -0.0181485
   -0.019563    0.0685319    0.0596693   -0.0270968
    0.115672     0.147388    0.0541558   -0.0461565
    0.135027   -0.0498114   -0.0194108   -0.0981627
  -0.0445997   0.00760497    0.0907257   -0.0265999
   0.0208847   -0.0159346    -0.123634   -0.0144137
   0.0971528    -0.243953    -0.215684    -0.222383
   0.0913511    -0.223177    -0.118894    -0.202562
   0.0334251    0.0328974    0.0872958   -0.0237812
  -0.0323955    0.0947258     0.102005    0.0220044
    0.122891    -0.258701   -0.0865351     -0.13578
  -0.0542077    0.0826966    0.0900163    0.0671198
  -0.0764125     0.239873    0.0579721     0.205076
  -0.0811682     0.145458  -0.00262019    0.0892734
   0.0236725   -0.0670589    -0.146268    0.0123475
  -0.0185263     0.117508   0.00461734    0.0517645
   0.0342338   -0.0569701   -0.0230686    -0.110661
   0.0144446    0.0552356    0.0869005   0.00488642
   0.0969792  -0.00167229   -0.0215904    -0.187627
    0.100857     0.166478      0.19232    0.0327323
    0.176083    0.0846511     0.138948   -0.0792545
    0.152116   -0.0900363    -0.169856    -0.209846
   0.0747875     0.105517    0.0902677   -0.0612717
    0.127215   -0.0398455    0.0411607    -0.132498
  -0.0780781     0.103222  0.000552843  -0.00674862
   0.0428794    -0.170754    -0.119987    -0.148036
    0.046029   -0.0827737   -0.0120466   -0.0911417
  -0.0492443    0.0267693   -0.0872709    0.0495034
 -0.00874489     -0.13761   -0.0561905    -0.212383
  -0.0463906     0.106056  -0.00935715     0.047715
   0.0318063   -0.0778569   -0.0370116   -0.0502784
   -0.185007   -0.0435383    -0.186058    0.0322885
    0.133492    0.0494415    -0.011779   -0.0760947
-0.000493207    -0.405238    -0.288787    -0.157057
   0.0815937   -0.0164185    0.0221964  -0.00856401
   -0.120169     0.047182  -0.00540931    0.0946926
   0.0382261   -0.0968739   -0.0604043     -0.00264
  -0.0725735    -0.280524   -0.0803962    -0.102011
  0.00752046   -0.0446482    0.0448488   -0.0395059
  -0.0112053     0.185655     0.094085     0.109295
     0.15339    0.0352134    0.0517688    0.0110916
   -0.128564    0.0274562   -0.0360044    0.0474375
  -0.0437813     0.233855    0.0951281      0.16137
   0.0650356  -0.00197729   -0.0350371   -0.0872475
   0.0329782   -0.0740662   -0.0655516    -0.121221
  -0.0108956      0.18409     0.152462     0.115505
   -0.136343   -0.0197107    -0.135706     0.153318
    0.210457     0.104842     0.154045   -0.0664262
  0.00726967     0.042922   -0.0602976    0.0952594
    0.029362     0.105453     0.181329   -0.0996066
   0.0996027   -0.0871059    0.0285124   0.00501054
  -0.0779587    0.0693555     -0.11669     0.194066
 -0.00427796     0.284611     0.277906     0.072538
   -0.126476    -0.068277    -0.175381     0.124373
  -0.0992028     0.397781     0.336603     0.202026
   0.0882694    0.0211152   -0.0499844   -0.0341738
    0.018215    -0.111047    -0.120564   -0.0333627
   0.0390962   -0.0474818   -0.0473643   -0.0941552
  -0.0657452    0.0372502   -0.0334207    0.0996552
 -0.00457266   -0.0186195   -0.0457996    0.0331902
   0.0317905    -0.105966   -0.0529124   0.00225367
   0.0428003    -0.181818     0.039919    -0.132463
   0.0115231     0.187868    0.0721524   -0.0124213
    0.043923    0.0170996    0.0251697    0.0257721
  -0.0066828   -0.0128883   -0.0464631   -0.0674137
   0.0504422   -0.0522288    0.0412747   -0.0790179
    0.127991   -0.0844967   -0.0671395    -0.198115
   -0.213947    -0.141661    -0.197506     0.142311
   0.0152619    -0.186513   -0.0836922    -0.140489
   0.0979817   -0.0124537   -0.0869466    -0.044059
   0.0372727    0.0393162     0.101854   -0.0555199
   0.0404241    0.0633734    0.0318012    0.0242816
    0.109486    0.0564959       0.1211    -0.068894
  -0.0795588    -0.182375     -0.17884    0.0100516
   0.0555823   -0.0915339    0.0808783   -0.0479827
   0.0493553    0.0384416     0.187417    -0.019246
  -0.0157846    -0.116564    -0.102688   -0.0858982
  -0.0731818    0.0883079   -0.0472794  -0.00638705
  -0.0094707     0.242554      0.20073   0.00513521
  0.00788987   -0.0144395   -0.0562245  -0.00716263
 0.000444693    0.0352601   -0.0421652    0.0912999
   -0.087306   -0.0200247   -0.0484589   -0.0150048
    0.135096  -0.00746672    0.0492259    0.0473555
  -0.0297595     0.103802     0.129686 -0.000969152
  -0.0852532    -0.243122     -0.17005 -8.08852e-05
    0.083308     0.198553     0.067376   -0.0987642
   -0.026482    0.0182229    0.0470553   -0.0509201
    0.174967    -0.032747     0.142473    -0.119615
  -0.0554138    -0.237605    -0.237208   0.00607068
   -0.150193    0.0959676   -0.0120111     0.244171
  0.00707373   -0.0106902    -0.109825   -0.0512574
   -0.100806    -0.257626    -0.213698   -0.0101827
    0.115384   -0.0808548   -0.0323595   -0.0955954
  -0.0166172    -0.073738   -0.0754836    0.0438449
   0.0986671    -0.326716    -0.139347    -0.232084
    0.012179   0.00528918    0.0303757    -0.014822
   0.0852653     0.239205      0.21214   -0.0470888
   0.0981832     -0.10788    -0.072019    -0.113582
     0.08466    -0.273169     -0.14268    -0.203043
  -0.0177432     0.030939    0.0219747   -0.0159585
    0.176648    0.0458078     0.165432    -0.130449
    0.130219   -0.0943467    0.0735835    -0.166371
   0.0317839    -0.131387    -0.176202   -0.0177142
    -0.15982     0.130945    0.0718204     0.214516
  -0.0389083     0.172469    0.0357677     0.170526
    0.147014    -0.243479    -0.172662    -0.311871
    0.049044    0.0300469    -0.101992   -0.0709611
  -0.0956851     0.020447    -0.131921   -0.0186841
   -0.158815     0.114533   -0.0525029     0.263157
    0.116187    0.0754239     0.100993    -0.178385
   -0.104766    0.0354936     0.044884   0.00449301
   0.0521786    0.0823266     0.093383   0.00571219
   0.0433363    -0.161477    -0.169391   0.00304746
   0.0564288    0.0140243     0.121678    -0.150518
    0.196985    0.0279703     0.133353    -0.158961
  -0.0936795   -0.0699071   -0.0200667    0.0238692
   0.0235518   -0.0474436    0.0377845   -0.0557226
  -0.0554344   -0.0241858    0.0408525   -0.0156326
   0.0240418   -0.0787958    0.0150093   -0.0944179
   0.0119686   -0.0467023   -0.0440553    -0.151145
  -0.0969512     0.122231   -0.0344286      0.16323
   0.0035666   -0.0412792      0.04389    0.0569323
   0.0509809    0.0792478    0.0998587    0.0907199
   0.0305733    0.0935738   0.00880443   -0.0541399
    0.157271   -0.0581037    0.0419706    -0.160754
   0.0251332     0.108157    0.0516323  -0.00553382
     0.16438   -0.0326954   0.00883863    -0.183487
  -0.0159016   -0.0509666    0.0464828   -0.0295526
    0.131075    -0.455405    -0.292676    -0.286157
   0.0355384     -0.23436    -0.239635    -0.171025
   0.0166764    -0.214181    -0.349848    -0.140735
    0.167124     0.047579    0.0171279    -0.110852
  -0.0497357    0.0409715   -0.0596041    0.0228636
    0.125327   -0.0254637    0.0738812    -0.111904
  -0.0748273     0.182453    0.0903827    0.0669296
  -0.0554654    0.0402066     0.128951      0.12811
 -0.00892097    0.0191802    0.0285766   -0.0752257
   -0.135591    -0.152894    -0.180134    0.0452468
  -0.0954556   -0.0705779    -0.102603     0.130455
   -0.112006    0.0504703    -0.114314     0.144777
  -0.0829869   -0.0558113    -0.158495     0.106102
  -0.0959405     0.256742    0.0860715     0.171968
  0.00669344     0.183608     0.181718   -0.0719241
   0.0521445     0.117146      0.04934    0.0580166
 -0.00191381    -0.173739   -0.0809529    -0.143748
    0.161118    -0.058085    0.0759952    -0.195167
    0.069768     0.124673     0.126366   -0.0753208
    0.175309   -0.0441496     0.139622    -0.193321
 -0.00749502      0.22852     0.218701   0.00509486
  -0.0646487    0.0919362   -0.0675181     0.151863
   0.0291575    0.0298096   -0.0334408  -0.00846927
  -0.0620411    0.0466155     0.144246   -0.0144016
    0.157827    -0.127688   -0.0326329   -0.0441493
   0.0762952   -0.0862861    0.0167343    -0.180834
 -0.00138396    0.0164704    0.0499385   -0.0679583
   0.0446538    0.0254959  -0.00766857   -0.0306044
  0.00699314   -0.0270868   -0.0778344     -0.00418
   0.0950302     0.161667 -5.56996e-05   -0.0656288
   -0.163306     0.103004    0.0601426     0.103856
   -0.101123   -0.0756043    -0.094928    -0.024099
   0.0998954    -0.176914    -0.115258    -0.150121
   0.0199472    -0.119599   -0.0350412   -0.0696391
   0.0159559    0.0323104     0.113774    0.0330533
    0.068234    -0.134478    0.0140785    -0.209976
   0.0816058   -0.0824147   -0.0660446    -0.109079
  -0.0343841     0.049113    0.0183618    0.0211751
  -0.0011636   -0.0293103   -0.0642019    -0.129494
   0.0642454    -0.302637    -0.202429    -0.148833
   -0.141598     0.146805  -0.00646453     0.198203
  -0.0858835  -0.00284456     -0.15233    0.0939107
    0.103338    -0.128253    0.0155002   -0.0809236
  -0.0292995    -0.118708   -0.0843246    0.0151711
    0.139534    0.0221556     0.193407    -0.121998
    0.149817    -0.145303    -0.222152    -0.162524
    0.126414   -0.0820281    0.0434621    -0.187288
  0.00582307    -0.210421    -0.106351    -0.145898
   0.0188753    -0.136749    -0.197367    0.0138759
   0.0741313     0.041546      0.05612   -0.0472779
  0.00950939   -0.0558225   -0.0524101   -0.0708204
   0.0312408    -0.132118    -0.141375   -0.0223453
 0.000959051   -0.0620454   -0.0363966   -0.0391778
   0.0556203    0.0959384    -0.011039  -0.00620797
   0.0546736   0.00137076   -0.0473068     -0.05848
  -0.0216398    0.0425231     0.108099    -0.121767
   0.0501593    0.0873483   -0.0200123    0.0511215
  -0.0181913     0.101422   -0.0505502     0.169744
   0.0339714    0.0894211    0.0768917   -0.0234481
    0.130315  -0.00384021    0.0825102   -0.0492811
   0.0541301     0.141691     0.152986    0.0240832
  -0.0288087    -0.139743   -0.0167767   -0.0147181