    0.133537     0.198585     0.190883   -0.0486184
   -0.154537    -0.321762    -0.266178   -0.0848392
   0.0186671     0.294078     0.221266    0.0796504
    0.111004    -0.172796   -0.0659526   -0.0338608
  -0.0168714    0.0347124    0.0280846   -0.0155407
   -0.146311   -0.0846925   -0.0191671   -0.0687895
  -0.0219925     0.131807     0.104928   -0.0234672
   0.0556403    0.0822679     0.102292 -0.000543327
   0.0128261   -0.0576595    -0.120612  -0.00592409
  -0.0978591    -0.227119    -0.165994   -0.0333154
     0.10766     0.122136    0.0979334    0.0296412
   0.0802972      0.14384    0.0637631    0.0408991
   -0.102031    -0.127149   -0.0191444   -0.0247522
  -0.0654215   -0.0675953    0.0169303   -0.0724896
   0.0359631    -0.116172   -0.0325298   -0.0823479
  -0.0483616   -0.0528707    0.0867529    0.0370492
   0.0842041     0.199148    0.0791434   -0.0517503
  -0.0234886    -0.033657   -0.0154213   -0.0515592
   -0.111027    -0.009925    0.0293668    0.0606654
   0.0272702    -0.181437    -0.090427   -0.0833786
   0.0930852     0.309654     0.224157   0.00321537
 -0.00729361    -0.149483   -0.0986713    0.0439368
  -0.0306712     -0.22842    -0.126684    -0.115603
   0.0803852   -0.0382945     0.082944   0.00764241
 -0.00665625     0.140514    0.0843766   -0.0243369
   -0.217003    -0.155695    -0.234706    0.0376929
  -0.0484175   -0.0322093   -0.0368703   -0.0368279
   -0.190575    -0.273823     -0.23665    0.0100265
    0.152319   -0.0318164   -0.0749641    -0.114422
    0.128944   -0.0696735    0.0148888   -0.0879291
    0.113511     0.109855     0.122528   -0.0609668
   0.0555522    -0.205018   -0.0045991    -0.168965
  -0.0851159     0.247429     0.111654    0.0789374
   -0.154435   -0.0812696     -0.21326  -0.00924498
   0.0215157     0.206335    0.0608684    0.0763531
   0.0582709   0.00898209   0.00404214    0.0271626
  -0.0677461    0.0202706   0.00790646  -0.00696792
  -0.0666978    -0.264431    -0.256588  -0.00535851
    0.120533    0.0794966    0.0196496   -0.0754067
  -0.0146008    0.0119492   -0.0683355    0.0075385
   -0.141882    -0.234364    -0.214079   -0.0278814
     0.12384    0.0913287    0.0163016   -0.0991797
  -0.0866208  -0.00597983   -0.0234847   -0.0768754
   0.0140147   -0.0563063     0.007528    0.0240115
   -0.171759     -0.22259    -0.231061   -0.0646515
   0.0134174    -0.110475    0.0800921   -0.0471567
  -0.0428223    -0.323278    -0.104156   -0.0842188
   -0.123977   -0.0614901    0.0160603   -0.0644867
  -0.0797013  -0.00698139   -0.0601955   0.00850839
   0.0931941     0.279939     0.203772    0.0042043
   0.0253356    0.0596041   -0.0349413   -0.0139229
   -0.123367     0.168608    -0.029223    0.0197797
   0.0597059     0.188057    0.0725383    0.0853427
  -0.0355934    0.0416259    0.0458939    0.0152756
  -0.0386462    -0.200968    -0.154154   -0.0369928
   0.0107891   -0.0687091    -0.170475   -0.0475891
   -0.205445    -0.366804    -0.252198   -0.0519455
    0.110377     0.159397     0.115297   -0.0115642
  -0.0534491    -0.109484    -0.179226    0.0538887
  -0.0359451   -0.0674176   -0.0538494   -0.0614489
  -0.0375983    -0.224189    -0.108948   -0.0903802
   0.0238891     0.182087    0.0352835     0.100601
    0.125812    0.0212547   -0.0267954   -0.0717574
    0.111817     0.213458      0.13991  -0.00580802
  -0.0342386      0.11987     0.053001   -0.0274283
   0.0127606   -0.0490989   -0.0066688    0.0399844
   -0.094331    -0.384071    -0.172096   -0.0999107
   -0.170209    -0.359035    -0.307763   -0.0219742
   0.0114202     0.193085     0.162972    0.0765936
 0.000296912   -0.0749147   -0.0605004   0.00666204
   -0.022838    -0.204357    -0.161157   -0.0430191
    0.045774     0.436083      0.10339    0.0657202
    0.144913     0.234193    0.0629229     0.024341
   0.0704732   -0.0239961    0.0267629   -0.0392911
  -0.0597925    -0.165412    -0.111879    0.0550503
   0.0431785      0.11297   -0.0312556    0.0579342
  -0.0321478    0.0231589   -0.0653591    0.0642107
   0.0906375      0.12143    0.0312548   -0.0598969
    0.139479     0.183333     0.122902   -0.0545215
   0.0409296    -0.153027   -0.0896836    -0.093031
   -0.172577    -0.228999    -0.299512   -0.0360217
 -0.00111417    0.0688279    0.0437204   -0.0109723
   0.0672902      0.10704     0.133633   -0.0255004
  -0.0444112    -0.165854    -0.187061   -0.0626135
   -0.127975   -0.0469419   -0.0870196     0.156825
  0.00606573    -0.211154     -0.21773   -0.0164322
   0.0639749   -0.0474677   -0.0648405   -0.0505198
  -0.0752008    -0.281056    -0.128361       -0.134
    0.029189    0.0598734    0.0639507   -0.0281025
    0.245482     0.532432     0.539625    0.0208134
   0.0762423    0.0113759    0.0442718   -0.0779513
   -0.190429     0.134069    0.0775453    0.0919354
   -0.056632    -0.308045   -0.0807537    -0.164303
  -0.0421394    -0.539017    -0.475298   -0.0863366
   -0.105828   -0.0796508    -0.136425  -0.00809717
  -0.0733513     0.225194     0.233634     0.084689
    0.150324    -0.216244    -0.101798     -0.12254
  -0.0700903    -0.205273    -0.200037   -0.0172423
  -0.0071011      0.21254    0.0759062     0.126157
   0.0150113    -0.210358    -0.118289   -0.0893466
   0.0754845     0.169091     0.280903  -0.00549381
   -0.152593   -0.0890442  -0.00410253   -0.0561481
  -0.0721024    -0.455214    -0.457187   -0.0722247
  -0.0740359   -0.0482053   -0.0733808    -0.018878
    0.102551   -0.0835008   -0.0394564   -0.0152281
    0.121748     0.143036     0.177136     -0.04675
    0.202002     0.244484     0.190634    -0.176573
  -0.0304314    0.0535468   -0.0639551  -0.00671257
-0.000606118    0.0107012    0.0634816  -0.00538128
  -0.0212851   -0.0287482   -0.0725891   -0.0123628
   0.0384176   -0.0527984    -0.114497   -0.0919487
    0.144954   0.00400583     0.114613     0.013851
  -0.0830088   -0.0496288   -0.0679047    0.0435989
  -0.0460934   -0.0648608      0.10274    0.0480954
   0.0457018    0.0461767    0.0988145   -0.0587319
  0.00196381    0.0860251    0.0717469  -0.00501722
  -0.0505204    0.0360567  -0.00117405    0.0182493
   -0.106955   -0.0850202     -0.20834     0.048582
      0.0129     0.147108    0.0244917     0.100029
    0.041912     -0.15875    -0.184974   0.00328549
    0.161955    0.0862526     0.136494    0.0216232
   0.0508722     0.150415     0.104552    0.0454396
   0.0500373    0.0581669   -0.0498574  -0.00407838
   -0.064314    -0.280115    -0.357609   -0.0113469
   -0.153208    -0.565011    -0.410688     0.010183
    0.160988     0.104163   -0.0303537   -0.0219055
  -0.0257766     0.309449      0.30659    0.0919961
   -0.119519   -0.0553899    0.0210341    -0.049535
  -0.0299016     0.121076  -0.00998669    0.0451179
   0.0857048   -0.0212374    -0.024293   -0.0538931
    0.106386   -0.0496018    -0.183729    -0.024342
  -0.0361881    -0.181213    -0.168552  -0.00802812
   -0.142347   -0.0875716   -0.0815652     0.105213
   0.0227254   -0.0694532   -0.0180357     0.025815
    0.237463    -0.102628    -0.102317   -0.0609858
  -0.0526146  -0.00163712    0.0299975   -0.0019916
   0.0208803    0.0824151   -0.0245234    0.0120583
    0.176697    0.0815378    0.0936446    0.0392284
  0.00436026     0.140988     0.100868   -0.0140652
  -0.0978088    -0.104852    0.0448213    0.0227083
  -0.0302839     -0.12242    -0.260816    -0.037053
  -0.0175939    -0.106585   -0.0813697   -0.0756217
   -0.252957    -0.373095    -0.435414    0.0431409
  -0.0210244     0.177145    0.0203005     0.068546
    0.219232    0.0866124    0.0722503    0.0481891
   0.0176716     0.024461   -0.0825594   -0.0157718
   0.0145736    -0.122067    -0.158466   -0.0267852
  -0.0975975    -0.153376     -0.15064   -0.0116288
    0.203598     0.292989     0.122294   -0.0563224
   0.0515427     0.164438      0.12782   -0.0554552
  -0.0789638     0.109114    -0.013223     -0.03545
  -0.0441421    -0.256143    -0.171983   -0.0834878
   -0.255777   -0.0748512   -0.0632181     0.111982
    0.141153     -0.28278    -0.313149   -0.0602495
  -0.0826421    -0.368007    -0.259466   -0.0921286
  -0.0112139   -0.0103265    0.0112064    0.0260964
    0.155122      0.26055     0.126143   -0.0326024
  -0.0109851   -0.0116041   -0.0827071   -0.0824137
   0.0887199   -0.0375484    -0.100197    -0.113824
 -0.00826657   -0.0487218    -0.122156   0.00858627
    0.216117   -0.0535305   -0.0798182   -0.0167922
   0.0230452     0.120611      0.12659    0.0144691
  -0.0901967   -0.0122801   -0.0363912    0.0129557
 -0.00886511   -0.0894712   -0.0707741    0.0124833
   0.0143211    0.0379747       0.0474   -0.0773795
 -0.00939671    -0.027886    -0.057487   -0.0700313
  -0.0821582    0.0180038    0.0132972  -0.00663833
   0.0405393   -0.0260212   -0.0554875     0.065414
   0.0578134  -0.00649517   -0.0497012    -0.102348
   0.0263863    -0.159205    -0.168939    0.0239634
  -0.0656476    -0.155406    -0.141818    0.0316572
   -0.059678    -0.362662     -0.32239   -0.0884621
  0.00692527     0.152395    0.0681135   -0.0296326
   -0.183702    -0.706646    -0.901578    0.0153417
  -0.0243481    0.0893948    0.0877248   0.00965094
  -0.0848159   -0.0461009    -0.118607   -0.0551076
    0.184447    0.0814869     0.036331   -0.0139685
   -0.123242    0.0305621    -0.119752    0.0443739
  -0.0810248    -0.401495    -0.456177     0.015272
 -0.00587964    -0.141912    -0.134261    0.0259915
   0.0526061      0.29054      0.22638    0.0639596
    0.135237    -0.116364   -0.0931521   -0.0601671
    0.133416     0.147651     0.165523    0.0272105
    0.175516     0.183502     0.107269    0.0094931
   0.0904976    0.0762637    0.0692303   -0.0206035
  -0.0315751    0.0139847   -0.0295003  -0.00856226
   -0.110803    -0.173047    -0.162784   -0.0435567
   0.0413185    0.0345095    0.0221994   -0.0560907
   0.0490871     -0.12685    0.0242482   -0.0286526
   0.0285632    -0.132514 -0.000295124   0.00407102
   0.0179578    -0.153133     0.067876   -0.0602211
   -0.052212   -0.0426331     -0.13292  -0.00962945
    0.159824     0.307862     0.219206   -0.0477261
  -0.0929779   -0.0144917    0.0349265    -0.057487
    0.106019    0.0567103    0.0947331    -0.110283
   0.0462176   -0.0289903   -0.0380239   -0.0968602
    0.199341    0.0306642    0.0515577   -0.0271241
    0.110828     0.141684    0.0834839  -0.00923621
  -0.0907519    -0.264458    -0.182815   -0.0370268
   -0.041065    0.0397771    0.0557062    0.0684399
   0.0288472   -0.0942864   -0.0765453   -0.0275323
  -0.0431808   -0.0484833   -0.0360394    0.0245471
 -0.00316579  0.000823207   -0.0378885   -0.0133515
   -0.040109   -0.0276968    0.0503625  -0.00652234
    0.130532     0.237694     0.127575    0.0119918
    0.224764    -0.402827    -0.355012    -0.161584
  -0.0282288    -0.376358    -0.386322   -0.0572405
   0.0708881     0.311844     0.366159     0.061911
  0.00712436     0.066763    -0.104664     0.041307
    0.366789    0.0108523    0.0983224    -0.184732
  -0.0514192   0.00173238   -0.0794254    0.0164146
    0.143508  -0.00228975    0.0568049   -0.0632785
   0.0202881    -0.272921    -0.283243    -0.105484
  -0.0854477   -0.0931823   -0.0598979  -0.00147149
   0.0931718    0.0649346     0.113733   -0.0990141
   0.0925959      -0.1282    0.0203451   -0.0559883
    0.025663     0.136291     0.116168    0.0275067
    0.054126    -0.201238    -0.038528   -0.0198449
   0.0512845   -0.0202138    0.0304971    0.0333027
   0.0896679     0.033972    0.0172361    -0.126279
   0.0167211    -0.196329    0.0175686   -0.0335569
    0.134611     0.299353      0.17296    0.0777507
   0.0557472  -0.00455211  -0.00714042   -0.0575746
   0.0684768  -0.00634841    0.0413032    0.0130031
   0.0309753   0.00709774    0.0799879   -0.0556035
   0.0387896   -0.0437074    -0.110756   -0.0455162
    0.100658  -0.00325397  -0.00319864   -0.0482597
     0.11411     0.165254     0.141963   -0.0298824
 -0.00219757    -0.160795    -0.140676  -0.00826872
   -0.184923    -0.298398    -0.293024    0.0270793
 -0.00186924    -0.312208   -0.0895205   -0.0511818
   0.0459668     0.102261   0.00108057   -0.0506284
  -0.0765423     0.106462    0.0782886   -0.0217062
   0.0318767     0.133051   -0.0397027   -0.0482551
    0.158952   -0.0993148    -0.017654   -0.0314848
   0.0164458     0.153289    0.0276032    0.0259178
   0.0110124     0.169467    0.0851833    0.0745987
  -0.0550186    -0.197128   -0.0986779   -0.0698676
   -0.181825   -0.0947985     -0.15036    0.0306445
   -0.103781    -0.137784     -0.15875   -0.0226007
  -0.0245976    0.0903863  -0.00184965  -0.00233602
   0.0300607    -0.125559  -0.00661901   -0.0784067
   0.0634904    -0.244546    -0.127552   -0.0057111
  -0.0646865    -0.221078    -0.148427   -0.0534533
    0.258939     0.152241     0.223492   -0.0450939
    0.161935      0.45106      0.31811  -0.00345481
   -0.170271    0.0242946   -0.0221263    0.0561589
   0.0779383     0.207398     0.182249  -0.00982823
   0.0930399     0.115345    0.0998043   -0.0647808
 0.000345525     -0.24962   -0.0941113   -0.0865562
   0.0595274     0.205373    0.0567601    0.0410333
 -0.00445359    -0.031113    -0.026862    0.0138884
    0.073339     0.167163    0.0483989    0.0787679
    0.257944     0.201048     0.290074   -0.0412099
  -0.0464341     0.144494    0.0687928  -0.00221968
    0.108734     0.290426     0.212169     0.129448
   0.0689185     0.122125    0.0826139   -0.0410334
   0.0930652   -0.0366931    0.0938326   0.00178907
  -0.0532818    0.0466655    0.0241617     0.011369
   -0.114709   -0.0929273   -0.0840152    0.0567884
  0.00831872     0.259617    0.0859409    0.0749773
  -0.0168988     -0.31963     -0.34491    -0.115099
 -0.00311485    -0.181766    -0.166304   -0.0482569
    0.044565   -0.0702013   -0.0787082   -0.0472465
   -0.109165   -0.0372636    -0.127811   -0.0515161
   0.0648157    0.0777783    0.0313851    0.0284405
   0.0793762    0.0919793  -0.00809401    -0.057931
   0.0080296  -0.00286322   -0.0871184   -0.0116683
 -0.00349836    -0.206291    -0.202209  -0.00114756
   -0.139756    -0.184022    -0.176841   -0.0119498
   0.0822685   -0.0765297   -0.0173676   0.00264558
   0.0899813      0.23827      0.11918   -0.0105143
    0.210904      0.26111     0.277017    0.0141743
   0.0320497  -0.00670115    0.0833887   -0.0184294
   -0.101394    -0.389558   -0.0825683   -0.0757457
    0.014904   -0.0342852    0.0493127   0.00741064
   0.0479088    -0.186754    -0.207067   -0.0316138
  -0.0728471   -0.0215782    0.0482637  -0.00388582
  -0.0978102    -0.223599   -0.0220076  -0.00970399
-0.000470825    0.0478648      0.10793    0.0656713
   -0.116269    -0.214783    -0.298145   0.00519682
  -0.0277183    -0.148297    -0.140569   -0.0957652
  -0.0980373   -0.0831427     -0.20169    0.0409454
    0.100809   -0.0268843   -0.0731272   -0.0449037
  0.00104105    0.0568471    0.0182446      0.03839
    0.157743    -0.235436    -0.116619   -0.0523891
  -0.0636635    -0.192971   -0.0935215   -0.0313606
  -0.0258448     0.137859    0.0227111   -0.0603423
  -0.0411703      0.10508     0.124466    0.0552603
  -0.0799229    -0.365581    -0.402612    -0.103011
   -0.119925    -0.428358    -0.347571   -0.0583765
  -0.0851901    -0.148635   -0.0574917   -0.0315776
    0.106774  -0.00909594   -0.0680868   -0.0458561
    0.140188   -0.0496095   -0.0782619   -0.0674718
   -0.151219    -0.228277    -0.194861    0.0429271
  -0.0776927    -0.113508    -0.116843     0.016638
    0.158979    -0.103587    0.0169543    -0.180068
   0.0238436  -0.00430625  -0.00393163   -0.0551565
   -0.126572    -0.253489   -0.0535831    0.0474056
    0.145566    0.0538486     0.102001   -0.0744158
    0.234088     0.226453     0.165724   -0.0227736
  -0.0254359    0.0159163    0.0861642    -0.032995
   0.0238453    -0.305567    -0.281585   -0.0882385
    0.116024     0.179621     0.203872   -0.0173059
 -0.00838681    0.0379183    0.0838122  -0.00734077
  -0.0874295     0.122625      0.11065    0.0568759
  -0.0253105   -0.0874492   -0.0625941   -0.0447753
    0.141532    0.0917844     0.140845    0.0107984
   -0.054191    0.0708784     0.114977    0.0200253
   0.0435091    -0.052629    -0.103965   -0.0315598
   -0.218724    -0.272932    -0.237482    0.0317688
   0.0409731    0.0490362    -0.077339    0.0346139
   0.0135993     0.110017     0.120242   0.00416604
    0.470402     0.486914     0.368205    -0.103468
  -0.0796879   -0.0683903     0.025372   -0.0419398
   -0.146655   -0.0525304   -0.0462677 -0.000164077
    0.165837     0.327799     0.173869   -0.0116336
  -0.0158806    0.0406331    0.0823647   0.00980232
   -0.110855    0.0427742   -0.0564196    0.0193559
    0.063861   -0.0320011   -0.0488572   -0.0526451
   -0.025109    0.0268531    0.0301537    0.0651357
   0.0994153      0.13461    0.0594408   -0.0234228
   0.0230894   -0.0909718    0.0272458    -0.110908
  0.00577077    0.0521393   -0.0352543   -0.0275892
   0.0760523     0.122246    0.0530662    0.0166621
  -0.0637141   0.00688029   -0.0307309   -0.0184569
    0.166391    -0.124434    -0.101167    0.0153166
   -0.102539    -0.202669     -0.13698    0.0464175
   0.0456248    -0.181838    -0.292719   -0.0690829
  -0.0767218   -0.0111332    0.0305277     0.023373
   0.0102819    0.0817576    0.0684603    0.0549747
   0.0555692    -0.219866   -0.0688089    -0.136586
    0.114432    0.0188028     0.038472   -0.0569399
  -0.0463812   -0.0477895     0.022438    0.0549437
    0.358258     0.166071     0.147039    -0.079323
  -0.0121533    -0.101309     -0.13855    -0.061398
  -0.0468116   -0.0623119    -0.147972   -0.0348724
   -0.113967   -0.0151299   -0.0281736   -0.0349864
   0.0245019   -0.0241091   -0.0823668    -0.096002
   -0.016551    0.0108158    0.0206409   -0.0240677
    0.082521    0.0960102   -0.0766473   -0.0408979
-0.000786496   -0.0489059    -0.174331    0.0568496
    0.143108     0.130177    0.0079232  -0.00671533
   0.0603844   -0.0660541    -0.019336  -0.00606811
    0.103335     0.282884     0.185408   -0.0528659
    0.108095   -0.0595693   -0.0314562   -0.0642751
    0.179557     0.156649      0.15483    -0.151325
   0.0738354   0.00726669   -0.0532661   -0.0639879
  -0.0319195    0.0659577   -0.0130826   -0.0148358
   -0.118621    -0.081345   -0.0473707    0.0367296
  -0.0400531   -0.0284961   -0.0882919    0.0206293
   -0.161159    -0.134874   -0.0276814   -0.0125502
  -0.0461815     0.034421   -0.0599275    0.0306971
   0.0776647     -0.31031    -0.104781    -0.140322
  -0.0327732    0.0192698  -0.00442054   -0.0112451
  -0.0146478    -0.105403    0.0112347   0.00731268
   0.0762219    0.0601174    0.0374581   -0.0422964
    0.151273     0.296906     0.118619   -0.0370717
    -0.19316   -0.0176287    0.0288902    0.0706317
  0.00956799    0.0856159   -0.0907119    0.0451977
  -0.0706289   -0.0750639   -0.0695569   -0.0112138
    0.167442     0.112284     0.148469   -0.0533881
  -0.0217213    -0.139134    -0.129877    0.0545876
  -0.0286418   -0.0832215    0.0295507  -0.00730997
   0.0418111   -0.0485335    -0.157579   -0.0201795
   -0.025156    -0.118748    -0.096777  -0.00886701
   0.0605235   -0.0850157    -0.122598    0.0150174
    0.127113     0.156347      0.20084    0.0144655
   0.0511707    -0.195657    -0.147301   -0.0347893
   0.0607554   -0.0524682    -0.125618    0.0273485
    0.167669    0.0681129     0.057518   -0.0388923
  -0.0614955   -0.0607685   -0.0938095   -0.0564528
   -0.011779     -0.11862    -0.230621    0.0462743
   0.0250219    -0.044501   -0.0508787    0.0249422
   -0.102004   0.00934543    0.0135031    0.0105929
   0.0537186     0.078703     0.145522    0.0154768
  -0.0256877    -0.100116   -0.0253879   -0.0263387
   0.0247136     0.147604     0.196263    0.0859592
   -0.206046    -0.212555    -0.185655   0.00985379
  -0.0302094   -0.0976572    0.0463322    0.0155746
   -0.249608    -0.700308     -0.51192    -0.072481
  -0.0569107    -0.286432    -0.107511    -0.103877
    0.457074     0.347113     0.204263   -0.0496374
   0.0174432     0.655262     0.655613    0.0720278
  -0.0778683   -0.0405018   -0.0353673   -0.0243534
 -0.00620485   -0.0858065    -0.113326   -0.0503716
   -0.020678    -0.388166    -0.084251   -0.0143165
    0.151617     0.117392    0.0768648   -0.0586896
   -0.107885   -0.0961962   -0.0282286    0.0455193
  -0.0835396   -0.0969094   -0.0627625   -0.0147233
 -0.00176277    -0.153378   -0.0841984    -0.122073
   -0.089906    0.0571425    0.0821077  -0.00862807
  0.00808635    0.0105207    0.0458312    0.0384203
    0.177417     0.231437     0.169923   -0.0198505
  -0.0364982    -0.263655    -0.153992   -0.0329064
   -0.203683    -0.307047    -0.187818   -0.0261164
  -0.0135815   0.00980864    0.0681293   0.00717475
  -0.0850998    0.0661667    0.0679666    0.0393158
  -0.0430727    -0.258027    -0.316446   -0.0461772
    0.218276     0.248742     0.203954   -0.0619361
   0.0942848     0.042773     0.154837     -0.07929
  -0.0208964     0.460193     0.408947    0.0962414
  -0.0185504     0.168192    0.0248179    0.0339931
   0.0908171    -0.132007   -0.0335958    -0.139705
   -0.162149    0.0495114     0.108681    0.0162291
  -0.0521682    -0.316643    -0.112293   -0.0670518
   0.0886569     0.112801    0.0321162   -0.0526633
  -0.0672239    -0.131254    -0.103904   0.00590505
  -0.0688594   -0.0266974   -0.0374522    -0.071194
   0.0705919    0.0729763     0.144719  -0.00991728
    0.160517    -0.142735    0.0764817    -0.120008
   0.0889414    0.0692557     0.116871   -0.0679199
  -0.0703343   -0.0715537    -0.138657  -0.00990679
   0.0228081   -0.0162047   -0.0990655    -0.107717
    0.178083    -0.016264    0.0188904   -0.0522589
      0.1128    0.0394986 -0.000358301   0.00990635
    0.185594   -0.0515147     0.146822   -0.0551201
   0.0808947    0.0200324 -0.000936672  0.000636034
    0.125135    0.0568412     0.108641   -0.0800495
   -0.165129   -0.0415135     -0.11981    0.0249723
   0.0245158   -0.0889641    -0.106175   -0.0844182
   0.0781823    0.0713701    0.0938423   -0.0645248
   0.0353022     0.185514     0.100424    0.0188729
    0.145974     0.108517     0.179511    0.0291372
   -0.346726    -0.557832    -0.563123    0.0336417
   0.0357852    -0.114293    -0.147206    0.0424566
  -0.0708847   -0.0937029    0.0999471    -0.023409
    0.207159   -0.0144134    -0.119616   -0.0216342
      0.1592     0.201724     0.238479    -0.049835
   0.0565883    0.0974336   0.00397547   -0.0404871
   -0.212371    -0.400103    -0.343124  -0.00698277
    0.112466      0.25034       0.3554   -0.0183537
 -0.00627728     0.180195    0.0688917     0.058307
  -0.0574778     0.205091   -0.0510339    0.0956858
  -0.0254684    0.0272918    0.0940843   0.00803526
  -0.0897558    -0.070802    0.0140808    0.0814675
   0.0962131     0.126189   -0.0392448      0.07396
   0.0418084     0.146536     0.199064    0.0504911
  -0.0537641    0.0579254   0.00405972    0.0281619
   0.0630828    0.0178762   -0.0398407    0.0978447
   0.0764181     0.111943    0.0886701   -0.0233861
   0.0353337  -0.00253298   -0.0428524   -0.0071254
 -0.00532925     -0.20774    -0.204719   -0.0718988
   -0.246232    -0.266364     -0.22042    0.0997289
  -0.0287384     0.198379     0.145767     0.142909
  -0.0682952   -0.0482243   -0.0876184    0.0366665
   0.0892103   -0.0540971    -0.147835   -0.0483425
 -0.00759205     0.156195     0.103467   -0.0118222
  -0.0121224    0.0641117  -0.00903862   0.00672836
    0.181921   -0.0300663  -0.00377593    0.0201367
  0.00481892    0.0167422    0.0539274    0.0286826
  -0.0401612    -0.227484    -0.226695    -0.028355
   0.0802742    -0.399407    -0.181232    -0.171605
  -0.0506799    -0.168078   -0.0435741   -0.0913938
   -0.063148   -0.0502735   -0.0204725    -0.046518
   0.0133853   -0.0717188    -0.146792    -0.070909
   0.0012289    0.0228485  -0.00711689   -0.0708755
   0.0821371   -0.0774002   -0.0280115   -0.0942223
    0.097494  -0.00846428   -0.0646691   -0.0379971
   -0.120662    -0.122112   -0.0748424   -0.0220519
    -0.04386    -0.158956    -0.110661 -0.000170687
    0.192211    -0.166551    -0.131392   -0.0837133
   -0.109908    -0.114141    -0.133294  -0.00305952
   -0.047652   0.00647368    0.0717613    0.0182367
  -0.0737712     0.406159     0.385864    0.0533422
  -0.0736597  -0.00583492   -0.0709367    0.0341597
  -0.0943953    -0.204994    -0.125712   -0.0380497
   0.0517361      0.26773     0.170564   -0.0341723
  -0.0463604    -0.239034    -0.269466   -0.0826367
    0.094582    0.0952807    0.0627586   -0.0686407
   0.0124839   -0.0868531    0.0576566   -0.0418474
    0.205597   0.00672654     0.111106   -0.0399602
   -0.196251    -0.212316   -0.0658304    0.0660426
   0.0784859    -0.015113    0.0224035   -0.0806428
  -0.0939708   -0.0416639   -0.0231678    0.0078019
    0.131436    0.0633156    0.0490151  -0.00288948
  -0.0776495    -0.168281   0.00386561   -0.0582413
   0.0414675    0.0198957    0.0257853   -0.0128519
    0.235875     0.211706     0.196187  0.000302578
   0.0309311    0.0821154    0.0468933    0.0164746
  -0.0434468   -0.0711155   -0.0793645  -0.00985108
   0.0837671   0.00342104     0.091654    -0.104477
   0.0159598    -0.192085   -0.0737167    0.0336307
   0.0497774    0.0149293    0.0620488    -0.034902
   -0.026802     0.014889     0.109641   -0.0198995
   -0.143696    -0.260288    -0.274096   -0.0488081
   -0.198992    -0.252003    -0.256784    0.0443728
 -0.00392186    0.0277214   -0.0484101   -0.0288165
    0.138809      0.01986  -0.00654444  -0.00862132
   0.0465286   -0.0328673    -0.139078    0.0708084
   0.0287006   -0.0676993   -0.0553289    0.0400216
  -0.0812439    0.0169361  -0.00404674    0.0468493
   -0.017001    0.0213496      0.11984  -0.00771784
    0.134833     0.217191     0.219063    0.0237439
    0.591201     0.623399     0.419559    -0.152657
    0.179282    0.0282335    0.0932499    -0.028016
    0.029748    -0.151474   -0.0393349  -0.00870441
  -0.0849842    -0.344538    -0.216828   -0.0523617
    0.321392     0.666673     0.660249    0.0495132
  -0.0175965    0.0278398   -0.0466577   -0.0748261
  -0.0139852    0.0646107   -0.0185154    -0.018905
    0.151855    0.0490737    0.0541837   -0.0195379
   0.0614201   -0.0411881    0.0277424    0.0295601
    0.112366    0.0416767     0.128205   -0.0925593
    0.156504     0.126852      0.19117    -0.110935
    0.068663     0.126258    0.0367116   -0.0130423
    -0.15748    0.0396294    0.0320655   -0.0312901
   -0.159504    -0.055162   -0.0506779    0.0055762
   0.0193291   -0.0211382   -0.0086817   -0.0262407
  -0.0384163    -0.124828   -0.0736792   -0.0255321
   0.0805962     0.130664    0.0846877    0.0275488
  -0.0877621    -0.016012   -0.0979426   -0.0502193