   0.0653443    -0.142161    -0.164026    -0.219906
  -0.0332867     0.399957     0.302595     0.202027
    0.117706    -0.606508    -0.346924    -0.427786
  -0.0688367     0.174531    0.0672935     0.062858
   0.0422671    -0.235583     -0.21645   -0.0951915
   0.0504705    0.0104309   0.00255563   -0.0963869
    0.284842    -0.162605     0.130677    -0.261479
 -0.00350508     -0.19756   -0.0784635    -0.138683
    0.173177    -0.379748   -0.0643157    -0.239193
    0.156469    -0.324531    -0.112614    -0.232187
   -0.158228    -0.102261    -0.277811     0.187556
   0.0581657    -0.212046   -0.0679028   -0.0719306
   0.0852684    0.0744211     0.324025    -0.162442
   0.0604359    0.0495139     0.233331    -0.101998
   -0.106331    -0.158008   -0.0135704   -0.0131111
 -0.00796203    -0.130696    -0.199617   -0.0795065
  -0.0553687   -0.0274456   -0.0593754    0.0453881
      0.1693    -0.170803     -0.09424    -0.228776
   -0.121187   -0.0569867   -0.0676091    0.0897759
  -0.0547154    0.0889593    0.0197248   0.00156225
   0.0356547     0.166021    0.0590193     0.185112
  -0.0861362    -0.073365    -0.136094    0.0602899
    0.152527   -0.0419536    0.0510191     -0.15682
   0.0119978    0.0677742     0.094386   -0.0683649
   0.0904346    -0.028508    0.0679098   -0.0450952
   0.0813307    0.0603322     0.194282    -0.122342
    0.132147   -0.0394998    -0.113777     -0.12314
   -0.147863    0.0323753   -0.0400303     0.082148
  -0.0614552    -0.226629    -0.128051   -0.0673792
    0.158506    0.0668967     0.147846    -0.086561
  -0.0446305    -0.181443    -0.175807   -0.0540081
   -0.300108  -0.00632554    -0.249301     0.256553
   -0.035663   -0.0953421   -0.0392005   -0.0766662
   -0.186009      0.26337     0.194589     0.158865
   -0.190707    0.0653774    -0.113104     0.234265
   -0.107189    -0.107277   -0.0598536   -0.0362008
    0.177594    0.0142338   -0.0457768    -0.192803
   0.0355724    -0.108732   -0.0768621   -0.0931802
 -0.00775967    -0.343656    -0.257306    -0.125945
    0.142488    -0.143411    -0.101296    -0.163957
  -0.0677192    -0.114343    -0.156212   -0.0286254
   -0.130302   0.00579464   -0.0232052     0.151654
   0.0867452    0.0853595     0.177574   -0.0660652
  -0.0825302   -0.0289163    -0.084966   -0.0516537
   -0.166549     0.160852   -0.0411256      0.14559
  -0.0465552     0.026164     0.037836     0.097077
    0.237596    -0.137561     0.211833    -0.276091
   -0.108176     0.185059    0.0400458     0.137021
   0.0731341    0.0365216     0.107705    -0.117415
   0.0813114    0.0930617    0.0388535   -0.0596853
  -0.0367755    0.0567982   -0.0550607    0.0838439
     0.03039     0.216969     0.116563    0.0684338
    0.204967    -0.214943    0.0516921    -0.248733
    0.108417    -0.022368      0.10594    -0.203385
   -0.051601     0.074586   -0.0778202    0.0288302
  -0.0632516    0.0120439    0.0762547  -0.00956469
   -0.185568    0.0584837    -0.112797     0.189787
   -0.140352     0.162959     0.111124     0.191917
   0.0811818    -0.150072   -0.0307941     -0.12889
   0.0704699   -0.0213359    0.0593206    -0.129199
   -0.112662    0.0257837   -0.0316878    0.0705124
   -0.198006    -0.106452    -0.279654     0.149364
    0.186435     0.199003     0.251644    -0.117374
   0.0159577   0.00485253    -0.125756    0.0273826
  -0.0693578     0.345074     0.246883       0.2368
   -0.057043     -0.19855   -0.0903588    -0.103112
    0.133097    0.0130644     0.157885    -0.195125
    0.169097    0.0659725     0.144725    -0.202068
   0.0938033     0.118539     0.161454    -0.137026
   -0.238347    0.0209484   0.00323243     0.206341
  -0.0644794   -0.0506482    -0.051754   -0.0782049
   -0.201986     0.718624     0.652985     0.339715
   0.0713564    -0.209264    -0.172437   -0.0974198
  0.00480839    -0.159002    -0.211032     -0.12525
  -0.0418492   -0.0452023      -0.1125   0.00194697
   0.0906072    -0.053618   0.00331569    -0.130367
    0.286651   -0.0106227     0.331684    -0.263159
   0.0150759     0.432125     0.476354     0.029402
  -0.0157738  -0.00354419    0.0284674    0.0578744
    0.089116    -0.341969    -0.241766    -0.107716
    0.114159    -0.127455    0.0225159    -0.113737
   -0.135769    -0.213936    -0.241929    0.0491081
    0.109365     0.190717     0.270179   -0.0987449
  -0.0189409    -0.187134    -0.177001    -0.097376
  -0.0981482   -0.0772916    0.0641835    0.0403714
 -0.00661416     0.031098   -0.0356322   0.00696254
   0.0522144     0.182637     0.102203    0.0200961
   0.0519518   -0.0433697   -0.0134575   -0.0269913
   0.0130868    -0.150864   0.00971893   -0.0481059
    0.187303    0.0331246     0.276975     -0.17638
   -0.121202   -0.0790953    -0.164088  -0.00102949
   -0.228631     0.092261     -0.22271     0.299813
   -0.431947     0.146597    -0.248418     0.473626
  -0.0490359    -0.069262    -0.201969   0.00895035
  0.00700123    -0.198106    -0.216595    -0.080727
   -0.399683     0.174921    -0.199871     0.478402
   0.0319047   -0.0140084     0.106021    -0.032719
   -0.132349    0.0591867    0.0161235   0.00503916
  -0.0901394    -0.172947    -0.230341     0.101512
   -0.223914     0.220521    0.0763165     0.198609
   0.0863152     -0.32745    -0.300339    -0.228691
  -0.0769982    0.0212609   -0.0673148     0.132209
    0.033071   -0.0694041   -0.0595062   -0.0395111
   -0.143838   -0.0347229    -0.122064    0.0363136
  -0.0462689    0.0103906   -0.0399331    0.0899397
     0.12844    -0.020397   -0.0195179    -0.145087
  -0.0695244     0.305271    0.0755277    0.0710481
  -0.0621182    -0.162959    -0.123727   -0.0675411
  -0.0437378    0.0631439   -0.0224574   -0.0078315
 6.58184e-05    -0.395445    -0.315279   -0.0978151
   0.0283303   -0.0775487    0.0597553   -0.0785813
   -0.018222    -0.257066    -0.176853    -0.174969
   -0.397656     0.142107    -0.184005     0.501124
  -0.0717549     0.125871     0.191767    0.0728334
    0.207072    -0.296352     -0.15697    -0.357787
  0.00221385     0.135463     0.129953     0.083811
     0.13038    -0.402243    -0.226911    -0.261941
    -0.15711     0.308047     0.280951     0.258428
   -0.029244    0.0046617    0.0648243   0.00597087
   0.0535329    -0.151008  -0.00204532    -0.166215
   -0.113191    0.0484343   -0.0285062    0.0920532
 0.000469878    0.0697698    -0.051317  -0.00122961
   0.0722006    -0.173743    -0.129682   -0.0910356
  -0.0757269     0.162335     0.112321     0.120208
   0.0426919    -0.180302    0.0384809   -0.0777771
   0.0313299    -0.385245    -0.372901     -0.18218
   -0.221864    -0.120395    -0.329278     0.330687
  -0.0795121   -0.0215369 -0.000340487    0.0447835
  -0.0554019      0.20938    0.0636115     0.167632
  -0.0152949     -0.03153   0.00277233 -0.000331611
  -0.0859523   -0.0302382    -0.069362      0.00201
  0.00741705    0.0905144    0.0809846    0.0393041
  -0.0279302   0.00747083   -0.0236623   0.00167104
   0.0756193     0.101563     0.264377   -0.0267995
  -0.0231141   0.00876421    0.0727542   -0.0150363
   0.0759936    0.0306167     0.143052   -0.0943265
    0.112678    -0.324122    -0.210164    -0.235656
   0.0501503     0.056098    0.0471438   -0.0280139
    0.116878    0.0623848     0.253827    -0.180653
    0.159339   -0.0737983     0.283667      -0.2488
   0.0990073     0.247624      0.43174    -0.111353
    0.110494      0.10408     0.344597   -0.0798189
    0.220757    -0.067381      0.22869    -0.237177
  -0.0352202   -0.0215338   -0.0723053   -0.0375793
    0.197987   -0.0765457     0.012788    -0.187487
  -0.0915162     0.167161   -0.0466874     0.235775
 0.000642116   -0.0199401    0.0219855    0.0202899
    0.154348     0.146439     0.332998    -0.083598
  -0.0134639     0.105268   -0.0387336     0.157528
  -0.0278011     -0.28678    -0.382874   -0.0494682
  -0.0120074    -0.197107    -0.042462    -0.169801
   0.0755959    -0.157625    -0.100803   -0.0309535
   0.0571236     0.142811     0.152089     0.016848
   -0.036859     0.123044    0.0122688   0.00774371
  -0.0051005  -0.00607692     0.012181    0.0353619
  -0.0223216   -0.0836457    -0.126734   -0.0696926
   0.0986625    0.0344863    0.0796017   -0.0415524
   0.0214331   -0.0157822     0.152938   -0.0668792
   0.0619065     0.163258     0.309558    0.0191943
   -0.113538    0.0917088   -0.0634973    0.0884058
  0.00765867    -0.194239    -0.145186    -0.185615
   -0.119956     -0.17099    -0.212428   0.00903781
   0.0257247     0.116829     0.151729   0.00652453
   0.0135833    -0.166392    -0.102626    -0.103816
  0.00564598    -0.231165    -0.127748    -0.165664
   0.0967505     0.218384     0.276373   -0.0950021
   0.0339484     0.131838    0.0518099    0.0942618
    -0.11484     0.162358      0.11277     0.101914
   0.0852863    -0.554302     -0.32909    -0.295658
   0.0425022    -0.173786 -0.000226691    -0.199451
  -0.0502645    -0.158313   -0.0670323    -0.036248
   0.0170203    -0.034145   -0.0243613    0.0192211
  -0.0639387   -0.0803518   -0.0344064    0.0617631
  0.00588199    0.0232975    -0.119695  -0.00681704
   0.0973428   -0.0828902      0.18643    -0.103372
   -0.039286   0.00573246    0.0790361     0.064924
    -0.17326      0.19828     0.145884     0.185725
   -0.384681   -0.0666848    -0.296104     0.441171
  0.00709987     0.161816     0.249627   -0.0504271
   0.0668312   -0.0338892    0.0222329   -0.0295779
 -0.00721098    -0.190248    -0.193176    0.0167775
    0.092905   -0.0921283   -0.0255649    -0.162055
   0.0952936     0.147202     0.110581   -0.0796328
   0.0625955   -0.0904138    -0.160168   -0.0150857
    0.252879    -0.202293    -0.151731    -0.273644
    0.154898    0.0550197    0.0859905    -0.197845
    0.180732     0.133948     0.217234    -0.234305
  -0.0865502     0.129643    0.0021039      0.14599
   -0.163204    0.0655956    -0.110869   0.00713111
   0.0751276   0.00438326      0.11282     -0.12639
    0.088583    -0.182913   -0.0179445    -0.103708
  0.00727549    -0.191176    -0.172123    -0.173261
   0.0130056    -0.235893    -0.210907   -0.0976029
  -0.0256479    0.0950674    0.0126724    0.0044728
   -0.272263     0.105418    -0.250368     0.198077
  0.00662064    -0.117358    -0.146592   0.00193477
  -0.0214389    0.0269633   -0.0318554    0.0295641
   0.0260106    -0.139457    -0.170639   -0.0569657
  -0.0474899    -0.170463    -0.013403    -0.145617
   0.0017246    -0.067633    0.0870625    0.0357569
  0.00644561   -0.0827012    -0.106911    -0.159129
  -0.0502925  -0.00734581   -0.0491208     0.133689
   -0.048026   0.00580857   -0.0871441     0.060766
   0.0228795   0.00741985     -0.14069    0.0643237
  -0.0112618    -0.360741    -0.237362    -0.252256
    0.194281    -0.472771    -0.217746    -0.405275
  -0.0345539    0.0668071    0.0999322     0.018272
    0.132032   -0.0668101     0.111828   -0.0994411
  -0.0897944    0.0447073     0.140332     0.010314
  -0.0615966    0.0725004    0.0276288     0.115089
  -0.0304891    -0.243107    -0.260914   -0.0976059
   0.0585387    0.0267764   -0.0051681    0.0527939
  -0.0544107    -0.181496    -0.224715    0.0977604
  0.00406557    0.0544055   -0.0518388     0.112336
   0.0548001    -0.175202    -0.201569   -0.0221009
   -0.143305    0.0465539   -0.0196152     0.273904
   -0.152742    -0.234366    -0.301339     0.178132
    0.128552    -0.131786    -0.162217    -0.120404
  -0.0395323    0.0917972    0.0374581    0.0257821
    0.108051    -0.185788    -0.079869    -0.184642
    0.139314     0.108194     0.250225    -0.169049
   0.0303021  -0.00302679   -0.0460519   0.00168464
  -0.0585311    -0.100299    0.0374422   0.00551025
   0.0534664    -0.148806    -0.112535   -0.0318433
    -0.12978   -0.0102983    -0.116107    0.0328523
   -0.121847     0.119119   -0.0329871    0.0996801
    0.125372   -0.0479145     0.101406    -0.165399
    0.129979   -0.0348503   -0.0486058    -0.156675
   -0.200654    0.0988617    -0.148775     0.194639
   0.0614787    0.0791852    -0.021126    0.0210603
   -0.032111   -0.0346727   -0.0346077   0.00856821
  -0.0443392     0.163415     0.178677    0.0897583
    0.136323     0.194691     0.235703    -0.159096
   0.0413949     0.340781      0.28848  -0.00120486
    0.150994     0.434425     0.438585   -0.0462143
   0.0886277     0.181566     0.361571   -0.0935743
  -0.0277995    -0.257181    -0.297786   -0.0499285
   0.0344646     0.262491     0.185215  -0.00127475
  0.00739136    -0.244825   -0.0552667   -0.0785293
  -0.0358836     0.309288     0.173079    0.0227245
  0.00943551    0.0197942  -0.00281214    0.0100694
   0.0381402   -0.0187568  0.000851599   -0.0356458
   0.0820551    -0.077177   -0.0372496    -0.197666
  -0.0675706    -0.111382   -0.0369143    0.0696376
   0.0759783    -0.177612    -0.199908    -0.164814
   0.0269391   -0.0288764     0.126427    -0.075351
  -0.0345675     -0.10793    -0.071617    0.0510953
   -0.122703    0.0990615    -0.142954     0.176788
  -0.0726164   -0.0673152     -0.24591     0.053919
  -0.0630405    0.0454052   -0.0334779     0.106217
  -0.0612908     0.189753     0.167079    0.0451002
   -0.059241   -0.0743086    -0.119271    0.0489981
   -0.139349     0.150661    0.0632891     0.144749
  -0.0848238 -0.000274969    -0.215716     0.133192
   -0.126848     0.200887      0.01828     0.246356
    0.267908    -0.189608    0.0847737    -0.269048
   0.0234174    0.0684546   -0.0535153   -0.0198956
 -0.00380923     0.205936     0.213613    0.0643532
   0.0298336    0.0690964    -0.111745     -0.10561
  -0.0483102   -0.0878752    -0.120204   -0.0605825
  -0.0188797    0.0933092      0.13443    0.0374435
    0.638784     0.506914     0.947913    -0.634528
   0.0498806    0.0886291     0.222178   -0.0478153
 0.000888948     0.195376   0.00720273    0.0779117
    0.013556    -0.019072   -0.0173594   -0.0441656
  0.00108625  -0.00388454    -0.050573    -0.022764
   0.0826902    -0.125117   -0.0655495    -0.188203
   -0.140527    0.0886659    0.0213219     0.190824
   0.0944652    0.0667113    0.0316592   -0.0848353
    0.344039     0.139782     0.241858    -0.356419
    0.104863    0.0710574    0.0371535    -0.114069
  -0.0438513    -0.065136    -0.125721    0.0906348
  -0.0293123     0.140215    0.0385096   0.00108222
   0.0392432   -0.0328703    -0.149657    -0.149881
     0.21137   -0.0789022    0.0923773    -0.203165
   -0.040807   -0.0625928    -0.131876  -0.00033948
    0.235877     0.238693     0.411543    -0.128508
  -0.0268566     0.408995     0.283593     0.173346
  -0.0874048   -0.0250163   -0.0892135     0.177756
  -0.0739623    -0.145365    -0.238981    0.0444101
    0.168887     0.342189     0.494221    -0.119904
   0.0819429    0.0985158    0.0670239    -0.076607
   0.0485458     0.102192    0.0268336    0.0133091
  -0.0759734     0.111292   -0.0354979   -0.0489834
    0.166367    -0.290026    -0.281779    -0.269417
   -0.121805     0.382408     0.296088     0.270388
    0.162511   -0.0825535     0.117474    -0.246072
  -0.0427779   -0.0285581    -0.148921    0.0371454
  0.00849103    0.0769651    0.0622841    0.0447261
    0.227648    -0.150001    0.0201865    -0.243092
  -0.0436718    0.0916425    -0.201907    0.0978231
   -0.105087     -0.21536    -0.108729   -0.0119978
  -0.0847483    0.0497919   -0.0112944     0.092799
   -0.224249   -0.0330535   -0.0452844     0.155109
  -0.0230158     0.103788   -0.0569617    -0.029805
    0.109842    -0.235386    -0.148508    -0.178557
 -0.00130555  -0.00832036    0.0453223    0.0283574
    -0.11008   -0.0216652    -0.318247     0.194572
   -0.158497     0.309179     0.268495     0.193309
  -0.0647467    0.0803518    0.0535606    0.0129802
   0.0144486  -0.00747259  -0.00901278   -0.0206477
  -0.0495628   -0.0238267    0.0892312    0.0519835
   0.0412426     0.119782    0.0712491   -0.0145936
  -0.0917113     0.313493     0.246877     0.294155
    0.152636   -0.0438453     0.203396    -0.176575
   -0.099946    -0.127097    -0.151401   0.00572922
    0.197528     0.116188     0.227582    -0.180915
   -0.111069    0.0236943      0.06101  -0.00826256
   0.0642971   -0.0256798    0.0169219   -0.0629553
    0.113261    -0.210001   -0.0652551    -0.225049
   0.0161241    -0.140453   -0.0923285   -0.0534445
  -0.0791359  -0.00654032    0.0502012   -0.0102392
  -0.0527086     0.173009    0.0881898     0.100729
  -0.0272333    -0.104703    0.0556875  -0.00257488
   0.0287251  -0.00435143      0.17294   -0.0413707
  -0.0107842    0.0858941     0.132059   0.00220118
   -0.297122     0.198368    -0.033354     0.340081
  -0.0534723   -0.0523606   -0.0829456    0.0227139
    0.139907    -0.143966   -0.0378707    -0.108432
    0.215559    -0.373607    -0.202763    -0.392399
  -0.0128642    0.0911832   -0.0317543    0.0493583
   -0.102754     0.153456    0.0117323     0.127533
   0.0985074    -0.117357   -0.0306637    -0.143586
  0.00450262   -0.0760915  -0.00265653    0.0185426
  -0.0559617    0.0261487     0.108928      0.12378
   0.0254715    0.0805772    0.0108186   -0.0800503
     0.23393     0.203543     0.339474    -0.208193
   0.0678608    -0.486265    -0.182924    -0.223355
  -0.0440937    0.0197439    0.0333512    0.0148291
   0.0555031    -0.184694    -0.079167   -0.0717534
  -0.0239483     0.033444     0.252693    -0.049431
   0.0484056     0.201686      0.15031   -0.0631939
   0.0682819     -0.12006   -0.0152105    -0.167642
  -0.0853365    0.0202125   -0.0719143    -0.064319
   0.0587984    -0.145931    -0.120839   -0.0867412
 -0.00224451    -0.168261    -0.102775    -0.083733
    0.028104    -0.225334    -0.102968    -0.224076
  -0.0873701   -0.0293347   -0.0986451    0.0459766
    0.027947   0.00690995    0.0908729   -0.0716293
 -0.00834819   -0.0879162    -0.119638    -0.110307
 -0.00369187     0.050425   -0.0376115   -0.0139577
   -0.101165  -0.00143762    -0.142167   -0.0391805
   0.0370858    -0.179553    0.0204022   -0.0459542
  -0.0854823    0.0242869    -0.064776   0.00934511
    0.158558    -0.208317    -0.123078    -0.204874
  -0.0624007     0.143637     0.175528    0.0259084
  -0.0166885      0.24135    0.0551477    0.0915101
   0.0583692   -0.0626179  -0.00614897    0.0616739
  -0.0300363     0.080024    -0.033211     0.174924
  -0.0112345    -0.050363    0.0586678   -0.0813382
  -0.0480198     0.231866     0.172873     0.228699
   0.0248612    -0.144901    0.0780984    -0.146518
    -0.25618    0.0377738    -0.172275     0.264449
    0.120356   -0.0731861   -0.0765089   -0.0899101
   0.0251472   -0.0449794   -0.0229671  -0.00414781
   0.0832086  0.000947607    0.0272061   -0.0124628
    0.225557    0.0111015     0.112171    -0.251129
  -0.0618309     -0.11626    0.0668385    0.0803253
    0.168055    -0.154546   -0.0265534    -0.284228
      0.2238    -0.085358   -0.0440694    -0.161738
  -0.0714797    0.0604129   -0.0779342     0.130806
    0.104988   -0.0784163   -0.0341253    -0.171625
    0.180375    0.0535026     0.214063    -0.079205
  -0.0010155    -0.267555    -0.142834    -0.169995
  -0.0637654  -0.00203665    0.0180087    0.0425604
    0.256727    -0.464561    -0.141546    -0.348175
    0.191612    0.0679195    0.0383246   -0.0546773
    0.111941    0.0583857    0.0972423 -0.000369956
  -0.0204875    -0.160755    -0.167489    -0.168724
  0.00463742    -0.248242     -0.21019    -0.126753
   -0.140945     0.269264     0.168502     0.113079
   0.0195345     0.446035     0.129072    0.0234862
    0.120611    0.0638124    0.0566091   -0.0583388
   0.0714093     0.148955    0.0816648    0.0402072
  -0.0605902     0.083687   -0.0171905    0.0343286
   0.0983242    0.0978834    0.0125322   -0.0583657
    0.045102     -0.30955    -0.251417    -0.189565
   -0.360832    -0.103553    -0.370972     0.489596
   0.0327174    -0.241694     -0.11404   -0.0797722
   0.0789232    -0.161514  -0.00407018   -0.0494562
    0.122087   -0.0395757     0.105176    -0.169637
   -0.047668   -0.0727877    -0.105874    -0.118296
  -0.0663447   -0.0896875    0.0444602    0.0602833
   0.0525932    -0.245811    -0.322514     -0.14178
   0.0411346     0.167447     0.281004    -0.089745
  -0.0152755    -0.112222     -0.16461   -0.0561788
   0.0969393    -0.105397    0.0391021    -0.120047
   0.0271725    -0.114315   -0.0885582   -0.0682475
    0.140866   -0.0373724   -0.0295798    -0.132026
   -0.032731   -0.0548775    -0.183385    0.0790331
   0.0564833     0.290037     0.244185   -0.0200183
     0.10997   -0.0547883    0.0829838    -0.164775
 -0.00571457 -0.000301884    0.0189011   -0.0329871
  -0.0883136     -0.10243      0.01137   -0.0716319
  -0.0572164    -0.087636  -0.00373432    -0.012993
  -0.0222249    0.0797894    0.0973779   -0.0923973
 -0.00580403     0.130087      0.23157    0.0153439
  0.00521734     0.126228   -0.0262142  -0.00977768
   0.0311562    -0.171926    0.0113423    -0.150808
   0.0555142     0.080064   -0.0142786    0.0168342
   -0.173973     0.127448    -0.100246     0.328418
     0.01193   -0.0618518    -0.025627   -0.0828283
 -0.00315658    0.0713222     0.178234   0.00330691
    0.108118      0.24572     0.256693   -0.0336042
   0.0381401    0.0201488     0.138095    0.0796781
   0.0576999    -0.406915    -0.337472     -0.25901
  -0.0737848     0.077721    -0.108924    0.0384555
    0.035246    -0.143395    -0.216103    -0.120241
   0.0926078    -0.130215    -0.109887    -0.134689
  0.00963122    -0.247087    -0.206409    -0.163451
  -0.0598111     0.464116     0.226942     0.218974
  -0.0196833    0.0242635    0.0782365    -0.048913
  -0.0348794    0.0229425    0.0190269    0.0223364
   -0.211758     0.355655     0.369673     0.185922
  -0.0508917     0.012256   -0.0394908   -0.0173763
  -0.0197219     0.101112    0.0837113   -0.0149475
    0.138409     0.245602     0.210061   -0.0908994
     -0.1191    0.0154413   -0.0810695    0.0280102
   -0.133423     0.205078     0.124374    0.0895389
  -0.0400727    0.0400294    0.0359411    -0.015999
   0.0458829    -0.217843    -0.153127    -0.143686
   -0.133932    0.0619573   -0.0957387    0.0410948
    -0.45151    0.0279134    -0.268721     0.460946
    0.141882    -0.245035    -0.166175    -0.237606
  -0.0678021    0.0601973     0.280196    0.0146437
  -0.0344278    -0.305323    -0.228167   -0.0346628
   -0.113508    -0.181167   -0.0890501      0.11221
   0.0150391    0.0546417     0.100208   -0.0834303
   0.0321968     0.108727    0.0748501    0.0101723
   0.0700902    -0.224202    -0.220829    -0.114019
   0.0392762     0.164074     0.232331    -0.129721
   0.0931192   -0.0324644     0.120473   -0.0157576
    0.141248    -0.167552   -0.0301487    -0.158454
    0.100069     0.155016     0.116808    -0.101881
   -0.174603  -0.00788732  -0.00892822     0.154821
  -0.0301579    0.0927962   0.00713033     0.159604
  -0.0513199    0.0452253       0.1063  -0.00505396
   -0.181165    -0.221126    -0.280044    0.0626596
  0.00241992   -0.0803945  -0.00613719    0.0135781
   0.0842758    0.0746345     0.137713    -0.146519
    0.167131    -0.029298   0.00780138    -0.210801
    -0.17693     0.119252    0.0635478     0.276643
  -0.0538406  -0.00448181    -0.091461     0.080878
  0.00367142   -0.0330614    0.0740913    0.0380222
 -0.00767241     0.125858     0.166609      0.11216
  -0.0483921    -0.107777    -0.073776    0.0148712
     0.12797   -0.0337785     0.084919    -0.148295
   -0.143345    0.0443556    -0.085594     0.131979
   0.0681029    -0.237771  -0.00137174    -0.116697
    0.135142    -0.188245   0.00362805    -0.159896
  -0.0440571   -0.0930883    -0.189851    -0.110519
     0.16658 -0.000787747    0.0415862    -0.106839
   -0.178939     0.125681    -0.061138    0.0781037
   -0.070188  -0.00499506    0.0339356   -0.0463346
  -0.0806204   -0.0978886    -0.112887   -0.0169069
   -0.242147     0.200632   -0.0655019     0.197445
    0.134143     0.105873     0.079372   -0.0926819
-0.000366793      0.20056     0.177162   -0.0549767
   0.0784217   -0.0796854   -0.0537486   -0.0653519
    0.300981      0.10419     0.328819    -0.293062
   -0.259786    -0.041321    -0.327396     0.220242
   0.0684405    0.0841997     0.125771   -0.0612264
  -0.0365163   -0.0454724   -0.0377704   -0.0306747
   -0.234963    0.0116893    0.0834638     0.175543
   0.0143409    -0.182801    -0.116769    0.0142667
  -0.0795416   0.00258751   -0.0471962   -0.0270173
   0.0845865     0.124223     0.167884 -0.000698044
   0.0800839    0.0759949    0.0476315    0.0249477
   0.0814193      0.23645     0.311933   -0.0925356
   -0.402637     0.192085    -0.233619     0.473241
 -0.00967968    -0.369858     -0.26847   -0.0669388
   0.0275442     0.120463     0.148999   -0.0170022
  -0.0436205    -0.139494   -0.0650854    0.0421404
  -0.0764537   0.00758397   -0.0984659   -0.0444539
   0.0180759   -0.0243941     0.119423   -0.0471055
  -0.0821057    -0.138249   -0.0897219    0.0355664
   -0.014503     0.176258     0.020445     0.133891
   -0.025434      0.17383    0.0353595      0.10244
    0.119391    -0.085768   -0.0142076   -0.0513267
 -0.00542023     0.251213      0.24343    0.0181451
   0.0173911    0.0437819     0.143365    0.0431192
    0.105797     0.167654     0.322345   -0.0891165
    0.021503     0.167333     0.220995   -0.0414511
   0.0097652   -0.0181328   -0.0746366  -0.00364818
  -0.0695319     0.133495    0.0107415    0.0353513
   0.0469876   -0.0954816   -0.0440536   -0.0343867
   -0.160191     0.205602   -0.0149559      0.24748
   0.0208766     0.151661     0.131783   -0.0990213
    0.209301   -0.0988313    0.0388516     -0.17914
    0.288087    -0.166756    0.0440428    -0.321208
  -0.0578795   -0.0600219   -0.0331505  -0.00437417
  -0.0021506   -0.0636732  -0.00911974  -0.00691354
    0.131309     0.162166     0.171975     -0.15547
    0.011956   -0.0954091    -0.161486  -0.00897127
   -0.153961     -0.10167   -0.0486271    0.0732714
  -0.0904555    0.0288389  0.000758896     0.163035
    0.107117    -0.156147    -0.146143    -0.119605
   -0.290282      0.13032  0.000245148     0.205827
  -0.0581617     0.220168     0.183057     0.140404
   -0.130284    0.0502165   -0.0143173    0.0120783
   0.0558076   -0.0862104    -0.147931    -0.141246
  -0.0229923   -0.0204569   -0.0677215  -9.3858e-05
  0.00965902    -0.139442    -0.133783   -0.0303287
   0.0835252    -0.448653    -0.278411    -0.213579
  -0.0928859     0.129217    0.0907051   -0.0237373
   0.0410244    -0.013237  6.34914e-06    -0.136661
   0.0761167     0.031396      0.13965    -0.162909
  -0.0940517     0.131938    0.0231315     0.149769
   0.0870945    -0.398179    -0.123562    -0.329931
    0.079893    -0.252117   -0.0849265    -0.221525
   0.0804658   -0.0539776    0.0621161    -0.212528
   0.0663484     -0.18637   -0.0751363   -0.0533942