 -1.48849
-0.781114
 -1.49535
 -1.82241
 -1.00183
 -1.01062
 -1.52042
-0.864227
 -1.00266
 -1.12902
-0.860769
-0.949514
-0.670969
 -1.05132
-0.820904
-0.916339
 -1.17201
 -1.13967
-0.866062
-0.779833
-0.964992
-0.878507
-0.716759
-0.890867
-0.703558
 -0.98829
 -1.12221
-0.638055
-0.610135
-0.912833
-0.583313
-0.795552
 -1.05255
 -1.26066
-0.721597
-0.824118
-0.809428
-0.895179
-0.645014
-0.846587
-0.770175
-0.787744
-0.836865
-0.847094
 -1.05658
-0.627924
-0.561482
-0.979257
  -1.2103
-0.695244
-0.936446
-0.883277
-0.803938
-0.552951
-0.540209
-0.802757
-0.832152
-0.883996
 -0.87173
-0.585078
-0.841748
 -1.22431
-0.996267
-0.815946
 -0.75628
-0.518048
-0.843532
-0.563576
-0.795374
 -1.15288
-0.764905
 -1.53133
-0.721601
 -1.13137
-0.567953
-0.706687
 -1.34462
 -1.28433
-0.596047
-0.851341
 -1.02635
-0.758269
-0.933293
 -1.03489
-0.817027
 -1.04598
-0.668887
-0.560449
-0.663977
 -1.09846
 -0.98839
 -1.56736
 -1.35482
-0.806161
-0.719747
 -1.44672
 -1.49648
 -1.22136
 -1.01071
-0.797706
-0.951724
 -1.22772
-0.946204
-0.932907
-0.771143
-0.880908
-0.929021
-0.957673
-0.568014
-0.961055
 -1.26538
 -0.88815
  -1.4361
  -1.4193
 -1.07546
-0.825749
 -1.02508
 -1.15789
 -1.73498
 -1.01927
-0.631943
 -0.77869
 -1.09359
 -1.01525
-0.830376
 -0.69874
 -1.23647
-0.709573
 -0.98927
 -1.07407
-0.928075
 -1.24128
-0.836818
-0.661853
-0.854478
 -1.06158
-0.913866
-0.703666
 -1.50347
 -1.40026
 -1.04785
 -1.21744
-0.917654
-0.793232
-0.805032
-0.612302
-0.864966
-0.547635
 -1.09877
-0.755531
-0.890196
-0.804155
 -1.28976
 -1.01469
-0.689096
-0.861504
-0.919223
-0.833412
 -1.24834
-0.938782
 -1.05174
-0.788081
 -2.34727
-0.471303
 -1.20768
-0.809839
-0.887045
-0.357234
   -1.314
  -0.7461
-0.634477
 -1.23613
 -1.06141
 -1.26255
 -0.63248
 -1.07765
 -1.02054
-0.859318
-0.811497
 -0.63767
-0.886408
 -1.08432
 -1.25943
-0.974121
-0.844876
 -1.17023
-0.955123
 -1.13718
-0.539715
-0.511837
-0.911071
-0.670481
-0.710676
-0.733596
 -1.04429
-0.663517
 -0.63989
-0.849186
 -1.01406
-0.999024
-0.664703
-0.989566
-0.463467
-0.716066
 -1.13432
 -1.72943
-0.942924
-0.697466
 -1.02902
-0.737862
-0.858513
-0.740135
-0.998033
 -1.08442
-0.993633
-0.743352
 -1.14496
-0.532376
 -1.15548
-0.696349
-0.754166
-0.925997
-0.900887
-0.676728
-0.679238
 -1.43865
-0.772988
-0.638556
 -1.01022
-0.799344
-0.910107
-0.968475
-0.918482
 -1.03496
 -1.60024
-0.955552
-0.925742
-0.728307
-0.698819
 -1.18776
 -0.54283
-0.914017
-0.674776
 -0.96554
 -1.16024
-0.479177
-0.799214
-0.840141
-0.561039
-0.832004
 -1.15298
-0.658213
 -1.12612
-0.952417
-0.792083
-0.810806
-0.497764
 -1.10722
 -1.13301
-0.563036
 -1.18843
  -1.1777
-0.998271
 -1.22678
-0.480216
-0.754832
 -0.97312
-0.721918
-0.931526
 -1.11675
-0.778287
-0.688869
-0.784661
-0.840079
 -1.16525
-0.680479
-0.933267
  -1.7008
 -0.94434
-0.925112
-0.927943
-0.610391
-0.969098
-0.824389
 -1.14346
 -1.40931
-0.653851
 -1.31245
-0.822224
-0.918909
 -1.41684
-0.836421
-0.987031
-0.886839
  -1.1734
-0.615219
-0.917155
-0.756713
-0.976396
-0.820595
-0.528332
 -1.48736
 -1.18614
-0.959192
-0.924567
-0.739747
-0.791407
-0.839357
-0.695432
-0.757111
-0.677878
-0.864456
 -1.27123
-0.781713
 -1.01649
   -0.515
-0.814724
 -1.16836
 -1.62315
-0.713444
-0.686332
-0.731624
  -1.3479
-0.401762
-0.809846
 -1.21303
 -1.45275
 -1.27309
 -1.36325
-0.683543
-0.985351
-0.750778
  -0.9223
 -1.24315
 -1.07298
 -1.09582
-0.861934
 -1.00156
-0.888813
-0.741595
-0.893902
-0.867511
 -1.09332
-0.915462
-0.895102
  -1.1975
 -1.09864
-0.803906
 -1.04045
-0.894557
 -1.23062
 -1.50907
 -1.35088
-0.726797
-0.682174
-0.979708
-0.892614
 -1.11071
 -1.50456
-0.979211
 -0.88544
-0.958176
-0.978022
-0.774088
 -1.29172
-0.858888
 -1.67184
-0.844762
-0.894267
-0.822672
-0.851364
 -1.72018
 -0.86709
-0.676159
-0.979744
-0.834463
 -1.29722
 -1.17535
-0.705732
-0.677997
-0.772616
-0.963721
 -1.15265
-0.953896
-0.549846
-0.903637
 -1.18009
-0.975964
-0.930499
 -1.10673
 -1.04475
 -1.15702
-0.656819
  -1.7437
 -1.13731
 -1.12784
  -1.0509
 -1.60567
-0.720198
-0.764088
 -1.30498
-0.948833
-0.935596
-0.910896
 -1.28199
-0.805371
 -1.06966
-0.966322
-0.925367
 -1.33434
 -1.18632
-0.942187
 -0.99689
-0.856928
 -1.00653
-0.780751
-0.895612
-0.726167
 -1.08193
-0.944182
-0.684493
 -1.08894
 -0.74087
-0.830005
-0.789992
 -0.93042
-0.735867
-0.843109
-0.849176
-0.885602
 -1.00853
 -1.09687
-0.896488
-0.905752
-0.630387
-0.813263
-0.939921
-0.791193
-0.879428
-0.920254
 -1.08051
  -1.2229
-0.919786
-0.847592
 -1.19014
-0.858479
 -1.13419
 -1.22314
-0.666742
-0.748439
 -1.33081
  -1.0407
  -1.1855
 -0.98243
-0.641163
-0.819998
 -1.08379
 -1.40216
-0.601177
 -1.01289
-0.817555
 -1.43979
-0.894429
  -1.1061
 -1.18515
 -1.12911
 -1.11677
 -1.37792
 -1.30286
-0.808985
 -1.30639
-0.852924
-0.672322
-0.752701
 -1.33962
-0.810758
-0.971444
 -1.96178
-0.963199
 -0.77637
 -2.07387
 -1.16763
-0.941523
-0.931285
-0.689631
 -1.03059
 -1.04941
-0.694632
 -1.53526
-0.750879
 -0.87036
-0.579745
 -1.18379
-0.637445
-0.718585
  -1.0466
-0.653132
 -1.00333
-0.871884
-0.730019
-0.503935
 -0.52616
-0.554147
 -1.27762
-0.776961
-0.621799
-0.817968
-0.893783
-0.725138
-0.785059
 -1.29275
-0.459799