   0.0500545    -0.132939    -0.179888   -0.0311019
     0.21827    -0.084326     0.137033   -0.0779135
   0.0460472    0.0557458     0.165032     0.113925
    0.164122    -0.147793   -0.0201938     -0.30313
   -0.102938     0.232203   -0.0582275       0.2676
   0.0809303    -0.107681   -0.0625971   -0.0310368
   -0.107015    -0.213385    -0.261032  -0.00453203
  -0.0781076    -0.199771    -0.252586   0.00983065
   -0.136388   -0.0463723    -0.132563    0.0292309
   -0.157538      0.14771   -0.0341114     0.203653
  -0.0852628     0.224288     0.131115     0.159904
   -0.112669   0.00742023    -0.084728     0.136615
   0.0659127    0.0465311   0.00926691   -0.0402746
  -0.0274786    -0.114777    -0.190281   -0.0203525
    -0.09643     0.189279      0.10592    0.0123585
   0.0472678     0.108683     0.195083    0.0906012
  -0.0328724  -0.00206891    0.0138797    0.0437146
  -0.0499429     0.152112    0.0189581    0.0193008
  -0.0454516     0.260665     0.158331     0.184253
   0.0122529     0.103148    0.0755541    0.0291586
    0.258901   -0.0203023     0.125239    -0.250518
  -0.0852853    0.0018085    0.0253085    -0.031569
  -0.0562858    -0.130261   -0.0845524   -0.0870303
  -0.0773399    0.0318852   -0.0832592  -0.00333049
     0.02214   -0.0265028 -0.000850292   -0.0293744
    0.135204   -0.0625188    0.0468958    -0.064061
   0.0598161       0.1477   -0.0510798    0.0327438
  -0.0492235   -0.0434585   -0.0238705   0.00178633
  0.00797407      0.14202     0.048851  -0.00907525
   0.0985254   -0.0352558    -0.108826    0.0392787
   0.0460505    0.0812987   -0.0108932    0.0139172
    -0.16744    0.0182287   0.00264525     0.172829
   0.0172339   -0.0403507    0.0110285   0.00181295
  -0.0400068    -0.196538     -0.25598    0.0218512
 -0.00208343    0.0347709    0.0940192    -0.127189
   0.0528252   -0.0334876     0.114561   0.00111622
   0.0217462   -0.0472326   -0.0928045   0.00722464
  -0.0866479    0.0664356   0.00133673  -0.00836491
  -0.0212398    -0.028123   0.00931185   -0.0425949
   0.0269462     0.013629   -0.0426797    -0.012311
   -0.167413     0.222838   -0.0735775      0.13412
  -0.0524473   -0.0240194   -0.0431832   0.00110758
   -0.147445   -0.0134562    -0.107133    0.0554502
   -0.040942    0.0378427     0.102677 -0.000324522
   0.0174608   -0.0683352   -0.0406365    -0.119411
   -0.152178      0.18043    -0.010042     0.187713
    0.212311    -0.182882   -0.0323795    -0.168006
   -0.121189   -0.0921251    -0.201803     0.125644
   0.0676626    0.0316821 -0.000487104  -0.00243205
   0.0500556   -0.0496744   -0.0772594   -0.0616044
   -0.031392  -0.00826347    -0.141146   -0.0197219
   0.0288666     0.179564    0.0566925    0.0217159
    0.034258    0.0193048     0.140402   0.00492677
   0.0791648    0.0263162    0.0503421   -0.0141655
 -0.00424314    0.0848459     0.136215    0.0576077
   0.0043325   -0.0413509   -0.0670693   -0.0937022
    0.121873    -0.185142  -0.00229338   -0.0752906
    0.182415    -0.203878   -0.0376528    -0.242989
  -0.0312993   -0.0241024   -0.0617692   -0.0146578
  -0.0340226    0.0828614    0.0323292    0.0498686
   0.0597737    0.0125805   -0.0773518   -0.0685133
    0.048648   -0.0516401  -0.00612373    -0.133223
    0.143346     0.140804     0.172762    0.0565337
  -0.0645668    0.0415686    0.0380063    0.0445379
   0.0444792   -0.0545338   -0.0144287    0.0610171
   0.0294579    0.0327374    0.0660763   -0.0685447
   0.0562178   -0.0648015    0.0170468    -0.037771
   -0.195558    0.0606088   -0.0693916     0.274873
  0.00744607    0.0327692   -0.0918227   -0.0095252
   -0.106475    0.0220013    0.0271189      0.10697
   0.0682734    0.0128311    0.0987072   -0.0630503
    0.108303    -0.129525    -0.124263    -0.173615
 -0.00616969    -0.100223    -0.171749  -0.00955889
  -0.0286435    -0.121115   -0.0233144   -0.0682585
    0.117091    0.0538898     0.149205   -0.0910602
    0.103849    -0.093263  -0.00571213    -0.191968
   -0.103374      -0.0467   -0.0134589    0.0560485
  0.00889179    -0.197673    -0.160498    -0.216033
    0.114766    0.0852185    0.0882929   -0.0614759
   0.0252676    0.0883171     0.165308    0.0704787
   0.0140125     0.143986    0.0462824     0.115022
  -0.0217515     0.389504     0.355565    0.0400085
 -0.00390967     0.100394     0.188432     0.123852
   0.0741714   -0.0107603     0.109194    -0.137485
  -0.0171469   -0.0206826   -0.0489529   -0.0259656
  -0.0648313   -0.0312595    -0.090472   -0.0604358
  0.00467014    -0.205867    -0.196626   -0.0513566
  -0.0127674     0.122778     0.141935    0.0559751
    -0.03221     0.147818   -0.0033461    0.0700723
      0.1029    0.0559892     0.083118   -0.0857544
   -0.079357    -0.149852    -0.218381   -0.0633135
  -0.0811379 -0.000322802    -0.146419    0.0242373
   0.0826303    0.0147805    0.0827565   -0.0855544
  -0.0393672    0.0387937    0.0469268    0.0611125
  -0.0567828    0.0416896   0.00272165    0.0177648
   0.0318644    0.0783394      0.10151   -0.0478997
    0.187938   -0.0673469    0.0827252     -0.20966
  -0.0235272     0.156129    0.0259524     0.130365
 -0.00903951   0.00332032     -0.01917    -0.044633
   0.0631695    0.0511596   -0.0100492    -0.132961
   0.0277324    -0.146874    0.0689362    -0.148503
  -0.0648848    -0.065988    -0.079207   -0.0088082
    0.031687    0.0257165   -0.0421848   0.00996442
    0.088971    0.0473637    0.0871393   -0.0923415
   0.0391348    -0.121681 -0.000976501    -0.132836
    0.126072    -0.184289     -0.12367    -0.134652
 -0.00606915    0.0767457     0.021343  -0.00781285
  -0.0242882    -0.113076   -0.0787091   0.00521433
  0.00798086    -0.121602    -0.129693    -0.194418
   -0.144601     0.201103    0.0802308    0.0808905
  -0.0865909  -0.00984605    -0.220703    -0.111637
   0.0332611     0.026393   -0.0573199   -0.0281103
   0.0551059    -0.188328    0.0353126    -0.096424
   0.0904587   -0.0995612     -0.15139    -0.261504
   0.0675812    0.0779303   0.00686178   0.00313559
 0.000554661    0.0776826     0.121662     0.129921
   -0.155867    0.0120867   -0.0119527    0.0417935
   0.0289375     0.139602    0.0896974   0.00973368
  -0.0429573    -0.120924    -0.200219   -0.0587742
   -0.131094    -0.215281    -0.234936    0.0499929
   0.0971007      0.11528     0.218251    -0.107861
  -0.0380773   -0.0865527    -0.136331    -0.013244
  -0.0403494    -0.021011     0.172215     0.112282
   0.0767728     0.168921     0.269658   -0.0248347
   -0.163466     0.223412     0.145444     0.189428
  -0.0116332     0.101756     0.173557    0.0783504
    0.174195    -0.153576    0.0348438    -0.221776
    0.181397   -0.0455602   -0.0184356     -0.13317
    0.102503    -0.112743    0.0386521    -0.153003
  -0.0868051     0.122004   -0.0424303     0.124824
   0.0595496   -0.0361418      0.10026   -0.0126572
  -0.0261774     0.100747   -0.0695108   -0.0165635
  -0.0321226    0.0458181   -0.0256431    0.0614655
     0.14105    -0.101598   -0.0136203    -0.134047
  -0.0268471    0.0102253   -0.0195535    0.0474932
  -0.0104862    0.0554889    0.0588026    0.0348531
   -0.153657 -0.000643599   -0.0304322     0.166867
  -0.0483077   -0.0296203    0.0586079   -0.0691252
    0.102492     -0.18638   -0.0830101    -0.185417
  -0.0234148   -0.0920553    -0.103956   -0.0658011
    0.110758   -0.0964429   -0.0215682    -0.146662
  -0.0600791    0.0486039   -0.0318818   -0.0142894
  -0.0880802     0.245249     0.160314    0.0896925
  -0.0269987     0.200657    0.0464733     0.217523
   0.0705872   -0.0330344   -0.0582714   -0.0790463
   -0.103716    -0.147424   -0.0538051    0.0609984
  -0.0290097    -0.083574   -0.0467046    0.0829009
  -0.0114888   -0.0204257  -0.00996373    0.0462196
  -0.0273103    -0.122109    -0.119565    -0.097053
    0.107235    0.0409796     0.230009   -0.0529618
  -0.0194118    0.0445651    -0.057308    0.0057685
  -0.0439067    0.0438207    0.0767315     0.109191
  -0.0960197   -0.0164744     0.017623     0.127842
   0.0918797    -0.142824  -0.00309451    -0.152191
    0.021871    0.0961707   -0.0253568    -0.123155
  -0.0925777    0.0599194    0.0552127     0.105024
   0.0806301   -0.0381339    0.0232063    -0.134972
   0.0428679   -0.0665186    0.0236382   -0.0520318
  -0.0215159   -0.0564865   -0.0771844    0.0372646
   -0.115882    0.0817877   -0.0287442     0.193777
  -0.0293575   -0.0706618    -0.168317    -0.107558
    0.145485     0.057625    0.0211563    -0.122741
   -0.010063    -0.172382     -0.17833    -0.125316
  -0.0127383   -0.0146561    0.0222857   -0.0892326
    0.152992    -0.122672     0.136899    -0.200793
   0.0464719   -0.0253675    -0.124779  -0.00263552
  -0.0917602   0.00729902    -0.126358    0.0776947
  -0.0675354    0.0821063    0.0309884    0.0693436
  -0.0598334   -0.0325729    -0.244365     0.118229
  0.00333163   -0.0644862    0.0617484   -0.0974699
   0.0126899   -0.0619693    -0.109304   -0.0271753
   -0.029157   -0.0542375    -0.204468    -0.039544
   0.0318859    0.0928421    0.0752939    0.0233489
    0.148229    0.0732825    0.0941619    -0.160931
  -0.0276296   -0.0951386   -0.0841747   -0.0876928
    0.108938    0.0356939     0.168207   -0.0874394
   0.0147503     -0.15605    -0.178056   -0.0735624
   0.0968778     0.217167     0.414925   -0.0963051
   0.0222492   -0.0341221     0.014305    -0.100212
   0.0766916   -0.0577941   -0.0300565    0.0215722
   0.0873578    0.0421147    0.0248866    -0.165967
   -0.111032    0.0302965   -0.0325728    0.0114432
   0.0885051    -0.280147    0.0268602    -0.133777
    0.229524    0.0673017     0.162555    -0.167046
    0.123884    -0.365156    -0.163662    -0.194322
   0.0875698    -0.157214   -0.0496016    -0.103573
   0.0107524   -0.0451161    -0.209788   -0.0375028
   0.0121705    -0.148575    -0.100088   -0.0923086
   0.0385208   -0.0725618    0.0278446    0.0488622
  -0.0528481   -0.0325739 -0.000323047    0.0685891
    0.168959   -0.0933867     0.100998   -0.0896882
  -0.0116814   -0.0544351  -0.00599483    -0.066245
   0.0702025     0.110095    0.0458319    0.0759899
   0.0306879    -0.307096     -0.09189    -0.135312
   0.0686112    -0.233576   -0.0580228    -0.196384
   0.0104555    -0.155991    -0.137123    -0.105386
 -0.00985792    0.0340389    0.0175163    0.0307667
  -0.0129915    0.0176369  -0.00797307    0.0859513
   -0.016372   -0.0217085   -0.0264899     0.136899
   0.0460045   -0.0528084    -0.155786   -0.0726383
   0.0706864     0.125035     0.113654   -0.0775486
  -0.0423694    0.0982595   -0.0154396     0.106268
  -0.0127834  -0.00107759    0.0532869    0.0295375
   0.0749654   -0.0878428   -0.0777553    -0.124953
   -0.159639   -0.0147683    -0.110212     0.102126
   0.0708329     0.199837   -0.0667565    0.0360394
    0.149274     0.190604     0.322781   -0.0213769
   0.0322571     0.448515     0.385794     0.166847
   0.0660082    -0.199599     -0.15464    -0.119146
   -0.067145   -0.0272091    -0.137395   -0.0468867
   0.0771963    0.0251381    0.0119065    -0.124448
 0.000884058    0.0702367    0.0881476    0.0211361
    -0.06828    0.0697947    0.0517085   -0.0447595
  0.00483186   -0.0650112   -0.0609681   0.00459828
   0.0192875   -0.0412579    -0.141537   -0.0238958
  -0.0574025    -0.214944    -0.248572  -0.00944584
  -0.0151436     0.131058     0.231996    0.0832025
  -0.0812268  -0.00321824    -0.084012    0.0692629
  -0.0494507    0.0935785    0.0527021     0.152313
   -0.106562     0.233178    0.0714604    0.0890438
  0.00981452    0.0982629     0.063726    0.0283788
  -0.0346719   -0.0196426    0.0136972    0.0448579
  -0.0120185    -0.272056     -0.10899   -0.0842413
  -0.0590482    0.0467516    0.0552452       0.1286
    0.158016   0.00522808     0.109322   -0.0799466
   0.0734482    -0.243454    -0.124508    -0.232358
   0.0130838     0.122744    0.0132267     0.127976
   -0.044315    -0.096267   -0.0937955   -0.0303356
  0.00622262   -0.0599971    -0.202542   -0.0891589
    0.063533     0.096664    0.0532017    -0.023972
  -0.0206203   -0.0342187   -0.0358185     -0.14376
      0.0401   -0.0925831    -0.101039   -0.0757323
    0.105139    -0.016521   -0.0416247    -0.166951
  -0.0340278   -0.0477129   -0.0693835    -0.045158
   0.0107973    -0.238049    -0.188438    -0.221438
  -0.0150067    -0.165785    -0.263925   -0.0493791
   -0.034186   -0.0158603    0.0213975    0.0258166
   0.0285283    0.0393241    0.0305946    0.0493081
  -0.0664347    0.0731131   0.00464898    0.0105496
    0.107489     0.030973    0.0164547    -0.109097
   0.0725116    -0.153455   -0.0904741   -0.0507214
    0.135779    -0.097278    0.0788332    -0.162096
  -0.0449317   -0.0966959    -0.178527   -0.0698676
  -0.0087632     0.175536    0.0129362    0.0824202
   -0.105382    -0.268727    -0.155821  -0.00988282
   0.0276722     0.107571     0.126621    0.0270846
   0.0334077    -0.123225    -0.102948    -0.102071
   -0.123534    0.0207241    0.0213877     0.145653
   0.0558219     0.187129      0.16549    0.0778995
  -0.0448452   -0.0360684   -0.0945696    0.0179051
  -0.0264337    0.0509216   -0.0719149    0.0190484
  -0.0801648   -0.0276781    -0.102763   -0.0326475
  -0.0344668   -0.0109749    0.0754326   0.00341121
 -0.00673269  -0.00985909    0.0608492   -0.0398785
   0.0427397      0.07812    -0.091831    0.0850305
    0.168981    -0.144538     -0.14202    -0.109072
  -0.0563504    0.0171191    0.0300395     0.173499
  -0.0373006   -0.0618476    -0.096349    0.0541338
  -0.0291867      0.26055     0.204391    0.0565904
  -0.0702596      -0.0332   0.00705171  -0.00909884
    0.159852   -0.0436506    -0.048173    -0.097257
  -0.0343159    -0.125089    -0.141212   -0.0551564
   0.0599259     0.017216    0.0212402     -0.11182
    0.133055   -0.0123179    0.0994513     -0.17726
   0.0126396     0.153634    0.0920561   -0.0215782
   -0.139437    0.0492401     0.104839    0.0756635
   0.0320782   0.00638609   0.00510374    -0.129791
  -0.0427007   -0.0431945   0.00276656    0.0920051
   0.0533355   -0.0772255   -0.0482801   -0.0181088
   0.0061098    -0.175369     -0.19074    -0.159217
   -0.051179    0.0455415    -0.020397   -0.0285435
  -0.0325064    0.0809564    0.0182772     0.114001
    0.105141    0.0283791    0.0620355   -0.0885787
    0.078224    0.0578725    0.0562599    -0.070297
   0.0918188   -0.0432311    0.0198566   -0.0841709
    -0.01889    0.0451328   -0.0502272    0.0100129
    0.122498     0.230533     0.369442   -0.0144298
   0.0572777  -0.00800631    0.0978995    0.0581412
   0.0961442   -0.0458153     0.162153    0.0697003
   -0.057017   0.00614633    0.0927173    0.0499993
 -0.00544953   -0.0966877   -0.0756083    -0.166264
   0.0280872     -0.14362    -0.109423    -0.131163
  -0.0435106    -0.038427  -0.00539065    0.0712497
 -0.00266915    0.0529033    0.0580039    0.0317634
  -0.0306663   0.00938056   -0.0158088    0.0314462
    0.129432    -0.182465   -0.0116777    -0.118966
 -0.00817585   -0.0877514    -0.153834   -0.0254442
   -0.129752     0.305481    0.0407326     0.190864
    0.054929   -0.0477061    0.0480313     -0.13097
   0.0409434     0.031197    0.0585109    -0.105833
   0.0948074     0.081625    0.0893283    0.0640792
    0.119962     0.287509     0.215481   -0.0731642
    0.149778    -0.114553    -0.132777    -0.251014
  -0.0267951     0.253427     0.126944     0.140054
   0.0411794    -0.124201    0.0295272   -0.0891064
  -0.0308472    0.0100091     0.123681   -0.0356501
    0.116691   -0.0538551    -0.076104    0.0579242
   0.0101146  -0.00689478     0.152091    0.0105659
    0.108003   -0.0552248   -0.0487399    -0.025796
  -0.0312144      0.17058     0.109206    0.0793747
   0.0496914   -0.0708807    -0.090695    0.0106401
    0.153711   -0.0397211    0.0848285   -0.0864407
 -0.00298072    0.0362838    0.0634431   0.00341546
  -0.0377932   -0.0685401     -0.16487    -0.033464
   -0.105997    0.0171595    -0.114478    0.0297783
    0.132019   0.00134374   -0.0617926  -0.00728084
 -0.00994981    -0.034419     0.122173   -0.0807572
  -0.0141038  -0.00586248    0.0726439    0.0624829
    0.147228   -0.0597426    0.0293037   -0.0453637
    0.144476    -0.166178    -0.132945    -0.242638
  -0.0608184    0.0852843   -0.0108099    0.0723065
  -0.0339637     0.209914    0.0913028      0.20969
   -0.101263     0.146196    0.0728544      0.20082
   0.0236729   -0.0837755   -0.0665328   -0.0846334
   0.0128608   -0.0490312   -0.0620744    0.0528543
    0.072268    0.0515616     0.130074    0.0996971
   0.0835887    0.0598986    0.0294927    -0.138708
  -0.0807344     0.153305    0.0414879    0.0496502
  0.00712637      -0.1171    -0.247031    -0.260625
  -0.0693371    0.0759504    0.0587012    0.0628003
   0.0442314   -0.0279933    0.0657466   -0.0607842
   0.0528462     0.122215   -0.0058199    -0.180353
    0.221288    -0.140033      0.07821    -0.386371
   0.0979386     0.024043    0.0468238   -0.0501528
   0.0925328  -0.00850378    0.0519923   -0.0907779
 -0.00462261   -0.0933268    -0.152763    0.0625869
   -0.155265     0.144197    -0.015766    0.0371889
   -0.132747   0.00545873   -0.0851342     0.123805
    -0.03068  -0.00499585   -0.0698302   -0.0173081
   0.0247192   -0.0187352    0.0109767    0.0104889
    0.144613    0.0730225   -0.0043658    0.0135043
   0.0982184  -0.00361145    0.0666085    -0.106202
  -0.0973886   -0.0891322    -0.125657    -0.108907
  -0.0548717  -0.00274462    0.0947109    0.0440228
  -0.0568068    0.0368172    0.0338555  -0.00661993
  -0.0944152     0.082254   -0.0155428    0.0311357
    -0.13146    -0.109959    -0.252222   -0.0216981
    0.167881    -0.151545    -0.241734    -0.152766
 -0.00673779     0.210868     0.199702    0.0990336
   -0.128041    -0.109759    -0.104716    0.0466449
   0.0958948    0.0867644    0.0697144   -0.0673201
   0.0810065     0.119483     0.106488   -0.0118643
  0.00128914      0.03055    0.0376661    0.0962815
   0.0385896     -0.10098    -0.100718   -0.0242146
   -0.020761    -0.129355   -0.0155727   -0.0449535
     0.10173   -0.0395431   -0.0349765     -0.14418
   0.0157758   -0.0561398    0.0621891    0.0322546
  -0.0254527   -0.0642793   -0.0244976  -0.00313487
   -0.059962  -0.00959761    0.0328791    0.0768704
   0.0948311    0.0726289     0.043568    -0.115684
  -0.0659009   0.00825303     0.075513    0.0496547
   0.0303382     0.152716      0.20258    0.0571845
   0.0396774   -0.0584195    -0.121621    0.0191908
  -0.0178594    0.0743503     0.115021    0.0565604
  -0.0480022  -0.00083092   -0.0112679   -0.0621863
  -0.0262438     0.169216     0.215943    -0.055356
   -0.103805    0.0197783   -0.0291889     0.103502
 -0.00460819    0.0998251   -0.0917452    0.0592973
   0.0116111    -0.056014    -0.177481    -0.061813
  -0.0136263   -0.0607363   -0.0870408    0.0156144
  -0.0536252   -0.0731552     0.167352   -0.0317549
  -0.0119371    -0.118715   -0.0612488   -0.0248821
   -0.013518   -0.0400487    0.0487227    0.0357252
   0.0269367    0.0958237     0.268803   -0.0147113
    0.127933    -0.108059    0.0444833    0.0501117
   0.0386898   -0.0544842   -0.0765164  -0.00595971
  0.00113009     0.143806     0.160616     0.105429
    0.077206    0.0668907     0.126081   -0.0519675
  0.00306126    0.0928797     0.204771    0.0860219
  -0.0100705     0.150206    0.0433588    0.0608235
   -0.114557    0.0345726    -0.120569    0.0936853
    0.124193     0.052916     0.162165   -0.0554534
  -0.0551692     0.127508     0.188824    0.0304474
  -0.0377447    0.0292246    0.0741685    0.0367404
  0.00456113     0.146004     0.174747    0.0967747
  0.00395984     0.162515    0.0559909    0.0348072
    0.119983     0.041939   -0.0327322   -0.0475826
   0.0139912   -0.0598908  -0.00582786   -0.0225393
   -0.160821     0.106256    0.0858228     0.118632
   0.0589109    0.0776859    0.0221214   -0.0952597
-0.000931403    0.0786562     0.016454    0.0603019
  -0.0670554   -0.0829345    -0.237842     0.112338
  -0.0479343    0.0205019    -0.115278   -0.0316044
  -0.0596191  -0.00873673   0.00550204    0.0241277
   0.0147874     0.134882    0.0067297     0.066641
   0.0272039     0.245226     0.170078    0.0318287
    0.101212    -0.141238   -0.0839496    -0.185339
  -0.0218809    0.0249399     0.109739   -0.0178285
    0.142468    0.0171454    0.0422557   -0.0874981
   -0.212259     0.222804     0.153591     0.281748
    0.117477     0.077412     0.112819   -0.0561068
  -0.0984373    0.0648859     0.095653     0.146813
     0.12402  -0.00145012     0.140475   -0.0456254
  -0.0228941     0.219504     0.014127      -0.1235
    0.197665    0.0343855     0.198844    -0.115389
  -0.0837411  -0.00262827   -0.0988384    0.0483179
    0.102128  -0.00826005    0.0185079   -0.0572184
  -0.0668676     0.120908    0.0333464     0.164686
    -0.11043    0.0191475   -0.0170149     0.109579
  -0.0419519 -0.000932242      0.05946   -0.0536062
   0.0366007   -0.0817219   -0.0754569   -0.0875708
   0.0431784     0.178518    0.0908822    0.0109669
  -0.0766612     -0.21158    -0.247103    0.0551641
   0.0745895    0.0360095   -0.0872132   -0.0570605
 -0.00221382   -0.0566538    -0.260184    0.0107974
    0.135704     0.165967    0.0108001   -0.0178893
    0.146336    -0.133689    0.0450334       -0.234
   0.0390153    0.0019648    0.0046175    0.0204729
  -0.0364862    0.0978452   -0.0277149     0.104557
   0.0825206   -0.0252318    0.0725405    0.0068026
   -0.047339   -0.0970636    0.0378361    0.0540969
  -0.0106919   -0.0486307    -0.033763   -0.0490149
  -0.0124342   -0.0326387   -0.0788818   -0.0305837
   -0.107393  -0.00903543     0.036333    0.0852946
  -0.0399974     0.118928    -0.168696    -0.107094
   -0.080501     0.120499    -0.100288     0.177704
  0.00172874    0.0958195     0.102239   -0.0310401
  -0.0516272   -0.0832023    -0.035531   0.00282408
   0.0385133    0.0148229    -0.035965    0.0467341
  -0.0878485      0.13602 -0.000219955    0.0287523
   0.0869254    -0.167855   -0.0127304   -0.0929632
    0.163051   0.00230935     0.175932    -0.122735
   0.0310486  -0.00295898   -0.0282376   -0.0936157
   -0.110952     0.138786  -0.00662257    0.0477227
   -0.175217    0.0294735    0.0504748     0.102356
  -0.0250271      0.09648      0.22292    0.0651271
   0.0554875     -0.02866    0.0849348   -0.0476653
   -0.104235   -0.0695682    -0.120352    0.0493099
   -0.161912   -0.0494034    -0.069144     0.174895
    0.141141    0.0432183     0.173048   -0.0449499
   0.0691317    0.0294572     0.054071    0.0265622
   0.0841152    -0.155379    -0.119771    -0.118046
  -0.0688535    0.0752424     0.058542     0.102633
   0.0163426    0.0161345    0.0249197    0.0877532
  0.00994402     -0.17643    -0.156471    0.0500643
  -0.0720169    0.0390941   -0.0957516     0.129458
  -0.0538312     0.201804    0.0954789    0.0929031
    0.320449      -0.1496    0.0856809    -0.349181
  -0.0882232    -0.201811    -0.194922  0.000717613
  -0.0640789   -0.0103344    0.0996684    0.0960542
   0.0495773      0.12177     0.238215    0.0214541
  -0.0815613    -0.014114    -0.179423    0.0658439
    -0.10948     0.211107     0.146599     0.199517
  -0.0358788     0.137508   0.00983776     0.128783
  -0.0119202  -0.00660095   -0.0586849    0.0659238
  0.00284067   -0.0629769    0.0324595   -0.0946691
  -0.0504259   -0.0186694    -0.133558     0.047305
  -0.0505586   -0.0435497    0.0333404   -0.0543056
   -0.141312    0.0107419    -0.242317     0.247599
   -0.113317     0.139433   -0.0199821     0.170459
  -0.0368732   -0.0167192    -0.180217   -0.0217848
   -0.177277    0.0216147   -0.0642264     0.211811
   0.0209406    -0.187725    -0.128565    -0.019863
    0.124409    -0.094737   -0.0590036    -0.191219
   0.0511979    0.0705917     0.160472    0.0633933
    -0.13407     0.279706     0.183242     0.301878
   0.0692821     0.184219     0.101813    0.0684501
  -0.0625829     0.186709     0.204287    0.0870358
   0.0150462   0.00652843     -0.15756   -0.0824508
   -0.110372   -0.0766947    -0.228023    0.0776005
   0.0176484    -0.180353    -0.122705   0.00240771
  -0.0671444    -0.293256    -0.294108   0.00324144
   0.0147219   -0.0250695     -0.19331   0.00108544
  -0.0747862  -0.00493655    -0.219931    0.0893571
  -0.0281649     0.125076      0.12779     0.123016
  -0.0349182   -0.0828076   -0.0294198     0.116335
  -0.0610718   -0.0134221     0.035881     0.158797
   -0.123543  -0.00318152    0.0047241     0.127175
  0.00192142    -0.132151    0.0530532   -0.0562808
   -0.141246   -0.0153304   -0.0524765     0.130998
  -0.0305533    0.0170588   0.00176913   -0.0334732
   0.0547998   -0.0509611     -0.18974     -0.12078
   0.0564642   -0.0432341     0.148762    -0.010326
  -0.0523759    0.0407396   -0.0374019    0.0373142
  0.00966461    -0.106089   -0.0629725    -0.102208
  -0.0966382    0.0709613   -0.0682239   -0.0217036
    0.051313    -0.209897   -0.0969538    -0.017188
   0.0354642   -0.0762492    0.0177864     -0.13623
   0.0815964    -0.153925    -0.231198    -0.148881
 -0.00878505     0.125281     0.220036      0.13054
  -0.0157171    0.0870934    -0.203396   -0.0925519
  -0.0184347    -0.175047   -0.0864505    0.0701678
   0.0450402    0.0584544      0.10462    -0.179347
  -0.0771479    -0.185944    -0.123427    0.0033601
    0.130541    -0.184355    -0.151414    -0.142882
   -0.075946  -0.00646088    0.0252723   -0.0213964
  -0.0384708    0.0138612   -0.0480611   -0.0797125
   0.0317108   -0.0370704    0.0422811    -0.132656
   0.0682582    -0.179058   -0.0849354    -0.090406
   -0.229762     0.208471   0.00552004     0.149671
   0.0277715    0.0930374     0.012289   -0.0330646
   0.0721387     0.241874     0.295825    0.0861895
  0.00550167  -0.00486261   -0.0485753    -0.136827
 -0.00657952   -0.0439511   -0.0168073    -0.078529
  0.00419487    0.0269464   0.00934984    0.0929287
 -0.00953942    -0.162764    -0.140699    0.0132774
  -0.0065113  -0.00902232    0.0974237  -0.00810388
   -0.094039     -0.15614    -0.266963   -0.0113775
    0.014738    0.0159905    0.0438444   -0.0985805
   0.0963383   0.00279826     0.056641    -0.218856
   0.0781868    0.0189752    0.0832426   0.00539338
   0.0348559   -0.0266701     0.157024  -0.00996299
  -0.0326043     0.131018     0.146761    0.0778095
   -0.104085     0.176138     0.222767     0.132443
    0.075343   -0.0484875    0.0116931   -0.0999591
  -0.0206592   0.00959712    0.0385741    0.0107214
   -0.033551    -0.126686   -0.0114443   -0.0680519
  -0.0960163    -0.143476    -0.065833  -0.00423447
  -0.0582964     0.139166    0.0429596    0.0930853
   0.0138093   0.00434177    0.0113739    -0.014074
    0.164826     0.116156     0.227576    -0.156597
   0.0818083    0.0182332    0.0471166   -0.0746606