  -0.0291811     0.023852   0.00101304    0.0166809
    0.270703     0.107965     0.128699   -0.0597311
   -0.231568   -0.0310159   -0.0635847     0.083476
  -0.0250653   0.00045777     0.131863   -0.0149248
   0.0158592     0.202462    0.0907439    0.0428003
  -0.0339302     0.179983     0.125693    0.0559546
  -0.0102345   -0.0327208    0.0453859    -0.152163
  -0.0150595    0.0999664   -0.0464905     0.106829
   -0.118656      0.05589     0.179813  -0.00581616
    -0.02085  -0.00902448     -0.13327    0.0624483
   0.0832044   -0.0479029   -0.0820498   -0.0569324
    -0.10557    -0.135274   -0.0312819  -0.00977856
  -0.0961527   -0.0721151    -0.113776    0.0342568
   0.0850815  0.000652124     0.105663   0.00198626
 -0.00598298     0.014786    0.0826306    -0.035387
    0.210982     0.197724     0.105515    0.0430494
   0.0588074   -0.0555814    -0.038471     -0.02626
    0.535623      0.43503     0.311343    -0.116791
  0.00807458     0.132263    0.0831103   -0.0101588
   0.0176373     0.134002     0.108231     0.035019
    0.337558     0.518495     0.370493   -0.0652929
    0.138492     0.338352     0.272771   0.00745253
   -0.068188     -0.10231   -0.0291538   -0.0708256
   0.0629056   -0.0722625   -0.0112437   -0.0126289
   0.0406226    0.0341754   -0.0100317   0.00225615
 -0.00597737    0.0597633     0.177176  -0.00503021
    0.144867     0.188389     0.145701   -0.0429138
   -0.112184     -0.20386    -0.193653   -0.0651658
   -0.129801  -0.00740447   -0.0443105  0.000802586
     0.13662     0.218454     0.214244   -0.0219894
  0.00665707     0.027771    0.0389525   -0.0100475
   0.0192523    -0.120257    -0.124262    -0.026179
   0.0409392   0.00484192   0.00178435     -0.03339
   -0.112027    -0.352298    -0.271588   -0.0453397
   0.0927299    0.0173627   -0.0766514   -0.0536626
  -0.0866728    -0.159872     -0.19812    0.0730128
     0.63474     0.678564     0.598271   -0.0789153
   -0.112572    0.0180459    -0.090203   -0.0547915
  -0.0217192      0.11368   -0.0157825    0.0618481
    0.101778    0.0591319    0.0579083  -0.00990955
  -0.0689692    -0.239981    -0.117798   -0.0789392
   0.0843375   -0.0220545   -0.0841367   0.00900737
  -0.0616164   0.00282062   -0.0140129    0.0390146
  -0.0103256    -0.151699     0.125009    -0.117187
    0.020657   -0.0946155    -0.108768    0.0368729
  -0.0712877     0.104008    0.0901543    0.0238365
   -0.122364   -0.0367427    -0.045193    0.0425438
    0.037541   -0.0422513    0.0483102   -0.0329358
   0.0111701   -0.0635063   -0.0380644   -0.0160608
 -0.00971041    0.0900578     0.138148    -0.027756
   0.0138181    0.0973098   -0.0876885   -0.0502357
   0.0166859    -0.180227    -0.168826   -0.0212523
   0.0955394     0.109599    0.0907141    0.0777708
  -0.0328254     0.100919     0.159194  -0.00172795
    0.133002     0.327045     0.268388    0.0252541
   -0.082619   -0.0507644   -0.0773925   -0.0230183
    -0.10786    -0.165807    -0.161827   -0.0330686
   -0.144843    -0.273033    -0.151165   -0.0582519
  -0.0499981    0.0291851   -0.0173258     0.021534
    0.133902    -0.036047    0.0436969    -0.063306
   -0.151622    -0.183994   -0.0889887   -0.0555216
  -0.0029919  -0.00893888   -0.0729004    0.0520308
    0.166319     0.158933     0.139842   -0.0908502
   -0.042175     0.101949     0.117715    0.0152332
    -0.11291    -0.399194    -0.324332   -0.0886504
 -0.00705004   -0.0953854    0.0546898   -0.0659511
   0.0065425    0.0401327     -0.09036  -0.00266718
   0.0832179   0.00791039   -0.0642165  -0.00221674
  -0.0675364    0.0572269     0.254645    0.0333238
  -0.0296787    0.0712202   0.00194061   -0.0248403
   0.0837618      0.14381    0.0704815    0.0130128
     -0.2515    -0.639572    -0.502366   -0.0325504
   0.0357671     0.100767    0.0513339    -0.028821
    0.086718     0.210568     0.101318   -0.0129959
  -0.0279826     -0.11486   -0.0836651    -0.106891
    0.106886     0.209344     0.223365   -0.0519599
  -0.0732147    0.0644752    0.0164845   -0.0122449
   -0.150682    -0.462435    -0.356625   -0.0506608
   -0.124728    -0.361983    -0.227017   -0.0853589
    0.124586     0.133518     0.148539    0.0296199
    0.062397     0.191472  -0.00419891    0.0786185
  -0.0241719   -0.0384965    0.0696746   -0.0295969
   -0.142015    -0.387663     -0.27961   -0.0301173
  -0.0381465    -0.047979    0.0209144     0.029623
  -0.0162929   -0.0901576   0.00116802    0.0546644
  -0.0309461    -0.128336    -0.111405   -0.0842299
   0.0726992    -0.103492    0.0216097   -0.0859742
   0.0735638  -0.00596972   -0.0168522   -0.0881902
  -0.0058188   -0.0343696     0.033028    0.0268775
     0.08667     0.187705     0.282119    0.0674469
   0.0120442   -0.0158701   -0.0223507   -0.0233276
  0.00740568     0.034021   -0.0320836   -0.0113038
   -0.116783    -0.177852    -0.250867    0.0181754
    0.176995     0.290237     0.252843   -0.0188249
   -0.110677    -0.274489   -0.0760248    0.0263589
    0.033983    -0.108661     -0.15501    0.0123155
  -0.0588027   -0.0170364   -0.0249442    0.0527175
  -0.0681702   0.00481813    0.0870375   -0.0189639
   -0.028965     0.050794    0.0476764    0.0953457
  -0.0670325     -0.11262     -0.18196    0.0555628
  -0.0421349    0.0276351   -0.0695726    0.0664219
    0.054815    -0.103413   -0.0225934    -0.100227
    0.124944    0.0233637    0.0930638  -0.00565972
 -0.00360762     -0.16054   -0.0451272    -0.126569
    0.109039     0.111932   0.00556171   -0.0633619
     0.16675     -0.13921   -0.0641971   -0.0220618
 -0.00564805   -0.0197965     -0.12873    -0.110569
   0.0214103    0.0446677     0.146868   -0.0117695
    0.131253     0.110318    0.0329878   -0.0853081
 -0.00607609    0.0640588   -0.0299775    0.0454066
   -0.139571    -0.180444     -0.16507   0.00439927
   -0.112464    0.0931573    0.0267316   0.00222179
   -0.093312    -0.252722    -0.284459   -0.0646869
  0.00769579    -0.162156    0.0928543   -0.0901129
    0.174164    0.0929025    0.0222722    0.0314758
 -0.00522014    -0.148076    -0.113731   -0.0754584
   -0.047993   -0.0805713   -0.0182007    0.0229864
   0.0646005     0.195384    0.0402068   -0.0500668
   -0.040059   0.00859688   -0.0491539   -0.0183722
  -0.0634911   -0.0060186    -0.184987    0.0595523
     0.19753     0.197099     0.214403  -0.00109645
    0.243492    0.0996521     0.103133  -0.00927922
  -0.0476546    -0.127856   -0.0860339    0.0629209
  -0.0269047   -0.0647418    0.0105112   -0.0179631
  -0.0666763     0.137064      0.18968    -0.022016
    0.232099     0.254817     0.120504     0.014882
   0.0119659    -0.115211     -0.15794   -0.0465562
   0.0333645    -0.290122    -0.214652   -0.0581374
   -0.175472    -0.280378   -0.0495061   -0.0363849
    0.110564     0.178677      0.32434   0.00402083
  -0.0246924    -0.202843    -0.055646   -0.0105657
   -0.100466    -0.114786   -0.0657791   -0.0725131
    0.163016     0.202304     0.206343    0.0258287
   -0.144822    -0.170627    -0.157805    0.0742871
   0.0714201   -0.0249412    0.0155551   -0.0573133
   0.0213233   -0.0949108   -0.0243895   -0.0534063
    0.254952     0.256763     0.117165   -0.0264335
    0.111838    -0.127686   0.00540839   -0.0740869
   0.0457931     0.022606    0.0156291  -0.00269785
   -0.024866    -0.037526   -0.0388393    0.0327537
  -0.0613162   -0.0454915    -0.021372   -0.0631341
   -0.159503   -0.0208506    -0.164833    0.0458613
   -0.109529    -0.134572    -0.121564    0.0614836
    0.075957   -0.0439201   0.00879368   -0.0413657
    0.231456      0.16529     0.285397    0.0257553
  -0.0333592   -0.0933111   0.00377413   -0.0157316
  -0.0520968   -0.0455064     0.104771     0.021686
   0.0656407     0.159511     0.132231   -0.0608921
   0.0721476    0.0973611    -0.142365    0.0565024
    0.179764    0.0468137     0.109978   -0.0382367
   0.0360371   -0.0096858    0.0373458    0.0170051
     0.16518    0.0747182     0.110594   -0.0478117
  -0.0489083    -0.353092     -0.17484   -0.0260086
   0.0452825   0.00960894    0.0137802    0.0513025
   0.0532219    0.0769452   0.00101006  -0.00853701
    0.174047     0.340186     0.278364    0.0333936
    0.154579     0.104919  -0.00517146    0.0183593
  -0.0210512    -0.120171     0.011993   0.00449001
  -0.0527429    -0.247962    -0.175482   -0.0554441
   0.0611334   -0.0436991   -0.0235444   -0.0590374
    0.115123     0.192249     0.233145   -0.0304291
  0.00601173   -0.0490642      0.03972   -0.0457594
  -0.0268852    -0.126438    -0.122207   -0.0460077
   0.0858737   -0.0908008  -0.00909741   -0.0555183
 -0.00332528      0.04835   -0.0219586   -0.0549219
  0.00616071      0.16929     0.138592   -0.0336018
   0.0379841    0.0810584    0.0149148  -0.00573367
   0.0261785     0.079578    0.0700706    0.0155884
   -0.257102   -0.0630234    -0.134694    0.0569752
  -0.0501794    0.0381876    0.0991697   -0.0300835
   0.0888592    0.0407672    0.0251749   -0.0077324
  -0.0927398   -0.0885498    -0.160029    0.0360739
   -0.144671     -0.13615    -0.136708    0.0353081
   0.0665798     0.180922     0.216132   -0.0344539
  0.00176352   -0.0432697    0.0267267   -0.0444136
  -0.0326625    -0.212173   -0.0553883   -0.0755035
   -0.039659    0.0244517    0.0921011    0.0923468
   0.0292583    0.0336341   -0.0677072    0.0663284
   0.0111118     0.130032     0.219848    0.0567856
  -0.0488089   0.00371055   -0.0183653    0.0131236
    0.127254      0.21596     0.193965  -0.00788421
    -0.21408   -0.0723324   -0.0871285    0.0104405
    0.127835   -0.0495593   -0.0995545  -0.00785516
    0.112692    0.0755317      0.17137   -0.0720326
   0.0248193     0.125428    0.0561771    0.0179325
  -0.0375752     0.235528     0.143596   -0.0518657
   0.0734667   -0.0121429     0.050514    -0.107922
    0.033224    -0.153409   -0.0369353   -0.0622356
  -0.0211017    -0.099012     -0.22504    0.0795736
  0.00782062   -0.0316991    -0.107668    0.0608941
   -0.179157   -0.0471329   -0.0675806    0.0332632
  -0.0410348   -0.0377886    0.0805623   -0.0943046
   0.0528224     0.219451     0.167573   0.00280577
  -0.0311887    0.0699579    0.0532524    0.0168137
 -0.00151833  -0.00905211    0.0398908   -0.0597467
  -0.0267467    0.0280596   -0.0811081   -0.0679977
  -0.0640445    -0.103603    -0.119601   -0.0416495
   0.0601553    0.0872383     0.053747    0.0584171
   0.0703074     0.053171     0.072449    0.0800512
  -0.0630181     0.220638     0.101235   -0.0220656
    0.110243     0.137028     0.114057   -0.0524895
   -0.038954   -0.0600019  -0.00352124    0.0594807
   0.0701749     0.071251  -0.00448037   -0.0659237
   0.0259932    0.0533708    0.0637707     0.022371
  -0.0843542  0.000740316    0.0396067   -0.0541003
  -0.0262336     0.145455     -0.04238     0.036457
     0.01699     0.240243     0.207011    0.0890535
   0.0357622     0.349211     0.357136    0.0635429
   0.0105046   -0.0417604   0.00056814   -0.0324498
  -0.0446107     -0.13427   -0.0383467   -0.0587824
  -0.0767455    -0.127053   -0.0218395    -0.014284
    0.164819    0.0596486    0.0664431   -0.0977184
   0.0687994     0.242923     0.193818    -0.039881
  -0.0530587    0.0478001     0.111158   -0.0515778
    0.156513     0.236141    0.0558673    0.0624844
  -0.0399324    0.0435081    0.0647723    0.0152871
  -0.0251956    0.0785046   -0.0261024    0.0206982
    0.357987     0.343943     0.289082    -0.105785
    0.123132   -0.0518244   -0.0176208    -0.137822
   -0.121416   -0.0621017    -0.111549    0.0735681
  -0.0588691    0.0979129   -0.0141107    0.0835287
    0.138069     0.250861     0.161402    0.0118116
  -0.0448281     0.063408     0.099138   -0.0676658
   0.0217007     0.139924    0.0442171   -0.0384838
   0.0552356   -0.0199754    0.0239344   -0.0754027
  -0.0972747    0.0193895     0.103203   -0.0632599
   0.0183578   -0.0906812    -0.248225   -0.0381705
   0.0441159   0.00294059    0.0927388     -0.07069
  -0.0241329  -0.00220569    0.0196285   -0.0611289
   0.0454628     0.279812     0.211904    0.0810619
   -0.214614    -0.483001    -0.191161    -0.058132
  -0.0326429    0.0461089     -0.04104   0.00514097
  -0.0139592    0.0260496    0.0360528    0.0439848
  -0.0162484    -0.197154   -0.0720634    0.0139714
  -0.0364686     0.176076    0.0915672     0.035347
   -0.194187     -0.31895    -0.221268    0.0679343
   0.0105901   0.00669383    0.0522653   -0.0585523
     0.01283   -0.0654926     -0.03804    -0.088092
   -0.108087   -0.0926887   -0.0391498    0.0603312
 -0.00564017  -0.00693507    0.0538293   -0.0232347
  0.00425527    0.0933776     0.124175    0.0411235
  -0.0025121     0.178346     0.187977    0.0484642
 -0.00196776     0.059205     0.031775   -0.0187622
    0.191038     0.017091    0.0148606    0.0160744
   0.0696451    0.0893309    -0.075521    0.0935081
    -0.15357    -0.355465    -0.126293   -0.0364762
   -0.111017    -0.293418    -0.157768  -0.00996164
    0.269647     0.022538  -0.00540816   -0.0873273
    0.185294    0.0661413    0.0337931   -0.0317909
  0.00947514    0.0166485    0.0189739  -0.00387881
  -0.0197887  -0.00184581  -0.00483395  -0.00679815
   -0.017412   -0.0780759   -0.0199648   -0.0589404
   0.0421025   -0.0384334    0.0055251   -0.0638984
   0.0647111   -0.0388026    0.0708477    -0.127399
   0.0183565     0.125913     0.045298    -0.024883
  -0.0839555     0.142517    0.0980221    0.0126433
   0.0352614   -0.0286751    0.0395674    0.0136006
   0.0516653    0.0534328    0.0113508    0.0348858
  -0.0104329    -0.072265    -0.106098  0.000218295
 -0.00618597    0.0530743   0.00895057   -0.0751237
    -0.10406    -0.366862    -0.248865    -0.016058
  0.00658513    0.0591554   0.00296253   -0.0743937
  -0.0473394   -0.0967083   -0.0699639   -0.0151112
   0.0699094    0.0945204    0.0445858   -0.0588771
  0.00918545   -0.0145215   -0.0497069   -0.0239926
 -0.00114823   -0.0226851   -0.0468903   -0.0256517
    0.134778   -0.0120425    0.0898634    0.0192904
  -0.0316706   -0.0975289      0.07414   0.00185025
    0.135429     0.106174   0.00275399    0.0171902
  0.00850892   -0.0113025      0.14771   -0.0379151
   0.0442084    0.0442375    0.0343916   -0.0458072
   0.0594175     0.119992     0.196209   0.00124439
   -0.014388    -0.101039   -0.0254544    -0.085444
   0.0662313     0.161232     0.208507     0.021594
   0.0135879     0.219664     0.227594  -0.00863716
    0.129494     0.186955     0.136331   -0.0291009
   -0.048733   -0.0130875    0.0847322   -0.0594794
  -0.0703502   -0.0667531    0.0539173   -0.0203822
    0.145626     0.197822     0.330936   -0.0753735
   -0.116774   -0.0320406   0.00196109    0.0139704
   0.0103676   0.00596964    0.0755417   -0.0480179
   0.0164375   -0.0398827   -0.0644338   -0.0512564
    0.186818     0.158448     0.162035    -0.104812
   -0.122681    -0.155387     -0.11761     -0.07348
    0.162631     0.280486     0.298811    0.0224424
  -0.0329005   -0.0106961    0.0936168    0.0339192
   -0.106166   -0.0114273   -0.0391989   -0.0240408
   0.0984756   -0.0692972    -0.164005   -0.0626293
  -0.0210998    -0.234862     -0.35107   -0.0471832
   0.0709988     0.233749     0.282522    0.0296098
     0.15812     0.261844     0.382248   -0.0301187
   0.0422588     0.160623      0.21411    0.0271894
  -0.0371193    0.0757534    0.0679996    0.0229572
   0.0112099    0.0889222    0.0888113    0.0819876
    0.024402   -0.0984843   -0.0622207  -0.00324994
    0.080702      0.15361     0.159182   -0.0061164
  -0.0472779    0.0742332    0.0595044    0.0430606
    0.276487     0.131674      0.10201   -0.0693466
  -0.0174304    -0.140461    -0.158654    -0.100924
  -0.0304293    0.0128051    0.0236084   -0.0446897
    0.145055    0.0637838    0.0711585    0.0355957
  -0.0238171    -0.100901   -0.0114768   -0.0377785
   0.0173494    -0.218009    -0.222872   -0.0620684
   0.0364327   0.00709037    0.0918889    -0.124471
    0.118561    0.0495301     0.222059   -0.0853921
   0.0171834     0.173506    0.0320883   -0.0179808
   0.0698695  -0.00970935   -0.0636854   -0.0658887
   0.0196652    0.0169817    0.0166889   -0.0314771
   0.0383289    0.0726604     0.155133    0.0573779
   0.0518947    0.0626136    0.0479882    0.0349121
  -0.0667677    0.0727698     0.100256  -0.00424262
  -0.0341656    0.0948346    0.0532544   -0.0251922
   0.0404928   0.00487185   0.00442068   -0.0554525
   0.0234922    0.0791405    0.0144835   -0.0411942
   -0.190312    -0.311257     -0.25691   -0.0369574
  -0.0956336   -0.0683788   -0.0749485     0.058127
  -0.0459732   -0.0414495    -0.122474    -0.106865
   0.0966469    -0.011915  -0.00475077   -0.0394924
   0.0614958     0.056487     -0.11036   0.00404194
   0.0874986    0.0308703   -0.0582673   -0.0129094
    0.091655    0.0565844     0.078056   -0.0198116
  -0.0542218   -0.0609929    0.0124421   -0.0056719
   0.0924767     0.165135     0.121277  -0.00409157
   0.0560554    0.0459761    0.0351806   -0.0657894
   -0.184546    -0.275714   -0.0433471   -0.0148528
  -0.0835817   -0.0372298    -0.132292    0.0217138
  -0.0301815   -0.0166884    -0.101216    0.0308378
   -0.312059   -0.0728712     -0.14588   0.00131421
   0.0643365    0.0929106    0.0879121   -0.0762036
    0.137892       0.2819     0.177988    0.0216095
  -0.0291027   -0.0981389   -0.0348837    -0.084609
   0.0292234   -0.0173643    -0.107375    0.0482382
  0.00676396    0.0439425   -0.0444977   -0.0406548
   -0.146207    -0.228227    -0.222421    0.0114161
    0.160916     0.302033      0.10859    -0.056935
   -0.181453   -0.0234887    0.0280853    0.0458775
  -0.0920332    0.0175706    0.0512017   -0.0463936
  -0.0360862   -0.0602716    -0.110666     0.019318
   0.0444088   -0.0479179    0.0999293      0.01743
  -0.0727297    0.0245845   -0.0217699    0.0508461
  -0.0340656    -0.191996    -0.173947    -0.086948
   0.0784386   -0.0257537   -0.0279358   -0.0908063
   -0.193867    0.0104292   -0.0805473   0.00255509
   0.0888711    0.0364154     0.131348   -0.0334665
    0.429871     0.628952      0.44509   -0.0583039
   0.0123156    0.0468375  -0.00972081   -0.0391404
    0.165152     0.187532    0.0509553   -0.0405475
   0.0576752    0.0126574   -0.0495664   -0.0405336
    0.242232     0.117852    0.0789405   -0.0206271
   -0.219994    -0.163366   -0.0989177    0.0374724
    0.137738     0.204537     0.373267   -0.0750787
  -0.0333746   -0.0440493     -0.05893   -0.0427541
  -0.0310865    -0.155051    -0.147396   -0.0213401
  -0.0931162    -0.223218    -0.126029    0.0281907
    0.090233    0.0310001   -0.0129682   -0.0584653
    0.139189     0.149791     0.221732   -0.0445592
   0.0403257   -0.0747208    0.0722098    0.0149749
   0.0994492     0.195095     0.155136    0.0362843
  -0.0256713     0.113297    0.0799321    0.0179893
    0.434979     0.507727     0.478321   -0.0136939
   0.0569842    0.0661034    -0.161203    0.0343025
  0.00597197    0.0436711     0.108604    0.0474723
   0.0158966    0.0910792    0.0516688    0.0325261
   -0.029527   -0.0903765    0.0731098    -0.020054
  -0.0505893     0.139689     0.252901    0.0314845
  -0.0909676    -0.129789   -0.0427269   -0.0098618
  -0.0545784    -0.128403   -0.0453687   -0.0856118
   0.0360309     -0.29234    -0.145783   -0.0508744
   -0.125807    -0.049027    -0.175489   -0.0228419
 -0.00680744     0.143766    0.0615794    0.0340608
   0.0761095     0.041465    0.0717787   -0.0247423
   0.0833069    -0.197342    -0.127214   -0.0519232
    0.100261     0.160124     0.245425    0.0639391
   0.0535111     0.206775     0.144849  -0.00881709
  0.00574846    -0.107697    -0.244524   -0.0815937
   0.0381911   -0.0139635    -0.094964   -0.0277665
    0.190544     0.276473     0.132216    0.0505238
  -0.0137593   -0.0688094    -0.154249    0.0157704
    0.106382   -0.0587631    0.0266076    -0.104947
  -0.0518659   -0.0745487    0.0364213   0.00564351
    0.147795     0.124849     0.157893  -0.00233126
  -0.0443776  -0.00454197   -0.0102292   -0.0738633
  -0.0422747    -0.102415    -0.109274    0.0111022
    0.020608     0.148756    0.0712411    0.0777461
   -0.139229    -0.372486    -0.180947   -0.0799248
    0.109911    0.0931245    0.0765465    0.0164531
  -0.0501584    -0.179575    -0.182015    -0.052084
  -0.0309985   -0.0165983   -0.0380032    0.0422563
  -0.0202302    0.0469238     0.112515    0.0299378
      0.0243    0.0257629    0.0587459   -0.0363271
   0.0906761     0.217531     0.103912  0.000959581
  -0.0157818    -0.103787    -0.157498    0.0288262
   0.0185928    0.0798417    0.0374658  0.000242129
  -0.0604601   -0.0258825    0.0347513   -0.0785543
  -0.0990796    -0.283699    -0.203897   -0.0545529
  -0.0657779    -0.164241    -0.078446    0.0486481
  -0.0178473   -0.0216862   -0.0212266   -0.0420638
   0.0919372     -0.10209    0.0169845   -0.0508178
   0.0989113     0.193487    0.0949753    0.0106276
   0.0775199    -0.113659  -0.00215586   -0.0672994
    0.172072     0.319422     0.191884   -0.0634919
  -0.0892427  -0.00330876    0.0564893   -0.0485103
  -0.0713214   -0.0304081    0.0414791   -0.0232007
  -0.0174166    -0.043929    -0.242766  -0.00568091
   0.0495498    -0.106983    -0.220539    0.0129924
  -0.0616799    -0.193718    -0.183684    0.0159949
  -0.0509549   0.00672429   -0.0691904    0.0432427
   0.0502128     0.179572    0.0498753   -0.0133868
  -0.0204553   -0.0585016   -0.0540424    -0.070043
  -0.0799415    -0.168039    -0.116957  -0.00494281
  0.00925289    0.0290107   -0.0211784    0.0542875
   0.0376227    0.0716917   -0.0427711     0.044117
-0.000461435   -0.0858265   -0.0870139    0.0006965
   -0.162555    -0.336971     -0.23646   -0.0656892
  -0.0640895    -0.154312   -0.0599908   -0.0249835
   0.0960533     0.189962    0.0958861    0.0698323
    0.117463    0.0493881     0.105601  -0.00628683
  -0.0346557    -0.118963   -0.0631504   -0.0440844
    0.104004     0.108372    0.0183534    0.0568806
   -0.125078    -0.297825    -0.479782  0.000961067
   0.0409344 -0.000146872     0.108743    -0.062006
   0.0316322    0.0312964   -0.0196148    -0.052229
  0.00821143    -0.032831   -0.0492527  -0.00258377
   0.0489919   -0.0393103    0.0102992   -0.0332114
    -0.44182    -0.489134    -0.464674    0.0860156
    0.113909    0.0924501     0.106189    0.0126817
  -0.0500204    0.0629117     0.104264   -0.0183541
  -0.0120661     -0.15016    -0.045293   -0.0340021
   0.0285116   -0.0409433    -0.113931   -0.0614019
   0.0458963    0.0731809     0.130198   0.00299304
    -0.26503    -0.428054    -0.497115     0.026823
    -0.16749    -0.204563    -0.162476   0.00455815
   0.0612017    0.0176239    0.0269465  -0.00469629
  -0.0533143  -0.00458206    0.0363399    0.0173721
  0.00768957  -0.00650341    0.0511287   -0.0386788
  -0.0883973  -0.00808363   -0.0692272   -0.0227843
  -0.0113443     0.114312     0.178039  -0.00386029
  -0.0473311   -0.0857985  -0.00237082   -0.0235674
  -0.0449256    0.0022082   -0.0593082    0.0133933
  -0.0221127    -0.112814    -0.181216   -0.0285234
  -0.0926728    -0.256151   -0.0923404    0.0293066
   -0.172194   -0.0691211    0.0276081   -0.0336695
   0.0828323    0.0966054    0.0021988    0.0230585
   -0.176557    -0.106391     -0.10583      0.05562
   0.0158152     0.168806     0.125487  -0.00177325
  -0.0145538   -0.0401947   -0.0174105   -0.0223823
   0.0119656   -0.0280231     0.101061    0.0136048
  -0.0379623    0.0276875   -0.0524943    0.0716499
  -0.0438274    -0.194675   -0.0751195   -0.0114065
  0.00594574   -0.0388715   -0.0478916   -0.0360701
   0.0519481    0.0688914   -0.0563101   -0.0682204
    0.118649     0.256485     0.196196    0.0779619
    0.103175     0.166462    0.0640817   0.00404063
  -0.0581784    0.0233252   -0.0625725    0.0102499
  -0.0267486    0.0324141   -0.0766832   -0.0399469
  -0.0926495    0.0394191    -0.159009    0.0135058
   0.0473782     0.103873    0.0802014    0.0453312
  -0.0494808    -0.089634    -0.132014   -0.0354488
   0.0869193  -0.00817987     0.137611   -0.0110302
   -0.107115    -0.196107    -0.103292   -0.0123248
   0.0364568   -0.0928327   -0.0708962   -0.0616607
  -0.0478907     0.132244    0.0720194      0.09012
  -0.0469945   -0.0321002    0.0717067   -0.0306296
   0.0120982     0.150828    0.0353505    0.0241336
  -0.0432156    0.0851588      0.13436    0.0711492
  -0.0856972    -0.186546    -0.237825   0.00572467
   0.0773738      0.17507    0.0824811   -0.0186438
   -0.131379     0.111823    0.0593445  -0.00745369
  -0.0854812  -0.00235682   -0.0287037    0.0488303
   -0.121854    -0.276238    -0.315625   -0.0637521
   -0.115925   -0.0513602    -0.115383    0.0629519
  -0.0595975    -0.119113   -0.0193763    0.0095081
   -0.102957    -0.107422   -0.0163104    0.0229057
   0.0159157    0.0255314    0.0812672   -0.0447507
   0.0598449   -0.0435218    0.0430843   -0.0649607
   0.0109732    0.0813747   -0.0815138    0.0614242
  -0.0998606    -0.169636    -0.173866    0.0660798
   0.0142843   -0.0249707    0.0644178   -0.0412139
   0.0169884    0.0114022    0.0403363    0.0500158
   0.0871058    0.0504032    -0.111218   0.00946283
   0.0129229  -0.00484864    -0.115319    0.0316245
   0.0736674    0.0513939     0.113662   -0.0303773
   -0.178216    -0.205413    -0.171161     0.002942
    0.063609   -0.0749671     -0.16123    -0.045475
  -0.0390741    0.0451133  -0.00187573   0.00834318
   0.0893753  -0.00233411   -0.0207702   -0.0360416
  -0.0898715   -0.0474633  -0.00469574    0.0831397
   0.0200749   -0.0469093    0.0587042  -0.00529993
   0.0453661    -0.109796    0.0174979   -0.0413333
  -0.0439141    -0.109028   -0.0956605   -0.0176445
  -0.0502434    0.0388269    0.0376283    0.0556172
    0.161055   0.00531919    0.0915095    -0.033244
 -0.00929298    -0.198527    -0.153317   -0.0495528
   0.0461277     0.042735    0.0863801   0.00120991
  -0.0706422   -0.0842372   -0.0182217    0.0141872
   0.0539773   -0.0202339   -0.0427449    0.0588028
    0.323031     0.354499     0.425777    -0.109107
   -0.135199    -0.123066    0.0122908   -0.0731987
   0.0412129     0.110977     0.197282   0.00149379
   0.0415021   -0.0643677    -0.105301    0.0193897
    0.058119    0.0634446   0.00617997   -0.0891176
  -0.0454579   -0.0968061   -0.0500261   -0.0282362
 -0.00452218     0.105442    0.0357234    0.0197499
   -0.104151    -0.113216    -0.120906   -0.0104452
  -0.0454957   -0.0480811    0.0211711  -0.00656735
-0.000375012   -0.0166706    0.0324571     0.019421
  -0.0741135    -0.377405    -0.202289   -0.0929028
   -0.185971    -0.323139    -0.245208   0.00147324
  -0.0177863    0.0304063   0.00356625    0.0123446
   0.0759327    0.0588242   -0.0300068   -0.0252591
    0.122685   -0.0583689    -0.184592   -0.0657956
   0.0454661     0.114617    0.0331506   -0.0341375