    -0.35585
     2.78727
    0.764957
     2.62242
     2.35397
    -0.17195
   -0.455218
     3.46768
    -0.18209
     2.85926
    -0.08813
    0.176947
    0.265643
     2.18342
     1.00932
    0.148478
   -0.481112
    0.229729
  -0.0125681
   -0.388517
   -0.336304
  -0.0310454
  0.00885888
    0.595847
   -0.136098
    0.600587
   -0.241698
   -0.235892
   -0.325785
   -0.459428
  -0.0852674
   -0.201195
   -0.247743
   -0.235909
   -0.414406
   -0.238084
   -0.177975
    0.199689
   -0.215177
    0.112251
   -0.100345
   -0.231103
   -0.122247
   -0.236767
   -0.197058
   -0.068595
    0.272685
   -0.427712
   -0.353276
    0.239225
  -0.0732467
   -0.135283
    0.202435
  -0.0840151
  -0.0786863
   -0.186757
   -0.149932
   0.0146097
   0.0344344
  -0.0599683
    0.113448
  -0.0264054
   -0.106312
   -0.240436
   -0.325992
   -0.198269
   -0.190255
   -0.173429
   -0.246165
   -0.163247
 -0.00463426
   -0.117097
   -0.215811
   -0.198367
   -0.173204
   -0.205426
   -0.103053
    -0.46858
   -0.276226
  -0.0981324
    0.316697
  -0.0486397
    0.196789
  -0.0671985
    -0.15266
  -0.0749975
   -0.242249
   -0.213561
   -0.209981
    -0.11491
    -0.15717
   -0.193906
   -0.207329
    0.109195
  -0.0312631
   -0.211218
   -0.194296
   -0.100438
    -0.16685
   -0.143874
    0.137841
   -0.179272
    -0.28524
   -0.279882
    0.204826
    0.997546
     1.34443
   -0.310333
     1.70429
    0.170587
   -0.170438
    -0.20592
   -0.179261
    0.202967
   -0.167405
    0.123287
    0.216159
   -0.281197
   -0.315359
   -0.135848
-0.000462528
   -0.314031
   -0.277689
  -0.0174396
   -0.279658
   0.0692009
   -0.402992
   -0.256647
   -0.249048
   -0.247024
   -0.253498
   -0.289954
   -0.134574
    -0.22492
    -0.41503
   -0.363743
  0.00426379
   -0.117566
   -0.419109
   -0.166768
  -0.0617199
   -0.241104
   -0.277029
   -0.205206
   -0.147758
   -0.101239
   -0.239773
   -0.127057
    -0.27441
   -0.255982
   -0.269774
  -0.0501721
  -0.0242064
   -0.118095
  0.00381929
   -0.236258
   -0.334592
   -0.250471
   -0.113536
   -0.262345
  -0.0422146
   -0.259478
   -0.125641
   -0.291246
   -0.229473
   -0.151054
   -0.127131
   -0.152294
  -0.0871675
     -0.1551
   -0.177396
    -0.17988
   -0.210186
   -0.231159
   -0.186433
    0.595401
     1.46985
     1.82801
     1.20208
    0.637037
     1.07989
    0.630206
     2.09214
     1.64699
     1.02179
     1.33619
      0.7081
    0.437134
    0.626341
    0.486003
   -0.281546
    0.276025
     1.38845
   -0.103961
   -0.136193
    0.227868
    0.248616
  -0.0580406
    0.758434
    0.341783
    0.156135
   -0.340941
   -0.113919
   -0.146088
   0.0262316
    -0.26014
   -0.251901
  -0.0782704
   -0.331132
   -0.190667
   -0.383822
   -0.185718
   -0.413013
   -0.118918
   -0.240707
   -0.109407
  -0.0891281
   0.0419025
   -0.335653
   -0.140868
   -0.159333
   -0.222548
   -0.218728
   -0.100567
  -0.0839916
   -0.193661
   -0.223021
   -0.127281
   -0.229257
     -0.2042
   -0.203844
   -0.191765
   -0.337234
   -0.244378
   -0.216024
   -0.138267
   -0.240434
  -0.0989581
   -0.132243
   -0.204253
   -0.194777
   -0.221845
   -0.158173
   -0.210353
   -0.125189
   -0.224558
   -0.194844
   -0.165967
   -0.241585
   -0.192253
   -0.314392
   -0.223622
  -0.0741898
  -0.0618195
   -0.274418
   -0.218354
   -0.183449
  -0.0066757
   -0.196656
   -0.199784
   -0.214127
  -0.0500139
   -0.197842
   -0.194148
   -0.263629
    -0.16465
   -0.197878
   -0.234327
   -0.210394
   -0.210951
   -0.239373
   -0.332176
   -0.178573
   -0.219709
   -0.209753
   -0.244281
   -0.204227
   -0.221444
   -0.247015
   -0.206539
   -0.235051
   -0.185401
   -0.287099
   -0.173731
    -0.16958
   -0.198794
   -0.202762
   -0.217259
  -0.0910192
   -0.192899
   -0.316303
   -0.325114
   -0.307763