   0.0470771     -0.04768    0.0619958   -0.0331511
    0.153925     0.204127    -0.184221    0.0156689
   -0.182257   -0.0506203    0.0018019    -0.118273
   -0.363719     0.243814    -0.123448    -0.179477
   -0.307953    0.0445494 -0.000547763    -0.133135
    0.172412  -0.00609288    0.0761295    0.0616001
   -0.144692     0.180712    -0.194293    -0.263989
  -0.0972568   -0.0410978    0.0652636    -0.063851
   0.0944103     0.156611   -0.0993438    0.0134792
  -0.0816396    -0.107569     0.118804     0.032534
    0.256669    0.0189325    -0.126196    0.0463374
    0.207086    -0.140453    0.0998065     0.126065
    0.171431    -0.426434     0.385633     0.261148
   -0.289378    -0.181199     0.221918    -0.106671
    0.104195    -0.048101  -0.00429223    0.0875742
    0.101937    0.0460619    -0.053312   -0.0183753
    0.196403    -0.206646    0.0795701    0.0989221
   -0.172034   -0.0601629    0.0633048   -0.0686855
    -0.20088    0.0326315     0.036047     -0.13062
  -0.0221588    -0.206088      0.18637      0.08269
    0.113807   -0.0300901    -0.122536    0.0322098
   -0.066548    0.0438904   -0.0231831    -0.132685
    0.178964     0.105034    -0.205316  -0.00147827
   0.0810848     0.154333    -0.231322   -0.0202023
  -0.0350228     0.079809    -0.110832   -0.0658648
   -0.339975     0.179249    -0.119427    -0.268757
    0.111197  -0.00407048  -0.00773682    -0.043415
   -0.446894   -0.0641983    0.0797007    -0.177695
  -0.0825743    -0.135188    0.0749657   -0.0543079
   0.0803616     0.058331   -0.0957522    0.0847463
    -0.28229     0.211558    -0.158422    -0.202746
   0.0561286  -0.00504094   0.00992907   -0.0157961
  -0.0903262      0.17806    -0.174269    -0.163317
  -0.0745034     0.225522    -0.141061   -0.0686379
    0.126783   -0.0555152   -0.0752189     0.121137
   -0.458681    0.0447884   -0.0838533    -0.308134
    0.157969    0.0988324    -0.221554    -0.014512
   0.0315663     0.204748    -0.122079    0.0365745
  -0.0239929    0.0475308   -0.0104014   -0.0406568
    0.088889     0.185253    -0.134606     0.003356
  -0.0539084    0.0711032   -0.0855623    0.0173526
    0.181756   -0.0579343  0.000344991     0.191633
  -0.0682931  0.000391017    -0.138609   0.00491893
   0.0239731     0.240364    -0.208531    -0.137633
  -0.0107152     0.142294    -0.048696     -0.10056
   0.0678694     -0.13837     0.114794     0.125803
   0.0487535    -0.125713      0.11418    0.0144237
    -0.44985     0.119242    0.0429581    -0.283332
   0.0327877     0.269129    -0.172164    -0.156592
    0.166262     0.103018   -0.0916984   -0.0783753
   -0.147397    0.0587278   -0.0195358   -0.0832829
   0.0854498     0.325949    -0.291544    -0.118947
  -0.0129941    0.0999219   -0.0628713    -0.118356
    0.157393     0.283308    -0.205279    -0.128162
      0.1011   -0.0270301   -0.0545172    0.0558989
   -0.194881   -0.0803664    0.0763243    -0.111796
  -0.0510343    -0.108084     0.138736    0.0349783
   -0.176312    0.0407384   -0.0685279     -0.04301
    0.028185    -0.115319    0.0908187    0.0120596
 -0.00194696    -0.112763     0.116467    0.0484776
  -0.0743526    -0.399235     0.282938     0.112215
    0.114491   -0.0495932   -0.0732543    0.0101806
    0.212039     0.150141    -0.110558    0.0798589
   0.0378012   -0.0788111   -0.0678045    0.0369582
   0.0765832     0.125666   -0.0451991    0.0304062
    -0.15177   -0.0402148    0.0830951   -0.0957234
   0.0121798     0.254486    -0.240465    -0.145391
    -0.11902   -0.0205481    0.0669984    -0.109423
  0.00636663     0.155366    -0.105031    -0.105867
   -0.257907     0.188163    -0.160655    -0.179246
    0.102921     0.189377    -0.271759   -0.0998809
  -0.0872124   -0.0862031    0.0898924   -0.0917805
 -0.00289894    0.0789373   -0.0585267   -0.0570787
   -0.121868   -0.0425842  0.000442888    -0.110785
  0.00624398    -0.180772     0.242591  0.000476595
   -0.194384     0.186167    -0.103535    -0.109879
    0.150898    0.0318359   0.00809187    0.0430254
    0.148756    -0.119245    0.0356712    0.0469034
   0.0983053   -0.0282504     -0.11744     0.071557
    0.300986     0.161033    -0.154082    0.0887777
   0.0166221   -0.0199638  -0.00541988   0.00935712
  -0.0852004     0.210617      -0.2204    -0.216196
  0.00863945   -0.0829472    0.0907536   -0.0706043
   0.0242467    -0.127534    0.0691125    0.0872655
    0.308573   -0.0804695     0.122229     0.193005
    0.142488   -0.0887589    0.0936537     0.130844
   0.0274174    0.0413456   -0.0274823  -0.00344728
    0.155809    0.0376138  -0.00492348    0.0428731
    0.206978    0.0533855   0.00582119    0.0418686
    0.154544    -0.117547     0.152763    0.0570017
    -0.37963     0.214143    -0.165701    -0.413683
   -0.200482     0.134828   0.00558981    -0.233873
    0.115388   -0.0435978   -0.0449576     0.149265
   0.0572769    0.0052144   -0.0159086    0.0833787
 -0.00519914     0.126235    -0.167652    -0.158477
  -0.0296997   -0.0861721    0.0354434    0.0496944
   -0.283795   -0.0555171  -0.00957857    -0.175275
    0.101351   -0.0606237    0.0031297    0.0246793
    0.230926     0.173809    -0.145889     0.105969
    0.102593     0.136167    -0.158335    0.0721108
  -0.0820482    0.0730349     -0.05318   -0.0307642
    0.253516    -0.372087     0.287695     0.244985
   0.0185503   -0.0793556   -0.0288542    0.0367894
   -0.182936   0.00322458    0.0142824    -0.112838
   -0.251839   -0.0820136     0.103692   -0.0247737
   0.0274623     0.209303    -0.182914   0.00267382
  -0.0585861     0.040339   -0.0146919    0.0453035
   0.0900452     0.067242  -0.00459399    0.0420597
    -0.15641    0.0526892    -0.099765    -0.192345
  -0.0371235   0.00520679   0.00544687    -0.115055
   0.0683865    0.0423564    -0.100155   -0.0327086
    0.119103     0.106851    -0.189222  -0.00979539
   0.0419275   -0.0543264     0.108649      0.10202
  0.00904574   -0.0196216     0.109459   -0.0239194
    0.142968     -0.19274     0.151505    0.0990551
    0.145195   -0.0631073  -0.00540852    0.0934718
    0.169815   -0.0078757   -0.0528976    0.0774222
   -0.142019    -0.294022     0.219636    0.0901953
   -0.259336    0.0629331    -0.121614    -0.130943
    -0.25432     0.168633    -0.155925    -0.166926
   -0.185257    -0.102415     0.121186   -0.0546629
  -0.0262982    0.0898818   0.00831119   -0.0525674
  -0.0510684    -0.158281     0.104727    0.0674986
  -0.0627862   -0.0065581  0.000859454   -0.0416695
    0.303276    -0.144038     0.124326    0.0921107
  -0.0142987   -0.0165853   -0.0946566    0.0854878
   -0.117722   -0.0415599   -0.0146349   -0.0285184
   0.0483567    -0.193319     0.147955    0.0644172
  0.00695095     0.337633    -0.203258   -0.0989212
   -0.372364   -0.0737765     0.186958    -0.112076
   0.0975662    0.0819531    -0.144805    0.0149739
  -0.0246724   -0.0570097     0.198007    0.0225543
  -0.0196122   -0.0694727    0.0448482    0.0576468
    0.015885  -0.00339899   0.00586553  -0.00455266
    0.142908     0.115773    -0.128739     0.056547
   -0.305886    -0.112565      0.22984   -0.0807721
   0.0784243    -0.164973     0.158972    -0.021404
   -0.128363  -0.00723221    0.0288277    -0.134809
    0.178552   -0.0674184    0.0535974    0.0984709
   -0.129815   -0.0868356     0.138178   -0.0685106
   0.0209012    -0.147776     0.182932     0.051997
  -0.0765997   -0.0554563     0.138123    0.0275735
   0.0890203   -0.0440514     0.044524    0.0950985
   -0.355036     0.170084   -0.0536533    -0.288063
   -0.497593    0.0996016    0.0159315    -0.295586
   -0.298492     0.262663    -0.129333    -0.196097
   -0.267764    0.0661057   -0.0819807   -0.0665736
 -0.00797693     0.223406    -0.132601   -0.0757489
    0.131347    -0.209252      0.22342     0.144731
  -0.0598391    0.0807583    0.0571157    -0.140962
  -0.0404708   -0.0245102  -0.00883998   -0.0978488
    0.130588     0.103017   -0.0859083   -0.0611599
    0.275698    -0.396405     0.347339     0.339962
  -0.0376886   -0.0516683      0.11234    0.0254276
    -0.36213    -0.132677      0.07297    -0.239834
   -0.109183     0.364239    -0.371786      -0.1661
  -0.0252077   -0.0507793    0.0674285    0.0203278
    0.052244   0.00699336   -0.0505028    0.0225716
    0.111308     0.116007  -0.00964933   -0.0123013
   -0.137046     0.480371    -0.329128    -0.263576
    0.148226      0.21696    -0.309857   -0.0790213
      0.2128     0.111503    -0.222865     0.127797
   0.0879968  -0.00377313    0.0510849   -0.0649932
   -0.111764    0.0376926   -0.0657917    -0.166964
    0.131654   -0.0765782     0.152726    0.0809876
    0.159249    0.0655198    0.0442601     0.132382
 -0.00172901    -0.124948     0.197734   0.00476101
   -0.570487   -0.0373307     0.113593    -0.289667
    0.198299    -0.161079  -0.00552738    0.0477434
      0.1463   -0.0777918     0.103398  -0.00261812
   0.0256123   -0.0815618    0.0574402   -0.0419948
   -0.231238   -0.0397745  -0.00645338    -0.144018
    0.135016     0.225689   -0.0492598    0.0386582
   0.0581863     0.190907    -0.269646   -0.0862382
  -0.0725497    -0.165613    0.0702045    0.0637681
    0.147456    0.0401121   -0.0178616     0.104116
   -0.127006   -0.0154645     0.144495    -0.118911
   0.0469593    -0.144318     0.174432    0.0902599
  -0.0992975   -0.0299432   -0.0614477     -0.12485
   -0.028347     0.129869    -0.152713   -0.0687046
    0.136477    -0.251068      0.21466     0.110133
     0.24191   -0.0255747    0.0623129       0.1283
   -0.185095   0.00927479    0.0258706    -0.117989
    0.219294    -0.119024    0.0977551    0.0126544
   0.0324899     0.160653    -0.163657   -0.0866051
   -0.342908    0.0855542    0.0300908    -0.235784
    0.222374     0.141857    0.0361125    0.0154501
    0.332504    -0.207669     0.111881     0.252055
   -0.121853     0.129813   -0.0620635   -0.0859096
   0.0082612    -0.108363      0.14046   -0.0510633
   -0.010897    0.0982545   -0.0350313   -0.0125134
   0.0393336     0.121265  -0.00740027   0.00583607
  -0.0633883     0.166457    -0.230096    -0.150388
     0.12477    0.0513402    0.0341941    0.0246677
   0.0921876     0.155631     -0.08862   -0.0403205
    0.156442    0.0273359   -0.0761781    0.0311719
   -0.235962    -0.101943     0.119401    -0.101648
    0.116103     0.209643     -0.19224   -0.0887484
   -0.145561     0.228993    -0.244108    -0.156922
   -0.237413    0.0603091    0.0999697    -0.178658
  -0.0578817    0.0355501   0.00933514   -0.0954905
    0.382667     0.113167    -0.142925     0.179651
     0.02434 -0.000447395   -0.0853705   -0.0855946
     0.19434   -0.0886515     0.047099     0.162066
    0.243963     0.148013    -0.217107    0.0799104
   -0.106493   0.00604204     0.106794    -0.128666
   -0.164303     0.160867    0.0186087  -0.00251541
  -0.0248836    0.0808425    0.0201655   -0.0729679
    0.111401    -0.167546     0.217413     0.184272
    0.120829     0.161259   -0.0848093    0.0437951
  -0.0137833    0.0868039    -0.155322   -0.0660221
     0.16819    0.0415547     -0.10557    0.0793472
    -0.06556    -0.107641    0.0701298   0.00220325
    0.098458   0.00548461    0.0182927  -0.00336825
   0.0276719   -0.0410929   -0.0281806   0.00276263
    0.137276      0.32053    -0.254731    -0.031785
    0.116963    0.0410117      -0.1159    0.0714896
   0.0556127    0.0286592   -0.0246784   -0.0283632
   -0.157786    -0.117733     0.098657   0.00669236
   -0.328827   -0.0518732    0.0425065    -0.278898
   0.0653807   -0.0412539   0.00745093    0.0426153
  -0.0664236    -0.135491    0.0324605   -0.0125076
   -0.292318  0.000788777    0.0272865    -0.202698
   0.0297609    0.0381765   -0.0852727   -0.0565154
    0.085594     0.132979   -0.0456885    0.0497673
   0.0415917     0.230019    -0.109966   -0.0609391
    0.260776    -0.294628     0.261799     0.189529
   -0.129085   -0.0527312    0.0636728   -0.0221512
   -0.494545     0.103031     0.031363    -0.261376
   0.0597934     0.260048    -0.148349   -0.0697299
   0.0712276    -0.278561     0.128051    0.0548891
    0.315493    -0.166749     0.168146     0.280783
   -0.718261    -0.153584     0.210917    -0.306288
   0.0995843     0.209664    -0.194641    -0.134055
   0.0755069   -0.0332101    0.0260538    0.0912941
   0.0425618   -0.0636688     0.128727    0.0528156
     0.14671    0.0101653    -0.080872   0.00819031
    0.142555     0.197244    -0.126359   -0.0863681
    0.282962    -0.496809     0.391407     0.320298
  -0.0011945   -0.0252215    0.0167874   -0.0505322
  -0.0123747    0.0673036    0.0202998    -0.019821
    0.287552    -0.113692    0.0889719    0.0949659
   0.0126937     0.191404    -0.111322     -0.12579
  0.00719297   -0.0191752   -0.0116604    0.0505215
   -0.179603    -0.224928     0.159063    -0.108578
   0.0514388    0.0953951    -0.195524    -0.125717
    0.054077   -0.0341659    0.0240792    0.0399038
   0.0643857     0.164017    -0.195373   -0.0761875
    0.045025    0.0284131   -0.0640077   -0.0166237
    0.228541     0.111616    -0.164637   -0.0453421
   -0.202174     0.150954   -0.0805551    -0.178742
    0.054675     0.332346    -0.202878   -0.0419543
    0.102031    -0.167425    0.0652043    0.0454981
    0.197121     0.152277    -0.137385    0.0314928
    0.250434     0.315698    -0.344993   0.00479797
   -0.242024    0.0263678    0.0591676   -0.0112298
  -0.0902407    0.0630678   -0.0513207   -0.0531862
   0.0972853   -0.0824107    0.0825633    0.0290456
    0.122469     0.299513    -0.287986    0.0193104
   -0.103262    -0.139234     0.115887    -0.074141
    0.024311     -0.21075     0.152501    0.0918388
   -0.389292    0.0663301   -0.0816584    -0.257306
    0.178997   -0.0131502   -0.0420562     0.117983
  -0.0871125     0.149375    -0.139981   -0.0990946
   0.0487628    -0.009242    0.0921458    0.0562806
   0.0949274 -0.000141929   -0.0550709   0.00163613
   -0.185746    -0.140316    0.0327928    -0.050001
  -0.0869948    -0.157406   -0.0150369    0.0746129
  -0.0689756   -0.0507156   -0.0146154   -0.0605931
    0.170738    0.0235058    0.0183829   0.00868863
   0.0362742     0.185779   -0.0998863    -0.124302
    0.302521    -0.239188      0.08307     0.146193
   -0.162226     0.152999   -0.0614149    -0.176877
   0.0878917      0.09056   -0.0295442     -0.06999
    0.268704    -0.137249     0.131439    0.0931578
   -0.273034    0.0932178    0.0587653    -0.121955
    0.020644    0.0608322    -0.173281    -0.100799
   -0.151988    0.0109933    0.0928488    -0.109143
   0.0337851    -0.178859     0.151554     0.118707
  -0.0880342     0.116744    -0.159843     -0.10619
   0.0212763     -0.25032     0.267327    0.0655969
   0.0664809   -0.0817733    0.0157209   -0.0190765
     0.13935    -0.102451     0.126792    0.0683434
    0.122065     0.115364   -0.0692486   -0.0226496
   -0.134808     0.152864    -0.046018    -0.236288
     -0.0124   -0.0514425    0.0884178  -0.00479245
    0.269984     -0.10382    0.0211185    0.0984071
   -0.103524     0.269414    -0.211687    -0.139386
   -0.115608    0.0601087   0.00225967    -0.128139
   0.0328992     0.214555    -0.214546    -0.112823
    0.026014   -0.0651555    0.0135614    0.0413156
    -0.35163   0.00101031 -0.000185777    -0.260753
   -0.116463   0.00457968    0.0670101    0.0212305
   0.0613864    -0.461482     0.251967     0.183843
   -0.275886      0.14468   -0.0575707    -0.280843
   -0.110675  -0.00727566     0.073066   -0.0801898
    0.335656     0.171779    -0.105831     0.074761
   -0.127113     0.109731   0.00232397    -0.119316
    -0.32113    -0.269096       0.2039    -0.060948
  -0.0735555    0.0413247    0.0904508    -0.110847
  -0.0213165    0.0573819   -0.0604855   -0.0490991
  -0.0228592   -0.0170954    0.0583587   0.00803179
  -0.0787964    0.0419269   -0.0190395   -0.0156545
    0.328694    -0.168874     0.126134     0.221375
    0.137713    0.0392943    -0.019726     0.171188
   -0.148498    0.0163364    -0.109768    -0.169452
    0.190273   0.00103269     0.118566    0.0370064
    0.112817    0.0522205    -0.034307    -0.063002
   -0.042326    0.0144703      0.12813   -0.0224307
    0.192336     0.106864    -0.211297   -0.0188023
  -0.0942265    0.0869945  -0.00917242   -0.0861384
  -0.0998786   0.00496846   0.00857599     -0.11937
   -0.116197     0.397601    -0.472468    -0.202382
   0.0488083    -0.151197   -0.0194623     0.139693
  -0.0736411    -0.278327      0.32516    0.0434459
   -0.225513     0.135222   -0.0734076    -0.126438
   0.0115511    -0.142821    0.0590046     0.101074
   -0.359286   -0.0558159     0.191596    -0.162204
   0.0404367    -0.137958    0.0618374     0.140684
  -0.0312908     0.129337    -0.259647    -0.117265
    0.126327   -0.0764525     0.013068    0.0938392
   0.0997885    -0.105599     0.112368    0.0519397
   0.0289946     -0.10016    0.0375937   -0.0517847
    0.270924     0.164684    -0.225472    0.0832372
   -0.101943     0.057644    0.0851919   -0.0473555
    0.042552    0.0878618   -0.0686034   -0.0330769
   0.0261903     -0.13813     0.166061    0.0835178
    0.171468    0.0431615   -0.0786859   -0.0126861
 0.000345315     0.265562   -0.0479811   -0.0493431
   -0.348787    -0.242777     0.180614   -0.0726731
   -0.184774     0.285067    -0.138521    -0.141802
   -0.282464     0.154072   -0.0876543    -0.246084
  -0.0943642    -0.196604     0.224832    0.0364608
   -0.092073     0.146853   -0.0857349   -0.0640534
   -0.178651    0.0266025    0.0741849   -0.0832647
    0.128095     0.201043    -0.254479   -0.0650494
   0.0106351    -0.252808     0.161246     0.138119
   -0.134029     0.149642    -0.167438   -0.0789959
   0.0748168    0.0305044    0.0213357    0.0389977
    0.154597     0.204878    -0.228442    0.0595813
    0.235866    0.0470325   0.00692508     0.132277
   0.0552012      0.09019    -0.109969    0.0242055
   -0.143584     0.360661    -0.243759    -0.196237
   0.0158025     0.112526    0.0896272   -0.0675241
    0.321798    0.0372323    0.0622545     0.171262
   0.0681792    0.0844233     -0.13422     0.023438
  -0.0146195    -0.175272     0.220243    0.0252667
    0.172491    -0.154692    0.0715112    0.0695341
   -0.141985   -0.0874958    0.0776332    -0.147452
   0.0374632   -0.0615401    0.0752926    0.0365918
  -0.0624032    0.0153558    0.0969497    0.0397292
    0.143003    -0.065133    0.0410158    0.0342499
    -0.22268   0.00546577    0.0189934    -0.045176
    0.543733     0.240753    -0.317112     0.166646
    0.433528    0.0482184    -0.158406     0.155121
  -0.0809282      -0.2482     0.186507   0.00782344
  -0.0709095    -0.215456     0.151963    0.0023659
   -0.018081    -0.188325    0.0980835    0.0591693
    0.198463      0.24451    -0.303469   -0.0514236
    0.380763    -0.169321   -0.0546627       0.2522
    0.233067    0.0972451    -0.241071   -0.0199068
   0.0683981    0.0287711    -0.149575    0.0338941
   -0.185439    0.0310492    -0.131719    -0.114235
  -0.0789592     0.028192    0.0060667    0.0126735
    0.138551     0.153419    -0.168361    0.0194928
  -0.0620236      0.11309    -0.199954    -0.102436
    0.300694   -0.0565954    0.0816653     0.198869
    0.292932    0.0681096   -0.0795629    0.0880092
   -0.178581    0.0840266   -0.0339372    -0.156335
    0.135717   -0.0377381   -0.0654788    0.0345188
   -0.376497   -0.0694363     0.177576    -0.249646
   -0.292832    -0.146744     0.211163    -0.127868
   -0.102543     0.153074    0.0399843    -0.100251
   0.0203809     0.373726    -0.268435   -0.0911491
    0.344694    0.0947577    -0.123094     0.109492
  -0.0517799     0.105331    0.0151955    -0.135245
 -0.00555128     0.189753    -0.127217    0.0150968
    0.256759    0.0276758   0.00902356    0.0714101
   -0.158994   0.00424934     -0.11954   -0.0529947
    0.119116    -0.272616     0.226257     0.164791
   -0.270553     0.388859     -0.29813    -0.286782
   -0.238991      0.21917    -0.188675     -0.14388
    0.102073   -0.0121034   0.00123512    0.0637433
   0.0196061    0.0331538   -0.0139054   -0.0404908
  -0.0757334     0.117603    -0.137076    -0.075655
  -0.0775039    -0.211972     0.203196    0.0593049
   -0.229951    -0.013155    0.0415067   -0.0758677
   -0.284658     0.274066    -0.166427    -0.199642
   -0.124672   -0.0877857     0.168624   -0.0374609
    0.199359    0.0380394   -0.0711037    0.0959741
   -0.187209     0.394783    -0.270821    -0.219148
    0.225331   -0.0341677   -0.0116053    0.0623168
     0.29078    0.0774215    -0.282424    0.0757793
  -0.0513157     0.122144   -0.0250712    -0.111884
   -0.276658    0.0648715   -0.0487922    -0.160832
    0.197403    -0.032689    0.0761796    0.0806954
   0.0218579    0.0440191    -0.103446   -0.0695018
    0.128487    -0.102911    0.0543613     0.115214
    0.049502    0.0179735   -0.0294315     0.118157
   -0.144924     0.151783   -0.0253719   -0.0391359
  -0.0460703    0.0803308    0.0521253   -0.0308673
    0.127428   -0.0182424   -0.0353521    0.0914077
   -0.159993    0.0968522   -0.0613343    -0.141703
    0.182836     0.178179   -0.0480499   -0.0268384
    0.285684    -0.168213     0.123657     0.123578
    0.101475     0.138999    -0.178826   -0.0548431
  -0.0399022    -0.143147    0.0952326   -0.0296599
   -0.165245     0.103521   -0.0568797    -0.214026
    0.154989      0.20455    -0.213438    0.0140568
   -0.246951     0.438262    -0.398827     -0.18164
   0.0457691    0.0413389  -0.00921373    0.0857083
   0.0917514    -0.077597   -0.0856395  0.000465969
   0.0537291   -0.0229399  -0.00913163    0.0814081
    0.163958   -0.0957588     0.123921      0.17456
   -0.156056    -0.083339     0.218168   -0.0659622
   -0.287159     0.300313    -0.163513    -0.357519
  -0.0768942    0.0102035    0.0537374   -0.0155932
   -0.223464  -0.00706798    0.0363974    -0.153042
    -0.26656   -0.0217685    0.0642252   -0.0471864
    0.120245     0.140691    -0.142532   -0.0781087
   -0.191577   -0.0569815    0.0334326     0.038079
   -0.394642     0.233697    -0.184802    -0.345958
  -0.0646826    0.0763397   -0.0124356    0.0215762
    0.103975   -0.0821763     0.100928    0.0384337
   -0.212806   -0.0905894      0.15292   -0.0807275
   0.0801272   -0.0360844     0.089766    0.0485223
    -0.31054    0.0441169    0.0990171     -0.22115
 -0.00590968     0.224295   -0.0800773   -0.0729268
    0.236518   -0.0382991    0.0881074    0.0619975
   -0.161252      0.09568   -0.0902861    -0.207435
   0.0243428     -0.17185       0.1841   0.00400832
   -0.213866    0.0862977  -0.00449855   -0.0670433
   0.0210581   0.00699505    -0.129285  -0.00358265
   0.0723567   -0.0952153    0.0335402    0.0139227
     0.21892    -0.186304    0.0902598    0.0727302
   -0.216345   -0.0308241     0.010064    -0.134384
   -0.201554    -0.216667     0.189816   -0.0387876
  -0.0538655    0.0238551   -0.0870296    -0.125601
    0.192409   -0.0646597    0.0543476     0.179991
   -0.219025     0.166969   -0.0635104    -0.238431
    0.312138     0.189121    -0.243696    0.0691229
   -0.021119    -0.032907   -0.0131101     0.049732
   0.0595617    -0.119198    0.0557441   -0.0194366
    0.384979   -0.0901608    0.0664811     0.259325
   -0.101413     0.153864    -0.183896    -0.129815
   0.0973109    0.0390325    0.0646823    0.0670568
   -0.121473     0.189187    -0.171946    -0.188132
   0.0818469   -0.0454899    0.0499738    0.0792885
    0.420863   0.00983769   -0.0137857     0.240324
  -0.0245401    -0.106778    0.0366125     0.089677
    0.167914    0.0438338    -0.218396    0.0224182
   -0.352824     0.305308    -0.272174    -0.273199
    0.138938    0.0343836   -0.0143958    0.0283066
    0.202296    0.0436898    0.0389853    0.0579523
  -0.0150578   -0.0130881    0.0384199  -0.00192926
   -0.359845     0.371218    -0.222747    -0.291219
   -0.129306    0.0888858   -0.0205216    -0.142254
  -0.0446282    -0.140163    0.0682258    -0.030153
   0.0388024     0.098494   -0.0713423   -0.0441409
   0.0170864   -0.0128498   -0.0259933    -0.047659
  -0.0448117     0.208569    -0.081913   -0.0519759
   0.0678535     -0.13815     0.106345    0.0878477
    -0.22532   -0.0161198      0.11977    -0.153756
   0.0539187   -0.0379395    0.0103544   -0.0264253
    0.389129   -0.0609469   -0.0106699     0.191265
   -0.273708      0.21468    -0.105663    -0.183409
   0.0367965    0.0592154    -0.112399   -0.0297344
    0.256806    0.0305779   -0.0524462    0.0533953
   -0.046786     0.171365    -0.144334    -0.114834
   -0.102667     0.398157    -0.245629    -0.145191
  -0.0865441    0.0323928   -0.0552347   -0.0764661
   -0.263136  -0.00021764    0.0523409   -0.0707613
   -0.175471     0.165161    -0.077806    -0.166636
   0.0140442     0.152416    -0.149701   -0.0514327
   -0.152296    0.0327961     0.112594   -0.0533107
  -0.0677695    -0.166641     0.177286    0.0369864
  -0.0285751     0.321782     -0.28157     -0.10391
   -0.121219    0.0990419   -0.0800335   -0.0557883
 -0.00548156    0.0277722   -0.0134223   -0.0130065
   -0.123608    0.0408575    0.0109479    -0.106381
   -0.095978    -0.223999      0.19159    0.0227275
   -0.598624   0.00426455  -0.00239125     -0.30001
   -0.176629    -0.160779     0.265192   -0.0666451
  -0.0811025   -0.0314787     0.062075   -0.0283225
   -0.110602     0.268821     -0.18568    -0.191663
   -0.285058     0.121769   -0.0619789    -0.168911
    0.455879    0.0987242     -0.18176    0.0783246
   0.0660839     0.189555   -0.0750501  -0.00697557
    0.228677    0.0134202   -0.0826141    0.0660716
     0.11955   -0.0400091   -0.0230394    0.0512406
   0.0579961    -0.189019     0.139791    0.0878545
   0.0582338   -0.0839434    0.0598546    0.0170636
   0.0519809    0.0302736    0.0132306  -0.00293917
    0.136861    -0.285596     0.309787     0.143396
  -0.0903517    -0.083451     0.100651   -0.0453734
    0.164062   -0.0358837   0.00250734    0.0588651
   0.0426305     0.106643    -0.125869    0.0615943
  -0.0818192     0.193584   -0.0517363    -0.124084
   -0.251674    0.0638817   -0.0875905    -0.127491
   -0.297265     0.474224    -0.350653    -0.372193
  -0.0289392    0.0651455   -0.0550793   -0.0700753
   -0.365266    0.0420133    0.0327351     -0.13564
   0.0946545     0.160034     -0.11686    0.0756349
   0.0373391    -0.213796     0.176253     0.169752
    0.103321     0.107887    -0.126065   -0.0594709
   0.0958856    -0.065539   -0.0462403   -0.0181906
    0.132787     -0.19456     0.253006    0.0620699
    -0.77092     0.190888    0.0848499    -0.361278
   -0.413086   -0.0797911    0.0662732    -0.288253
  -0.0417319    -0.135028     0.129434   -0.0537488
   -0.158799     0.246123   -0.0862659    -0.117112
    0.230401    -0.168831    0.0779876     0.158711