-0.817494
-0.795363
 -0.77763
 -1.07545
  -1.0026
 -1.29509
 -1.01931
 -1.13638
 -1.33355
  -1.7107
 -1.15803
-0.803361
 -1.25876
 -1.24264
-0.656517
 -1.15888
  -1.6881
 -1.16097
 -1.49731
 -1.13474
 -1.63125
-0.859844
 -1.39372
-0.859924
 -1.09827
-0.756378
-0.698052
  -1.1316
-0.857362
-0.942671
 -1.22822
-0.737712
-0.928874
-0.997159
 -1.42798
 -1.23281
  -0.8515
 -1.57353
 -1.17769
-0.801536
-0.807658
-0.520333
-0.847438
-0.944243
 -1.07404
 -1.42399
-0.821903
    -1.98
-0.699088
 -0.93088
-0.883382
 -1.08258
-0.745671
-0.991454
 -1.51771
 -1.44112
 -1.01044
 -1.13558
 -1.00872
 -1.00395
-0.996585
-0.944335
-0.931467
 -1.11489
 -1.08537
-0.802571
-0.713753
 -1.02761
 -1.12856
 -1.05085
-0.676795
 -1.43657
 -0.92805
 -1.11335
 -1.32125
 -1.14293
 -1.30235
 -1.75729
 -1.51003
 -1.69547
 -1.01218
-0.831486
 -1.25706
  -1.4632
  -1.3465
 -1.24066
  -1.2648
 -1.03745
 -1.49486
-0.605599
 -1.03385
 -1.01587
-0.914913
 -0.63802
 -1.28315
   -1.015
-0.703002
 -1.01289
 -1.04703
 -1.61081
 -1.20352
 -1.11337
 -1.50901
 -1.06657
 -1.21343
 -1.25982
 -1.50303
 -1.44935
-0.832229
  -1.7633
 -1.12664
 -1.60624
 -1.96294
 -1.56008
 -1.27071
 -1.40687
 -1.71588
-0.963775
   -1.081
 -1.40192
 -1.43479
-0.803378
  -1.3232
  -1.4406
 -1.35689
  -1.6517
 -1.07408
-0.941929
-0.538065
 -1.27775
 -1.15557
 -1.29112
 -1.65908
-0.823356
-0.891814
-0.962394
  -1.5216
-0.754675
-0.607788
  -1.1102
-0.972921
-0.838183
-0.885387
-0.835902
 -1.40371
-0.747729
 -0.95581
  -1.1508
-0.812349
 -1.47272
-0.949882
 -1.36947
 -0.65161
 -1.04954
  -1.0258
 -1.06992
 -1.03142
-0.917927
 -1.70058
-0.782879
  -1.4095
 -1.27886
-0.998716
 -0.60517
 -1.29989
-0.969947
 -1.41517
 -1.02685
 -1.09509
-0.845838
 -1.23597
  -1.1879
  -0.7869
 -1.23922
 -1.46768
 -1.63871
 -1.18601
-0.780117
-0.826462
 -1.29945
 -0.99072
-0.882152
 -1.01855
 -1.12739
 -1.20438
-0.760349
 -1.58203
-0.823692
 -1.24427
 -1.22859
 -2.10053
 -1.33644
 -1.02075
-0.657621
 -1.28664
-0.613889
-0.670736
 -1.15529
-0.957324
 -1.89786
 -1.34832
 -1.25692
 -1.26695
 -1.06159
  -0.8308
 -1.09262
 -1.31886
 -1.13089
 -1.57126
-0.713187
 -1.05283
-0.832959
-0.782114
-0.697384
-0.906255
 -1.01997
-0.517326
-0.961123
 -1.21208
 -1.53301
-0.587312
 -1.22049
-0.803795
   -1.424
 -1.01719
-0.910563
 -1.05276
 -1.22286
 -1.57493
-0.739242
 -1.16595
 -1.15122
-0.591975
-0.883755
 -1.02375
 -1.34657
 -1.04011
-0.756242
 -1.28087
-0.851245
 -1.39872
-0.550256
 -1.05601
 -1.36514
 -1.02651
 -1.15149
 -1.38564
 -1.12053
 -1.29972
 -1.37102
 -1.37337
-0.967018
 -1.00682
 -1.01029
-0.783635
 -1.50148
-0.774591
-0.992094
-0.758565
 -1.74645
 -1.04829
-0.978677
-0.999378
-0.742851
 -1.08096
-0.791744
 -1.54057
-0.913731
 -1.09062
-0.799407
-0.778993
 -1.20955
 -1.69728
-0.710205
-0.696169
 -1.08989
-0.996212
-0.859086
  -1.0597
 -1.44327
-0.989316
-0.903133
 -1.19012
 -1.14186
-0.819414
    -1.01
-0.893355
 -1.04942
-0.846086
   -1.204
 -1.43809
 -1.18467
-0.920298
 -1.49888
 -1.23272
 -1.11345
-0.993246
-0.875792
 -1.57277
-0.967194
 -1.09758
-0.895196
-0.866309
 -1.33007
-0.964316
 -1.22928
 -1.05223
-0.903631
 -1.68816
 -1.47763
-0.948393
 -1.24142
 -1.10795
 -1.33691
-0.694303
-0.903941
 -1.00094
 -0.43532
-0.936431
-0.953609
 -1.14602
 -1.20182
 -1.21051
 -1.53156
-0.837679
 -1.59177
 -1.04518
 -1.26588
-0.877809
 -1.41769
 -1.50066
-0.933333
-0.939115
 -1.39263
-0.905964
-0.942574
 -1.53557
 -1.06343
 -1.37424
-0.708451
 -1.30927
 -1.12895
  -1.3524
-0.789848
-0.558539
 -1.53158
 -1.08075
-0.703749
-0.717002
 -1.05565
-0.962334
-0.826632
-0.774223
 -1.32465
 -1.15558
 -1.20409
 -1.01309
 -1.16809
-0.945482
 -1.04949
 -1.14376
 -1.25175
 -0.89144
  -1.1723
-0.540285
 -1.12475
-0.591996
 -1.81862
-0.985786
 -1.02151
 -1.70809
 -1.17606
 -1.35813
-0.919929
-0.962355
 -1.39019
 -1.25698
-0.807635
 -1.11747
 -1.07984
-0.655877
 -1.05109
 -1.25634
 -1.38225
-0.618802
  -0.9496
  -1.0525
 -1.18606
 -1.02292
 -1.24947
 -1.27108
  -1.3774
 -1.33385
 -1.17869
  -1.8767
 -1.33151
 -1.42664
-0.733016
-0.786403
 -1.48649
 -1.22489
-0.742292
 -1.22238
 -1.48344
-0.924117
-0.788477
 -1.07539
 -1.23419
 -1.24608
 -1.41261
-0.815726
 -1.12688
 -1.04805
-0.918367
 -1.40946
 -1.02195
  -1.1678
  -1.3693
-0.913375
-0.674904
-0.980213
-0.862844
 -1.19991
-0.669098
-0.941047
-0.893416
-0.707668
-0.734159
 -1.24696
 -2.40096
-0.829002
 -1.91213
-0.900097
 -1.09072
-0.925662
 -1.19706
 -1.46935
-0.795059
 -1.10328
 -1.42019
 -1.15131
 -1.10598
 -1.48708
 -1.23311
  -1.1818
-0.804862
 -1.08416
-0.878583
  -1.1611
 -1.29043
 -1.11932
 -1.57126
-0.836595
-0.761354
 -1.13343
  -0.7842
-0.981014
-0.950917
 -1.51114
-0.703341
-0.819505
 -1.54343
 -1.29184
 -1.05317
 -1.15091
-0.968215
 -1.41015
-0.846109
-0.973164
 -1.01592
 -0.56401
 -1.11523
 -1.51909
-0.985723
-0.821205
 -1.11906
 -1.00476
  -1.2432
 -1.13263
-0.759299
-0.731838
 -1.49619
 -1.16286
-0.897482
-0.889875
-0.693271
-0.637836
 -2.04991
 -0.92304
-0.799304
-0.909932
 -1.03833
   -1.065
 -1.17955
 -1.10681
-0.792868
-0.565754
-0.866484
 -1.20723
-0.932597
 -1.09184
 -1.69892
-0.729323
 -1.56865
 -1.17783
 -1.88474
-0.709828
-0.851495
-0.767957
-0.996282
 -1.04866
   -1.204