   0.0777716    0.0520895    0.0137543   0.00747842
   -0.490125     0.180671    -0.113776    -0.295269
-0.000626597    -0.149517    0.0521389   0.00016586
   0.0298808   -0.0512963     0.188619    0.0615723
   -0.428924    -0.165544     0.275767   -0.0860453
   -0.112884    0.0936371   -0.0367194   -0.0971286
    0.154706     0.125187   -0.0211505   -0.0143322
   -0.286581    0.0571149      0.09683    -0.079971
  -0.0963835     0.351594    -0.244195     -0.10319
     0.21233     0.430834    -0.331821   -0.0537245
      0.1243    0.0214936   -0.0410527    0.0594094
   -0.155198   0.00573531   -0.0340092  -0.00474466
   -0.154464     0.168983   -0.0847608    -0.103822
   0.0579225    0.0841142    -0.131018   -0.0367922
 -0.00279127    -0.111047    0.0765004   -0.0150045
   -0.125109   -0.0240531    0.0438255  -0.00607919
  0.00466478    -0.021697   -0.0365152   -0.0708121
  -0.0419024    0.0605688    -0.140168    -0.116846
   0.0530109   -0.0996973   -0.0468281   -0.0519144
   0.0898009   -0.0105861   -0.0291482     0.123347
  -0.0174234   -0.0829656   0.00799233   -0.0303023
    0.070932    0.0380117   -0.0212546    0.0803914
   0.0142055     0.162099    -0.116088    -0.018131
   0.0690537    0.0301215    -0.117065   -0.0178041
   -0.133606   -0.0622855    0.0126488   -0.0484675
  -0.0162985   -0.0339275   -0.0522345    0.0205721
   -0.188559   -0.0199204     0.153301    -0.110992
    0.128164   -0.0497551     0.109457    0.0617578
  -0.0773712    -0.048087   -0.0436343   -0.0505569
   0.0628279    -0.115092   0.00412759    0.0396291
  -0.0554769    0.0304451     0.114974   -0.0996275
    -0.17452    0.0670717   -0.0606554    -0.173788
   0.0166615    -0.176066     0.147703    0.0533293
   -0.178801   -0.0520702   -0.0232523   -0.0816269
    0.218311    -0.084115   -0.0793583     0.155639
  -0.0140903   -0.0695564     0.055614   -0.0628016
    0.147333   -0.0504008    0.0991034    0.0108613
  -0.0817362  -0.00474095    -0.039154   -0.0212899
     0.18021     0.331529    -0.208042   -0.0857678
  -0.0997911    0.0915753    -0.115562     -0.22205
   0.0954044     0.280341    -0.201132    -0.081618
  0.00693998    0.0222367   -0.0776044    -0.015149
  -0.0787254   -0.0239684   -0.0295988   -0.0283432
  -0.0238889    -0.155851      0.10546 -0.000983688
    0.120756   -0.0117705   -0.0463162    0.0783981
   -0.114241      0.09951    -0.122421    -0.103261
   -0.138133     0.138102   -0.0396982   -0.0769052
   0.0642142     0.149722   -0.0980199   -0.0190633
   0.0634691   -0.0136911    0.0813908    0.0517391
   -0.052287    -0.115349     0.175036    0.0191632
    0.133379     0.104398   -0.0329796  -0.00379651
 -0.00735474    -0.216028     0.195431  5.46073e-05
   0.0337667    0.0362917   0.00782142   -0.0405245
     0.15607     0.123361   -0.0940187   -0.0417167
   -0.315024  0.000748084     0.122214   -0.0865153
   -0.219648   -0.0207195    0.0324779   -0.0992538
    0.182136    0.0095976   0.00674684    0.0537988
   0.0185096     0.169278    -0.152915    -0.148785
   0.0457162    -0.107098    0.0958469    0.0365837
  -0.0927217    0.0953448   -0.0329394   -0.0205425
  -0.0279433     0.179821    -0.215406   -0.0963344
  -0.0379189   -0.0641664    0.0626255   -0.0495804
    0.209618    0.0427577   -0.0666367   -0.0363454
   -0.176589    0.0595714   -0.0530966    -0.214841
  -0.0563745     0.118956   -0.0764209      -0.2261
   -0.276716     0.236352    -0.132056    -0.176478
   -0.177505      0.14558   -0.0478886    -0.118052
    0.011986     0.126373     0.028907   -0.0339473
    0.150316    -0.133646    0.0804211      0.12585
   -0.230858    0.0495814   -0.0406706    -0.111904
   0.0502303   -0.0883619    0.0973789    0.0411418
   -0.152426  -0.00835787    0.0331644   -0.0657374
    0.130023    0.0338256     -0.08049   -0.0172167
   -0.235193    -0.024463   -0.0575873     -0.11626
     0.10437    -0.153781     0.140531     0.124522
    0.257561    0.0724192   -0.0863001    0.0877167
   0.0920646  -0.00438479   0.00566056    0.0523289
    0.135598    0.0830895    -0.110612    0.0189027
   0.0708754    -0.158857    0.0206329    0.0273142
   -0.121307    0.0443374     0.061359     -0.15333
  -0.0220787    0.0785854    -0.027881    -0.101912
     -0.1014     0.258032    -0.134595      -0.1208
   -0.155867    -0.120928     0.166657    0.0190257
  -0.0570187  -0.00727504   -0.0929382    0.0531849
     0.24653    0.0447465   0.00743512    -0.012016
   0.0558441     0.176419    -0.182138   -0.0416673
  -0.0410651    -0.242374     0.144293  -0.00950486
   0.0129558   -0.0750255    0.0256484    0.0380602
  -0.0734927      0.11443   -0.0589022     -0.16173
  -0.0554311    0.0314377   -0.0881121   -0.0571007
    0.246049   -0.0230978     0.102538     0.060866
   0.0308756    0.0187054    0.0142062     0.111582
   -0.327901    0.0204934    0.0635836    -0.165739
   -0.209609   -0.0302668    0.0485119    -0.158448
   -0.135125    0.0799945   -0.0231868    -0.131552
    0.174714     0.192231    -0.168554    0.0276731
    0.180588     0.100556   -0.0329998   -0.0688089
  -0.0631656     0.136694   -0.0756429    -0.114589
    0.181664   -0.0487986   -0.0129442     0.167905
   -0.104004     0.173702    -0.149017   -0.0154149
  -0.0843378     0.415626    -0.306207    -0.257305
    0.170177   0.00981199    -0.131748    0.0140152
     0.23824     0.151271   -0.0135829     0.029961
   -0.133001   -0.0273244    0.0399242    -0.144466
     0.11893    0.0502244    0.0194733     0.078537
  -0.0321574     0.103173   -0.0712343     -0.11677
  -0.0330063    -0.102451    0.0608049    0.0339061
   -0.348566    0.0691832     0.114268    -0.149894
    -0.12124   -0.0284584   -0.0415069   -0.0463375
  -0.0584478   -0.0637515   0.00942515   -0.0182574
    0.041035    -0.191339     0.200377    0.0447387
   0.0292204  -0.00735491    0.0565981    0.0217413
   -0.072662    0.0496883   -0.0560265    -0.106938
   0.0242684    -0.018796    0.0483633   0.00896471
   -0.128033    -0.133377     0.107144   -0.0934285
   -0.105232     0.137121    -0.128288    -0.136449
    -0.16034    0.0679894   -0.0955596    -0.086855
   0.0855099    0.0565136    -0.121682   -0.0190608
   -0.138883    -0.231852     0.130558    0.0119655
     0.16428     0.248372    -0.152096     0.053867
    0.208976    0.0830812    -0.186169    0.0449936
   -0.248765    0.0162362   -0.0940738   -0.0554257
   -0.247283    0.0958539  -0.00217865    -0.136398
  -0.0205895    -0.165729     0.156363    0.0780521
   0.0776061     0.106713   -0.0614367   -0.0629909
   -0.100932   -0.0441204    0.0268441   -0.0673817
  -0.0315452     0.185459    -0.138929    -0.110219
   -0.164129    0.0665325   -0.0345373    -0.122556
   -0.241848   -0.0390099    0.0803542     -0.14115
    0.068051  -0.00766916  -0.00242279    0.0550389
    0.140609    -0.190009     0.128867     0.131646
   0.0590213     0.117163    -0.196194   -0.0243206
   0.0276045     0.170795    -0.184716  -0.00569695
  -0.0288892    -0.175861     0.192424    0.0279732
  0.00769342    0.0877284   -0.0699532    -0.042885
   0.0116389    0.0568156   -0.0682744   -0.0366869
 -0.00772878   -0.0386595    0.0277989   -0.0220996
   0.0643898   -0.0159872   -0.0509551   -0.0115006
   -0.183999     0.137269   -0.0735711    -0.204754
   -0.200982     0.103719    -0.112373    -0.132032
   -0.107583   -0.0296148     0.125954   -0.0588703
    0.101509    0.0532261    -0.124717   0.00787708
   -0.143733    0.0315145   -0.0652431   -0.0527814
    -0.14174  0.000380049   0.00402075   -0.0683993
    0.210221     0.151753    -0.164741     0.122616
  -0.0710406    0.0285183    0.0508947    0.0201607
  -0.0474311    0.0166153    0.0331521    -0.130691
    -0.07459    0.0392663    0.0327514   -0.0333184
   -0.188004    0.0155094    0.0363783     -0.17371
  -0.0564224    0.0936275   -0.0662525   -0.0721605
  -0.0123358   -0.0794141     0.147474   -0.0186726
    0.182249     0.165855    -0.223238    0.0855827
   -0.123815    0.0225498   -0.0219296   -0.0950559
    0.186988    0.0323571   -0.0564181  -0.00845686
    0.402602     0.203056    -0.215428     0.110548
   -0.170957   -0.0834258   -0.0423826  -0.00390047
    0.114511   -0.0319381   -0.0956597   -0.0272542
   0.0291815    0.0229033   -0.0653237   -0.0756399
    0.292334    -0.246895     0.130969     0.238704
  -0.0284444    -0.187013     0.149895 -7.96738e-05
 0.000203842      0.21996   -0.0597592    -0.114467
  -0.0483002     0.132172    -0.122086    -0.163431
     0.16156    0.0819541    -0.155939   -0.0683506
   0.0628395    -0.118611     0.180547    0.0120591
   -0.103344    0.0536429   -0.0312422    -0.121734
    0.198922    0.0929405    -0.188846     0.112199
    -0.15319    0.0527269    -0.032986 -0.000907874
   -0.171757    -0.268819     0.319823   -0.0791134
    0.136069     0.172754    -0.173062   -0.0575711
    0.244435    -0.116933    0.0254597     0.126793
    0.164986   -0.0487204   -0.0554425     0.126839
  -0.0189451    0.0582831   -0.0593266   -0.0508293
   -0.152389   -0.0572903   -0.0376878    -0.121389
    0.065241   -0.0479645   0.00192869    0.0920052
   -0.280859     0.167299    -0.150289    -0.122896
   -0.272064     0.112337   -0.0614919    -0.261334
   -0.118917    -0.139571     0.154115   -0.0180377
   0.0839117   -0.0515466    0.0431874    0.0812751
    0.136588  -0.00446113    0.0336946    0.0838594
   0.0612833   -0.0785138     0.160822   -0.0325509
   0.0884598    0.0199853    -0.106322   -0.0707575
  -0.0406193    -0.152857     0.110771   -0.0828743
  -0.0468022    0.0968875    -0.112302    -0.112286
    0.156943     0.082156    -0.085291    0.0604322
   -0.112144   -0.0939137     0.100529   -0.0167619
   -0.203324   -0.0697162   0.00575993   -0.0579656
  -0.0786858    0.0773517   -0.0408098   -0.0507099
   -0.275175    -0.013139     0.120594   -0.0587736
   0.0969216    0.0578178   -0.0495096   -0.0435279
   0.0344198   -0.0212734    0.0593142   -0.0368457
   0.0232263    0.0880497    -0.110345  -0.00460555
    0.061586    0.0333318     -0.14075   -0.0302462
   -0.226304    0.0531357   -0.0335933    -0.172992
      0.1726     0.050875   -0.0506951     0.080489
    0.119327  -0.00777138      0.11842      0.14873
  -0.0495422     0.215874   -0.0927536     -0.07836
   0.0454203   -0.0573479     0.082846     0.035841
  -0.0957644     0.040188   -0.0722081    -0.161717
     0.21969   -0.0383601   -0.0174414    0.0509801
   -0.147744    0.0927502   -0.0371167    -0.092878
   -0.292674    0.0111631     0.129769    -0.181011
  -0.0935831   -0.0753331      0.14192   -0.0142263
    0.180959     0.108783    -0.151332    0.0299616
   0.0660833    -0.077096    0.0170744 -0.000193428
   0.0601366     0.206549    -0.275146   -0.0541641
   -0.157507     0.112826   -0.0397577    -0.149042
   0.0163107    0.0239905   -0.0133587    0.0218761
 -0.00801079     0.188493   -0.0129776   -0.0663955
   0.0794292    0.0667288   -0.0863138    0.0587904
   0.0968909  0.000498414    0.0396965   0.00912983
  -0.0842798    0.0335448    -0.128655   -0.0211173
   0.0509002     0.156539    -0.192037    -0.129043
    0.223544   -0.0329562    0.0837389     0.070314
  -0.0314482    0.0571808   0.00743956   -0.0659958
    0.107915    -0.159271     0.137554      0.11951
   -0.114853    0.0857301   -0.0636868   -0.0810956
   0.0342388     0.269469    -0.144206    -0.165092
    0.196808    -0.107974    0.0863075    0.0931766
    0.123276      0.16055   -0.0940596   -0.0570036
   -0.161246     0.154479   -0.0685744    -0.148016
   0.0561617   -0.0713908    0.0489449    0.0457272
  -0.0689879   -0.0717926    0.0641549   -0.0312724
   0.0476849    0.0421674    0.0721352    0.0493461
    0.219077    0.0582135   -0.0797907     0.128918
   -0.166693    0.0199938  -0.00125558    -0.101748
   -0.229985     0.217549    -0.120554    -0.185818
    0.199808     0.171734    -0.101704     0.013986
    0.224371    0.0199773    -0.116993    0.0835185
  -0.0261761    0.0601233     -0.10636   -0.0725242
    0.182144     0.113805    -0.221901   -0.0455642
   0.0993473     0.138458     -0.13429   -0.0236301
    0.245575   -0.0637807   0.00190217    0.0748985
    0.143708    0.0691662    -0.132996    0.0769439
   -0.137338   -0.0581664   0.00508163   -0.0402636
  -0.0182957   -0.0405191    0.0288898   0.00950165
  -0.0402998     0.139669   -0.0943424    -0.191928
   -0.198175    0.0430743     0.052864   -0.0716203
  0.00643685   -0.0248001   -0.0198589    0.0247658
   0.0814795     0.266644    -0.270634   -0.0994995
    0.201543    0.0184929   -0.0303943     0.143803
  -0.0397717    -0.073281   -0.0113076    0.0575378
   0.0610611  -0.00926256    0.0521851    0.0300651
   0.0980131   -0.0488064     0.107266    0.0479812
    0.079825    0.0758617    -0.150141   0.00687642
   0.0642385   -0.0452657   -0.0249306    0.0188265
   -0.210649    -0.105305     0.106015   0.00023291
   -0.407679    0.0419378    0.0502024    -0.191964
  -0.0494343     0.130926    -0.141691   -0.0636367
    0.472399  -0.00496301   0.00192508     0.256853
   -0.207114    0.0250065    0.0346029    -0.119773
   0.0486795    0.0238039    0.0256155   -0.0700181
  -0.0940841   -0.0185291   -0.0396641   -0.0830111
    0.260716   -0.0283542   0.00158441    0.0104573
  -0.0464373   -0.0936645     0.126474    0.0570476
    0.126817     0.026449   -0.0496489    0.0598562
   -0.166958   -0.0500186     0.079462   -0.0344374
    0.102484    0.0684403   -0.0557988   -0.0123287
    0.247884     0.132394    -0.122322   -0.0464041
   0.0809994   -0.0292812   -0.0757468    0.0787326
   0.0545535   -0.0842928   -0.0791084    0.0327384
   0.0966122    0.0789096    0.0156081   -0.0200798
   0.0114081     0.101663   -0.0221202    -0.128524
    0.150864    -0.164547 -0.000799728    0.0904132
   -0.007102    -0.060558     0.101165   -0.0890888
    0.231541     0.101006   -0.0682594    0.0730001
   0.0447563   0.00882477   -0.0287778    0.0650448
   0.0118011   0.00193329 -0.000543743    0.0625315
   0.0624252    -0.178619      0.11899    0.0984157
   0.0417346     0.202056     -0.14526  -0.00860578
     0.23603    -0.161977    0.0740772     0.173416
    0.109865     0.167368    -0.164344   -0.0872386
    -0.16648    -0.146552     0.126851    -0.117828
    0.198766     -0.19778     0.141379     0.109537
  -0.0126959   -0.0327404      0.04386   -0.0628471
   -0.169322    -0.157593     0.168017   -0.0427789
    0.148647    0.0126523   -0.0475524    0.0345359
  0.00191936    0.0313445   -0.0135216   -0.0916294
   -0.212078    0.0885868    -0.046045   -0.0776459
   -0.139488     0.119795    0.0373662   -0.0915215
   -0.124392    -0.142572      0.12225    -0.128645
   -0.258634   -0.0632002     0.114573    -0.104603
  -0.0966251    0.0390558   -0.0353928    0.0429853
  -0.0538826    0.0897172    -0.116764   -0.0722371
  -0.0142754    -0.105354   -0.0535212   -0.0618056
   -0.291674    0.0419886   -0.0957542   -0.0726936
   -0.153347   -0.0141697   0.00804176    -0.122946
    0.138304     0.041769    0.0419611   -0.0623928
  0.00652636   -0.0597749    0.0358829    0.0481796
   -0.422328     0.100698    -0.024179    -0.254507
  -0.0942545     0.135598    -0.102421    -0.121738
    0.186862     0.167598    -0.153347      0.13519
   0.0708089    0.0747143    0.0653861    0.0305906
    0.144581     0.058405  -0.00958706   -0.0366359
  -0.0938149   0.00868756    -0.106996    -0.116479
  -0.0390876    -0.159983     0.154974    0.0531666
    0.125159     0.198433    -0.262242   -0.0730679
    0.125382     0.095596   -0.0118719    0.0650848
   -0.198195     0.165948   -0.0944213    -0.146593
   0.0831076   -0.0295294    0.0598698    0.0832588
   0.0518395   -0.0247642    0.0487106    0.0517604
   0.0281035    0.0742655  -0.00607898   -0.0397051
   -0.247856     0.179818    -0.146158    -0.202249
   -0.351689     0.172692    -0.102169    -0.277586
   0.0287487   0.00681238   -0.0925481     0.033558
   -0.123315     0.158926   -0.0801697    -0.176004
  -0.0289243  -0.00263765   -0.0347867   -0.0203285
  -0.0137023    0.0592904   -0.0388812    0.0374533
   0.0194049     -0.18974     0.131955    0.0313986
    0.390879    -0.171494    0.0303439      0.24268
   -0.030075   -0.0952102     0.123096     0.106431
    0.315759   -0.0866767    0.0609488     0.138294
  -0.0984241    -0.173982    0.0654104    -0.081934
   -0.132268    -0.020083    0.0395331   -0.0445952
  -0.0963592   -0.0169344    -0.065839  -0.00819103
   -0.140461    0.0519817    -0.103402   -0.0357352
  -0.0621247    -0.177815     0.278088   0.00642813
    0.332175   -0.0429229    -0.100736     0.115529
    0.161622    -0.115951   -0.0468831     0.171052
 -0.00743626       0.1234    -0.102254   0.00714233
  -0.0523605   -0.0320563     -0.12638   -0.0565146
  0.00623671     0.102794    -0.131897   -0.0197563
  -0.0950811    0.0976272  -0.00711963   -0.0690015
  -0.0326586    0.0715181    -0.064818  -0.00156399
  0.00509298    -0.235566     0.408431   0.00634099
  -0.0849252    0.0812123   -0.0693598   -0.0838115
    0.159935  -0.00206058   -0.0219716     0.067131
  -0.0147771      0.11998    -0.015682   -0.0148312
  -0.0721892   -0.0455768   0.00591255    0.0388347
    0.184632     0.198816    -0.153599   -0.0646815
    0.292182    0.0149356    -0.130177     0.134318
    0.144811   -0.0645352     0.089434    0.0102785
     0.14116    0.0428613   0.00382558    0.0726962
  -0.0593177   -0.0947469      0.12529     -0.03822
   0.0124524    0.0930581   -0.0547424    -0.101374
    0.166647    0.0364213     0.051923    0.0672072
   0.0499603   -0.0317915    0.0526995    0.0173202
   -0.142809   -0.0279204     0.101522   -0.0425277
 -0.00523468     0.278529    -0.221155    -0.099943
    0.284531   -0.0254682    -0.155555    0.0421172
   -0.379012    0.0877141   -0.0543805    -0.236258
   -0.120005     0.225795    -0.202184    -0.153775
   -0.123807  -0.00824362    0.0279887   -0.0553929
  -0.0410918     0.160287   -0.0661139   -0.0418523
    0.078468   -0.0888684   -0.0420399   -0.0594586
   -0.213163   -0.0405255   0.00484091    -0.075617
   -0.108849    0.0350319    0.0691276   -0.0460051
   -0.145088     0.195446     -0.19549   -0.0851515
  -0.0370316    0.0619545   -0.0186131    0.0216991
    0.187621     0.184937   -0.0801109    0.0362973
   0.0198319 -0.000680525   -0.0319756    0.0191405
  -0.0907377     0.179862    -0.131252   -0.0765921
    0.132772   -0.0487591    0.0016535    0.0763018
    0.133466   -0.0195114   0.00487752    0.0584564
   -0.588471    -0.160718     0.403662    -0.265754
   -0.165471     0.288326    -0.252457    -0.224926
   0.0506091    -0.160435     0.125262    0.0715076
    0.136646   -0.0243775   -0.0435803     0.127274
  -0.0986487   -0.0473738    0.0736675   -0.0749735
  -0.0698206     0.174734   -0.0870757   -0.0385224
   0.0042176    0.0786325    -0.149839   -0.0855119
  -0.0854973    0.0241304    0.0375193   -0.0827044
   0.0124039   -0.0623423   0.00569113    0.0349584
  -0.0127405    -0.025351    0.0943166     0.033359
    0.200275     0.177279      -0.0965    -0.031521
   -0.129461   -0.0547698     0.118841    -0.114103
    0.164313    0.0558909    -0.135418  -0.00102553
   -0.238019     0.280751    -0.333314    -0.200474
   -0.446454    -0.146584     0.195908    -0.217995
  -0.0659027    0.0486919  -0.00916084  -0.00797555
    0.129496   -0.0294347    0.0140687     0.104425
   -0.190236    0.0439697    -0.084468   -0.0741022
    0.157192     0.259866    -0.181414   -0.0507228
    0.121211    0.0245993   -0.0570819    0.0448748
     0.15419     0.107412   -0.0792945    0.0685434
 0.000628902    -0.126472     0.215379    0.0147202
    0.189201   -0.0292666   0.00690751    0.0612711
    -0.48697   -0.0934571     0.088561    -0.177999
   -0.114082    0.0576596   0.00907689   -0.0831984
   -0.187088     0.233618    -0.200655    -0.218029
  -0.0222367     0.032743   -0.0335242   -0.0098347
   0.0171731   0.00516918    0.0610758  -0.00316754
    0.122059    0.0352429   -0.0956574   -0.0193691
   -0.257883    0.0202226    0.0562201   -0.0797678
   -0.310314    0.0952245   -0.0277284     -0.20793
   0.0357871      -0.1102     0.202246    0.0828871
    0.317406   0.00629692   -0.0464146     0.212775
     0.09689     0.182297    -0.173235   -0.0914576
   0.0920554     0.030162    -0.132764     -0.03071
  -0.0784732    0.0104972    0.0547449   0.00634529
    0.050445   -0.0584094   -0.0670788    0.0323285
  -0.0939706   0.00834557 -0.000604638   -0.0186541
   0.0514528    -0.109214 -0.000793965    0.0173525
    0.056051   -0.0657826     0.103212   -0.0114945
  -0.0816625     0.014443    0.0458702  -0.00622204
    0.221517     0.247203    -0.198954  -0.00193912
   -0.130203   0.00744821   -0.0424118   -0.0445445
    0.219771     0.255194    -0.277651    0.0961468
   0.0400532    -0.117758     0.116014   -0.0505576
    0.223195     0.141342    -0.189139    0.0201429
   0.0581689     0.145668      -0.1521    0.0381648
    0.123696     0.137652    -0.190096   -0.0499981
   0.0503757    0.0944083   -0.0562433    -0.132802
    -0.07009   -0.0835391   -0.0434609   0.00195629
   -0.156544     0.178667   -0.0839097    -0.198319
    0.247793    0.0860893   -0.0552696    0.0736699
    0.162778     0.105767   -0.0236027    -0.013787
   0.0510505   -0.0170908   -0.0681879    0.0557445
   -0.186986     0.110517    -0.145196   -0.0698091
   -0.260453   -0.0490159     0.112485    -0.147076
    0.202517   -0.0807801   -0.0245347     0.122926
    0.101681   -0.0189852    0.0377559    0.0998787
  -0.0117648  -0.00147627   -0.0430938   0.00158028
   -0.236874   -0.0197031   -0.0160387    -0.224571
  0.00352933    0.0622928   -0.0543352   -0.0413249
     0.16856     0.110008    -0.221028  -0.00488974
  -0.0566424     -0.15393      0.17581    0.0303897
   -0.208825    0.0780538  0.000951954    -0.196257
   -0.144056     0.176209   -0.0642412    -0.108457
    -0.17892   -0.0484131    0.0443274     -0.15152
  -0.0742068     0.220015    -0.154718    -0.106669
    0.162438     0.124464    -0.247532      0.04698
    0.177462   -0.0274402   -0.0289661     0.109728
    0.111786    0.0527537   -0.0609248    0.0588665
    -0.26463    -0.115322     0.187373    -0.195151
    0.192804   0.00142943   -0.0887881    0.0443109
    0.173752   -0.0129094    -0.127672     0.158288
    0.254233     0.110106    -0.175321    0.0927266
   -0.123971    0.0217628    0.0312848   -0.0980122
  -0.0933475  -0.00399495   -0.0148872    -0.114562
  -0.0863824   0.00392483     0.108559    -0.130782
  -0.0124899  -0.00387799    0.0871736     0.053552
   0.0436532     0.155253    -0.136301   -0.0877635
  -0.0820923     0.220651    -0.181302    -0.162101
   0.0336221   -0.0649873     0.119704    0.0561528
    0.252938    0.0868757    -0.192155    0.0173111
   -0.164764   -0.0270273   -0.0186662     -0.12481
   0.0949761     0.137709   -0.0926137    0.0540209
   -0.124876   -0.0622286    0.0788424   -0.0141551
   0.0730821    0.0836802   -0.0731167   -0.0643315
    -0.28982    0.0270342    0.0674942   -0.0720232
    0.131414      0.14422   -0.0903954     0.113364
   -0.084205    0.0449441   -0.0237453   -0.0514215
   -0.121635     0.165912    -0.194841    -0.162817
   0.0838881   -0.0807481   0.00398823    0.0237201
     0.17198     0.134878     -0.10523    0.0264535
   -0.272939    0.0642688    0.0387186    -0.116602
    0.290472    -0.202507     0.184029     0.220583
   0.0598915   -0.0246017   -0.0209643    0.0115328
    0.221177    0.0444554   -0.0893586    0.0179554
   0.0760308     -0.24475     0.123557     0.105028
   -0.143722    0.0991161   -0.0554282    -0.103191
    0.240446   -0.0322065   -0.0341324   -0.0259604
   -0.321969   -0.0191085    0.0801208    -0.150911
  0.00418514    0.0813043   -0.0963949   -0.0412724
    0.318741     0.285426    -0.158535    0.0134489
   0.0993045    0.0464771   -0.0807582    0.0465896
  -0.0286004    0.0624454     -0.07845    0.0233122
   -0.183374    -0.202946    0.0200887   -0.0177729
  -0.0557786     0.137476   -0.0905861   -0.0695143
   -0.177493    0.0283873    -0.057321   -0.0195179
   -0.107946    -0.141367     0.086163   -0.0137712
  -0.0353574    0.0424893    0.0488293    0.0181674
 0.000932348     0.082781    -0.107075    0.0119018
 -0.00602891    0.0608656    0.0112003    -0.105569
  -0.0592079   -0.0706302     0.016748  -0.00297264
  -0.0773373     0.182185    -0.177547   -0.0779985
   0.0463169   -0.0930847    0.0137923  -0.00164554
  -0.0329198     0.113749    -0.127595   -0.0400616
 -0.00482427    -0.221519     0.131227   0.00586781
  -0.0227435  0.000173799  -0.00724785    0.0435208
  -0.0319123    -0.124468    0.0119886  -0.00889972
   0.0649742     0.172802    -0.196819    0.0181155
   -0.242762     0.108477   -0.0327192    -0.119068
    0.192463     0.132653    -0.135481   -0.0506362
    0.107574   -0.0255044    0.0308363    0.0459404
   0.0248548   -0.0262677    0.0444942    -0.117257
    0.153308   -0.0338273   -0.0417446    0.0936671
    -0.14098   -0.0159746   -0.0523053    -0.107825
   0.0772721    0.0776886   -0.0310017   -0.0414788
    0.079851   -0.0700012    0.0287681    0.0894621
   -0.185806   -0.0341645    0.0931246    -0.093996
  -0.0414943      0.08289    -0.048935   -0.0516343
   -0.255907   -0.0297879    0.0913858  -0.00409567
   -0.169853     0.012746   -0.0229037    -0.109683
  -0.0239523   -0.0576112    0.0565779    0.0437659
  -0.0515468     0.072566    -0.173435    -0.142456
   -0.219848  -0.00663387    0.0171013    -0.136524
   0.0488052    -0.283029     0.176107    0.0642452
   -0.201032    -0.100945    0.0855919    -0.141372
  -0.0830391   -0.0208075     0.102606    -0.109412
  -0.0156544    0.0329812    0.0724346    0.0334905
    0.131894    0.0909173   -0.0630165   -0.0563895
   0.0175864    -0.216489     0.103368    0.0984994
   0.0168642    0.0366367    -0.083747    0.0129779
   0.0244638    -0.112237     0.076935   -0.0431984
  -0.0241911    0.0669398   -0.0392294   -0.0757717
   -0.256332   -0.0787732     0.109365    -0.191814
   0.0849103   -0.0464851    0.0458557     0.116012
  -0.0890589    -0.071198    0.0303003    -0.046654
   -0.186027   -0.0650952     0.132031    -0.128474
    0.269815     0.175184    -0.162411    0.0197635
    0.355568     0.155398    -0.332869   5.6109e-05
   -0.396451    0.0815641   -0.0428363    -0.282531
   -0.318823    -0.111438     0.208495    -0.192029
    0.209298     0.303743    -0.251802   -0.0561199
   -0.230634    -0.135476     0.164741   -0.0936157
   0.0684364   -0.0442868    0.0410293    0.0590915
  -0.0373574     0.117938   -0.0754765   -0.0479247
   -0.155519   -0.0517179    -0.110873   -0.0735129
    0.207032     0.188498    -0.219968    0.0235303
   0.0924818   -0.0510006    0.0768439    0.0867054
   -0.362013    -0.110159    0.0470125    -0.188958