   0.0950905     0.050214   -0.0304228     -0.07956
    -0.42152     0.143229    -0.110552    -0.116512
   0.0363333   -0.0217726   -0.0255289   -0.0107084
   -0.604811    0.0809798   -0.0270976   -0.0994162
  -0.0384777    0.0872721    -0.074598     0.127534
    0.367583   -0.0130611   -0.0154353    0.0428608
   -0.314966     0.052296    0.0183638     0.343771
 -0.00388312    0.0647376    -0.110509    -0.458989
   -0.115592     0.100837    0.0137963     0.124707
   0.0308581    -0.067079   -0.0445258    0.0949869
   0.0377507    0.0145144   -0.0547103    -0.144561
    0.270861   -0.0315344    -0.127436   -0.0753913
     0.60749    -0.101674   0.00155967    -0.116011
   0.0721774   -0.0791647    -0.020108   -0.0204522
  -0.0278823    0.0638929  -0.00712171    -0.136524
   -0.135991    0.0516489   -0.0627122    -0.320453
     0.20624   -0.0317901  -0.00258293    -0.213697
   0.0526774   -0.0487063    -0.124634     0.121515
   -0.144117    0.0489565   -0.0164769    -0.156023
     0.30637   -0.0401519    0.0256772    -0.108472
   0.0225408    -0.030629   -0.0787985    -0.069934
  -0.0931969   0.00280766   -0.0317854   -0.0378757
  -0.0888265     0.053484      -0.1099   -0.0604483
   -0.167023    0.0601302    0.0641649     0.370017
   -0.319583    0.0732145    -0.129112    -0.480486
   -0.267889     0.051343   -0.0859849     0.380559
   0.0589185   -0.0322921    -0.114265   0.00688955
  -0.0630807    0.0127581    0.0262576     0.208027
    0.153382   -0.0766063    0.0132578    0.0906305
   0.0277055   -0.0173364  -0.00778304   0.00990463
   -0.460629     0.195635     -0.12581    -0.179759
     0.08314    0.0150231   -0.0552621    -0.176823
   -0.144898    0.0135509  -0.00906238     0.193906
   -0.240704    0.0133648    -0.173639   -0.0656415
   0.0684224   -0.0455429    -0.172743      0.11162
   -0.318205   -0.0186514   -0.0380249     0.126537
   -0.117301    0.0630263   -0.0176534    0.0521675
  -0.0318482    0.0947716 -0.000302629     0.112747
   -0.154773   0.00669166   -0.0532584    -0.116173
  -0.0197872    0.0439244   -0.0508132     0.366359
  -0.0644028   0.00684785   -0.0282789     0.103879
   0.0228303   -0.0187468   -0.0353124    0.0787003
   -0.135931    0.0310552   -0.0868929    0.0661386
   -0.272967    0.0626204    -0.139076    -0.078694
   -0.173472    0.0580435    0.0304614     0.074166
   0.0301191   -0.0323823    -0.110234  -0.00975078
    0.107208  -0.00855121    -0.123318    -0.272942
   -0.165593    0.0936761   -0.0228928    0.0768771
   -0.356637     0.102849   -0.0157189     0.195358
   -0.121664   -0.0756711    0.0750231     0.106098
  0.00412175   0.00621739    0.0849971    0.0170679
   -0.355775    0.0982566   -0.0437698    0.0361021
   -0.146223    0.0675181  -0.00673919   -0.0495783
   -0.130836   -0.0171955    -0.154082   0.00329551
-0.000496215   -0.0523019   -0.0401744   -0.0768363
  -0.0760585    0.0923656    0.0225945    0.0493807
     0.10063   -0.0226464   -0.0679425   -0.0625479
   -0.268674     0.134406   -0.0274531    0.0210356
    0.340647   -0.0709781   -0.0741573    0.0180556
    0.184519    -0.025164    0.0186328    -0.139761
    0.493919     -0.12019   -0.0554369   -0.0663294
    0.130224    0.0628788    0.0481791    0.0118099
   -0.213799     0.184809    0.0625936     0.229262
   -0.162927   -0.0369607   -0.0972452    -0.234377
    0.109783    -0.102668   -0.0191916     0.145536
  -0.0209884  -0.00780677   -0.0821177    -0.178481
   -0.260993     0.129804   -0.0768808     0.181549
    0.133688    0.0195581   -0.0276017    0.0612468
  -0.0086462   0.00433924   -0.0239254    -0.106355
    -0.39272    0.0627483    -0.119363      0.19234
   -0.100592    0.0161831   -0.0122017     0.345983
    0.113254   -0.0214069   -0.0240002    -0.242438
  -0.0307017    0.0660157    -0.108199   -0.0434982
  -0.0422175    0.0921162   -0.0114242    -0.192775
   0.0929253   -0.0508934   -0.0135514     0.200981
   -0.410718     0.121384   -0.0268893    -0.031198
  -0.0689364   -0.0179635    -0.191511    -0.293292
    0.184462     0.014185    -0.173255    -0.239526
  -0.0787677   0.00913291   -0.0526304    0.0657325
      -0.237    0.0233458    -0.201397    -0.394671
  -0.0772325   -0.0676536   0.00259792   -0.0226979
   -0.386432    0.0932118   -0.0681602   -0.0332817
    0.139745   -0.0236102   0.00701018    -0.153722
    0.161608   0.00920662   0.00155513     0.125292
    0.267474   -0.0713854   -0.0510857    -0.241662
    0.180458   -0.0331916   -0.0488375    0.0599502
  -0.0590395    0.0159381   -0.0656933   -0.0899359
    0.117186   -0.0817158    0.0453918    -0.151583
    0.104654 -0.000538775   -0.0167359    0.0330092
    0.410581   -0.0287066   -0.0298244   0.00680368
   -0.426564      0.20674    -0.127602     -0.19201
   -0.227387    0.0406173   -0.0629052     -0.18411
   -0.150564    0.0628148     0.129565    -0.170218
   0.0596127    0.0381455    -0.150124    -0.169954
  -0.0885686    0.0388826   -0.0052629     0.282648
   0.0707218   0.00195944   -0.0487512    -0.166849
   -0.123117   0.00839431   -0.0246041     0.283881
    0.171813   -0.0906975  -0.00824076     -0.12457
   -0.250994    0.0663801   -0.0899444    -0.237098
  -0.0518504   -0.0118356   -0.0195906     0.216195
   -0.110757    0.0155753   -0.0664557    0.0486367
    0.640134     -0.21305   -0.0142007    -0.072919
    0.132144   -0.0644625   -0.0270486     0.289759
  -0.0780764   -0.0719605    -0.141066    -0.313889
   -0.168827 -0.000453364    0.0144392    -0.306074
    -0.28908    0.0511522  -0.00928009     0.126276
  -0.0510046     0.074164   -0.0722373    -0.225411
    0.162092    -0.026888   0.00584455    -0.129686
   -0.147904  -0.00284208   -0.0576071    0.0564731
   0.0385301    0.0217043   -0.0735121   -0.0541239
   -0.114532   -0.0137662   -0.0691979    0.0692633
   -0.077273    0.0163178   -0.0856948     0.253073
    0.291739   -0.0890093    -0.123441     -0.16411
    0.246941   -0.0909171   -0.0834426   -0.0418953
    0.339425   -0.0890488   -0.0811363   0.00083736
   0.0393275   -0.0201342    0.0135069    -0.157132
  -0.0499616   0.00675629    -0.153056   -0.0442336
    0.479901   -0.0495841   -0.0955044    0.0637298
   -0.258657    0.0821909   -0.0581334    0.0893411
   -0.295268     0.111287   -0.0162246     -0.16202
  -0.0681864    0.0486761   -0.0249935    0.0243264
   -0.186676    0.0405652    0.0726185   -0.0040714
    0.269953   -0.0666832   -0.0830943    0.0305091
  -0.0861625    0.0824831    -0.210214   -0.0864214
    0.325275    -0.152804    0.0101685    0.0438555
    0.063397    0.0498186    0.0144598   -0.0330666
   -0.168234    0.0124142    -0.184477    -0.226059
    0.216228   -0.0384067    0.0114762    -0.158687
   -0.308838    0.0144404   -0.0886407   0.00970369
   0.0236288   -0.0454646   -0.0308911     0.227655
  -0.0853626    0.0380582   -0.0580769  -0.00205104
   0.0667383   -0.0250885    -0.086448    -0.193761
   0.0683165   -0.0445815     0.115422     0.256905
    0.105033   0.00713431   -0.0786409   -0.0756534
    0.112482    0.0113205  -0.00170496     0.239797
    0.112916   -0.0471591    0.0200365    0.0289876
     0.12257   -0.0654048    -0.180309   -0.0793191
   0.0195531    0.0386225   -0.0261166   -0.0445595
    0.235001  0.000303281   -0.0283253   0.00487727
  -0.0552936    0.0177814    -0.119186   -0.0319164
     0.26948   -0.0951953    -0.126892    0.0419944
    0.162118    -0.013154 -0.000486878    0.0341396
   0.0907494   -0.0739167    0.0612849    -0.154399
   -0.254396     0.140589    0.0200673      0.17352
    -0.46199    0.0515378   -0.0397723   -0.0458965
   -0.525716    0.0817612   -0.0265799    -0.200916
   -0.319367   0.00192365  -0.00185193    -0.238433
   -0.318975   -0.0127165   -0.0226686     0.289746
    0.491107    -0.180162    0.0383737    -0.135137
  -0.0161664  -0.00941615    0.0242353     0.101099
 -0.00416315    0.0722987    -0.218778    -0.164924
   -0.153234    0.0552882    -0.130842     0.130272
    0.750894    -0.108061    0.0806103    0.0211944
  -0.0520456    -0.040267   -0.0133076    0.0123691
   -0.111436    0.0506007   -0.0802665    -0.124743
   -0.450124      0.17518    0.0685921     0.283668
    0.239228   -0.0681109    0.0176542   -0.0892602
   0.0520657    0.0259408   -0.0857347    0.0332483
  -0.0424166    0.0393198    -0.160147    0.0345457
   -0.664447     0.205905   -0.0166041     0.155327
   -0.288016     0.117448   -0.0881769   0.00647138
  -0.0676069     0.108669    -0.170732     0.164853
    0.232434   -0.0430359    0.0135317     0.270619
   -0.101774   -0.0518102   -0.0110656    -0.024153
    0.268633   -0.0603042   -0.0784349  -0.00481657
    0.161816    0.0048092    0.0110935    0.0822999
    0.318556   -0.0642359    0.0265471     0.120346
   -0.241819    0.0447038  0.000947131   -0.0895286
   0.0932723   -0.0472223    -0.123289    -0.333538
     0.14397   -0.0966601    -0.100531   -0.0820883
   -0.043176    0.0318255   -0.0708769   -0.0862047
    -0.24528   0.00253336   0.00177913    0.0388235
   0.0287363   -0.0446287   -0.0947099    0.0485446
   -0.409005    0.0755644    -0.148697    -0.216703
    0.110777   -0.0095253    0.0417169    0.0534201
   0.0773004   -0.0274896    -0.128184   -0.0895882
   0.0790979    0.0160578   -0.0476242     0.088086
    0.139398  0.000644821    0.0105166    -0.266633
  -0.0133403    0.0510091    -0.162564   -0.0854005
   -0.136801     0.105653    -0.051241  -0.00184336
    0.441348    -0.171156  -0.00991048    -0.005594
    0.265051   -0.0174675   -0.0884667    -0.118945
    -0.11051    0.0723099   -0.0185594    0.0630615
    0.103436    0.0101125  -0.00126911   0.00635124
   -0.164935     0.103521    0.0195673    -0.103388
   -0.260218   -0.0139964  -0.00720282   0.00993159
  -0.0441392    0.0941272    -0.145559    -0.177432
    0.395642      -0.1326   -0.0170007   -0.0965816
   -0.120024     0.112748    0.0950327    0.0717961
    0.159652   -0.0394104  -0.00791478   -0.0933397
   -0.192945    0.0402012    0.0408144    -0.206461
   0.0903415  -0.00148512   -0.0604065   -0.0162378
   -0.255107     0.142718   -0.0597316    0.0803714
    0.119135   -0.0115611   -0.0555803     0.140583
   -0.017684    0.0283157    -0.134191    -0.429322
    0.117253   -0.0562566   -0.0430627   -0.0222988
  0.00864083   -0.0225264    0.0126724    0.0306743
   -0.112693  -0.00502382     0.113837     0.152213
   -0.371037     0.108706     -0.12302   -0.0143238
  -0.0969911     0.108313   -0.0637121    0.0899605
    0.151661   -0.0637433    -0.216443     0.127477
  -0.0639419   -0.0329612  -0.00541457    0.0988522
    0.106435   0.00509125    -0.120297      0.17876
    0.341743     -0.12438     0.019839    0.0836391
  -0.0336773    0.0448151  -0.00960302     0.146703
   0.0545295    -0.055722   -0.0260745     0.176624
   -0.250271     0.126787    0.0546233     0.106735
  -0.0612657    0.0331437   -0.0863693   -0.0769212
    0.374495   -0.0540646    0.0195561     0.105894
  -0.0399654   -0.0175498    0.0112482     0.155499
   -0.302589   0.00829444    -0.138176    -0.373166
  -0.0964537    0.0185383   -0.0411297    0.0950996
 -0.00121316     0.010043  -0.00441622     0.165916
    0.036429   -0.0829529  -0.00624995    -0.103464
   0.0851313   -0.0160246   0.00654497     0.147656
   -0.313145     0.130528    -0.130871    0.0756522
   0.0255907   -0.0683349    -0.196911    -0.114379
    0.035075   0.00505666   -0.0313039    0.0337124
    0.286608   -0.0425515    -0.119072    -0.163846
  -0.0220431    0.0193244   -0.0880772  -0.00809465
    0.107509   0.00435954   -0.0977179     -0.17251
    0.146947   -0.0678417  -0.00195446    -0.120659
   -0.150475    0.0382695   0.00554909    0.0894598
    0.053013    0.0624458   -0.0884202   -0.0171044
    0.116423   -0.0659061    -0.110291    0.0225404
   -0.127392    0.0148794    -0.103995     0.109133
    0.389669    -0.176042   -0.0475242    -0.228656
   0.0438186   -0.0117137    0.0889097     0.193355
   -0.305296    0.0131362  -0.00762824    -0.164856
    -0.23043    0.0575749   0.00609934      0.24989
    0.340039   -0.0216287   -0.0230972   -0.0919814
    0.419625   -0.0998892    -0.107528   -0.0745128
   -0.053838    0.0027933    -0.054968   -0.0820325
    -0.15778    0.0682846     0.036748     0.307364
    0.122844    -0.026162    -0.104286   -0.0974099
   0.0507599    0.0471684    0.0363606   0.00720344
   0.0377258  -0.00977361   -0.0317615     0.151463
   -0.113207    0.0305633    -0.153982  -0.00127576
    0.766869    -0.248358    0.0233248    -0.191535
   0.0104009   -0.0830654   -0.0081691    0.0633207
    -0.12745 -0.000264581   0.00703797    -0.118639
    0.173004   -0.0632596   0.00700369  -0.00476079
   -0.138388     0.052482    -0.202859     0.077722
   0.0620677   -0.0856639   -0.0219443   -0.0635777
    0.236485   -0.0408361   -0.0483408   -0.0539836
   -0.245825    0.0778572    -0.155738    -0.184978
 0.000469154  -0.00152031   -0.0733709   -0.0415991
   -0.082765    0.0607845   -0.0577781     0.248937
   0.0884909    0.0385458   -0.0289305   -0.0170527
   0.0923478    0.0131678   -0.0111411     0.089919
   -0.237106    0.0235011   -0.0401295     0.165126
     -0.1162    0.0907897  -0.00489852       0.2437
    0.284633    -0.013679   -0.0668669  -0.00135761
  0.00218215    0.0542253   -0.0132609    0.0530756
   -0.377304    0.0544069    0.0533798     0.100408
  0.00672684   -0.0105338     0.075108     0.188099
   -0.021851     0.100874    -0.137271   -0.0735898
    0.211838   -0.0937197  -0.00734703    -0.019325
   -0.341702     0.141004   -0.0470224    -0.115732
   0.0514392   -0.0605638   -0.0460105     0.153133
    0.410908   -0.0600421   -0.0465204      0.02409
   -0.142542     0.101578    -0.148556     0.223624
      0.1663   -0.0166709    0.0521338     0.196872
    -0.22048    0.0688952    -0.219483    0.0232654
   0.0718781   -0.0590767    0.0132768    -0.015065
  -0.0709182   -0.0483746    -0.103541   -0.0531394
     0.15035   -0.0179925    0.0946215   -0.0653221
   0.0385658    0.0227249   -0.0417145    0.0181044
  0.00079282   -0.0376612    -0.105051    -0.173208
    0.176319    0.0237083   -0.0292719    -0.117913
  -0.0324517      0.01405   -0.0693781     0.265017
     0.40466   -0.0814041   -0.0882106    -0.213191
   -0.215958   -0.0276534    -0.262668    -0.185057
   0.0181641   -0.0110658   -0.0749245   -0.0839285
     0.14238     -0.14754   -0.0732075    -0.420771
   -0.117271    0.0561956    -0.120519   -0.0814703
    -0.14151    0.0695212    -0.236512    -0.196969
    0.131052   -0.0157568    0.0535165     0.283803
    0.338523   -0.0971782    0.0177682    0.0600013
   -0.264806     0.140665    -0.170808   -0.0333405
    0.326521    -0.155245    -0.184186    -0.407383
    0.179286   -0.0216901  -0.00731919    -0.115798
    0.222698   -0.0617394   0.00785367    0.0147498
    0.167182   -0.0948908    -0.151757    0.0879899
   -0.206465     0.122881    -0.146269    -0.043606
   0.0165679   -0.0529078   -0.0480099    0.0191608
    0.342894     -0.16365  -0.00938217    0.0440474
   -0.328114    0.0298969   -0.0801782    0.0206389
  -0.0920067     0.093501    -0.110437   0.00336091
   -0.238677    0.0734256  -0.00417817    -0.124092
    0.138745    0.0154504   -0.0678118    -0.029015
  -0.0698014   -0.0210875   -0.0597216    0.0445972
    -0.16522    0.0416811    0.0191348    -0.131936
    0.386724    -0.107773    0.0359889     -0.28522
   -0.373877     0.158164     -0.23994    -0.347188
    0.108702    0.0173503 -0.000567713     0.202405
  -0.0209625    0.0276786   -0.0801756    0.0895453
  -0.0540734  -0.00257218   -0.0995186    -0.103254
    0.205549   -0.0687569    -0.130848     0.160026
    0.120186   -0.0577697   -0.0830708    0.0328102
   -0.168214   -0.0446203   -0.0212472      0.17953
  -0.0287144   -0.0614581   -0.0686145    -0.129472
   0.0868602   -0.0738907   -0.0359917   -0.0666605
    0.373169    -0.146018   -0.0409864   -0.0437702
   0.0110293   -0.0061511     -0.04849    -0.275783
   -0.110763    0.0139247   -0.0519682    0.0807232
    0.309784    -0.169322    -0.110424    -0.115567
   0.0510333   -0.0699708    -0.117284    -0.104155
   0.0367445   -0.0503071   -0.0871886    -0.153328
  0.00689099   -0.0587606   0.00504751     0.113985
     0.14524   -0.0392392    0.0700376     0.328544
   -0.156735   -0.0433061    -0.117541   -0.0846579
   -0.883516      0.14622   -0.0620641    0.0484212
  -0.0947318   -0.0310316     0.033161   -0.0309392
    0.346425    -0.127669   -0.0122533   -0.0281358
   -0.130421    0.0600079    -0.133943     0.367971
    0.212588    0.0310977   -0.0682145    0.0168949
  -0.0159736      0.02565   -0.0332443      0.17273
    0.340427   -0.0553379   -0.0608558    0.0111219
   -0.257838     0.073447     0.045011   -0.0538925
    0.275308   -0.0555244    -0.112397   -0.0639283
    0.276573   -0.0113754   -0.0392115   -0.0281653
    0.260851   -0.0116516   -0.0714355    0.0946725
   0.0125484   -0.0319458 -0.000336039    0.0350256
   -0.129128   0.00282003   -0.0702428   -0.0635859
   0.0697469    0.0188124   -0.0447527     0.231003
    0.328324  0.000507469   -0.0576277    -0.264461
  -0.0663184   -0.0142809    -0.181239    -0.114378
    -0.11125   -0.0132245   0.00652559   -0.0612532
    0.105607   -0.0138927    -0.016018     0.147844
   -0.536336    0.0441317   -0.0970198      0.20862
   -0.188288   0.00521242    0.0431124     0.331383
    0.426532    -0.117502   -0.0463444  0.000346824
   0.0399548   -0.0125283    -0.095404     0.228988
   0.0990072   -0.0451415   -0.0512125    -0.110172
  -0.0733109      0.11709    -0.122418     0.200789
    0.215395    -0.112288    -0.151456   -0.0770015
   -0.182693    0.0546223   0.00495392     0.296218
    0.067676    -0.018603    -0.113268   -0.0825267
  -0.0767314   -0.0666091    -0.106318     0.110336
    0.156422    -0.122523    -0.152111    -0.147002
   -0.125508    0.0568754   -0.0693713    0.0543649
   -0.482992     0.103927   -0.0608407   -0.0537509
    0.209422   -0.0502372   -0.0675613  -0.00934271
    0.149534    -0.106056  -0.00211465   0.00310658
   -0.247564    0.0763703   -0.0834106     0.059239
    0.392135    -0.129701    -0.167321    -0.214269
    0.212626   -0.0931526    0.0352456     0.154102
    0.142139   -0.0732697   -0.0871368    -0.123591
    0.159074    0.0181824    0.0372606    0.0855436
   -0.119844    0.0662515   -0.0256069      0.11711
    0.286927  -0.00207733  -0.00248051     0.157905
    0.114876   -0.0569309     -0.10974    -0.126275
   0.0240804    0.0426091    0.0148669    0.0765241
   0.0485721    0.0205473    -0.086841    -0.177893
    0.203186   0.00403641  -0.00519691    0.0513463
    0.188439   -0.0796617   -0.0381315    -0.397425
    0.241545    -0.036186   0.00052345    0.0202308
   -0.311118    0.0592454  -0.00693499     0.162173
    0.338559   -0.0949176   -0.0404593    -0.122418
   -0.152976    0.0702226    -0.123251   -0.0217766
   -0.114222   -0.0122501    -0.101162   -0.0931146
    -0.23775    0.0689771    -0.038953    -0.103484
   -0.115316  -0.00190673    0.0723287   -0.0780977
   -0.204335     0.115265   -0.0839331   -0.0723678
   -0.281837    0.0092455   -0.0356688   -0.0516386
    0.342443   -0.0230334    0.0587475    -0.301335
  -0.0429486    0.0702502    -0.127736     0.203783
   0.0141025    0.0419435     -0.08116    0.0203797
  -0.0539938   -0.0259495   -0.0924243    -0.163113
   0.0424219   -0.0278338   -0.0301908     0.134387
    0.229978  -0.00866565  -0.00696806     0.214806
   -0.080029    0.0403106    0.0510316    0.0748562
   -0.294876     0.048596    0.0477999     0.181928
   0.0930064   -0.0433099   -0.0691665     -0.17207
   -0.125049   0.00557839    -0.118246    -0.197521
   0.0463932   -0.0970219    0.0497701     0.310322
   0.0669256   -0.0467094   -0.0573943     0.117699
  -0.0286024    0.0169818    -0.015228   -0.0562063
    0.381532    -0.126976   -0.0541748    -0.221319
   -0.613606     0.177299    -0.115406     0.107242
   -0.177678     0.120525    -0.120895   -0.0425948
  0.00460119   -0.0469098    -0.137893   -0.0615723
    0.151989    0.0149683    -0.138704  -0.00922867
   -0.154945    0.0762998   0.00100974     0.204141
    0.239253    -0.153057    0.0184157      0.16148
  -0.0893958    0.0187213   -0.0254388    0.0845523
   -0.504118    0.0561977   -0.0556962    -0.122273
    0.235517   -0.0608662     0.019392     0.115187
    0.186341   -0.0316699    0.0623009    0.0938706
   -0.529173     0.111028   -0.0117168     0.100793
    0.301927   -0.0858348    -0.100719   -0.0821114
   -0.102457    0.0566887   -0.0901637     0.102576
   -0.146347  0.000940055   -0.0526269    -0.164112
  -0.0923512    0.0188518   -0.0626488   -0.0121003
    0.152072   -0.0564555    -0.189693    -0.375521
   0.0866732    -0.027005   -0.0840272     0.260671
    0.354802   -0.0831752   -0.0725037    0.0883582
    0.208898    0.0110887   -0.0351456  -0.00588817
   -0.195429    0.0173333     -0.16683    0.0465151
  -0.0502988    0.0244404    -0.110974     -0.16711
  0.00572027   -0.0113311    -0.014937     -0.22229
  0.00165613    0.0462017    -0.115979     0.221276
   0.0589402   -0.0625739    -0.150002    0.0485142
    0.321042   -0.0914343    0.0705172    -0.125657
   -0.101817    0.0700172  2.99818e-05     0.120919
    0.242973    -0.055658   -0.0188086    -0.139093
   -0.228741    0.0817799    -0.107311   -0.0917386
   0.0255666     0.025182    -0.010159     0.221071
   -0.708084     0.135727    0.0323308   -0.0610154
   0.0823227   -0.0928867    -0.151202    -0.247513
  -0.0338377   -0.0110029   -0.0822216   -0.0121675
    0.081894   -0.0139137  -0.00617248   -0.0491356
    0.201834   -0.0773479   -0.0792206    -0.195809
    0.320979    0.0014305   0.00985113     0.200414
   -0.533196     0.111787   -0.0371884      0.30564
 -0.00100536   -0.0471692   -0.0796473    0.0268259
 -0.00942268    0.0307724    -0.119952    -0.129406
   0.0213113     -0.02362    -0.101951   -0.0198152
   -0.162682   -0.0164471   -0.0482874    0.0872947
  -0.0366546    0.0651216   0.00498566    -0.231592
   -0.369752     0.131045    -0.015724     0.150139
   -0.240562    0.0580084   -0.0760946    0.0359271
    0.272379    0.0427648   -0.0204938       0.2114
    0.149548   -0.0442526    0.0455553    0.0400143
   0.0876409    -0.157953    0.0398177    -0.207232
  -0.0827965     0.073125    -0.120495     0.270356
   -0.114921   -0.0402096   -0.0452815     0.027794
    0.159916     0.032907   0.00345908    -0.107657
   -0.172569    0.0217859    -0.168493    -0.225049
    0.324515   -0.0240119   -0.0603506   -0.0664902
   -0.123498    -0.029274    -0.140591    -0.053747
   -0.170231   0.00668365   0.00445748    -0.144507
    0.193057    -0.022284       -0.169    -0.284526
    0.374833   -0.0564432   -0.0608322   -0.0817488
 -0.00251573    0.0825898   -0.0146432     0.360864
    0.217262   -0.0408328   -0.0872097    0.0364844
  -0.0383644    -0.104381    -0.120104   -0.0127106
    0.254909     -0.14425   -0.0485025   -0.0963091
   -0.331307    0.0122508  -0.00506602     0.140954
   0.0445103   0.00483569   -0.0223381   -0.0314723
   0.0411348    0.0137717    -0.150299    -0.116716
  -0.0193922   -0.0602635   0.00315773    -0.297272
     0.29654   -0.0784624     0.091698    -0.137351
   -0.217565    0.0652605    -0.130093     0.116747
    0.125345   -0.0713477     0.010137    -0.020667
   -0.302732    0.0755207   -0.0388504   -0.0437617
   0.0796599   -0.0808947   -0.0768813   -0.0768763
  0.00326013   -0.0447354    -0.137638    -0.478742
  -0.0300772  -0.00692337    0.0356227   -0.0894257
     0.06878   -0.0235036    -0.089147     0.175043
   -0.358478    0.0817737   -0.0574452    0.0183016
    0.149179   -0.0176886    -0.129575    -0.324955
    0.124609    0.0219996   -0.0606017    -0.198461
    0.190908   -0.0577601   -0.0573683    -0.164042
   -0.439802     0.096547    -0.136324     0.130442
  -0.0315685    0.0698201   -0.0122448    0.0799379
    0.216731    -0.070268   -0.0252903   -0.0518886
   -0.169854    0.0707053    -0.156443  -0.00932452
  -0.0424717   -0.0263226   -0.0111177    0.0929908
  -0.0856093    0.0336158   -0.0149583    0.0824762
    0.224717   -0.0933098    0.0622939     0.200649
   0.0107238   -0.0196723   -0.0380832   -0.0773613
    0.138298   -0.0939463   -0.0165479    0.0658968
    0.191068  -0.00360318    -0.179671    -0.145856
   -0.269802     0.055162   -0.0744175   -0.0249494
  -0.0847387  -0.00328483    -0.107418   0.00256527
    0.118071   -0.0336282   -0.0525709   -0.0979836
  -0.0663449   -0.0363134   -0.0436614     0.159661
   -0.475733     0.138078    -0.175294   -0.0730859
  -0.0991534    0.0712364    0.0354678     0.101642
   0.0400305   -0.0742273    0.0109143    0.0440119
   -0.133013     0.045696    0.0151552     0.207747
   -0.124654    0.0283791   -0.0173141      0.11941
   -0.102159     0.105747    0.0265923    0.0876216
     0.27922    0.0381581   -0.0695179    -0.184639
   -0.360826     0.127575   -0.0624156    0.0746661
   -0.098384    0.0836023   -0.0311097   0.00115238
  -0.0232714   -0.0284092    -0.119222   -0.0660604
   -0.142842   0.00979455   0.00371797     0.136391
    0.206298   -0.0523646   -0.0689196   0.00564591
   -0.315319    0.0298769    -0.129739    0.0948132
    0.257471   -0.0809021   -0.0275624     0.192235
   0.0713229     0.013073   -0.0909414    -0.108193
   -0.322327     0.101054      -0.1684    0.0332241
   -0.319945    0.0559908    -0.111511   -0.0454004
  -0.0359072     0.055306    -0.044596   -0.0916451
  -0.0682211    0.0880111  -0.00592856     0.139631
     0.25505   -0.0724468  -0.00188323    0.0365384
    0.096724   -0.0800625  -0.00220759     0.277026
    0.222291    -0.118569     0.037531  -0.00219146
   0.0966139    -0.080636    -0.155655    -0.350766
    0.105547   -0.0234096   -0.0259361    0.0665649
    0.626296   -0.0881661   -0.0425178    -0.133163
  -0.0136475   -0.0629692    -0.112685     -0.22806
  -0.0613337    -0.051909   0.00762494    -0.182735
  0.00151501   -0.0476881   -0.0648755    0.0256941
    -0.25177    0.0403477   -0.0103954    -0.180169
   -0.314202    0.0658134   -0.0421062    -0.211699
   -0.667938     0.147888  -0.00138927      0.31164
   0.0940565   -0.0528549   -0.0830399   -0.0357236
   -0.269581   0.00217164   -0.0183704    -0.205688
  -0.0991158    0.0891357   -0.0113688     0.135612
    0.301618    -0.106632   -0.0550922    -0.142756
   -0.101318    0.0401322    -0.028677     0.110701
   0.0436495   -0.0103621    -0.167255   -0.0260134
    0.229036   -0.0622314   -0.0757965    -0.231127
   -0.461384    0.0915722   -0.0667257   -0.0569795
  -0.0742749    0.0285565    -0.117731     0.298746
    0.279279   -0.0627986   0.00245678    -0.107438
   -0.165068     0.104133   -0.0542985    -0.133167
     0.17312  -0.00107467   -0.0183611     0.131279