   -0.399104     0.138945   -0.0741104   -0.0561281
  -0.0617362   -0.0240086    0.0559799     0.408686
   -0.491197     0.201565    -0.236892  -0.00344286
  -0.0017295   -0.0165646   -0.0442609    0.0402628
 0.000237631   -0.0109352  -0.00354701   0.00185754
    0.230352   -0.0290812    -0.117335   -0.0589474
    0.207448   0.00312232   -0.0210309    -0.106515
     0.46673    0.0143419   -0.0216507    -0.235083
    0.177356  -0.00647161    0.0976537    0.0159993
   -0.129977    0.0381512     0.110438    0.0282754
   0.0361161   -0.0872308    0.0196228   -0.0872031
   0.0372126  -0.00342561    0.0294029     0.232322
    0.157519   -0.0894378   -0.0289918    0.0173164
  -0.0927017    0.0829867   -0.0159295   -0.0746025
    -0.13651    0.0959743    0.0397922    0.0639992
    0.220721   -0.0597378    -0.027726    -0.019109
    -0.50718    0.0308237   0.00369978    0.0493728
   -0.124834    0.0171346   -0.0790699     0.238169
    0.262529    -0.143964   -0.0616549    0.0550077
  0.00739336   -0.0379974    -0.157244    -0.117573
  -0.0628474    0.0649048    -0.103446    -0.131699
   -0.524168     0.143303   -0.0937344     0.100706
    0.121457    0.0114628   -0.0187495    0.0052383
  -0.0184753   -0.0320957    -0.152718    0.0370859
   0.0343797    0.0828111   -0.0466007   -0.0330456
 -0.00632121    0.0148051    0.0283256     0.175886
  -0.0836596    0.0170143   -0.0937817    0.0965673
   -0.358394    0.0478743    -0.023425     0.321289
    0.309466   -0.0787121    0.0535872     0.203136
   0.0868495    -0.117462     0.126052      0.14304
    0.400966    -0.134639   0.00710772    -0.062534
   0.0262433    0.0125028   -0.0252078    0.0378572
   0.0321882   -0.0867832   -0.0132201     0.085708
   -0.144137   -0.0165836   -0.0711995    0.0747192
   -0.492887      0.12752    0.0596301    0.0143179
    0.147844   -0.0115661  -0.00973827   -0.0726198
    0.124163     0.016921    -0.071359    0.0412903
      0.3479     -0.10094    -0.114101    -0.130861
   -0.108838    0.0426986    0.0223568    0.0733704
   -0.298186    0.0547875   -0.0935584    -0.154739
   -0.072877    0.0157123    0.0232593     -0.07602
  -0.0542669    0.0713482    0.0989604     0.116243
   0.0707836    0.0122809    -0.100592    -0.106011
   -0.103463    0.0836781     0.052221    -0.155502
   -0.350585    0.0682262    -0.409556   -0.0239671
   -0.258252    0.0722555  -0.00815393   -0.0929063
  -0.0739054     0.119637  -0.00529568    0.0324782
    0.109419   -0.0139247    -0.133068    -0.104411
   -0.119395    0.0374534    -0.224757     0.215875
    0.208444   -0.0579877   -0.0460082    -0.108546
   -0.233087  -0.00243085    -0.696269    0.0557506
   -0.500077     0.135209    -0.253393     0.084087
   -0.190174     0.101184    -0.021247      0.17342
  -0.0365719    0.0408017  -0.00255548    0.0696383
   -0.133437     0.037116   -0.0497414   -0.0134038
   -0.353272     0.113907    -0.389373   -0.0294795
   0.0694001    0.0270903     0.045768    -0.139306
   -0.286755    0.0848808    0.0420035     0.176599
   0.0410102   -0.0263705    0.0583216      0.14689
    0.116919   -0.0991607    0.0053531   -0.0306137
   -0.155386   -0.0314172   -0.0687828    0.0646752
   -0.346282     0.174743    0.0305926    0.0501207
   -0.520479     0.101491    0.0385301     0.138984
   0.0599058   -0.0461086   0.00401085     0.384615
    0.614945   -0.0666504    -0.111555    -0.420769
   -0.243775   0.00273314    0.0237191    -0.136897
  -0.0106783   -0.0220202    -0.126476   -0.0953469
   0.0543508    0.0168496    0.0220644   -0.0495502
   -0.207183    0.0325046    0.0587532    -0.122203
    -0.12365    0.0675899    -0.100356   -0.0226805
   0.0653962   -0.0146557   0.00384099    -0.119949
    0.118595    0.0415611    -0.119204    0.0137799
     0.11371    0.0130088    0.0920441   -0.0820934
  -0.0853662   0.00209354     0.030356     0.121029
   -0.134374    0.0366128    -0.120423     0.115311
   -0.413277    0.0894512    0.0389981     0.208479
    0.205213   -0.0345326   -0.0500672   -0.0701409
   -0.197528    0.0217377  -0.00253338   -0.0685627
   -0.281358   0.00873348    -0.148351   0.00611859
     0.32666   -0.0863692   -0.0907123    0.0698436
   -0.105121    0.0174586   -0.0498292    0.0613038
   0.0669782   -0.0776763   -0.0674875    0.0638498
  -0.0832812    0.0786945   -0.0264839     0.147443
 0.000562806   -0.0180196   -0.0253718   -0.0708916
  -0.0864473   -0.0424583   -0.0975125      0.12184
    0.248757   -0.0571331     0.011083    0.0254318
    -0.12614     0.114466   -0.0219255     0.190558
   -0.508093     0.191556    -0.445529     0.316756
   -0.330996    0.0945136    -0.117221    -0.276729
   -0.158123    0.0589583    -0.107993      0.17421
   -0.021786    0.0398462    0.0235634     0.020692
   -0.103662    0.0712848   -0.0977159   -0.0401137
   -0.370558    0.0920812   -0.0110199   -0.0115028
   -0.263026    0.0350227    0.0295421     0.162494
    0.474164    -0.109758  0.000278336    -0.272706
   0.0724735   -0.0297131  -0.00312948    0.0285448
   -0.185345    0.0319839   -0.0306774     0.110532
   0.0136141   -0.0111418    0.0334956     0.122911
    0.256216    -0.107033   -0.0342446   -0.0432944
 9.96669e-05   -0.0670345   -0.0860636   -0.0777254
  -0.0392637   -0.0215681  -0.00251382   -0.0787553
  -0.0363525     0.038497    -0.264228    0.0596322
   -0.343185     0.199021    0.0845541     0.259137
    0.220279   0.00517234   0.00809578    -0.152345
   -0.418107    0.0717746    -0.213172    0.0815706
    0.169117   -0.0351502   -0.0122567    -0.178848
     0.15101   -0.0864441    0.0223486   -0.0903836
   -0.233343    0.0701954   -0.0447806     0.126306
    0.235902   -0.0509491   0.00132511     -0.06435
    0.109792   -0.0393868    0.0409597    -0.100053
   -0.117672     0.108792     -0.50679    0.0374077
    -0.20533     0.039495    -0.140269     0.148346
    0.249984   -0.0642485   -0.0864406   -0.0989583
    0.142994      0.05654    -0.161054    -0.318794
   0.0189558    -0.033986   -0.0175519     0.127195
   -0.186936     0.042298   0.00494271    0.0276649
 -0.00055674   -0.0302114    -0.164016    -0.239618
 -0.00726089   -0.0230459      0.10805    0.0907082
    0.154704   -0.0219353    0.0721379     -0.10219
   -0.172677   -0.0132902    0.0458173      0.13115
    0.016521   -0.0817013    0.0776823    -0.014631
    0.129043   -0.0302265   -0.0778905    -0.144781
     0.11286    0.0774655   -0.0265829     0.099967
  -0.0498575     0.096488    -0.146485   -0.0889628
     0.43958   -0.0310165     0.047055     -0.10625
  -0.0614466   -0.0269705   -0.0254101  -0.00856124
    -0.13528    0.0177577     -0.12141     0.146718
   -0.117781  -0.00351958   -0.0205522    -0.139238
    0.263899   -0.0430148   -0.0802966    -0.108629
  -0.0719773    0.0133433    0.0620779     0.157446
    0.033274   0.00936083    0.0230188     0.213104
   0.0988079   -0.0118451   0.00587531    0.0280277
   -0.174067   -0.0166452    -0.106707    0.0213762
   -0.241043    0.0708234    0.0547276     -0.16098
   -0.374095    0.0930946  0.000356671     0.257138
   -0.123907    0.0625461    0.0129326    -0.120261
    0.107249   0.00291935   -0.0419426    -0.202533
        0.25    -0.135935     0.139393   -0.0365723
   -0.251825     0.087394     -0.23803    -0.172027
   -0.216921    0.0267855    0.0441579     0.125897
   -0.534996    0.0863163    0.0259111     0.134083
   -0.109694    0.0466059    -0.126068    0.0693055
    -0.13527   0.00750347    0.0868149    0.0723032
   -0.166583     0.018051    0.0227778    -0.023478
   0.0291783    0.0310873    -0.157034   0.00084767
  -0.0728562    0.0891146    0.0204289     0.317982
   -0.285023    0.0452668   -0.0959013    -0.161735
  -0.0404576    0.0621021    0.0778989     0.208831
    0.259656   -0.0245173   -0.0644726   0.00694873
    0.246427   -0.0838594     0.125905     0.087856
  -0.0243811    0.0236817    0.0402059   -0.0138814
 -0.00082142    0.0390372    0.0780649     0.284927
   -0.705616     0.138714   -0.0554931     0.305546
   -0.249902    0.0832736   -0.0818256   -0.0710653
   -0.759603     0.208184    0.0372247     0.172719
  0.00467985    0.0429881    -0.136894    -0.250043
     0.12192   -0.0740112  -0.00588447     0.125107
   0.0507383    -0.110164    0.0294628     0.188552
   -0.172261    0.0740627   -0.0214966     0.151237
   -0.230289     0.103769     0.049111    -0.131445
    0.125633  -0.00566697    -0.065216      0.14958
  -0.0360942   -0.0294744    0.0160306     -0.05131
   0.0243621   0.00239765     0.048226    0.0195429
   -0.175212      0.06596   -0.0990122    -0.112179
  0.00106582    0.0614974   -0.0127719     0.011289
   0.0111193   -0.0357745   -0.0758105    0.0890494
  0.00998258   -0.0693698   -0.0773752    -0.132675
  -0.0466976   -0.0230406     0.009491   -0.0219585
   -0.207744    0.0634682    0.0726845    0.0874893
   -0.013531   -0.0929033   -0.0557869   -0.0590384
   0.0966766   -0.0220423   -0.0777187   -0.0796791
   -0.450979    0.0973112   -0.0957079     0.014779
  -0.0376122    0.0383797  -0.00519797   -0.0917749
  -0.0452113    0.0261766    -0.121845     -0.21797
    0.135134    0.0760032     0.034611    0.0286434
    0.294426   -0.0858208   0.00418927    -0.193174
    -0.11589   -0.0439503    -0.043635     0.199037
  -0.0249225    0.0824222   -0.0684195   -0.0471562
    0.130991   -0.0891365   -0.0316378     0.109791
  -0.0580422     0.116778  -0.00486895    0.0447907
   0.0400332    0.0619327    0.0254713     0.064627
   -0.361681    0.0261528     0.110547     0.105842
   0.0356575    0.0440443   -0.0728694    0.0743426
    0.252014   -0.0406739   -0.0131802    -0.091683
  -0.0375693     0.118906    0.0478096  -0.00581232
   -0.182719    0.0307047   -0.0453088    0.0371018
   0.0739063    0.0438691     0.112436    0.0975609
   -0.644536     0.106807   -0.0287644     0.175581
   -0.126402   0.00494095    0.0660955     0.210439
  -0.0560439    0.0155038   -0.0706888    0.0369422
  -0.0845631    0.0533829    0.0299461     -0.02306
   -0.779528     0.157241    0.0854438     0.272101
    0.123824   -0.0728152     0.189247   -0.0283676
  0.00354354    0.0158862    -0.113983    0.0579936
    0.109565  -0.00666793    0.0678724   -0.0188242
    0.138092   -0.0281504    0.0559232    0.0569229
  -0.0138703    0.0794939    -0.139546   -0.0194027
   0.0862844   -0.0609586   -0.0586952    0.0596739
    -1.19137     0.344671    -0.179392     0.219737
  -0.0192911   -0.0334913   -0.0174711   -0.0320744
   0.0786656   -0.0522458   -0.0558377    0.0189647
    0.174713   -0.0408843   -0.0561933     0.067011
     0.16687   -0.0765158   -0.0660018     0.146373
   -0.239599     0.190449   -0.0848554    -0.076083
    0.211144    -0.057031    -0.109854    -0.221597
  -0.0530979   -0.0147048    0.0377406   -0.0830799
   -0.213362   -0.0434527   -0.0797044    -0.122307
   0.0643811  -0.00980947   1.5594e-07    0.0718614
   -0.012733    0.0363943    0.0884842     0.133535
    0.129444   -0.0339815    0.0661364   -0.0250781
  -0.0243248  -0.00828494   -0.0901643     0.120638
    0.247714   -0.0245436       0.1301    0.0451039
    -0.34804    0.0925818    0.0346549    0.0124397
    0.229757   -0.0487246   -0.0566922   -0.0113988
   0.0402682   -0.0413535    0.0599747     0.114871
   0.0264929  0.000941539   -0.0902001     0.190145
    0.378172    -0.157896   -0.0118339    -0.030989
  -0.0489445   0.00654568     0.121726  0.000499231
  -0.0596053  -0.00509849    0.0422829    -0.144907
    0.360991   -0.0694617   -0.0240925    -0.231236
  -0.0712473    0.0469588    0.0857501    -0.110821
   -0.083579    0.0260003    -0.134522     0.043549
    0.128979    0.0047952   -0.0986061   -0.0914583
   0.0704599   -0.0576242   -0.0808641    0.0403503
   0.0192474    0.0835032   -0.0957331   -0.0518892
   -0.161946    0.0404282   -0.0522584   -0.0312781
  -0.0159506    0.0318321     -0.10458      0.26201
   -0.238391    0.0774133       -0.123     0.269224
    0.209937  -0.00536635     0.104178    -0.065365
   -0.111063   -0.0130063   -0.0426541    -0.112685
    0.300302   -0.0987321    -0.049127    0.0736443
   -0.043629   -0.0408935   -0.0363316   -0.0576592
   0.0290727     0.042349   -0.0528626     0.176472
    0.146325    -0.059485    -0.113909    -0.113791
    -0.46933     0.174003   -0.0757534     0.175217
   -0.182538   -0.0239993    -0.110386   -0.0499781
    0.202064   -0.0173355   -0.0294626    -0.117048
    0.177329   -0.0602576    -0.106943    -0.017609
   -0.224288    0.0919129    -0.114439   -0.0581762
     0.11297    0.0258001   -0.0159281    -0.299235
   -0.701818     0.150835    -0.145541   -0.0564205
     -0.4954    0.0593949   0.00392588     0.248395
   -0.232513    0.0512473    -0.117568   -0.0436064
   -0.158376    0.0852178   -0.0942223    0.0550477
  0.00467923    0.0463903     0.119081     0.187019
    0.225405   -0.0177384   0.00104968   -0.0469929
    0.217067    -0.038011   -0.0308737    -0.233025
    0.282031   -0.0333716   -0.0768008    -0.116349
   -0.260452   -0.0298719    0.0675003       0.1749
    0.116942   0.00969692   -0.0618849    -0.215006
   0.0877115   -0.0185605    -0.141808    -0.238726
     0.12343    -0.112919    -0.107816    0.0854899
   -0.285051     0.046015    -0.124735     0.132394
   0.0364867   -0.0584698   -0.0584735    -0.162802
    0.150661    -0.100851   -0.0652464    -0.155109
    0.519426    -0.131602   -0.0262854   -0.0374292
    -0.31938    0.0470391    -0.103692   -0.0984411
  -0.0862588    0.0463654   -0.0180963     0.065016
    0.202274    -0.151895    0.0292645    -0.105611
    -1.06748     0.190358     -0.25925     0.381216
   0.0196961   -0.0240636    0.0290632    -0.020533
   -0.118892   -0.0538736   -0.0899121    -0.032548
   -0.168521   0.00944774   -0.0131909    0.0894864
   0.0455302    0.0404491    0.0178702    -0.118074
   -0.287885     0.104792   -0.0318333   -0.0234708
   -0.430666    0.0617371    -0.100437     0.350141
  -0.0565445       0.0326   -0.0430991    -0.168737
    0.160813   -0.0795433    0.0586546   -0.0843692
   0.0465372   -0.0866686   -0.0601375     0.176966
  -0.0482754    0.0177312    0.0513246    -0.105704
    0.233568    -0.106257   -0.0158397    -0.230681
     0.32917   -0.0510398    -0.092115    -0.151039
   -0.019833    0.0295749   -0.0416164    -0.038308
   -0.164925    0.0482478    -0.200994    0.0686898
    0.162733    0.0118072   -0.0399042    0.0604901
 -0.00872617   -0.0219611   -0.0549474    0.0840986
   0.0234632    0.0404864    0.0314968     0.145108
    -0.10036    0.0417229  -0.00737296    -0.118155
   -0.273795    0.0706343     0.017441    -0.251512
    0.172646   0.00754646  -0.00497221   -0.0614876
   -0.214694     0.105998   -0.0505737    -0.120579
    0.259538   -0.0468841    0.0132543    -0.088299
    0.270379   -0.0300695   0.00986882     0.255421
  -0.0143007   -0.0271444    -0.166189    -0.189426
   -0.118051  -0.00756682    0.0869505    0.0964318
    0.111608    0.0535685   -0.0482083    -0.114675
   -0.243604    0.0982973   -0.0645675     0.237446
    -0.31802    0.0443227    0.0119018    0.0657903
    0.116196    -0.017617   -0.0191686   -0.0847042
    0.143821    -0.067132    -0.169554    -0.154201
    -1.35534      0.36821   -0.0172378    0.0466078
    0.164613    0.0119172    0.0389986     0.146394
   -0.200455     0.117107     0.038149     0.084503
   -0.293619    0.0940196   -0.0235528      0.18156
    0.206083   -0.0360365    -0.101532   -0.0490321
 -0.00449373    0.0138918   -0.0181729     0.116345
    0.163854    0.0186519    0.0740679     0.055591
   0.0973129   -0.0195957   -0.0297257   -0.0766438
   0.0718337   -0.0191227   -0.0197513    -0.159177
  -0.0987497    0.0586514   -0.0501958    -0.269984
   -0.341496    0.0131612    0.0211777    0.0687167
    0.391279   -0.0591507    -0.068965   -0.0101275
   -0.030504   -0.0396171   -0.0794075    -0.178307
   -0.507127     0.175343   -0.0675608    -0.059571
    -0.19471     0.037647     0.119693     0.164378
   -0.486206    0.0917648      0.01995     0.271697
    0.213793   -0.0695312   -0.0750037   -0.0233783
  -0.0365354    0.0726899  -0.00728379     0.100897
   -0.102349    0.0309647   -0.0836051   -0.0687091
   0.0191811   -0.0105892     0.140255   -0.0596766
   -0.200521    0.0331624    -0.243229    -0.127004
   0.0658729    0.0460057   -0.0315089     0.107435
   -0.392063    0.0612095    0.0299097   -0.0685385
   -0.230036    0.0282163    0.0206009     0.243371
    -0.17012    0.0261871    0.0561774   -0.0917567
  -0.0172017   0.00483377   -0.0247793     0.201513
   -0.187001    0.0127437    -0.124365     0.157572
   -0.402921    0.0997712   -0.0968933     0.145568
    0.163975    0.0141602   -0.0560631   -0.0998295
    0.102873    0.0144758    0.0484594   -0.0633019
   -0.251058    0.0415036  -0.00439128   -0.0429629
  -0.0891437  -0.00790854    -0.107115   -0.0274546
    0.189859   -0.0881505   -0.0410568   0.00958272
  -0.0892678    0.0591903    0.0436849    -0.281436
    0.160624  -0.00656576    -0.131159    -0.126168
     0.21554   -0.0639913  -0.00939239      -0.2613
     -0.3553    0.0256453  0.000302201     0.216914
   -0.810019     0.175291    -0.125825     0.234748
    0.230864   -0.0757464   -0.0878568    -0.201104
   -0.329721       0.1479     0.086773     0.250039
   -0.118159   0.00706136    0.0130233    -0.228866
   0.0264945   0.00923695   -0.0694074   -0.0400893
      0.1184   0.00713024    -0.155557   -0.0372128
     0.04219  -0.00267852    -0.126975    0.0258065
   0.0828089   -0.0857084    0.0228063   -0.0435429
    0.109057    -0.111068    -0.108151   -0.0893079
    0.231291   -0.0616031   0.00511691    0.0055425
    0.169909   -0.0576908     0.119046    -0.250481
   0.0234229    0.0496694   -0.0344843       0.1478
   0.0956223  -0.00882883    -0.125558    -0.141843
    0.366815    -0.182549    0.0181272    -0.113759
  -0.0741837   -0.0235316   -0.0574692    -0.355904
    0.335024   -0.0633822   -0.0697485   -0.0611841
   0.0156604   -0.0259988   -0.0361866   -0.0364591
   -0.164968    0.0186929   -0.0531185   -0.0138407
   0.0314151   -0.0821534    -0.092725   -0.0336251
    0.199263   -0.0190213    0.0371968     0.304706
   -0.455787     0.159908    -0.282692      0.25334
   0.0313897    0.0392284    -0.104341   -0.0627822
    0.270499   -0.0846745   -0.0196503    -0.135505
  -0.0573721    0.0119301   -0.0999346   -0.0753866
   -0.296882     0.149975    -0.118844    -0.214482
   -0.199029    0.0599885   -0.0604979    0.0725923
  -0.0136326    0.0359183    -0.076914   -0.0371339
  -0.0249812   0.00963995    0.0345985    0.0322145
     0.27027   -0.0323412   -0.0124499    0.0227951
  -0.0423556     0.075375    -0.125823   -0.0885175
   -0.559651     0.217301    0.0474874     0.216577
   -0.435817     0.167449    0.0374594     0.111277
   -0.013796   -0.0733365    0.0868893   -0.0984485
   0.0639168   -0.0128845    0.0366909     0.140671
   -0.122166   0.00237709    0.0900281      0.19621
   -0.611071      0.15591    0.0292864   0.00263093
    0.116128   -0.0118851    0.0686675   -0.0192109
    0.260556  -0.00167195   -0.0826164    -0.206137
    0.209213    0.0140645    0.0757053    -0.018918
  -0.0590873  -0.00304385   -0.0874235    0.0354489
   0.0273962   -0.0156758  -0.00977241     0.112677
  -0.0443972   -0.0467062     0.021622    0.0777442
    0.323553    -0.112902   -0.0315353   0.00242766
    0.268338   -0.0762923    0.0154925     0.262941
   -0.138021    0.0364601   -0.0262872    -0.145566
    0.131242    0.0484498    0.0769225     0.116216
   -0.314219    0.0265585    0.0557716   -0.0127924
    -0.28509    0.0489248    -0.109255   -0.0337672
   -0.180092    0.0437996   -0.0802712    0.0445049
 0.000416366   -0.0556247   -0.0208709   -0.0785643
   -0.236152    0.0153459   -0.0869194    0.0873002
    0.144626   -0.0533926    0.0107384   -0.0313746
     0.78447    -0.230405   -0.0457206    -0.148223
   -0.361813     0.171376    0.0730659     0.098195
   -0.191668    0.0725987   -0.0252381      0.24769
   0.0748583  -0.00912624  0.000820913   -0.0610373
  -0.0355953    0.0263624    -0.260494    -0.253763
   -0.115039  -0.00888044   -0.0746109   -0.0109507
  -0.0324512    0.0162812    -0.018608    -0.288482
   0.0432715    -0.114169    0.0326492     0.104396
    0.298367    0.0320992   -0.0107672    0.0390722
    -0.25206    0.0527568     0.129128   -0.0560962
   -0.477599    0.0962014   -0.0729541    -0.019984
   0.0644534   -0.0552233   -0.0562239    0.0481691
    0.190527   -0.0949116   -0.0694399   -0.0163351
 0.000331135   -0.0269354    0.0448663   -0.0977623
   -0.420914     0.107481    0.0514608     0.231688
    0.319202   -0.0955897   -0.0733646    -0.106136
    0.031915   -0.0733053    -0.027721  -0.00709405
    0.024808   0.00449155   -0.0267044   -0.0375283
   -0.137464    0.0512947    0.0520418      0.19206
    0.215073    0.0207095    -0.104536  -0.00325789
    0.393412    -0.165746   -0.0990396    -0.145185
    0.551048    -0.115539    0.0204324    -0.204975
   0.0306962    -0.031024   -0.0588315    -0.126734
    0.165106   -0.0404484   -0.0274866    0.0830522
   0.0445107    0.0299201     0.142419     0.035792
  -0.0323605    0.0586507   -0.0666694    0.0994001
  0.00469593   -0.0208044     0.019238    0.0388144
   0.0410721   -0.0572532   -0.0348934    0.0594157
  -0.0247577  -0.00111491    -0.114359     -0.25046
   -0.110775    0.0511768   -0.0426299   -0.0141766
   -0.283158    0.0385139   -0.0225397    0.0720751
    0.138465    -0.077555   0.00260053   -0.0819195
   -0.290418    0.0979676    0.0222686   -0.0246111
   -0.243879     0.120307    0.0082537    0.0692932
   -0.514474     0.195203   -0.0623967    0.0308364
   -0.986972     0.158594   -0.0227566     0.176364
    0.211699     -0.11285    0.0751402     -0.10485
   0.0238774  -0.00131075   -0.0696348    -0.135086
  -0.0547684  -0.00559707     -0.28472       0.1718
   -0.426011    0.0243393    -0.109441    -0.188569
    0.190919   -0.0923638   -0.0753955    -0.116823
   0.0187279    0.0234662    -0.108224    -0.320064
    -0.31612    0.0452591   -0.0948605  -0.00912631
  -0.0498681   -0.0210121    -0.112654   -0.0228094
    0.174573   0.00881694     -0.11089   -0.0233109
  -0.0883537    0.0795839   -0.0494314   -0.0867012
   -0.124985    0.0517289   0.00618805   -0.0316936
  -0.0770469    0.0652326   -0.0308371    0.0283927
  -0.0668511    0.0262969  -0.00225572     0.063395
  -0.0169416   -0.0513277   -0.0380269    -0.132829
     0.40947   -0.0648537    0.0858356   -0.0512995
    0.101856   0.00481105   -0.0393804   -0.0400363
    0.148774   -0.0421823    0.0527812   -0.0664457
  -0.0304104    0.0504561   -0.0527066    0.0625625
  0.00390318   -0.0493113   -0.0531794    0.0703299
   -0.716453     0.213183   -0.0798953    0.0692724
   -0.176639     0.016921  -0.00773812    -0.150388
   0.0542761   -0.0445189     -0.01203     0.175384
   -0.081831    0.0435191   -0.0300769   0.00333729
   -0.144198  -0.00995897    -0.181928     0.181197
   0.0631673   -0.0973533    0.0852153    -0.069178
   0.0715876   -0.0661406   -0.0715681    -0.120443
    0.195804   -0.0789786    0.0363649    0.0997106
     0.72503    -0.116129   -0.0117761   -0.0950855
  -0.0247736   -0.0372907      0.10069    0.0816558
  -0.0686659   -0.0218562    -0.050296   -0.0833099
   -0.288589     0.112472   -0.0664755    0.0730264
    -0.25563     0.035355    0.0113045     0.109128
    -0.26403      0.10963    -0.155899     0.209231
  -0.0660333    -0.029562   -0.0565081    0.0618431
   -0.316681    0.0751648    0.0611057   -0.0504022
  -0.0161826    0.0730391    -0.165255    0.0187249
  -0.0427958   -0.0567226   -0.0584492   -0.0201949
   -0.495678     0.116314    -0.112442     0.283135
  -0.0659116   -0.0676891   0.00123777   -0.0513877
  -0.0775746  -0.00691669    -0.309523    0.0190989
   -0.183686    0.0681286     0.165442     0.197778
    0.070042   -0.0160172    -0.116625  0.000125221
  0.00483732    0.0124454    0.0953024   -0.0259691
    0.306576    -0.140855   -0.0583297   -0.0176615
     -0.2422     0.127648   -0.0152259     0.192058
   0.0488598   -0.0486081    0.0167834    0.0463299
    0.473378   -0.0797067    0.0391597    -0.200965
    0.142539 -0.000698821    0.0365074   -0.0529536
    0.311948    -0.127427    0.0320916    -0.140621
  -0.0114619    0.0905536     0.129312 -0.000484594
    0.131015   -0.0246891   -0.0435281    0.0719087
   -0.231936    0.0341757    0.0621305     0.234748
  -0.0323599    0.0030707  -0.00969352    -0.175306
   -0.339303     0.158686    0.0250682   -0.0823155
    0.172789   -0.0299757   -0.0892336    -0.164657
  -0.0650943    0.0610107   -0.0230927    0.0514268
    0.175029    -0.012562   -0.0295729     0.187698
      0.2672   -0.0560205   -0.0682955   -0.0639345
   -0.218535     0.141171   -0.0158626     0.160023
   -0.128976    0.0562174    -0.076287  -0.00250527
  -0.0483187   -0.0184092    -0.120429     0.185866
    0.120515  -0.00131343   -0.0848263   -0.0816645
  -0.0984724    0.0217647    0.0290341    0.0259315
    0.349401    -0.067077   -0.0370903   -0.0849973
   -0.050499    0.0444862     0.021814     0.141187
    -0.29463     0.153805   -0.0708116     0.189549
     0.20472   -0.0210106    -0.038137   -0.0517439
    0.173161   -0.0636703   -0.0744805   -0.0850321
   -0.256558    0.0484717   -0.0666958   -0.0328645
   -0.252304    0.0807542   -0.0712739     0.147776
   0.0767132   -0.0130041    0.0537227    0.0655431
   -0.160086    0.0174411    -0.119402    0.0124648
  0.00726995   -0.0003022     0.145849   -0.0624184
   -0.517424      0.09001    -0.127451    0.0039571
   0.0682618    -0.040865    0.0748658     0.197827
    0.242951    -0.106032     0.021532    0.0263339
  0.00457353   -0.0532105   -0.0295567   -0.0278201
    0.151267   -0.0908763  -0.00271383   -0.0275413
   -0.371326     0.147558  -0.00280669     0.052633
   0.0189112   0.00349094    0.0298757   -0.0623331
    -0.22458    0.0828222   -0.0334954    -0.171119
   -0.391938    0.0934738   -0.0410701    0.0911108
    -0.37755    0.0956048    0.0304465    -0.108086
    0.319319   -0.0690132    0.0738932   -0.0989147
    0.334849    -0.104703    0.0107735   0.00818996
   -0.116919 -0.000202626  -0.00162479     0.164745
  -0.0269189   -0.0033292   -0.0600829   -0.0461135
   -0.113498    0.0861038    -0.127906   -0.0524609
    -0.52198     0.131923    -0.114167   0.00649151
   -0.117264   0.00398003   -0.0190168   -0.0722388
    0.595076   -0.0969814   -0.0125341   -0.0652379
  -0.0164627    0.0831402   -0.0077601     0.187983
    -0.29683    0.0241374     0.104335    0.0978802
   -0.198011    0.0242745    0.0489029     0.182878
     -0.9272     0.302918  -0.00215947   -0.0187542
    0.132128   -0.0994142   -0.0776692    0.0216969
    0.174882    0.0252356    0.0654609     0.118534