   0.0674605    0.0222263    0.0544021    0.0219309
   -0.111926   -0.0902676    0.0553247   -0.0372151
   0.0335756    -0.106382  -0.00967815   -0.0211523
    0.116547    0.0255635    -0.105339    0.0449613
    0.234484    -0.110687   -0.0274044     0.178185
  -0.0687169     0.284807    -0.261564    -0.182554
     0.11022     0.069797    -0.110645    0.0628884
   -0.125726    0.0445969   -0.0410235   -0.0861675
   0.0265672    0.0103192   -0.0540048  -0.00259883
   -0.143658   -0.0695776    -0.102001   -0.0453146
    0.118432    0.0829347  -0.00160884    0.0338814
  -0.0852319   -0.0402362    0.0954993   0.00734546
   0.0770885    0.0402583    0.0359245  -0.00491927
    0.033007    0.0119773    0.0480585     0.113149
  -0.0651826    0.0769604   -0.0520494   -0.0791234
-0.000856102    0.0961843   -0.0506669   -0.0428194
  -0.0525888    -0.241401     0.209278     0.146488
   0.0620896     0.166297   -0.0696082   -0.0387006
   -0.450607    0.0148389     0.113521    -0.166436
  -0.0498304     0.105869   -0.0134982    -0.108589
   0.0640927     0.236424    0.0263505     0.058624
  -0.0912258     0.130131    -0.101414   -0.0669877
   -0.117509     0.124437    0.0317345    -0.016153
   0.0475518   -0.0299391   -0.0893881    -0.105978
   0.0708519   -0.0322907     0.154757   0.00263809
    0.131884   0.00746616   -0.0451064    0.0632169
     0.10669    0.0767437   -0.0594364    0.0833064
   0.0848474    0.0832772   -0.0711058    0.0670081
   -0.121842   -0.0358293   0.00997089   -0.0179478
   -0.063273   -0.0447655    -0.019239    -0.115906
   0.0387457     0.081053   -0.0592072   -0.0222637
    0.174045     0.197868   -0.0887427     0.147098
    0.234387    0.0430712   -0.0879929     0.135678
    0.210486    -0.121202     0.097983     0.160328
    0.005263     0.126985    0.0067351    0.0524123
   -0.323967    -0.179414     0.145614    -0.123315
  -0.0505223    0.0143665     0.018913    0.0185687
  -0.0553072   0.00392552    -0.011912    0.0860581
   0.0162103   -0.0542755     0.174309    0.0153429
   -0.115315    0.0575243   -0.0267959    -0.169419
 -0.00165156    0.0342245    0.0440558  -0.00252136
   0.0427737    0.0283898    0.0608566    0.0664085
   -0.124463   -0.0329954     0.115219   -0.0722691
  -0.0660306    0.0184796    0.0631508    0.0188733
   -0.129704   -0.0054607    -0.213071    -0.200705
  -0.0455082   -0.0824488   -0.0932521    0.0100894
   -0.143881   -0.0367443    0.0531303   -0.0902178
    0.283819     -0.17493     0.177534     0.223563
   -0.249434    0.0369002    0.0104607    -0.129706
    -0.26105   -0.0548858   -0.0299608    -0.110113
  -0.0700441     0.067545    -0.147414    -0.220221
  -0.0378686   -0.0686147   -0.0175008    -0.128658
  -0.0734752    0.0153885    0.0760698    0.0287824
    0.217791    0.0434325   -0.0536648    0.0858083
    0.194013     0.195097    -0.109877   -0.0832825
 -0.00229657    -0.034458   -0.0569399    -0.175935
   -0.114082   -0.0323113    0.0827898   -0.0166653
  0.00283801    -0.294146     0.153961   0.00412739
    0.180266    0.0554833   0.00216082     0.158916
  -0.0711829  -0.00845525  -0.00429798    -0.105349
    0.211686    0.0361644   0.00884525      0.13834
   0.0773719    0.0527492    0.0120543    -0.013097
  -0.0156865    -0.231686     0.117182    0.0887303
   -0.261243   -0.0888487    0.0482747   -0.0953262
   -0.162392     0.149496    0.0232756   -0.0874004
   0.0321794     0.119494    0.0774023   -0.0406453
   -0.215374    -0.018095   0.00812751   -0.0793985
  -0.0661844    -0.069834    0.0909261    0.0669508
   0.0637883    0.0788973    0.0095596    0.0348153
   -0.207809    0.0208353   -0.0649593   -0.0962287
    0.102654    0.0520074    0.0179934   -0.0347776
   -0.124626    -0.126838   -0.0288748    -0.166296
  -0.0456027    0.0307977   -0.0607629    -0.136428
   -0.106173    -0.198172     0.206093     0.026688
   0.0469976    0.0243633   -0.0631114    0.0368179
   -0.088125    -0.129165     0.204887   -0.0938011
   -0.191601    -0.072114    0.0233108    -0.141572
   0.0698795     0.244615    -0.155338   -0.0310896
    -0.19842   -0.0846526     0.166901    0.0187955
    0.146765   -0.0531119    0.0521237    0.0139178
   -0.139174     0.160124   -0.0358287    -0.118769
  -0.0481981    0.0279513   -0.0334233   -0.0187695
  -0.0618611    -0.114723    -0.126872    -0.100149
    0.114595     0.138044    -0.122974   -0.0696361
   -0.288174     0.274858    -0.175627     -0.26623
   0.0470829   -0.0930229    0.0507805    0.0179374
    0.115692    -0.165326   -0.0341912   -0.0648888
   0.0878286 -8.04134e-05   0.00309516   -0.0215333
    0.106108  -0.00958801  0.000594663   -0.0115493
  -0.0287932    0.0385143    0.0341397   -0.0894639
  -0.0678745   -0.0203374     0.140471   0.00142567
    -0.30664     0.109651    0.0763665    -0.145718
  -0.0460428  -0.00362385 -0.000349719   -0.0661112
    0.175474    0.0934179    0.0498802    0.0558741
    0.165656    -0.340338      0.21109     0.151785
  -0.0481667   -0.0624289  -0.00901397   -0.0317209
   0.0724215     0.109696     0.015839    0.0733985
   -0.034347     0.159784    -0.124824   -0.0540444
  -0.0722677   -0.0155076    0.0656322   -0.0905063
    0.185384    0.0871444  -0.00120394    0.0629541
  -0.0593366    -0.060154     0.124694    -0.039843
   -0.136458    0.0494017   -0.0482324    -0.193315
    0.117305    0.0684015    -0.135762  -0.00284784
    0.132951    -0.185224   -0.0491294   -0.0577846
    0.185064    0.0673894   0.00471057    0.0148997
    0.233793     0.181284    -0.161609   -0.0345274
 -0.00834023   -0.0624994   0.00737942   -0.0699953
  -0.0482763     0.198598    -0.138824    -0.109067
   -0.126184     0.198647   -0.0550555    -0.028026
   0.0131095    -0.125012    -0.047027   -0.0973736
  -0.0147224    0.0975271     -0.17873    -0.169745
   -0.253995     0.027733     0.242586   -0.0337126
   -0.286787     0.424318     -0.19563    -0.202182
     -0.1769     0.118635   -0.0228697   -0.0977138
   0.0434151    -0.122354    0.0500193      0.11033
   -0.104437    0.0848737    0.0317745   -0.0304349
   -0.328568    0.0567222    0.0904833    -0.222905
   0.0552765    -0.117147     0.158863    0.0503174
    0.253365      0.10036    -0.111461     0.127581
    0.168803     0.131122   -0.0261681    0.0368405
  -0.0749922   -0.0948597     0.130197    0.0614713
  -0.0991134   -0.0394754   0.00550328    0.0218907
   -0.215382    0.0422217   -0.0502218    -0.104235
   0.0819245     0.184155    -0.152575  -0.00873401
   -0.140652    0.0983399   -0.0330062   -0.0531211
    -0.06646    0.0387667    -0.153805    -0.147528
   -0.149676   -0.0496888    0.0891751   -0.0666521
   0.0997583    0.0924679    -0.117735    -0.014463
    0.189511   -0.0206133     0.010322    0.0325189
   -0.124809    0.0105751    0.0279047    0.0620719
    0.127326   -0.0463051     0.035655     0.203574
  -0.0121891    0.0332404    -0.126632    -0.135265
    0.172336   0.00101076   -0.0418193    0.0813948
   0.0159948    0.0394061    0.0222708   -0.0826996
   0.0101969    -0.154334     0.284959    0.0783353
   -0.120301    0.0510808    0.0478866   -0.0973734
    0.111579      0.20936    -0.106198   -0.0317675
   -0.173702    0.0197867    -0.107151    -0.193237
    0.102361    0.0171302   -0.0677826   -0.0267262
  0.00826159   -0.0070497   -0.0742688   -0.0950861
    0.197607    0.0473691   -0.0438682     0.123691
  -0.0118663    0.0181359  -0.00694016    0.0741121
   0.0416404   -0.0249342    0.0547575    0.0894229
    0.145535    0.0652117   -0.0367926     0.107128
   0.0311383    0.0400523    0.0282748  -0.00729793
  -0.0101466    -0.127367    0.0260042    0.0876231
   -0.109447   -0.0230799    0.0865266   -0.0382461
 -0.00940994     0.116086    -0.107506  -0.00196503
   0.0582077   -0.0978075   -0.0834427   -0.0362142
   -0.354446    0.0279021    0.0996385    -0.197294
   0.0463515     0.101252   0.00375322     0.033539
   -0.153024   -0.0870322    0.0450521    -0.013207
   -0.123094  -0.00596221     0.138302   0.00288745
  -0.0908262   -0.0497769   -0.0925909    0.0160253
   -0.141169     0.146583   -0.0381386   -0.0702715
    0.263869     0.110805    -0.159344    0.0279013
   0.0475606    0.0663143    0.0944684     0.106449
  -0.0178509      0.15889   -0.0642609    0.0576183
   0.0564308     0.106418   -0.0997911   -0.0198573
    -0.18594     0.166741   0.00515584   -0.0501971
  -0.0572784     0.131151   0.00362474   0.00998308
   -0.443201    -0.143523     0.179648    -0.196967
   -0.225072   -0.0546606   -0.0433566    -0.164742
   -0.145655   -0.0318032    -0.035717   -0.0616853
    0.178796     0.144878   0.00561151    0.0403277
    0.129776     0.230491    -0.151669   -0.0465769
   0.0873318   -0.0881286    0.0287419    0.0543906
   0.0523775   -0.0906837    0.0864681    0.0602122
   0.0542849  -0.00889667    0.0180115   -0.0440158
   0.0203448   -0.0487861     0.132961    -0.024124
  -0.0074572     0.128266  -0.00085915   -0.0229269
  -0.0156717    0.0387506    0.0885626     0.167764
   -0.111364   -0.0395851     0.186365    0.0223815
   -0.160153   -0.0928816     0.118272   -0.0782041
  -0.0167968      0.11843    0.0223806    0.0605711
    0.342304   -0.0595066    0.0463863     0.213237
   -0.300699     0.054282   -0.0127854    -0.189598
  -0.0593801   -0.0932891     0.177007    0.0155725
    0.129266     0.125992   -0.0895755   0.00144126
    0.153631    0.0344364   -0.0610657    0.0492807
   -0.153902     0.111013    0.0688262   -0.0640624
   -0.033129   -0.0906686     0.130076     0.123168
  -0.0491807     0.017353    0.0205958  -0.00223281
   -0.409206    0.0354412    0.0710239    -0.241725
-0.000853616    -0.055009    0.0641872   -0.0232346
  -0.0383567     0.185828    -0.172639    -0.042531
   -0.281496    -0.104826     0.116009    -0.074195
    0.161393     0.102902  -0.00198385     0.151695
    0.100614    0.0762132    -0.043747    0.0766478
  -0.0731852   -0.0359987   -0.0360541    0.0861904
   0.0848798   -0.0103037    0.0617922     0.138737
  -0.0495334   -0.0273404     0.107324     0.014626
   -0.168824    0.0689163    -0.161224    -0.192659
  -0.0413087    0.0690712    -0.115404  -0.00510847
   0.0191777     0.254589    -0.304764   -0.0510758
    0.149788    0.0171476   -0.0503783    0.0297661
  0.00523566      0.12063  -0.00758037   -0.0901031
    0.526515    0.0541866    0.0324561     0.215554
 -0.00619161      0.11313    0.0456757   -0.0947864
  -0.0686973  -0.00444137    0.0323862   0.00193073
   0.0576323    0.0232452    0.0822738     0.107916
   0.0331202     0.130215    0.0313068    0.0727153
   0.0245905    -0.273443     0.199347   -0.0454955
    0.305307     0.187954   -0.0699769    0.0863526
   -0.131895   -0.0822199    0.0183547   -0.0278441
   0.0998799  -0.00311197     0.068349     0.090499
    0.143488   -0.0864688   -0.0364758    0.0584672
    0.132111    0.0493549   -0.0441436    0.0549306
   -0.247809     0.211257    -0.119483    -0.161346
   0.0520644    0.0799228   -0.0306809     0.140598
  -0.0627478     0.159347   -0.0811302    -0.117761
    0.104975     0.012742   -0.0272713   -0.0280666
   -0.108599     0.136101   -0.0160668  -0.00317736
  -0.0125649   0.00182233    -0.024375    0.0301113
    0.180607  -0.00533865   0.00650239     0.034941
   0.0253991     0.172906    -0.126912   -0.0158981
  -0.0104445     0.152176  -0.00559188    0.0315248
    0.178404     0.117649    -0.238399   -0.0845731
   0.0772542     0.112412   -0.0698794   0.00701413
  -0.0779007     0.205307    -0.240209    -0.118844
   0.0761624      0.25645    -0.165182   -0.0484932
    -0.12114     0.211763    -0.101221    -0.124183
    -0.12679    -0.122855     0.168382    0.0413084
   0.0583586    0.0260055   -0.0760236    0.0144179
    0.336551    0.0460449   0.00833763     0.180914
  -0.0120305    0.0607967    0.0463813   -0.0112377
    0.158342   -0.0899474     0.013726     0.132673
    0.239271    0.0521006   -0.0631192      0.11962
    0.165886   0.00130866   -0.0944192    0.0998147
    0.141263     0.137729   -0.0294811   -0.0103411
    0.183502    0.0826277   0.00767496     0.115946
  -0.0528381   -0.0485361     0.131112    0.0238758
   -0.435861   -0.0529271    0.0279905    -0.273502
-0.000609621    0.0682245  0.000954195    -0.141624
  -0.0939185      0.10901   -0.0293449   -0.0977733
  -0.0771307    -0.162297     0.183234  -0.00418202
   -0.110471   -0.0326732    0.0590087   -0.0353444
    0.324513     0.257286    -0.158722     0.132404
   -0.355609     0.101817     0.122626     -0.15622
   0.0566991    -0.112745    0.0874746    0.0430776
     0.11015    0.0915466   -0.0482109    0.0109327
  -0.0145564     0.131816   -0.0344994    -0.118574
   0.0219811    0.0264308    0.0413144   0.00818457
   0.0874934   0.00164033   -0.0885105   -0.0788327
    -0.30295   -0.0712631    0.0226644    -0.135028
  -0.0679105   0.00650373   -0.0834096   -0.0378822
   -0.104913   0.00773555     0.103428   -0.0407469
    0.270581    0.0547742    0.0659071     0.171331
   0.0127302     0.196256    -0.017239    0.0435962
    -0.27476   -0.0952576    0.0189488    -0.129737
    0.210956   -0.0653999      0.10461    0.0776348
   0.0912172     0.267165    -0.163395    -0.104377
    0.175031  0.000644435  -0.00771506    0.0774841
   0.0754942    0.0585446  -0.00112473  -0.00394521
  -0.0101519     0.136833    -0.177651   -0.0547062
  -0.0458365     0.128565   -0.0537456    -0.068781
   0.0228412    0.0226806    0.0742623     0.123882
   -0.114743   -0.0529743     0.111941   -0.0358718
   0.0511707  -0.00921005   -0.0690975     0.110548
    0.005505    0.0599064   -0.0242388    0.0720566
  -0.0830911     0.220134   -0.0852045    -0.105739
  -0.0354359   0.00937383    0.0207293    0.0422095
   -0.127838     0.114012   -0.0794572    -0.113229
  -0.0840822    0.0149709   0.00348754   -0.0451892
    0.149745    0.0915415   -0.0627333   -0.0308495
  -0.0656522   -0.0705012     0.144891   -0.0314571
   -0.109727   -0.0644572     0.197141   -0.0251398
   0.0554323    0.0178223    0.0458129     0.102602
   0.0282953     0.113684   -0.0482991   0.00336822
   0.0522607    0.0525489    -0.018867   -0.0339714
   -0.335631    0.0659472   0.00264512    -0.126472
    0.159588     0.193755    -0.188375     0.034317
   0.0450506   -0.0569075     0.137395   0.00663444
  -0.0429502    -0.121795      0.14532    0.0329939
   0.0108693    -0.101125    0.0571069    0.0535366
      0.0529     0.133913   -0.0857132   -0.0291285
    0.074442   -0.0591975   -0.0088034     0.041621
   0.0865502    -0.085144  -0.00400267    0.0525004
   -0.209993   -0.0292721    0.0500425   -0.0764807
    0.135658    0.0980076    -0.130402    0.0209116
    0.216799    0.0856477   -0.0726065    0.0474143
   -0.324807    -0.103379     0.162548    -0.103112
  -0.0805492   -0.0971945   -0.0380854    -0.138601
  -0.0930568    0.0355244     0.156774    -0.050612
   -0.237052    -0.101431     0.194161   -0.0345292
   -0.101221    0.0479223     0.132748   -0.0121208
    -0.10299   -0.0630614  -0.00359197    -0.068957
   0.0121875     0.213296    -0.228099   -0.0323514
    0.198812  -0.00579089    -0.123865    0.0112482
    0.243515   -0.0359025   -0.0354701    0.0612329
  -0.0529463  -0.00978874  -0.00205468    -0.052719
     0.28347     0.237026    -0.225316     0.111173
   -0.105082    -0.304467     0.230538   -0.0262811
    0.218725     0.083207    0.0313015     0.100744
    -0.33884   -0.0816193     0.143925    -0.120579
   0.0657784    -0.190708     0.102651    0.0863252
  -0.0924948    0.0406253   -0.0069368   -0.0145956
   -0.209996     0.173173   -0.0278065   -0.0267612
   0.0816384  -0.00151561    0.0710879    0.0418847
  -0.0278524     0.209306      -0.1001   -0.0599316
  -0.0510433   0.00724236    0.0627724    0.0711018
    0.333318   -0.0276624   0.00389789      0.22611
   -0.026584    -0.148254     0.164755    0.0334123
   -0.243877     0.151312      0.14086    -0.193873
   -0.288986     0.324824     -0.21761      -0.2519
  -0.0931269    0.0254626    0.0734128   -0.0230858
    0.113526     0.140457    -0.015805   -0.0860295
   -0.160973   -0.0130765    0.0301707   -0.0562097
   -0.286178    0.0043265     0.151649    -0.152939
   0.0709916    0.0779673   -0.0277743     0.063563
  -0.0282322   -0.0705628     0.067737    0.0614314
    0.134156     0.244588    -0.155376    0.0298533
   -0.113881    -0.091638    0.0739231   -0.0282654
   -0.192067    -0.103256     0.110061   -0.0249351
   0.0379565    0.0826585     -0.13128   -0.0964691
    0.171739    0.0893718    0.0288887      0.13887
  -0.0928865     0.181529   -0.0988046     -0.14084
  -0.0875071    0.0252523   -0.0303873   -0.0889905
     0.12398     0.144719   -0.0860902   -0.0475677
   0.0384572    -0.238823     0.216686     0.181304
  -0.0777195    0.0810846    0.0140957   -0.0534271
    0.268614   -0.0450301    -0.150143    0.0914156
 -0.00788012     0.088408   -0.0761864    -0.107132
    0.191927      0.19026   -0.0373394     0.152477
   0.0202959    -0.201705     0.244194    0.0949466
    0.286486    0.0611904   -0.0599909     0.127454
   -0.122999    0.0616644    0.0501402   -0.0611898
   -0.148121     0.145825   -0.0110872    -0.119362
   0.0238048    -0.119829   0.00892946    0.0144071
   -0.323592    0.0242269    0.0381275    -0.167337
   -0.139119     0.123173    -0.248985    -0.183919
    0.267148   -0.0318926     0.108982     0.112147
    0.170936   0.00062047     0.050354     0.056826
   0.0815605    0.0750273   -0.0396604    0.0931533
     -0.3138     0.242927   -0.0858674    -0.146807
  0.00316181   -0.0833718    0.0899285    0.0458935
  0.00903309     0.182064   -0.0959638   0.00792973
   -0.211765  -0.00633122   -0.0329747    -0.093611
    0.130928   -0.0153608    0.0368374    0.0226777
  -0.0776054    -0.120234    0.0311958   -0.0679213
    0.110666     0.093668   -0.0872322     0.109413
   0.0182141    0.0263386   -0.0222355    0.0852742
    0.132717     0.273244    -0.286456    0.0364711
  -0.0404169    0.0972095   -0.0967576    -0.101896
  0.00580324     0.121751    -0.103688   -0.0967767
   0.0453953   -0.0917411    -0.332009    -0.274987
     0.12663     0.154055    -0.103855   -0.0749082
   -0.103146 -0.000630666   -0.0288508   -0.0819204
 -0.00937129   -0.0237714   -0.0440892   -0.0600715
   0.0870643     0.143685    0.0569346    0.0131437
  -0.0831653   -0.0495812   -0.0477975   -0.0990588
   -0.191386     0.153175    0.0172255   -0.0889562
   -0.033156     0.124849   -0.0537682   0.00337052
    0.249233     0.037662  -0.00310759    0.0908806
   -0.330631   -0.0562202     0.176295    -0.215449
   -0.250828     0.141657   -0.0978569    -0.227565
   -0.117063     0.013612    0.0207062    -0.091556
   0.0393026    0.0525998    0.0475325    0.0719673
  0.00815963   -0.0325694    0.0243461   -0.0693978
   0.0430913    0.0352387     0.114081     0.036043
  -0.0608201     0.137688   -0.0466821    0.0176423
    0.064526    0.0429062    0.0463318  -0.00735602
  -0.0433899    0.0830454   -0.0697776    0.0153393
    -0.11103  -0.00753416   -0.0377681   -0.0828778
     0.27695     0.153966    -0.125382    0.0890444
    0.104319     0.049635  -0.00579292     0.100846
   0.0495403    0.0349384  -0.00359975    0.0978359
  -0.0955949     0.330794    -0.306928   -0.0708065
   -0.032733    -0.127299      0.15189     0.121923
    0.137513     0.137141   -0.0206402    0.0368531
    -0.62045     0.226954    -0.086076    -0.400135
   0.0319909    0.0198443     0.107396    0.0346245
  0.00880072    0.0440698     -0.10249   -0.0695853
  -0.0761466    0.0753524    -0.107756    0.0239928
   -0.259112    0.0762201     0.144195   -0.0397094
   -0.218658   -0.0225349     0.156117   -0.0362878
    0.123838     0.162904   -0.0345713    0.0583465
    0.196639     0.130675   -0.0790426   -0.0251314
   0.0855366    -0.207394      0.15465    0.0719564
   0.0348779     0.108852    -0.035106   -0.0292501
  -0.0158302   0.00493222   0.00377319   -0.0489167
    0.184165    -0.107467     0.292615     0.120074
 -0.00651043     0.120437   -0.0534337   -0.0204742
    0.132156    0.0205786     0.111627    0.0616952
  -0.0836024     0.154443   -0.0679038   -0.0614984
  -0.0252786    0.0372426     0.048037    0.0789739
  -0.0781069  -0.00230993   -0.0153476   -0.0715064
   -0.177809    -0.119418    0.0848544   0.00224808
  -0.0438392   0.00972203   -0.0343267     -0.13131
    0.197726    0.0398305   -0.0276968     0.106519
  -0.0430795   -0.0716684     0.256478    0.0731003
  -0.0592597   -0.0900192    0.0686301   -0.0844937
   0.0338236   -0.0588311    0.0783461      0.01785
  -0.0863163    0.0591187    -0.159376   -0.0440906
    0.162813     0.132794    -0.132842   -0.0235782
    0.194677     0.229829    -0.189945  -0.00474331
    0.125574   -0.0377245   0.00425011     0.134052
    0.119946    0.0632894   -0.0244398    0.0841209
   -0.160012    -0.134719     0.122849    -0.119563
  -0.0793271    0.0551793    0.0588541   -0.0800354
   0.0936109  -0.00338333  -0.00716985     0.132285
    0.160668   -0.0276234     0.147814      0.10015
    0.095144    0.0822877    0.0417497    0.0736109
    0.155922     0.149948    -0.314583   -0.0938087
   0.0954538   -0.0186073  -0.00718427    0.0847726
   0.0833193      0.11702   -0.0238532    0.0326532
   -0.336855     0.140731    0.0581785    -0.130258
   -0.148612   0.00438324    0.0240151   -0.0061694
  -0.0620933     0.121811   -0.0150898    0.0234899
   0.0540906    0.0313229    -0.059508     0.133864
   -0.226106    0.0110481     0.101295   -0.0276683
    0.235665     0.132519   -0.0722438    0.0126537
    0.104939    -0.125131     0.224311     0.205703
  -0.0657023     0.157161    -0.145427   -0.0328676
    0.175082   -0.0541027     0.051036    0.0517816
   0.0592822    -0.159735    0.0836846    0.0823886
 -0.00160683    0.0580188   -0.0242543    0.0260133
  0.00678402    -0.129188    0.0953059   0.00545052
   0.0599881    0.0349498    0.0243798    0.0803023
  0.00972219    0.0414873    0.0560602    0.0348446
   0.0305848   -0.0906653    0.0268959    -0.035269
     0.08918  -0.00515027    0.0362079    0.0403908
   0.0313928   -0.0946704     0.108985    0.0984344
   -0.115782    0.0536547    0.0260449    -0.128196
    0.182892   -0.0882184    0.0556671    0.0906057
  -0.0477447   -0.0230844    0.0265141   -0.0489672
   -0.219043    -0.125584     0.250102   -0.0166684
     -0.4807    0.0390963    0.0109292    -0.171787
   0.0595602    0.0767897   -0.0171921    0.0843559
   0.0080056    0.0434833    -0.112946  -0.00554015
   0.0667074     -0.23569     0.137742    0.0731093
   -0.177027     0.011038    0.0336974   -0.0566104
   -0.179679    0.0417291   -0.0491992   -0.0972507
   0.0750239    0.0193035    0.0817003    0.0290574
    0.102141 -0.000677265   -0.0384618     0.119647
  -0.0529785   -0.0499454     0.136462   0.00313409
     0.25039      0.13259   -0.0839447    0.0886225
    0.144519   -0.0296823     0.026431     0.131344
   -0.140474     0.237433    -0.172728    -0.180523
   0.0207444    -0.095897    0.0570341    0.0799272
  -0.0560705    0.0407092     0.105833    0.0197841
   -0.062367    -0.286113     0.322496 -9.61926e-05
   0.0265427  -0.00797064    0.0590749     0.127693
   -0.107342     0.190568    -0.140742   -0.0416672
  -0.0127022  -0.00410293    0.0405944  -0.00504671
  -0.0141646     0.047151    -0.110246   -0.0806536
   -0.172376    0.0325736   -0.0203026      -0.1957
   -0.013999    0.0941399    0.0757218   -0.0117012
  -0.0435978    0.0885072    0.0464061   -0.0200089
   0.0549443   -0.0848306   -0.0640658    0.0659805
  -0.0275242   -0.0555445    0.0599994   -0.0152694
 -0.00939956    0.0368898   -0.0223203   -0.0835443
   -0.264613   -0.0203991    0.0799366    -0.139816
   -0.111911     0.225703    -0.273502    -0.184533
   -0.177455    -0.136204    0.0239324    -0.206716
    0.175757   -0.0224968   0.00146059     0.079605
  -0.0310455    0.0991232   -0.0540217    -0.022516
    0.228419   -0.0354067   -0.0489462    0.0742433
  -0.0782533      0.16067    -0.154538    -0.197653
   -0.103218     0.197234    -0.076675   -0.0690483
  0.00760169    0.0463032   -0.0801444    0.0344403
 -0.00423184    0.0169087   -0.0892055   -0.0180356
   0.0692641  -0.00524752    -0.368097    -0.203894
      0.1651    0.0120385   -0.0560845     0.197689
    0.110707   -0.0273856    0.0619197    0.0549672
  -0.0761296   -0.0759257    0.0694716      0.06184
    0.117984     0.110096   -0.0515897     0.012015
   -0.134818   -0.0449624   -0.0657486    -0.120521
    0.128894   -0.0404773   -0.0228106     0.125317
  -0.0542173   -0.0993435     0.102783   -0.0307823
   -0.151868     0.215819   -0.0182351    -0.157649
  -0.0698666   -0.0808915     0.206546    0.0267448
    0.107174    0.0463125    -0.193555    -0.112689
    0.108589     0.266006    -0.129806    0.0147927
  0.00198178    -0.247582     0.161052     0.011963
   -0.375851     0.143308   -0.0727875    -0.304918
    0.287856   0.00416584    0.0165427    0.0721633
   0.0578161   -0.0761553     0.082796    0.0329127
 -0.00676452   -0.0297391    0.0119803   0.00223455
   0.0319641     0.109108    0.0172639    0.0274866
     0.12319    0.0852048   -0.0587062    0.0398495
     0.49765    0.0526039    -0.123518     0.313759
  -0.0841156   -0.0374532     0.125042     0.072236
   0.0990875    -0.145654     0.142238     0.119224
   -0.272449    -0.122941     0.291976   -0.0791618
   -0.170958     0.100721    0.0426581   -0.0159436
 -0.00861868   -0.0892491     0.214648    0.0858865
   -0.039272   -0.0333927    0.0459134   -0.0334101
   0.0541015    -0.112939      0.02705     0.108503
  -0.0491146    0.0432239    0.0634648   -0.0208808
  -0.0697217   -0.0539047    0.0986181   -0.0759805
  -0.0711791    0.0245833   -0.0580733   -0.0329378
   0.0930143     0.105331   -0.0546161  -0.00142082
  -0.0394516    0.0317651    0.0430085   -0.0440254
   0.0200346   -0.0376286    0.0893546    0.0662434
    0.160945      0.33184    -0.323578     -0.10145
    0.188931  -0.00502344    0.0240211     0.165742
   -0.156514    0.0218031    0.0504421   -0.0677613
  -0.0457933   0.00776324     0.136804     0.058769
   -0.140899     -0.16861     0.130833   -0.0277854
  -0.0839415    -0.148269     0.132219   -0.0490082
   -0.239364   -0.0491789     0.152771   -0.0543783
  -0.0308289     0.169463   -0.0538013   -0.0175085
  -0.0456289   -0.0200409    -0.396303    -0.258068
   -0.310806     0.042719    0.0750218   -0.0791281
    -0.22963     0.127202    -0.101149    -0.184179
   -0.308239    0.0610281    -0.104162    -0.136586
    0.181781     0.085058    0.0158251       0.0906
    0.121552     0.321484    -0.161675   -0.0242144
  -0.0464971    -0.146947     0.264539     0.121313
    0.121615     0.190787    0.0278133    0.0192156
    -0.10557   -0.0340407    0.0547676    -0.130381