   0.0352435     0.280452    -0.199245    -0.121563
   0.0684202     0.218416    -0.175237   -0.0764842
   -0.150237     0.239052    -0.252383    -0.237024
   0.0904191    0.0374145    0.0993907    0.0427548
  -0.0058651   -0.0642476    0.0830716    0.0565147
    0.165719   -0.0916821    0.0334844     0.104536
  -0.0851963   -0.0921617      0.13901   -0.0594962
   0.0975769    -0.288767     0.241705    0.0821704
  -0.0129681   -0.0560453     0.110065     0.018389
 -0.00452405    0.0692702    -0.143944    0.0177312
 -0.00695199    -0.032478    0.0234797   -0.0892919
  -0.0757813   -0.0122574   0.00114365   -0.0624509
    0.146774    -0.096308    0.0741952     0.190308
   -0.343917   -0.0467692      0.16975    -0.214422
   0.0503966     0.048826   -0.0301958   -0.0755657
  -0.0854059    -0.171504     0.158853     0.083511
   0.0268967      0.37767    -0.371851    -0.102383
   -0.089817     0.183605    -0.128097    -0.142221
    0.394781   -0.0477264    0.0949421     0.104261
    0.104732  -0.00302923   -0.0909566   -0.0406099
    0.129057     0.139105    -0.115086    -0.011334
   -0.155518     0.318003    -0.150603    -0.224103
   0.0278415    0.0178272   -0.0413921    0.0451823
    0.109142   -0.0382743   -0.0236283    0.0639899
    0.213329    0.0725416   -0.0739009   -0.0189947
   0.0785175     0.104221    0.0172546      0.10009
   0.0260093    0.0201111    -0.100633   -0.0311891
   -0.301851     0.265334    -0.147621    -0.330147
   0.0971995   -0.0908074     0.155776    0.0758355
  -0.0422377   -0.0547046    0.0582768   -0.0614567
    0.099945    -0.252378     0.222802     0.213566
   0.0446853   -0.0230288    0.0175968   -0.0209633
  -0.0599213    0.0915725    0.0663757  -0.00736642
    0.174414     0.141144    -0.151885   0.00266858
   -0.142974     0.193448    -0.247072   -0.0403519
    0.198328   -0.0939244     0.078114     0.108084
   0.0381004    -0.031078    0.0607869    0.0192608
    0.127383    -0.152505     0.185509    0.0376508
   0.0730715     0.138766    -0.126114    0.0182956
   -0.202703    0.0175572   -0.0311245   -0.0543542
     0.17632    0.0273772    -0.177245      0.05018
 0.000505016    0.0931638   -0.0403065     -0.04918
   0.0177234   -0.0356104   -0.0466705    0.0546753
   -0.262546   -0.0527548    0.0659392   -0.0491897
  -0.0518701     0.109981    -0.268212    -0.280576
    -0.17159    0.0741306     -0.08708    -0.145671
   0.0020652      0.12124   -0.0647601   -0.0727315
     0.14514    0.0701387   -0.0856493    -0.038286
  -0.0332331     0.135099    -0.212218   -0.0918414
   0.0107653   -0.0343243     0.048685   -0.0152369
    0.153044     0.204565    -0.330444    -0.120448
  -0.0841988      0.11244    -0.204589   -0.0958974
  -0.0703643    0.0928758    -0.068956   -0.0628904
    0.110924    0.0321471   -0.0119139   -0.0523149
     0.19179     0.235807    -0.152258    0.0246931
  -0.0489216     0.155072    -0.302374    -0.264636
    -0.11897    -0.018734     0.136705   -0.0594091
  -0.0397678     0.302783    -0.220627   -0.0516527
  -0.0383558    -0.045868    0.0174689    -0.108275
    0.147143     0.109814   -0.0725614    0.0743799
   -0.451913    -0.147149     0.124016    -0.250033
    -0.23328     0.243604    -0.134458    -0.217768
   -0.181281     0.318471    -0.218939    -0.137976
    0.110138     0.171919   -0.0656557    0.0717343
    0.346318    -0.297803     0.167488     0.179126
  -0.0448732     0.186444    -0.157397   -0.0919258
    0.092142   -0.0442815   -0.0601724    0.0790038
  -0.0822498    0.0366591    0.0506384   0.00371067
   -0.146584    0.0372549   -0.0449404    0.0187847
  -0.0308952     0.111508    0.0113233    -0.101204
   0.0324522    0.0549021   -0.0115001    0.0354612
   0.0926383   -0.0512447   -0.0823092    0.0240791
   0.0604937    0.0811264  -0.00596962   -0.0332832
   0.0381055     0.087381    -0.122921   -0.0430638
  -0.0161079     0.110131    -0.153553    0.0446292
   -0.226887     0.308343    -0.138481    -0.174911
   0.0777692    -0.246918     0.154271     0.127498
   -0.132969    0.0571847   -0.0662532    -0.101236
   0.0313098     0.153272     -0.11874   -0.0261231
  -0.0769724    -0.283146    0.0546976    0.0614367
  -0.0500177    0.0052362   -0.0010394   -0.0753693
    0.171545   -0.0329822    -0.100726     0.165529
    -0.10847    0.0608416    0.0267344   0.00787232
   -0.135872    0.0756934   -0.0352793    -0.100466
    0.066506     0.190499    -0.218012   -0.0936706
   0.0981556    -0.126417     0.127435      0.11703
  -0.0461397     0.109691    -0.111848   -0.0995515
   -0.251075     0.349331    -0.312164    -0.382364
    0.386752     0.345568    -0.276771     0.184855
  -0.0103893     0.144325    -0.238257   -0.0990525
   -0.213762    -0.101281     0.117057    -0.033294
   -0.448415   -0.0506045     0.102746    -0.108648
   0.0586026      0.14146    -0.195944   -0.0454052
    0.100713     0.237572    -0.161531   -0.0166696
    0.208675    -0.171907     0.189215     0.164053
   0.0336239   -0.0614418     0.129364     0.043225
  -0.0175223      0.10733    -0.128184   -0.0214392
   -0.130716    0.0826679   -0.0105501   -0.0765971
   0.0935602    -0.117644     0.131544    0.0716566
  -0.0864138   -0.0589798    0.0341244  -0.00328932
  0.00477779    0.0615568   -0.0884207  -0.00376299
   0.0356043   -0.0325348   -0.0404698    0.0372008
   -0.318902     0.143114    -0.134631    -0.199422
   0.0423968    -0.103397     0.133113     0.039213
   -0.305805     0.198014    -0.275798    -0.358685
    0.103057   -0.0208362    0.0738437    0.0915772
   -0.104861    -0.145845     0.101081    0.0390328
   -0.291393     0.199566   -0.0533839    -0.234745
    0.159505    -0.145335    0.0521978     0.141022
    0.117251   -0.0717684     0.062052    0.0756458
 -0.00141639     0.100921    -0.291301    -0.200499
   -0.254681  -0.00440024   -0.0601594    -0.106371
    0.118719    -0.133398     0.169502   -0.0214611
   0.0873717   -0.0254131   -0.0291443    0.0257612
    0.102583   0.00257548   -0.0836694     0.122325
   -0.279144    0.0742796     0.047633    -0.241438
   -0.101788 -0.000665999    0.0393955   -0.0482323
   0.0981116     0.109757   -0.0689229   -0.0589753
    0.216753    0.0163437    0.0223687    0.0451347
  -0.0233704    0.0314119    -0.108038    0.0120317
    0.112694    0.0699117  -0.00311279    0.0720211
  -0.0106459    -0.111756   -0.0320522   -0.0276904
  -0.0457413     0.124234   -0.0142292    -0.103574
   0.0588521     0.176677    -0.132552   -0.0798655
   0.0421495    -0.283243     0.242058    0.0532143
   0.0152975    0.0702904   0.00192848    -0.043349
   -0.105744      0.11478   -0.0430931   -0.0646082
  -0.0304427   -0.0590884   -0.0491516     0.039528
    0.184269   -0.0919694    0.0320736    0.0335099
   -0.120277    0.0696161     0.049163   -0.0378764
  -0.0766806    0.0391581    0.0586391   -0.0330453
    0.119803   -0.0268397   -0.0151495    0.0120674
   -0.218015    0.0550179  -0.00403546    -0.152335
  -0.0313674     0.327705    -0.161717   -0.0944917
     0.43422     0.476194    -0.480177  0.000766389
    -0.14769     0.106232   -0.0128691    -0.123156
  -0.0358417   -0.0328629    0.0733472   -0.0260542
   0.0341723    -0.143254     0.128733     0.118082
   -0.044788     0.126294    -0.171607   -0.0818747
   -0.163873     0.148841   -0.0806721   -0.0733595
   -0.216717     0.463552    -0.293137    -0.286156
    0.181526     0.152718   -0.0570421     0.117788
   -0.212026   -0.0174041   -0.0623619      -0.1145
    0.155453      0.16661    -0.274633   -0.0898554
   -0.189437     -0.10906    0.0726349    -0.134371
    -0.07422     0.116518   -0.0563772    -0.140564
 -0.00720873     0.130145   -0.0404466    0.0022467
   -0.112107    0.0695914  -0.00563546    0.0374805
      0.0678   -0.0960632     0.047239     0.129851
  -0.0536856   -0.0635456     0.126402      0.13254
    0.102512     0.144798      -0.2195   -0.0101926
  -0.0169056  0.000945469  -0.00314952   -0.0513855
   -0.150511     0.433387    -0.347233    -0.295541
   -0.132734    0.0493739    0.0145971   -0.0857156
   -0.339023     0.487335      -0.3342      -0.2381
    0.112437    0.0318485   -0.0114546   0.00560125
    0.139724   0.00971952  -0.00383278    0.0593606
 -0.00583413    0.0159747    0.0915231   -0.0450333
   -0.292449    0.0413257     0.040244    -0.180851
    0.206083    0.0985185    -0.188331  -0.00765075
    0.224755    0.0913506    -0.119233   -0.0257361
   -0.106685    0.0130052     0.066004   -0.0869576
  -0.0738826   -0.0549869    0.0465545    0.0903142
  -0.0238133     0.121802   -0.0314786   -0.0286654
   0.0402955    0.0607619   -0.0972304   -0.0228364
     -0.1601   -0.0635185    0.0950815   -0.0239312
   0.0593671   -0.0663261   -0.0476095   -0.0106681
    0.138243     0.195603   -0.0931801    0.0777907
   -0.149648     0.214594    -0.118205   -0.0765105
    0.147438    0.0621103 -0.000564949    0.0106552
    0.343806     0.122377    -0.184332     0.216605
 -0.00454431     0.150459    -0.226438    -0.115404
   -0.114813    0.0846398   0.00338693    0.0291201
   0.0194993    -0.044021   -0.0254421   -0.0426039
   -0.134145    -0.110643    0.0509562   -0.0321813
   0.0540156    -0.131361     0.122575    0.0836813
   -0.127015     0.137847   -0.0229602   -0.0788774
   0.0967094     0.176538    -0.150528    0.0118312
   0.0121483   -0.0225752    0.0019026    0.0498619
  -0.0396887    0.0825069   -0.0333584   -0.0613726
   -0.220309    0.0448876    0.0551273   -0.0931437
   -0.199581      0.21446    -0.109507    -0.182233
  -0.0733103    0.0524095   -0.0177177   -0.0123326
   0.0966471   -0.0930329    0.0570412    0.0721055
    -0.16645    0.0679873    -0.096953    0.0419331
 -0.00727285     0.153365    -0.175708    -0.154721
    0.200444    0.0518718    0.0157403    0.0512945
   -0.244145     0.379584    -0.296757      -0.2683
  -0.0387588    0.0217831   -0.0973438   -0.0434673
   0.0920177    0.0282646    0.0331863    0.0703729
   0.0478642   -0.0948438   -0.0406986    0.0110469
   -0.635765     0.426811    -0.226337    -0.383537
    0.157527   -0.0142102    0.0727168    0.0563814
 -0.00333265    0.0558559    -0.052792   -0.0801196
   -0.174547    0.0190466    0.0479305   -0.0162301
   -0.138694    -0.129309     0.122619   -0.0115376
  -0.0719367    0.0908879   -0.0545574    -0.106376
  -0.0572802    0.0519239    0.0664323    -0.058148
   -0.423671     0.720109    -0.615731    -0.470286
    0.149988    0.0329432    -0.122251     0.210988
   0.0978393    0.0483936    -0.055058    0.0734715
   -0.233251   -0.0618819     0.026526    -0.109707
   0.0466094   -0.0147329  -0.00768186    0.0831088
   -0.366633     0.224875     0.008532    -0.153641
   0.0376821    -0.148495    0.0541621   -0.0112114
   -0.106566    0.0852127   -0.0171907   -0.0498023
   0.0644611     0.131281   -0.0621293    0.0432789
    0.141561   -0.0104302    0.0535754    -0.010779
    -0.20728   -0.0977769    0.0473868    -0.121726
  0.00767089    0.0409537  -0.00483736    0.0755923
   -0.129291    0.0182107    0.0662765    -0.137044
    0.106286  -0.00668444    0.0578436     0.146949
   -0.253141     0.230743   -0.0319631     -0.23789
 -0.00851059    -0.183239    0.0884435     0.146383
   0.0192635    0.0353156  -0.00970431    0.0158594
   0.0321196    0.0958901   -0.0762789  -0.00453585
   0.0983095   -0.0706567     0.114499     0.075954
   0.0562205    0.0948347    -0.137701   -0.0999315
 -0.00680176    0.0635243   -0.0126299    0.0332542
    0.322541     -0.25762     0.154188     0.243728
    0.123771    0.0809593    -0.108028     0.117261
  -0.0185277     0.117559    -0.150471   -0.0104014
   -0.140127   -0.0661131   -0.0116468  -0.00783114
    0.157474    0.0839268   -0.0324648   -0.0345412
   -0.170478    0.0374833    0.0607261   -0.0747663
   0.0566159    0.0828834    -0.118656   -0.0173847
   -0.253751   0.00467312    -0.074541    -0.103029
   -0.279048     0.171114    -0.201508    -0.297263
     0.29802    -0.087905   -0.0726891     0.172036
  0.00335393   -0.0293819   -0.0741344   0.00342391
    0.225148     -0.10917    0.0732864     0.130517
   -0.190101    -0.107775    0.0553286    -0.103234
   -0.412005    -0.186154     0.217668   -0.0748201
   0.0388093    -0.082081    0.0939167    0.0604682
   -0.143293     0.265373    -0.221369    -0.125116
   -0.095672     0.120409     -0.12982    -0.089305
   0.0665075    -0.175937     0.115493   0.00561218
  -0.0992284   -0.0633055   -0.0071367   -0.0522397
   -0.202199     0.136975    -0.125631    -0.161678
   0.0154288   -0.0296458    0.0186432    0.0256226
   -0.235349     0.415239     -0.39729    -0.372992
   -0.395633     0.234846    -0.268603    -0.233279
  -0.0214848     0.151623   -0.0744052     -0.10554
  -0.0921472     0.270395    -0.103299    -0.181008
    0.245197    0.0875723    -0.118208    0.0985131
     0.03468   -0.0887927    0.0972765     0.118868
   -0.171668    -0.129391     0.118281   -0.0061691
   0.0322676    -0.190747     0.153227   -0.0445646
   -0.180024     0.208255   -0.0825223    -0.214588
  -0.0055631   -0.0400125    0.0747033   -0.0187976
    0.151002   -0.0971085   -0.0716463     0.124259
   0.0454325    0.0287066      0.06588    0.0464409
   -0.272838     0.148013    -0.185453    -0.219831
   -0.326288   -0.0319316    0.0754498    -0.139554
    0.118435    -0.105864     0.138012    0.0758444
    0.186758    -0.273575       0.1333     0.124886
   -0.113002     0.140642    -0.147723    -0.156715
  -0.0220032    0.0353034   -0.0609357   -0.0859855
   0.0824142    -0.150654     0.136469    0.0386463
  -0.0876245     0.672531    -0.681292    -0.335744
  -0.0711005     0.045868   -0.0273443   -0.0550872
   -0.172953   -0.0283878   -0.0214115    -0.130581
    0.079196      0.14287    -0.237228    0.0586115
     0.28473     0.105912   -0.0242565    0.0826046
   -0.104432     0.214457     -0.11059   -0.0393001
   -0.238396     0.270045    -0.192036    -0.282848
    0.241583      0.10471    -0.112019    0.0981547
   -0.147368   -0.0683733    0.0516764   -0.0944979
  -0.0644987    -0.170507    0.0314479    -0.135708
   0.0296002    0.0138494   -0.0152303   -0.0512387
    0.072034   -0.0969695     0.172962    0.0554774
   -0.151689    -0.247645     0.316324   -0.0470773
    0.165767   -0.0339413   -0.0539299     0.090106
   0.0244587     0.186036    -0.251022     -0.05671
   -0.185018  -0.00669075     0.152647   -0.0182781
  -0.0536168   -0.0251355    0.0131328   -0.0888309
   -0.175993   -0.0650741      0.20022     -0.05411
    0.248069    0.0788417    -0.100044     0.203838
   0.0946068     0.203756    -0.251466   -0.0923047
    0.153472    0.0113126   -0.0562195     0.069841
   0.0508098    0.0491125    -0.134901  -0.00493039
   0.0446583    -0.193336     0.117432    0.0896921
    0.156261   -0.0527588    0.0258321    0.0996677
  -0.0456267   -0.0830552   -0.0169225   -0.0590015
   -0.257944    0.0846588    0.0634156    -0.203861
   0.0653399    0.0163222   -0.0177641   -0.0561955
 -0.00993404     0.121253    -0.141526    -0.105722
    0.112784      0.17173     -0.18851   -0.0321468
     0.21281    0.0293558   -0.0275498    0.0445307
 -0.00692303    -0.143768     0.071889    0.0572603
   -0.532356     0.686848    -0.545298    -0.490653
  -0.0827114   -0.0879362    0.0719124    0.0575886
   -0.330424    0.0911022    -0.031742    -0.147652
   0.0826002     0.147909    -0.119946   -0.0392371
    0.187535   -0.0399538     0.013647    0.0508318
    0.048153     0.134478   -0.0838991     0.018303
   -0.168834    -0.199961     0.132322   -0.0152936
   -0.153319    0.0620548    0.0526014   -0.0551964
   0.0918415   -0.0854173    0.0580413    0.0503065
    0.098072    0.0507696  -0.00423603   -0.0568414
   0.0467842      0.32282    -0.257249   -0.0638457
    0.244443    -0.147711    0.0254694     0.157382
    0.051061    0.0131449   -0.0385714    0.0100799
   -0.499012     0.335984    -0.242819    -0.381243
  -0.0389564     0.110024    -0.115758   -0.0188116
   -0.171186     0.433615    -0.245907    -0.225118
  -0.0232786   -0.0400591      0.03271  -0.00717329
  -0.0614173    0.0306168     0.024837    0.0140711
   -0.117185    -0.022782   -0.0176908   -0.0896214
   -0.125483   -0.0432437    0.0333222    -0.105697
  -0.0999097    0.0687832    -0.160593    -0.103053
   0.0660419     0.019656   -0.0375675   -0.0570314
   -0.189443    0.0375771   -0.0450061   -0.0277211
   0.0421249    0.0249659    -0.092593    -0.077482
   -0.123884      0.24347   -0.0542316   -0.0304935
   -0.306629   -0.0628692    0.0627083   -0.0809722
   0.0646921     0.172015    -0.234113   -0.0568557
   -0.483486    0.0160561   -0.0474541    -0.267984
  0.00843292    -0.171197    0.0743723    0.0449322
  -0.0873002   -0.0757982    0.0952244    0.0776588
   -0.255138     0.158242    0.0280786    -0.233871
   -0.159974     0.104245    -0.128848    -0.180894
    0.195906     0.027972   -0.0684293    0.0819392
   0.0836966      0.17604    -0.089284   -0.0671106
    0.135165   -0.0189462    0.0716511     0.133046
    0.203387    -0.161142     0.165427     0.186868
   -0.143896     0.220368    -0.194583    -0.176663
   -0.518162     0.332824    -0.337783     -0.40982
   0.0831835    -0.234642      0.12126    0.0483957
   -0.149804      0.25599    -0.326493    -0.134488
  -0.0315864     0.101245   -0.0358624    -0.026287
   0.0384077  -0.00543844   -0.0233336    0.0323478
   0.0510568    0.0472542   -0.0485983   -0.0364153
   -0.124438 -0.000879857    0.0570218     -0.11882
    0.107546  -0.00203514     0.067628    0.0946681
  0.00983242    0.0531832    0.0485708   -0.0281867
    0.184294    -0.171693    0.0800776     0.132396
     0.14716   -0.0610097     0.112456     0.153384
   0.0800675     0.164308    -0.179467   0.00212686
   0.0366521   -0.0814592    0.0404065    0.0791648
    0.251027    -0.169356    0.0633394     0.046647
   0.0459927     0.021521   -0.0623337   0.00784772
    0.112691    -0.222866     0.173949      0.10046
    0.222627    0.0380779   -0.0797067    0.0226415
   -0.138935    0.0613443   -0.0273792   0.00659311
   0.0723509   -0.0144763   -0.0416769   -0.0276376
    0.133268    0.0647262   -0.0763095   0.00103669
  -0.0402673     0.296434    -0.395454    -0.168051
    0.152024   -0.0450132   -0.0205815    0.0700885
   0.0965033    -0.201808     0.197567     0.129849
   0.0774893      0.10097   -0.0970733   0.00895349
  -0.0881784    0.0993325    -0.104931   -0.0646726
   -0.229278    0.0270048     0.105329    -0.204435
    0.370667     0.181947    -0.178744      0.08871
 -0.00173913    0.0278821   -0.0885268    0.0235861
 -0.00109341    -0.147034     0.218651    0.0699516
 -0.00201827   -0.0537803    -0.123136     0.030469
   -0.166725     0.456672    -0.242244    -0.242755
   -0.326232     0.123494   -0.0561659    -0.196018
  -0.0882745   -0.0948699    0.0229679   0.00362987
   0.0885009    0.0439495    0.0135229   -0.0533267
  -0.0513203     0.152225    -0.139303   -0.0545544
   -0.175514     0.353593    -0.233259    -0.165952
   0.0710682   -0.0113088   0.00596521    0.0487487
   0.0898609    -0.140286    0.0782782    0.0392404
   0.0681916    -0.179877     0.152898     0.053715
   -0.377078    0.0355598    0.0298806     -0.21322
    0.150174    0.0647617  -0.00375563    0.0380487
    0.116066   -0.0201578   -0.0190867     0.144886
    0.176136    -0.160364    0.0825456     0.104412
  -0.0207924    -0.109144     0.137986   -0.0155037
   0.0695891    0.0505068   -0.0990904    0.0652943
  -0.0247793   -0.0468563   0.00568953    0.0136706
    -0.35051     0.159954   -0.0176205    -0.195034
   -0.156742     0.148002    -0.132541    -0.111358
   -0.204636    0.0513808    -0.060993    -0.164969
   -0.148473  -0.00313873   -0.0371195    -0.158896
   -0.139212     0.121876   -0.0872333    -0.118597
    0.158772   -0.0538144   -0.0270823     0.101574
    0.220256    -0.358671     0.281788     0.261052
    0.036508     0.317095    -0.230925    -0.104601
   0.0143812     0.319734    -0.235755   -0.0639988
    0.109333    0.0160459   -0.0156341    0.0362668
   -0.205415   -0.0585093   -0.0386734    -0.140947
   0.0434205    0.0639836   -0.0512861   -0.0145539
    0.196094    -0.151369   -0.0466843     0.115935
   -0.231292   -0.0363068    0.0397149    -0.121356
   0.0453557   -0.0794039     0.138972    0.0130319
   -0.120851     0.157336    -0.048401   -0.0639647
   -0.156539     0.220217    -0.106136     -0.16278
   -0.044513    0.0653577   -0.0304669   -0.0644364
    -0.10306   -0.0990186     0.154803   -0.0269748
   0.0105871   -0.0451563     0.106405    -0.070005
  -0.0994038     0.228003    -0.120518   -0.0564706
   0.0663344     -0.13884     0.189144     0.087957
   0.0633129    0.0559245   -0.0333412    -0.019284
   -0.266549   -0.0360513     0.136559    0.0062753
   0.0283398     0.196889    -0.152883   -0.0850157
   0.0922111   -0.0464466    0.0691837    0.0627173
  -0.0342471    -0.262282     0.171355     0.081182
    0.270311    -0.322294     0.211285     0.221102
  -0.0942049    0.0216937    0.0403372   -0.0436847
  -0.0569436    -0.018162    0.0362184    0.0413645
  -0.0992462      0.10566     0.100595   -0.0642378
    0.081522     0.073796   -0.0115823   -0.0713382
  -0.0280921    0.0776657   0.00980018   -0.0884585
   0.0305941     0.151856    -0.157194   0.00721777
    0.429377    0.0153362   -0.0312663     0.205669
    0.197647    0.0932765   -0.0927201      0.11166
   -0.268143     0.100613    -0.168758      -0.1213
   0.0638923    -0.129598    0.0201659   0.00594017
    -0.23058    0.0257957   0.00522381    -0.112997
   0.0644037     0.148972     -0.14135    -0.146135
  -0.0820607     0.387224    -0.248898    -0.153702
   -0.449034     0.520718    -0.470518    -0.374642
 -0.00101345      -0.2512     0.157793     0.138085
   -0.117721    -0.103265      0.06181   -0.0153541
  -0.0644421   -0.0283642   -0.0869769    -0.164698
  -0.0846092    0.0679848    -0.116272   -0.0463282
  -0.0479301   -0.0903362    0.0803644    0.0463749
    0.123508    0.0245006   -0.0274119    0.0142855
   -0.197844     0.245755    -0.165635    -0.121225
   0.0302688     0.114014   -0.0492815   0.00494337
    0.139163   -0.0754743     0.110167     0.143492
   0.0435354     0.128976   -0.0743178    0.0330413
   -0.147838     0.183954   -0.0673449     -0.12423
   -0.179603     0.183734    -0.113622    -0.160608
   -0.164952    0.0529675   -0.0352635   -0.0739826
    0.102433     0.159636   -0.0618621   -0.0514563
   0.0336298    -0.196563     0.211544     0.123792
  -0.0184761   -0.0845811    0.0298972    0.0650022
  -0.0467804    -0.121689     0.149838   0.00927505
   -0.235537    0.0235453   -0.0100669    -0.205936
   0.0521606     0.132964    -0.118519 -0.000207594
   -0.578071     0.240842    -0.127193    -0.380978
  -0.0380237    0.0643697   -0.0951662   -0.0282798
   0.0231475   -0.0596892    0.0164389    0.0198794
   0.0669295     0.168515   -0.0922417  -0.00326206
   0.0831987   0.00315808    -0.118268   -0.0268474
   0.0550533      0.15987   -0.0222781   -0.0480348
    -0.16524   -0.0885221    0.0493705   -0.0129932
    0.124786   -0.0326345    0.0129543   -0.0555416
    0.255192     -0.34547     0.193474     0.209874
   -0.119373     0.184076   -0.0580386   -0.0341844
  -0.0509066    0.0520584   -0.0624579    0.0144177
   -0.133967     0.195958    -0.149773    -0.142666
   -0.105899     0.213218    -0.181364    -0.136305
   0.0264841     0.252999    -0.204719    -0.113174
    0.270988     0.128268    -0.151991    0.0619852
  -0.0804851     0.160577   -0.0647106    -0.132651
   -0.172502     0.122358    0.0191195   -0.0471575
    0.143897     0.095015  -0.00908726     0.125444
    -0.52461    0.0999781    -0.149789    -0.361379
  -0.0496246     0.079065   -0.0792634   -0.0532747
  -0.0422938    0.0907692    -0.220779    -0.132696
    0.231822     0.313006    -0.287373     0.163525
   -0.133042   -0.0381323    0.0480881   -0.0124786
    0.058838    0.0178903     -0.11243    0.0145975
    0.220037   -0.0976179     0.136048     0.232392
   -0.116606     0.144383    -0.137321   -0.0785287
    0.186867    0.0336589    -0.113794     0.091178
   0.0488934    -0.180738     0.234648      0.14614
    -0.18595   -0.0913322     0.143956    -0.100837
  0.00299318    -0.258964     0.207888     0.143888
   0.0807476    0.0696942   0.00724594    0.0231416
  -0.0665674   0.00146671    0.0158073   -0.0133491
   -0.236291     0.149339   -0.0745772    -0.176947
  0.00611765    0.0405158   -0.0385832    0.0255177
   -0.415148   0.00726712     0.019638     -0.17446
    0.227773    0.0273683   -0.0926475      0.08547
   0.0330275     0.107574   -0.0833573     0.020417
    0.271841   -0.0132288     0.100702    0.0690999
  -0.0450971    -0.147492     0.129632    0.0617637
  -0.0454519     0.163118   -0.0902734    -0.095703
    0.102089     0.115407     -0.19828   -0.0732072
   0.0528422     0.215811    -0.049656   -0.0950153
   -0.110288    -0.190193     0.140789    0.0562025
    0.169577     0.175628    -0.149908   -0.0140827
    0.141047   -0.0748357     0.117453    0.0980077
   -0.085487    0.0500825   -0.0889155   0.00241062
    0.198556     0.128746    -0.360349   0.00534785
    0.240946   -0.0425269     0.108222    0.0989973
    0.297581   -0.0314058    0.0424944     0.102284
  -0.0323862     0.126578      -0.1209   -0.0783139
   -0.217141     0.180663     -0.19334    -0.222478
   0.0581816    0.0170206  0.000487061   -0.0171785
   0.0799134     0.134912    -0.102636  -0.00255884
  -0.0586084    0.0341731     0.129439     0.100432
   -0.337686     0.255465    -0.269675    -0.305344
  -0.0354531   -0.0343341   -0.0169696    0.0108957
   -0.145927    -0.110056     0.103423   -0.0976556
  -0.0636346   0.00426271   0.00768553    0.0373056
   0.0424093    -0.028092    0.0785156  0.000830462
  -0.0690815     0.198451    -0.133838    -0.097585
   -0.219921    0.0413457     0.116735    0.0038426
  -0.0627755    0.0521987   -0.0171427   -0.0265281
   -0.400478     0.182416    -0.028046    -0.311885
   -0.225616    0.0124911    0.0360978    -0.136973
   0.0156508    -0.173839     0.123698    0.0629041
    0.174313    -0.100617    0.0815187      0.10164
   -0.265492    0.0399112    -0.057761    -0.160818
   -0.133245     0.049222    0.0700092    -0.147299
  -0.0386452     0.129752    -0.081322   -0.0693589
   -0.290614       0.4943     -0.14837    -0.360573
   -0.219104    0.0530834    0.0852625    -0.136248
     0.26858    -0.291928     0.252792      0.22351
   0.0256468     0.142941    -0.122304   0.00115696
    0.145977     0.199527    -0.220629    0.0296225
    0.251906     0.203004    -0.212753    0.0117126
   -0.330024      0.50542    -0.355499    -0.310943
  -0.0954649     -0.15585     0.084087    -0.114274
   -0.122901   -0.0438942     0.170469    0.0224865