   0.0603164   0.00301348     0.106706   -0.0932652
-0.000272262   -0.0100913     0.184444       0.1406
   0.0169197   -0.0555851    -0.251224   -0.0786433
   0.0419689   -0.0453524    -0.133448    0.0409377
    0.229116    -0.138632   0.00368222   0.00684879
   -0.416883    0.0863601     0.185258     0.123445
 -0.00753662   -0.0579528    0.0115246    0.0612651
   -0.253257    0.0437899     0.143811   -0.0863654
   0.0570997   -0.0280178  -0.00394086    0.0170158
   0.0172799   -0.0793126     -0.24462  -0.00208459
    0.188376   -0.0336101     0.164866   -0.0450921
    0.107122    0.0368066  -0.00772334   -0.0647128
  -0.0102094    0.0301002    0.0955338   -0.0325812
   -0.101298    0.0198737    0.0365223   -0.0569061
  -0.0711288    0.0721706   -0.0894065    -0.145777
  -0.0893764  0.000120006   -0.0592934    0.0636266
    0.319906   -0.0574834     0.208762     0.263059
  -0.0124459    0.0662102    0.0587279       0.0463
   -0.345597      0.12642   -0.0638564    -0.247513
   -0.286562    0.0518912    0.0053583     0.184842
   -0.122516    0.0384974     0.188156   -0.0130813
   -0.103821    0.0499381    0.0327908      0.16921
  -0.0435737   -0.0848391   -0.0837407   0.00678896
  0.00966122   -0.0634253    -0.167004    -0.240426
   0.0526199    0.0785509   -0.0361925    0.0863936
  -0.0535239   0.00339338    0.0981906     0.120662
    0.126991   0.00832572  -0.00378223      0.11223
   0.0606893    0.0674453     0.028006     0.234454
   -0.113491    0.0686649    0.0288857    -0.104442
    0.116503   -0.0271501    -0.374074   -0.0282544
   0.0322895     0.048892    0.0452959   -0.0563528
    -0.18295    0.0486508    0.0466167    -0.379203
  -0.0468814  -0.00053614    0.0402108   -0.0371974
    0.215159   -0.0588651     0.142429    -0.144432
  -0.0892395   -0.0137937     0.161566     0.118963
   0.0550248    0.0866106    -0.234134    -0.200063
   0.0900282   -0.0836334    0.0789297  -0.00183959
   0.0716811   -0.0761764   -0.0510141   -0.0914861
    0.024187   -0.0110784      0.14465   0.00974355
  -0.0989123    0.0276988   -0.0441182     0.218374
    0.169172   -0.0176174     0.142769    -0.162839
    0.179611    0.0511383     0.103941    -0.174558
    0.128498   -0.0598924     0.113856   -0.0636055
  -0.0983567   -0.0642025  -0.00702695  -0.00641598
 -0.00456265    0.0250241    -0.487752      0.22577
   -0.163713   -0.0390769   0.00503712    -0.102731
   -0.155161    0.0216396   -0.0237307    -0.280754
    0.505896    -0.134564     0.232785     0.104179
   -0.139052    0.0541367   -0.0478418     0.145388
   -0.021893   0.00891471      0.01236    -0.191648
  -0.0712926   -0.0282444    -0.041594     0.194928
    0.111204    -0.107981     -0.34062    0.0467172
  -0.0489716   -0.0753113    0.0577319     0.022382
   0.0213569    0.0145099     0.101714     -0.19103
   -0.144664   -0.0119783  -0.00775787    0.0773562
    0.089789     0.030992    -0.581416      0.22969
    0.147077    0.0551067   -0.0941662   -0.0571825
    0.336312   -0.0470298    0.0839913    -0.120666
   0.0224362   -0.0326694    0.0753752   -0.0949373
   -0.058765    0.0588478    -0.105357   -0.0396954
  -0.0174404    0.0819735     0.132514    -0.126445
    0.144538    0.0516363   -0.0644058     0.113377
    0.155071    -0.032792   -0.0196448    0.0236096
   -0.172848    0.0192958   -0.0876284    -0.082798
   -0.105866   0.00604935   -0.0774342   -0.0896665
  -0.0648753    0.0696174 -0.000476219    -0.193926
   -0.108212  -0.00349389    -0.145879     0.173672
    0.193139   -0.0596103    0.0718475     0.223757
   0.0731915   -0.0536756     0.126389    0.0297304
  -0.0893892   0.00817705    0.0386881     0.133921
   0.0062038     0.054764    0.0610125  -0.00488386
    0.158032    0.0256816    -0.393471    0.0687186
   0.0317109   -0.0357849    -0.218395     0.201748
    0.224016   -0.0963481     0.140528    0.0200733
   0.0164937   0.00659308     -0.18008     0.211359
   0.0106022    0.0086461     0.120835    0.0321089
    0.211793   -0.0902635   -0.0271001    0.0656265
   -0.217307    0.0566764      0.16651    0.0834788
   0.0900306   -0.0669578    0.0921323  0.000560213
   0.0382812   -0.0615055    0.0055595      0.25049
   -0.229725    0.0885828      0.17719     0.141614
   0.0979181    0.0604371    0.0205902    0.0960321
   0.0595589   -0.0832696    -0.442497    0.0126822
  -0.0506703    0.0808584    -0.250721     0.165084
    -0.35249    0.0526419    -0.197393     0.176767
    0.219699    -0.105791    0.0872375   -0.0388185
    0.217561   -0.0813801    -0.446666    -0.138162
   0.0529987   -0.0216023    -0.202589    -0.079477
     0.16081   -0.0214209     0.101408      0.25191
  -0.0835888    0.0993412    0.0211533   -0.0658457
  -0.0559553   -0.0475488     0.104083   -0.0630928
    0.040847  -0.00448812    0.0896348    0.0558596
  -0.0576962   -0.0377787   -0.0136064    0.0568257
 -0.00158949    0.0840278    0.0690347    -0.202347
      0.5315    -0.195027   -0.0332577    -0.098462
   0.0970768   -0.0654362   -0.0523601   -0.0700542
   -0.117375    0.0428483    0.0838508   -0.0283354
    -0.20173    0.0566339   -0.0920077   -0.0365374
    0.121078    0.0233272    0.0147904  -0.00994249
   0.0407538    0.0440136    -0.131264  -0.00928655
 -0.00116953   0.00473605   -0.0626003   -0.0481188
  -0.0964744   -0.0413674   -0.0912623     0.124875
    -0.10881    0.0477571  -0.00853191    -0.170674
    0.199069   -0.0484825    -0.259114     0.244583
 -0.00584898    0.0227498    -0.114532    -0.144308
   -0.142168 -0.000671135   -0.0101398   -0.0330178
  -0.0797611  -0.00771347   0.00536018    -0.019715
   -0.134856   -0.0029199    -0.109429   0.00363226
   -0.180253    0.0743421     0.119753    -0.104016
    0.243391   -0.0477534    -0.511598   -0.0350698
  -0.0408118   -0.0460125    -0.360625   0.00430373
   -0.127555   -0.0192388     0.238168    -0.144021
   -0.755161     0.134771     0.317922     0.156159
  0.00116598   -0.0221301   -0.0055732     0.273409
    0.103604   -0.0753243   -0.0670553    -0.128162
  -0.0477668    0.0502564     0.173286    0.0993579
   -0.114796     0.107053    0.0323096    -0.171558
    0.168712   -0.0348459    0.0860439   -0.0815545
   -0.029269    0.0214958  -0.00836989     -0.05337
  -0.0923777   -0.0234622    0.0417151   -0.0475329
   0.0405603    0.0239648     0.194392  -0.00734496
  -0.0193994    0.0224678    -0.033901  -0.00797403
   -0.153164    0.0926407   -0.0847663    -0.120843
  -0.0709642    0.0355306    -0.130263    -0.143563
   -0.168663    0.0303878    0.0912757    0.0680275
   -0.177275     0.109777    -0.480021  0.000788121
   0.0434215   -0.0479612   -0.0756383    -0.143752
  -0.0271501   -0.0147566    0.0357913   -0.0226587
   0.0727901  -0.00362747    -0.174342    -0.160008
     0.15284    0.0576237    0.0801099   -0.0992816
    0.160419  -0.00362323     0.130645   -0.0747597
    -0.10062   -0.0173339    -0.188017    0.0387033
      0.1174   -0.0287905    -0.109008    0.0815248
  -0.0931379    0.0482075   -0.0284315    -0.129225
    0.228872   -0.0337491   0.00902706    -0.255115
   -0.238858    0.0251204    0.0628723    0.0222067
   -0.310903     0.092865    -0.108939     0.174665
   -0.125348     0.055792    -0.279487    0.0657925
   0.0860268   -0.0235219    -0.115606     0.145667
  -0.0711335  7.56283e-05   -0.0392395     0.217218
   0.0690958   -0.0916209     0.156197  -0.00882552
  -0.0302408   -0.0148275    0.0287062   -0.0579644
     0.09149   -0.0762458   -0.0802985   0.00835772
  -0.0240077    0.0284054    0.0258801   -0.0225683
   0.0393223    -0.097655    0.0416518    0.0292502
   0.0362574   0.00260751   -0.0745892     0.033482
  -0.0222465   -0.0361082     0.016203     0.137795
   -0.203999    0.0558275   -0.0606958    -0.132917
   0.0604916   -0.0306019    -0.311086   -0.0706799
   -0.154023   -0.0638311   0.00210527    0.0298249
   0.0185631    0.0487309     0.167564    0.0211869
   0.0453421   -0.0899949    0.0951114    -0.163222
  -0.0160824  -0.00978329      0.20568    0.0990614
   0.0584537    0.0395677     0.103198    0.0064486
   -0.140835    0.0195094    0.0892061      -0.1775
   0.0573961    0.0107666   -0.0504413     0.100971
   0.0561363    0.0503947     0.140067   -0.0354445
   -0.235078    0.0903469    0.0716488    0.0901968
  -0.0290662   0.00717481   -0.0189371     0.351888
   -0.195889   -0.0371338      0.15028    -0.243021
  -0.0153789    0.0264164    0.0579426     0.151998
    0.048104   -0.0485525     0.121207   -0.0842517
  -0.0896649 -0.000316785    -0.099554    -0.228857
   -0.037937   -0.0138845  -0.00563069    0.0344658
  -0.0387192   -0.0346268     0.190898   -0.0977072
  -0.0446668   -0.0111508   -0.0735762    0.0641321
    0.115632    0.0140681    0.0993639   0.00215446
    0.105226   -0.0361615    0.0542727    -0.119012
   -0.082802    0.0243334    -0.141383   -0.0846245
    0.216104  -0.00386204    0.0804081     0.208361
   0.0112107    0.0168066     0.075266     0.138694
   0.0495479   -0.0227344     0.196417     0.111372
      0.1921   -0.0816326     0.138886   -0.0720448
   0.0317329   -0.0161293    0.0317175    -0.198418
  -0.0376639   -0.0631577     0.174031     -0.03219
   0.0830708   -0.0891702   -0.0294221    0.0340066
   -0.189988    0.0749488    -0.256906    0.0423588
    0.139436   -0.0596916    0.0463216    -0.182973
  -0.0132669    0.0951138    0.0534179    0.0525559
   -0.133252    0.0246302     0.157872     0.163096
  -0.0545237   -0.0721472   -0.0100478    0.0250261
   0.0609332   -0.0248756   0.00363537    -0.022805
  -0.0904016   -0.0119567     0.113341    0.0454404
   -0.343753      0.10651    0.0346283     -0.20921
  0.00447981   -0.0640425   0.00567406    -0.126241
    -0.32135     0.139355     0.139639    0.0779586
   0.0820797   0.00675558    0.0172257     0.110281
   0.0765314   -0.0552196  -0.00019736    -0.117802
    -0.12827     0.020004     0.128439    0.0179473
   0.0452412   0.00483673    0.0385303   -0.0128881
  -0.0820584   -0.0421726     0.123534    0.0757345
    0.014556  7.62835e-05     0.171505    -0.116589
   -0.309017    0.0630193   -0.0810404     0.363637
  -0.0550152    0.0251257   -0.0602911    0.0236571
   -0.466037    0.0782148    -0.205318     0.111004
   -0.024221    0.0106001    0.0602559     0.184598
  -0.0808922   -0.0209784   -0.0536354     0.122559
    0.267911    0.0380807    0.0799122    0.0324768
   -0.102145    0.0388128     0.159162     0.187319
  0.00369153    0.0630136   -0.0592403    0.0160063
    0.151052   -0.0128213        0.209    -0.124564
  -0.0640378    -0.027867   0.00704769   -0.0226574
    0.306283   -0.0308786   -0.0716852   -0.0673146
   0.0255761    -0.014798    0.0956787    0.0950585
   0.0585468    0.0239608   -0.0455245    0.0512023
    0.159562    0.0105162      0.14453    -0.131939
    0.197207    -0.018429    -0.129755    0.0398727
    0.193493    0.0342505    -0.204878    -0.193316
   -0.211128    0.0694346    0.0872177     0.138531
    0.229104   -0.0758853    0.0276418     0.253435
   -0.137716     0.110336    0.0325218   -0.0859478
  -0.0838362    0.0176986    -0.175658     0.104143
  -0.0328046    -0.045458    0.0924735      0.13233
   0.0687635   -0.0772349    -0.232713    -0.257949
    0.163464   -0.0554286    0.0250803       0.1568
   -0.155083    0.0654158      0.11887     0.127763
  -0.0886848    0.0674755    0.0680791   -0.0135405
  -0.0428931    0.0526973    -0.486986     0.117345
   -0.308116    0.0762258    0.0308905 -7.66124e-05
   -0.207307    0.0513658    -0.135884     0.025906
   -0.275671    0.0888279    0.0662104     0.041041
   -0.228939     0.083589    0.0013925     0.131676
    0.122774    0.0294309   -0.0682892   -0.0137702
  -0.0903111    0.0165447   0.00451021    -0.174648
     0.11849    0.0103086    0.0783786   -0.0732692
    0.132189    0.0569415      0.12884    0.0911203
    0.138373   -0.0813152   -0.0878569    0.0774891
   0.0591852   -0.0276294    -0.114486   -0.0934919
   0.0148945    0.0308956    -0.205823    0.0653912
   -0.123955    0.0273569   -0.0427456    0.0817892
    0.110362    0.0143758    0.0958894    -0.073769
   0.0678991    -0.063684    0.0543524    -0.105972
   -0.140234   -0.0347501    0.0182899    0.0704198
  -0.0725524    0.0110763   -0.0941658    -0.101362
   -0.211551    0.0133108      0.19561    -0.313522
    0.132614    0.0321628   0.00464374    -0.103083
  -0.0434018   -0.0431509    -0.102226    -0.380175
  -0.0950999    0.0670856    0.0963631   -0.0460705
   -0.100501   -0.0545061    0.0837493     0.113508
    0.186643   -0.0243388     0.177856    0.0957469
     0.01895    0.0556219   0.00885546     0.166717
   -0.119117   -0.0155861     0.126208    0.0742229
    0.219606   -0.0487794      0.29313    0.0904561
  0.00477973    0.0372731  -0.00984059    0.0468148
  -0.0964805   0.00224341    -0.293276   -0.0869858
   -0.113512    0.0893269   -0.0150373     0.204953
  -0.0214239   -0.0105994    0.0264123    0.0328743
    0.115953   -0.0147932     0.213267    -0.219986
   -0.159984    0.0857339     0.103301   -0.0829466
      0.1523   -0.0652097    -0.111867    0.0258338
    0.226809   -0.0267901    -0.029701    -0.202046
   -0.225023    0.0108767   -0.0131428      0.11019
 -0.00122204   -0.0760172     0.080305   -0.0704296
  -0.0678358   -0.0524992    0.0305863     0.116372
  -0.0790925    0.0844081    0.0843356     0.127142
   -0.107174    0.0852611    0.0238859    0.0422908
    0.133813  -0.00170755    0.0525576   -0.0126976
   0.0496655    0.0115756      0.10563   -0.0318463
   0.0831247   -0.0157921   -0.0205957   -0.0197774
   -0.215938     0.012899     0.169916    -0.188831
   -0.147461    0.0698078    0.0882351    -0.108128
    0.101872   -0.0455511    0.0900332      0.21413
   -0.173384      0.02452    0.0182806      0.11016
  -0.0130492   0.00129825    -0.137724    -0.315966
  -0.0104627  -0.00784331  -0.00619565     0.222923
    0.148085   0.00891517     0.119404   0.00312106
    0.103526    0.0223369     0.295662      0.19466
   0.0661602    0.0640427    -0.021069      0.10788
   -0.160044  -0.00562979    -0.089129    -0.159698
  0.00254487    0.0335134   -0.0444225   -0.0777742
  -0.0241736     0.012978     0.138798     0.127492
  -0.0144454     0.116047     0.118283     0.266668
 -0.00598715   -0.0911148     0.115834    -0.352985
    0.150396   -0.0922388   -0.0367747    -0.110127
    0.219982   -0.0212764    -0.142076    0.0698403
   0.0581995    0.0361256    -0.144365    -0.051613
   0.0154072   -0.0959811    0.0536874    0.0130161
    0.068446   -0.0564498   -0.0687536    0.0920754
  -0.0569834  -0.00477446    -0.104356    0.0418954
   -0.131563    0.0820523    -0.161684      0.13402
   0.0998055      -0.1135    0.0420085     0.243383
   -0.025725   -0.0395741     0.121607    -0.155118
  -0.0211327   -0.0413985   -0.0532048     0.162385
   0.0235016   -0.0490997     0.109886   -0.0854447
    0.340003   -0.0214696     0.147936     0.104001
   0.0378376   -0.0154847  -0.00576525     -0.17414
   0.0273495   -0.0366261   -0.0543424    0.0683246
   -0.208292   0.00410259   -0.0366807     0.105208
 -0.00183701    -0.029381    -0.121019   -0.0640144
    0.188828   -0.0659614    -0.171894    -0.110829
   0.0344778     0.054199    0.0102493    0.0357477
   -0.148895    0.0714232    0.0360087     0.106249
    0.248301   -0.0591167    0.0698965    -0.107134
    0.116267   -0.0719192     0.206135    0.0871263
  -0.0543474    0.0565264    0.0249989     0.145757
    0.189695    -0.028612   -0.0298515    -0.135459
   0.0388724  -0.00821734    -0.019723   0.00530824
  -0.0512507    0.0313924     0.145596     0.168807
   0.0705381  -0.00473163   -0.0506146    -0.192434
   -0.148668    0.0703846    0.0763919    -0.151489
  -0.0456332   -0.0395765  0.000892907    -0.128341
    0.236224    -0.134232    0.0394345    -0.123457
    0.307119   -0.0663925     0.094844    0.0188892
  -0.0833683    0.0210978    0.0168016    -0.120924
    -0.53442    0.0796545    0.0648691    0.0202694
    0.133618  -0.00156093   -0.0534369    -0.226067
   -0.136581   0.00273607    0.0584034    -0.116602
  -0.0658394    0.0126933     -0.16684     0.268986
   -0.143073      0.11608    0.0217024    -0.104813
    0.138674   -0.0627304     0.103993    0.0138774
   0.0544509   -0.0677417    -0.260184   -0.0620068
   -0.186972 -0.000598225    -0.049586    -0.106287
   -0.119451    0.0772707    0.0572705  -0.00700509
   0.0307103   0.00809411     0.262187    -0.273497
   -0.106202     0.113483   0.00975067     0.166934
    0.037489   0.00854911   -0.0319798    0.0272656
   -0.145865    0.0408143   -0.0601186    0.0159493
   0.0352235   -0.0568136   -0.0682996     -0.05907
   -0.113071     0.070932     0.170536     0.224899
    0.316423    -0.156096     0.193566    -0.139621
  -0.0913125    0.0931743   -0.0785663   -0.0726387
   0.0836173   -0.0831004   -0.0407144    0.0655606
   -0.210656    0.0448278    -0.211431   -0.0937228
   -0.139101     0.014399     0.155649     0.041931
    0.414792    -0.101652    0.0953963    -0.147308
   0.0817218   -0.0355413   -0.0821224    -0.121788
   0.0325254    -0.102568   -0.0296336    0.0371433
   -0.146402  -0.00950686     0.231575    0.0597728
    0.336747   -0.0282894   -0.0423115    0.0477842
   -0.161497     0.149944     0.162617    0.0661729
    -0.18301    0.0865452    -0.366252     0.133292
    0.142456    -0.121052     0.141822   -0.0504854
    0.282647     -0.12905     0.143667  -0.00452202
    0.151195   0.00869395    -0.335179    -0.110807
    -0.20592    0.0719269     0.178326      0.19948
    0.137826   -0.0125099   -0.0651066    -0.128053
   -0.206696    -0.030896    0.0385264  -0.00845962
  -0.0426298   -0.0243631    -0.126014   0.00887945
  -0.0291641    0.0647859    0.0879002    0.0741687
   0.0807456    0.0106296    -0.237824   0.00519806
 -0.00761029   0.00190104    -0.135241     0.109547
   -0.177521    0.0354877     0.201693   -0.0158364
   -0.209372    0.0660468    0.0856708     0.266175
   0.0785743   -0.0184505     -0.17044    -0.152102
   -0.329019     0.127618   -0.0769447   -0.0192634
   0.0385723   -0.0646475     -1.12835     0.147792
  -0.0120767    0.0517594     -0.18071    0.0848414
   -0.195274    0.0231047   -0.0299972    0.0140892
  -0.0999916    0.0101524    0.0435894    0.0860299
   0.0331931    0.0320101     0.289759     0.139847
   0.0442863   -0.0568203    -0.109639     0.210976
   -0.226214     0.040285      0.10735    -0.145617
    0.147198   -0.0548855    0.0346743    0.0213539
    0.026064   -0.0310194     0.116105    0.0283981
   0.0916145   -0.0105473   -0.0666761      0.17169
   -0.155537    0.0371581  -0.00139258     0.190996
   0.0718548   -0.0601086    0.0913738    0.0256671
  -0.0193637   -0.0540465     0.237758    0.0665207
   -0.039407    0.0768674    -0.113461    0.0428663
    0.098534    0.0293705     0.218613  -0.00803931
   -0.172136     0.132014    0.0656964   -0.0502963
  -0.0847177    0.0221881     0.141003     0.122881
 -0.00501972    0.0195824     0.209453     0.134849
  -0.0397221   -0.0787331    -0.133353   -0.0606762
  -0.0439058   -0.0221088    0.0701301   -0.0339526
  -0.0435482   -0.0337974   -0.0443232    -0.149996
  -0.0596162    0.0450335   -0.0770844    -0.147111
   -0.555643     0.054409   -0.0224448     0.116909
    0.257722    0.0142998     0.136887    0.0710343
  -0.0640937     0.043361   -0.0179998    -0.211251
   -0.458478     0.126553   -0.0775412      0.14452
   0.0714891   -0.0282815   -0.0307063   -0.0707235
   -0.105817    0.0186637    -0.428492   -0.0459463
  -0.0242018    0.0256386     0.045743     0.378969
   -0.155549   -0.0536273    0.0774014  -0.00991855
    0.061586   -0.0272127    0.0341554     0.113352
  -0.0684004    0.0536415     0.157953   -0.0170777
  -0.0733558    0.0450703    -0.019292    -0.158543
    0.318388    -0.011892   -0.0503479  0.000742657
  -0.0222287    0.0314108    0.0800675     0.112839
  -0.0275219    0.0432112    0.0480077    0.0951979
     0.33204     -0.12231     0.249261    -0.169658
   -0.106909  -0.00471528    0.0287742    -0.254181
    0.113453   0.00520555     0.188015    -0.241413
  -0.0836379   0.00471588    0.0686535     -0.23027
  0.00870568    0.0498288     0.212261    0.0835035
   -0.145987    0.0455693    -0.108402   -0.0448924
   0.0715034   -0.0115272   0.00876188     -0.12169
  -0.0182529    0.0349908    -0.240604    -0.249748
    0.145667    0.0193692    0.0265494    0.0632062
    0.185342   -0.0190416  -0.00890187    -0.194895
 -0.00886189    0.0441344    0.0016208    -0.123943
   0.0389228    0.0262487     0.165354     0.174957
  -0.0113733 -0.000110484    -0.156253    0.0666454
   -0.196266   0.00463521    -0.189981   -0.0956859
   -0.159228    0.0125278   -0.0636361     -0.18035
     0.17631   -0.0354115   -0.0294039   0.00694596
   0.0122367    0.0170881    0.0452295   0.00548994
    0.144922   -0.0688875    -0.107371   -0.0811088
  -0.0681224  -0.00421206     0.135901      0.12465
   0.0259316  -0.00230695   -0.0644952   -0.0515959
    0.199009   -0.0608857   -0.0112993   -0.0123668
   0.0871004   -0.0986364     0.187042    0.0902683
   -0.190477  -0.00625835    -0.392728   -0.0890865
     0.14945   0.00415396     0.108129  -0.00849653
   0.0286658   -0.0262792    0.0353404    0.0633269
   -0.135763     0.082441    0.0433841   0.00781786
   0.0479736  0.000730348    0.0642788   -0.0385319
   0.0540555   -0.0562642     0.181821     0.302005
   -0.171526    0.0169743     0.206551   -0.0408816
  -0.0384417    0.0377732   0.00509164    0.0735081
   -0.196435    0.0527097    -0.037787   -0.0914711
    0.322667  -0.00412476    0.0468905    -0.260281
-0.000165995    0.0579135      0.03895    0.0425563
    0.172473   -0.0122456    0.0459736    0.0511376
    0.238945    -0.077878   -0.0450874     -0.22792
   -0.248905    0.0519937   -0.0606628    0.0368081
    0.207528   -0.0614064    -0.136678   -0.0462683
   0.0817189   -0.0611005     0.140544    0.0939236
     0.10661     0.044639     0.123577   -0.0992669
    0.171907   -0.0546061     -0.29858    -0.164662
   0.0514586  -0.00846907    -0.112077    -0.231387
    0.260424   -0.0299071   -0.0552426   0.00480871
  0.00655145    0.0473941    0.0593243  -0.00325356
    0.175038   -0.0365296    0.0223477    -0.114112
 -0.00887664  -0.00400916   -0.0881919     0.100258
    0.296858   -0.0641483   -0.0754487    -0.120793
   -0.254488     0.144839   -0.0336765    -0.212508
  -0.0400733  -0.00282535    0.0699053   -0.0169124
   -0.132332   0.00643591    -0.201669     0.183786
    0.421743    -0.123111   -0.0064441     0.112899
  -0.0713955   0.00421655    -0.119724   -0.0190453
   0.0427689       0.1017    -0.163089     0.258687
  -0.0495984    0.0207633    0.0179819   -0.0462516
    0.153896   -0.0987761   -0.0265527    -0.215788
  -0.0432909    0.0506724   -0.0632497    -0.512686
   -0.244606    0.0603691    -0.028261    -0.143316
  -0.0230998   0.00872261     0.134541    -0.053193
   -0.253545     0.103888   -0.0109938       0.3356
    0.161647    0.0349315    -0.104378   -0.0887773
   0.0364589    0.0701948     0.193591     0.118487
    0.392675    -0.106203    0.0475318  -0.00565001
  0.00831455    0.0411847    0.0682375    -0.174506
   -0.325168     0.139949  0.000942905    0.0315573
   0.0705462   -0.0605633      0.14594    0.0427156
    0.112784   0.00573662   -0.0663435      0.22811
   -0.183122    0.0797533   -0.0445593   -0.0458954
   0.0534568   -0.0492416    0.0308741   -0.0904459
  -0.0525458     0.035567   -0.0418421   -0.0573077
   0.0699673      0.01159   -0.0347437    0.0697035
    0.040138   -0.0804522   -0.0854608   0.00549592
  -0.0280857    0.0448058    0.0751368    0.0131578
   0.0357258   -0.0227343    0.0221127     0.338605
   -0.347282     0.116596   -0.0797555     0.098517
   0.0773618   -0.0163409    -0.513225   -0.0747402
  -0.0156522   0.00545279   -0.0743222     0.080165
  -0.0645147   -0.0786803   -0.0575678   -0.0116518
    0.159489   -0.0481352     0.118741     0.137702
   -0.094567    0.0568154   -0.0729627   -0.0678896
   -0.216348     0.108459     0.287554   -0.0159737
   -0.228545     0.111124    0.0624634     0.200977
  -0.0312965    0.0448697      0.14206   0.00751055
  -0.0492305   -0.0355523     -0.84915     0.111751
    0.105237   -0.0148691    0.0241107    -0.275954
    0.130781   -0.0425155    0.0644326    -0.405697
  -0.0209463   0.00605523    0.0292637     0.006426
   -0.171575    0.0785928    0.0468026    -0.145174
   0.0574874   -0.0647734     -0.28419     0.187451
   0.0424266   -0.0736356    0.0356338   0.00800481
    0.159992   -0.0189955     0.116626   -0.0225553
   -0.186715    -0.061663    0.0687101     0.242276
    0.189044    -0.095934     0.236388    -0.174891
   -0.116931   -0.0151187    -0.322868   -0.0790345
   -0.127492    0.0370963     0.168471       0.2054
    0.132402   -0.0583141      0.11127  -0.00119021
   -0.114336    0.0116291    -0.111693     0.352645
    0.081892   -0.0694581   -0.0410353    -0.218556
    0.127103   -0.0560402     0.124989   -0.0121826
   0.0241416     0.037318     0.132857    0.0716599
    -0.14112    0.0140795    0.0988569    -0.132825
  -0.0147133   -0.0956544     0.125676    -0.107117
  -0.0463858 -0.000722587  -0.00908581    -0.221493
   0.0315788   -0.0373465     0.243893    -0.202287
    0.102164   -0.0529372    0.0674074    -0.170231
    0.162374   -0.0656765     0.215395   -0.0617685
  -0.0927934   0.00568126   -0.0940786     0.117384
    0.158327    -0.105278     0.124056    -0.222322
    0.155681   -0.0421911     0.046252  -0.00402861
    0.130375   -0.0920362    -0.221634    -0.165309
   -0.101967   -0.0414058    0.0834735    -0.171777
   0.0471891   -0.0106419   -0.0700242    -0.262151
 -0.00562894    0.0278215     0.138269     0.105301
  -0.0454744    0.0477741   -0.0360333    -0.138328
   0.0663789   -0.0329777      0.16898      0.19151
    0.132065   0.00154313     0.209091    -0.137626
    -0.23467    0.0501595    0.0213643     0.268792
   0.0712762    0.0689045   -0.0152732    -0.100439
  -0.0449405    0.0231518      0.28269     0.251282
    0.125161   -0.0530502    0.0629241    -0.340891
    0.286166   -0.0488545    -0.013152   -0.0757664
    0.106148   -0.0428926   -0.0432506    -0.117377
   -0.026137   -0.0374703    0.0423747   -0.0423426
   -0.207459    0.0145384     0.208793     -0.12621
   -0.156599    0.0797146    -0.947829    0.0845152
   -0.207905   -0.0505309    0.0307292    -0.296918
   -0.458514    0.0549477   -0.0881532    0.0228745
   -0.332272  -0.00564176   -0.0481701     0.259529
   0.0585651   -0.0559581     0.156388     0.250175
   -0.143473  -0.00887085     0.166609     0.188755
    0.355039   -0.0842785    0.0412661    0.0611567
  -0.0206189    0.0206548     0.214429    -0.225228
  -0.0887842    -0.095322   0.00906071    -0.429645