    0.168831   -0.0449036   -0.0600314   -0.0532762
   -0.418651     0.101264    0.0184692     0.165675
   0.0464302   -0.0540133   -0.0546276    -0.127499
    0.274698       -0.036    0.0857445    -0.192107
    0.118244   -0.0475905   -0.0843788    -0.153894
   -0.242155    0.0322996     0.042729    0.0963443
  -0.0478689    0.0404922    -0.120179    -0.120903
  -0.0416813    0.0430391   -0.0329249    0.0736818
   -0.273611    0.0410038   -0.0417333     0.176672
   -0.411587    0.0613614   -0.0946116     0.170581
   0.0436434    -0.103497     0.048873    0.0475821
  -0.0142013   -0.0772331   -0.0484759    -0.012276
   -0.157831  0.000559669    -0.110083   -0.0783359
  -0.0175034    0.0280308   -0.0261431    -0.154003
   0.0584229   -0.0803864   -0.0416602     -0.20342
    0.266411   -0.0808062   -0.0428781   -0.0121038
  -0.0109943    0.0329122    0.0614364    0.0862177
   -0.117112    0.0316484   -0.0408735    0.0479853
    0.127464    0.0336997    -0.126355    -0.251341
   0.0363349   -0.0595864    -0.115623   -0.0810296
   0.0776752   -0.0189045    -0.184339    -0.114614
   0.0333876    0.0220042   -0.0958536    -0.271066
    -0.14498   -0.0175707    -0.112994      0.10502
    0.110989   -0.0494752  -0.00861481    0.0204383
  -0.0218422   -0.0298794   -0.0551774   0.00164941
    0.120038  -0.00546674   -0.0529681     0.182094
     0.10518   -0.0454413    0.0294854     0.279135
    0.340114   -0.0125912 -0.000795573    -0.100319
  0.00549087    0.0265695   -0.0351487    0.0700765
   0.0767696  -0.00696786    0.0380555   -0.0764568
 -0.00241273   -0.0477187    -0.116503   -0.0930775
  -0.0545676   0.00502712     0.032659    0.0175132
    0.319013   -0.0181689     -0.11904   -0.0599412
   -0.104714    0.0289491  -0.00191231    0.0837333
    0.149768    0.0208724    0.0582127     0.102122
    0.132252   -0.0574307    -0.104429    0.0852695
    0.149984   -0.0545661   0.00453872     0.241895
 -0.00953566    0.0386118    -0.161861    -0.218355
   -0.337591    0.0716161  -0.00233721     0.189803
  -0.0902028   -0.0377285   -0.0565871   -0.0149643
   -0.155198     0.121141   -0.0609422   -0.0684584
   0.0352689    0.0459843   -0.0644476    -0.270349
   0.0456735    -0.024112   -0.0260517   0.00403009
    0.165616    -0.099538   0.00224481   -0.0303984
  -0.0316287   -0.0725336    0.0215939    -0.128444
  -0.0801166    0.0977239    0.0389694  -0.00653108
   -0.148182    0.0511625   -0.0608227    0.0985862
  -0.0848045   -0.0196259   -0.0561381      0.19495
   0.0548598   -0.0792888    0.0122618     0.127962
    0.102568    0.0516077   -0.0778916   -0.0575639
   -0.185873   -0.0234084    0.0112756    0.0378526
  0.00502854     0.041026    0.0793351     0.042595
  -0.0207542    0.0116161    0.0025867    0.0769956
    0.163193   -0.0311079    0.0200577     0.211616
    0.110741    0.0223953    0.0605581     0.248526
   0.0930586    -0.053208      0.10113     0.153334
   0.0760109    0.0366088    -0.151494   -0.0998601
   -0.196042    0.0890232    0.0686048     0.195937
    0.233344   -0.0349436   -0.0827179    -0.109121
  -0.0567921   0.00144187  -0.00820591   -0.0271493
   -0.172708    0.0632076    -0.118448   -0.0638576
   0.0243868   -0.0766108   -0.0323832    -0.015129
   -0.100979  -0.00393309    0.0129784    -0.126654
   -0.170476    0.0381824  -0.00132996   -0.0444265
    -0.18125    0.0768853    -0.128546    0.0527017
   -0.250259     0.111422    -0.102056    -0.113109
    -0.15192    0.0772174    -0.121706   -0.0636822
   0.0359228    0.0183171   -0.0406674   -0.0115762
    0.365755    -0.119395    -0.060858    -0.165211
  -0.0492978   0.00100519    -0.150609    -0.102852
    0.158544   -0.0587505    -0.045567    0.0628377
  -0.0451632    0.0861409    0.0838399     0.304387
    0.149033   -0.0247571   -0.0828072    0.0611644
   0.0513049   -0.0247904   -0.0333664    -0.108112
    0.184608    -0.126005    0.0720652    0.0272425
   0.0697233    0.0742814  -0.00809951   -0.0448349
     0.11081    -0.062845    -0.113212   -0.0821172
   -0.112099    0.0221788    -0.192647   0.00371336
    0.242919   -0.0935628   -0.0641956    -0.242968
    0.138772   -0.0544047    -0.119148    0.0841866
  -0.0240429   -0.0118939   -0.0508828    0.0257717
   -0.242584    0.0525844  -0.00800738       0.2143
    0.233587    -0.129088    0.0204907    -0.127217
   -0.216966  -0.00960992   -0.0391398   -0.0124772
    0.226135   -0.0206834   -0.0128486    0.0158616
   -0.117552   0.00733533    0.0304455     0.112405
    0.282187   -0.0641867    0.0933404    0.0147535
   0.0542572   0.00731608      0.02944   -0.0222734
  -0.0971292    0.0958398   -0.0354631    0.0380181
   -0.116301    0.0576448   0.00298699   -0.0334499
     0.23681    -0.113147   0.00274753    -0.323984
   0.0313665   -0.0237647   -0.0894402    -0.293924
   -0.253026   -0.0283272    0.0688902   -0.0113092
  -0.0530724    0.0692801  -0.00818535     0.144307
  -0.0682428   -0.0536455   -0.0752135    0.0183202
   -0.154333   -0.0108567    0.0251256     0.136697
   0.0134282   -0.0183261    -0.136508    -0.025928
   -0.157573   -0.0671865    -0.182196  8.24304e-05
    0.198539    0.0464078   -0.0948191    -0.130664
   -0.185584    0.0939114   0.00577612    0.0492504
   -0.559009     0.103646    0.0352905     0.097842
    0.223591   -0.0285131    -0.147567    -0.197649
    -0.11525    0.0117753   -0.0240102   -0.0902623
    0.142759   -0.0996227   -0.0455937     0.208295
  -0.0523146    0.0957593    0.0581528    0.0300759
   -0.161716    0.0891576   -0.0675323    0.0431047
    0.234624    -0.118131   -0.0238947     0.154277
   -0.144567    0.0818322    -0.156911   -0.0893864
   0.0283886   -0.0495499   -0.0388109   -0.0794793
    0.219103    -0.103491   -0.0701779   -0.0391984
     0.22554    -0.125735  -0.00840122    -0.100023
    0.186893    -0.127328    -0.183569   -0.0794752
  0.00759923    0.0349507   -0.0962848    0.0443409
   0.0751141   -0.0778593    -0.219209    -0.326326
  -0.0573451   -0.0347149   -0.0274625   -0.0120261
   -0.166205     0.101271   -0.0305709     0.118931
-0.000924803   -0.0389651   -0.0228058     0.269343
   0.0380341     0.079113    0.0100225     0.224298
    0.287264   -0.0427013    -0.069284    0.0250824
   -0.169593    0.0752883   -0.0479708     0.195226
    0.100762   -0.0912732    -0.074002     0.127759
   0.0174808    0.0682428    0.0747466     0.333872
  -0.0801754    0.0185318    -0.101774  -0.00277643
    0.369988    -0.109316   0.00704083     0.173524
   -0.105975    0.0218376   -0.0922212    -0.134134
   0.0753108   -0.0130196   -0.0484429    0.0527773
   -0.207127     0.120476    0.0575095  -0.00768028
   -0.117861   -0.0152039   -0.0291112     -0.15919
    0.112329   -0.0105433   -0.0456009    0.0527203
    0.209844   0.00215835    0.0307288   -0.0324635
    0.337667  0.000759605   -0.0400788   -0.0208188
   -0.133314     0.106478   0.00394417     0.157826
    -0.15341    0.0945612   -0.0613664     0.162919
    0.102824   -0.0242044   0.00113136   -0.0450989
   0.0117675  0.000549852     -0.17085     -0.14079
   0.0335805    0.0332243   -0.0778012    -0.109391
   0.0363374   -0.0213558   -0.0352115     0.159192
  -0.0454159    0.0503592   -0.0687404    -0.110763
   -0.135587    0.0234647    -0.118749     -0.27172
  -0.0491352   -0.0108293   -0.0648448     0.144739
 -0.00444075   -0.0615967   -0.0951486    -0.114926
  -0.0517808    0.0684157   -0.0745995    0.0521727
   0.0161262    0.0185429   0.00640901    0.0155285
  -0.0594087  -0.00150427 -0.000300217   -0.0249575
  -0.0256459    0.0459127  -0.00493917    0.0893535
   0.0505629    0.0425489   -0.0739671    0.0182949
   -0.146502     -0.02584  -0.00285575   -0.0834937
  -0.0226321    0.0208034   -0.0261288   -0.0091743
   -0.239936    0.0386728    -0.126833    0.0286171
  -0.0816249   -0.0527295    0.0352678      0.10775
   0.0483734   -0.0514567    -0.108863    -0.364028
  0.00128681    0.0684539   -0.0118752     0.165042
   -0.017101    0.0197638    -0.107774   -0.0455256
  -0.0733294  -0.00621978    -0.133485    -0.141279
   -0.134137    0.0179974    0.0492748    -0.137532
  -0.0367593    0.0152418    -0.110966    -0.077506
  -0.0225461   -0.0340791   -0.0608972    0.0659405
   0.0398355   -0.0617771   -0.0627963     0.141152
    0.448987    -0.180887   -0.0565825    -0.196934
    0.129328   -0.0683666   -0.0028567    -0.289292
   -0.161222  -0.00483333   -0.0790217  -0.00700384
    -0.24615    0.0359142   -0.0364944     0.221963
   -0.106183    0.0839117  -0.00572331   -0.0295197
    0.250024    -0.020803    -0.126311    -0.197715
    -0.16599     0.019926    -0.210176    -0.168876
  -0.0985098    0.0180092   -0.0986644    -0.184194
  -0.0883842   -0.0175254   -0.0901403    -0.191749
    0.150043   -0.0913035   -0.0866044     0.107266
   -0.128123    0.0971857   -0.0340956    0.0537588
    0.371682   -0.0595833   -0.0200255    0.0699503
   0.0490715   -0.0644194    0.0291137    -0.116278
   -0.043652    0.0176814   -0.0919103    -0.185332
-0.000385873  -0.00389025   -0.0162951     0.184387
    0.215226   0.00910351    -0.223223   -0.0433772
   -0.469436    0.0903262    -0.155465   -0.0515844
  -0.0823627    -0.020511   -0.0962234    0.0602446
    0.296992    -0.059744    -0.172329    -0.191877
    0.189947    -0.100251    -0.049158  -0.00346779
    0.158948    -0.108383    -0.108507   -0.0366488
   0.0323582   -0.0858994   -0.0043699    -0.438569
   -0.097485    0.0108082   0.00969248   -0.0798215
   0.0890024   -0.0591483   -0.0421747    0.0112996
   -0.139163    0.0213062    -0.063009    0.0697507
  -0.0393757   -0.0581175    -0.101995   -0.0975243
   0.0981806    -0.003477   -0.0633296     0.132514
  -0.0706385    0.0172982    -0.153791  -0.00905282
  -0.0846142   -0.0509533    -0.118833    -0.225173
    0.042467   -0.0278638    0.0892198    0.0488765
  -0.0927236    0.0767703    -0.033364    -0.145494
   0.0155624   -0.0646545    -0.119643    -0.175017
  -0.0976405   -0.0190428    0.0894891    0.0624446
   0.0573235      0.06803   -0.0751736     0.137178
   -0.111504    0.0239414    0.0732641   -0.0156641
    0.111985   -0.0145144    -0.127825  -0.00520555
    0.223153    -0.017253    -0.125406    -0.289775
  -0.0447827   -0.0489707    -0.102138     0.148151
    0.100822     -0.08081   -0.0502684   -0.0532745
  -0.0475368   -0.0621557   -0.0111519     0.226254
    0.116586   -0.0910362   -0.0650188    0.0354015
  -0.0711553    0.0114646   -0.0401039     0.141466
    0.166624   -0.0828379  -0.00469074     0.145396
    0.193261   -0.0708781   -0.0575815    -0.164349
   -0.058657   -0.0109386    -0.120444    -0.250785
   0.0674429    0.0557051    -0.165274    -0.342433
   -0.328273    0.0538804   -0.0882366       0.3254
    -0.10798    0.0840024    -0.109572   -0.0380992
   -0.105423    0.0847686    0.0188255   -0.0980852
  -0.0997176   0.00351882    0.0357254     0.234246
   -0.191558    0.0671847    -0.148878   -0.0285547
  -0.0213431     0.075431    0.0349443    0.0529673
  -0.0267555   0.00617582    0.0377153    0.0667714
   -0.180977    0.0209412   -0.0436423     0.101721
    0.154889   -0.0543098   -0.0378087   -0.0475981
  -0.0449447  -0.00979599     -0.12907    -0.317954
    0.293116   -0.0306081   0.00638867    -0.239085
  -0.0334951   -0.0174605   -0.0135581   -0.0206641
   -0.247188   0.00465216   -0.0982621   -0.0086067
    0.359098   -0.0305005    0.0451484    0.0580882
   0.0241925  -0.00530694   -0.0880809      0.18234
    -0.12279     0.108068    0.0463353    0.0124265
    0.252845    -0.126427  -0.00790991   -0.0503743
     0.20137 -0.000661178   -0.0572718   -0.0181543
    0.132261  -0.00617965   -0.0294554    -0.168051
  -0.0202126    0.0325323    -0.162442     -0.29933
  -0.0297468     0.037296   -0.0821991   -0.0108696
   -0.331324     0.105009    -0.127659     0.125983
   0.0248729    0.0206089    0.0303238   -0.0846914
   0.0169542    0.0517981    -0.175193   -0.0803262
    -0.11703  0.000868053   -0.0395379     0.122222
  -0.0642274 -6.89765e-06   -0.0873455     0.259833
  -0.0937306    0.0477252   -0.0240706    0.0803858
    0.112819   -0.0563923    -0.170237    -0.162375
    0.106944   -0.0340853  -0.00264935    0.0223544
  0.00236797   -0.0214025    -0.145867     0.174995
    0.160447   -0.0951675     -0.05016    0.0932835
   -0.116542    0.0488865    0.0937586    0.0960125
   -0.113766    0.0867518    -0.120983    -0.207811
   0.0428099    -0.074107    -0.112786    0.0740858
    -0.30747    0.0925012   -0.0520178    -0.165873
  -0.0107114  -0.00509568   -0.0325202    0.0554053
  -0.0201389   0.00186709    0.0753711   -0.0148027
  0.00250856   -0.0283039    0.0389058   -0.0108702
    0.215065   -0.0723357   -0.0978243   0.00449202
  -0.0548751   -0.0134841    0.0106276   -0.0272727
   0.0564673    0.0467891   -0.0374645    -0.167409
   0.0591429   -0.0135862   -0.0712474      0.12971
   -0.148697    0.0548615    -0.091123    -0.243704
  0.00170098    0.0130129   -0.0734638    -0.162104
    0.300506    -0.146583   -0.0622769   -0.0445468
  -0.0812428     0.052774   -0.0666293      0.07574
    0.179085    0.0274118   -0.0452018     0.187821
   0.0322022   -0.0441471   0.00889602     0.180553
    0.222114   -0.0508921    -0.148034    -0.100716
    0.200558  -0.00275482   -0.0952363    -0.104207
   0.0294399  -0.00159409   -0.0834224   -0.0278379
   0.0158265   -0.0495357    -0.126558    -0.124556
   -0.142999    0.0161227    -0.119089    -0.275565
   0.0904465   -0.0271011    -0.121312   -0.0201076
  -0.0331308    -0.113437    -0.151771     -0.14061
      0.1778    -0.069298   -0.0635437     0.241203
  -0.0535737   -0.0469074    -0.129023    -0.160961
  -0.0224655    0.0419123    -0.158366    -0.216131
    0.146824    0.0224291    -0.049233    -0.173587
    0.234029   -0.0122324   -0.0352417     0.297062
   0.0351885     0.026015    -0.033628     0.206225
    0.115396   -0.0395373   -0.0710083     0.145235
   -0.103537  0.000873828     -0.15042     0.123702
    0.351564   -0.0617754   -0.0189766    -0.105921
   -0.202341   -0.0013689   -0.0202376     0.306787
    0.317946   -0.0750562   -0.0607767    -0.181146
  -0.0709078    0.0328478    -0.103233       0.1675
    0.142285   -0.0468249   -0.0988894   -0.0255749
    0.218415   -0.0614152    -0.192143    0.0279709
   0.0103157    0.0676314   -0.0674306   -0.0740126
   0.0940947   -0.0133026    -0.130457   -0.0160208
    0.134016   -0.0191716   -0.0419226    -0.238774
   0.0410405  -0.00458202   -0.0499622    0.0734554
  -0.0873382    -0.112331     0.013216     0.164265
   -0.142039    0.0165333   -0.0500084    0.0471405
  -0.0166362   -0.0180578   -0.0508815   -0.0981498
    0.058683    0.0650308     -0.08719   -0.0790675
   0.0538877    -0.013323     0.048929    -0.105343
  -0.0536691     0.037785   -0.0575616   -0.0173539
   0.0659773   -0.0332835      -0.1604    -0.129628
  -0.0633822     0.021824   -0.0618168    -0.151631
  0.00166078    0.0446581   -0.0116039     0.126683
   0.0641136    0.0049516    0.0489233     0.138111
   0.0293047    0.0328512    0.0906946   -0.0237809
   -0.110061     0.010023    -0.103475    -0.149505
    0.083328  -0.00444773    0.0404613     0.368991
   0.0817622  -0.00905152   -0.0497289    0.0716347
   0.0105508     0.010281   -0.0908515    0.0921788
 -0.00428421   -0.0571376    -0.145186    -0.137686
    0.167457   -0.0184945    -0.138062     0.127895
   0.0633332   -0.0386623   -0.0486734   -0.0557494
    -0.14317     0.146046   -0.0418295    0.0701462
   0.0810104   -0.0048958   0.00651128    0.0288299
   -0.231883    0.0591389    -0.077837    -0.222497
    0.221684   -0.0281154   -0.0309019     0.180202
    0.208313    0.0436769   -0.0177831    0.0688516
    0.119312    -0.060373    0.0175507     0.232122
   -0.164739    0.0392315    -0.119641   -0.0358006
    -0.44483    0.0151631    0.0319063   -0.0563765
   0.0170139    0.0739884    -0.175224    -0.228446
   -0.229471    0.0100216   -0.0558497   -0.0455328
  -0.0619354   -0.0135963   -0.0999818    -0.148194
   -0.130424  -0.00753714    -0.175022    -0.270145
    0.448877    -0.184368    0.0372665      -0.1412
    0.339524   -0.0606623   -0.0361239   -0.0481274
   0.0895849    0.0245432     -0.14837    -0.278538
    0.301136  -0.00462277    0.0101056    -0.135097
   0.0891934   -0.0433405    -0.035281    -0.141667
   -0.146302   0.00150126   -0.0810095   0.00670637
  -0.0479339     0.013732   -0.0271823     0.112083
  0.00429797   -0.0285365    -0.147926     0.118708
     0.30066   -0.0619524   -0.0529927     0.102702
     0.10912   -0.0738852   -0.0540522   -0.0546683
    0.180918   0.00567242    0.0459991   -0.0808496
   -0.202997    0.0576039    -0.118405     0.249781
  -0.0357267 -0.000369437   -0.0360427     0.260879
   -0.206547    0.0355043     0.068125    0.0480022
 -0.00202212   -0.0113179   -0.0858705   -0.0227818
   0.0286056    0.0309167   -0.0619535   0.00238172
    0.655127     -0.14184    -0.099512     -0.21127
  -0.0260089    0.0797058   -0.0202905     0.108266
   0.0387281   -0.0528639   -0.0402704   -0.0364831
   -0.126178    0.0278334   -0.0759743    -0.213106
    0.194871   -0.0889343   -0.0769055    0.0492083
   -0.103682   -0.0210945    -0.119901     0.082678
    0.162089     -0.14175   -0.0407027     -0.12703
    0.319292   -0.0883566   -0.0514162    0.0233355
    0.107807   -0.0310469     -0.06319    -0.137554
    0.131689   -0.0536131    -0.101189  -0.00322257
   -0.030609    0.0440663   -0.0795329    -0.135415
    0.254924     -0.13538   -0.0212347     0.365493
    0.216978   -0.0606418   -0.0817319   -0.0333284
   0.0903291   0.00984439    0.0223506   -0.0277561
   -0.345223    0.0748168   -0.0337453     0.233569
  -0.0356092   -0.0562495    -0.108653     -0.18978
   -0.361706    0.0933992    0.0756425    0.0633547
   -0.171176    0.0765767   -0.0675086     0.116304
  -0.0232144  -0.00868271     0.016185    0.0261272
   -0.218986    0.0536977   -0.0748844   -0.0693828
    0.203203    -0.119085    -0.105622    0.0619942
  -0.0260668   0.00372753   -0.0531693   0.00122301
   0.0635894   -0.0221023   -0.0152085    0.0405229
   -0.244487    0.0389471    -0.177195   -0.0931965
     0.19631  -0.00184509    -0.147405    -0.011472
   -0.152762    0.0696836   -0.0771954    -0.179084
   0.0742968   -0.0395205   -0.0980329   -0.0232414
   -0.314061    0.0355226   -0.0246743    0.0865048
    0.206195   -0.0864312   -0.0591653     -0.17656
    0.101216   -0.0249168    -0.231386    -0.336089
    0.275482    -0.152206   -0.0411537    -0.305988
   -0.416795     0.157554    -0.132641      0.25416
    0.117031   -0.0985513   0.00731963    -0.178881
  -0.0305496   -0.0160591   -0.0257843    0.0396243
   0.0516401   -0.0818808    -0.120323    -0.160587
  -0.0550246    0.0191328   0.00410412     0.142721
   -0.180081    0.0616839     -0.11502     0.183792
   0.0104631    0.0204073   -0.0232218    0.0370062
  -0.0348217   -0.0334274    -0.106605    -0.370859
    0.204173  -0.00279278   -0.0206092    0.0230412
  -0.0512099    0.0159615    0.0389904     0.164585
   0.0569157   -0.0284396    -0.116842   -0.0648968
  -0.0804239   -0.0559911   -0.0578223    0.0111789
    -0.23964    0.0048364    0.0742498     0.372975
   0.0242073   -0.0633132    -0.147693   -0.0554776
 -0.00418338     0.101977   -0.0923063   -0.0334918
-0.000178542   -0.0141328  -0.00503139    0.0835405
   -0.143368      0.11576   -0.0780269    -0.395316
    -0.18875   0.00394691   -0.0899138   -0.0241423
  0.00228671    -0.054093   0.00862769  -0.00359894
    0.029211    0.0721248    -0.168039    -0.325899
    0.194006   -0.0496069   -0.0494805   -0.0318166
     0.11508    -0.077379   -0.0916451   -0.0428722
   0.0800379     0.044575   0.00470873     0.179344
 -0.00112469    0.0492222   -0.0843467   -0.0307709
   -0.294256    0.0768384    -0.156837    -0.179221
   0.0186192    0.0493368    -0.130188    -0.224898
   0.0342033   -0.0305039    0.0222294    -0.172852
   -0.139019   -0.0637812   -0.0358917    0.0617998
   -0.160158  -0.00102721   -0.0820069     0.109597
   -0.380609       0.1075   -0.0100617    0.0787403
    0.259859    -0.136858   -0.0398732    -0.177055
   -0.106702    0.0181747    -0.147762    -0.168137
   -0.312818     0.128305   -0.0476864   -0.0784277
    0.102391   0.00820822    0.0764094   -0.0217363
    0.190196  -0.00823827  -0.00512735    0.0807502
  -0.0302548  -0.00516984   -0.0400019     0.107668
    0.055794   -0.0148457   -0.0908445    -0.105312
   0.0738088   -0.0675914   -0.0419845    0.0222156
    0.208181   -0.0459247   -0.0637746     0.128048
   0.0618723   -0.0189666  -0.00951012   -0.0715362
   -0.227974    0.0393243   -0.0956202    -0.151427
   0.0294406    0.0585804 -0.000542089     0.148334
   -0.317678    0.0539334    -0.103913    -0.114399
    0.134612   -0.0313578   -0.0750652    -0.100145
   0.0213402    0.0374477    -0.101097   -0.0200649
  -0.0628544   -0.0252904     -0.16517    0.0123218
   -0.184536    0.0305111   -0.0856124   -0.0132569
 -0.00422724    0.0477251    -0.185455    -0.110628
   0.0909944   -0.0183442    -0.196519    -0.102141
   -0.207908    0.0968593    -0.099654     0.139514
 -0.00230444   0.00903791     -0.14052    -0.236688
    0.108988   -0.0447502  -0.00579045   -0.0756122
   0.0239079    0.0308345   -0.0377979    -0.147618
   -0.474177     0.134042    -0.135893    -0.213007
   -0.122653  -0.00853884    -0.128957    -0.201006
    0.157962    0.0457148    0.0354471    0.0473539
    0.176102   -0.0608368   -0.0315564   -0.0934273
   0.0846132    0.0164726    -0.158206   -0.0621463
   0.0531847    0.0844471   -0.0844741     0.189354
  -0.0387376     0.004535   -0.0307018    -0.251734
    0.014062    0.0128019    -0.138505    0.0233743
    0.181308    -0.116862     -0.13905   -0.0276138
   -0.242396      0.03819  -0.00781095   -0.0154748
   -0.279402      0.12618     0.126028   -0.0687075
  -0.0377383    0.0436909    -0.087624     0.060202
   -0.216988    0.0327243   -0.0576055  -0.00184546
  -0.0591297  -0.00898342   -0.0365228   -0.0320347
   0.0813642    -0.065126 -0.000535629   -0.0497475
   -0.182387 -0.000106745   -0.0753307     -0.29263
    -0.03618    0.0200307   -0.0632817   -0.0313029
    0.145037   -0.0675079   -0.0502796    -0.103119
    0.157647   -0.0126377     -0.05278   -0.0235418
  -0.0796033   -0.0324839   -0.0183161   -0.0157421
  -0.0211177    0.0209416    -0.130816    -0.200278
    0.146374    0.0418069   -0.0792403    0.0761477
    0.254954    -0.128949     -0.16271     0.089077
    0.125863   -0.0175516    -0.055658     0.117731
   -0.225916    0.0425877     -0.14354    0.0132774
     -0.4502      0.13066    0.0553965     0.041639
    0.206249   0.00364002    -0.122457   -0.0452781
  0.00662463   -0.0549817   -0.0381825    0.0258058
   -0.177026    0.0373855    0.0346313     0.236533
  -0.0367074   -0.0394626   -0.0038101     0.301037
    0.112679   -0.0787857   -0.0613516   -0.0743987
   -0.140868    0.0380546    0.0234504     0.243764
  -0.0800261  -0.00661567    0.0160333    -0.188358
   -0.120277    0.0969809   -0.0492221   -0.0805091
   0.0257467   -0.0580466    -0.146929   -0.0681754
   -0.241368    0.0221021    -0.134905    0.0565553
   0.0156098     0.053955   -0.0501807    0.0106959
   -0.100247   -0.0234758   -0.0112913   -0.0868601
  0.00913062  -0.00632443   -0.0949394    0.0756956
    0.378135    -0.140097   -0.0223538    -0.290968
   0.0902782    0.0451047 -0.000218262   -0.0741904
   0.0775211   -0.0529328    -0.239575   -0.0912129
    0.357195     -0.12756   0.00463949     0.114429
  -0.0297114   -0.0358539   -0.0892113    0.0215487
    0.256114   -0.0332843    -0.160367    -0.186735
  0.00675244   -0.0532758   -0.0206234     0.247465
  -0.0684191    0.0248879    -0.112002     -0.23763
   -0.150672   -0.0329734   -0.0898892     0.137379
   -0.101968    0.0314052   -0.0946883     0.025902
   0.0825179    0.0254268   -0.0448728    0.0903583
    0.074018    -0.128731    -0.160236    -0.150721
   -0.230979     0.106005    -0.133143    0.0949637
   -0.136973    0.0135547    0.0140581    0.0975652
   0.0277402   -0.0164961    -0.125972    -0.123972
 -0.00370256    0.0380477   -0.0905763    0.0488206
  -0.0989749     0.116258     0.105846   -0.0212919
  -0.0614693   -0.0264774   -0.0334944    0.0876043
    0.288985   -0.0592809   -0.0185417    0.0439601
   -0.128926    0.0751446   -0.0521783   -0.0809732
   0.0812827    0.0354193   -0.0502558    0.0276382
   -0.216443    0.0114637    -0.062586     0.134057
    0.166307    -0.145544   -0.0130428   -0.0744654
   0.0708616   0.00958777    0.0616646     0.305833
  -0.0685535     0.010757    -0.126724    -0.267986
   -0.172301   -0.0245927    -0.108405   0.00371767
  0.00899068    0.0111604      0.15468     0.298416
  -0.0849133    0.0648061   0.00155911   -0.0140879
   -0.141118    0.0879933    0.0768004    0.0337838
   0.0775824 -5.08327e-05    0.0317791      0.27038
    0.121238   -0.0731303   -0.0351123     -0.07193
  -0.0146747   -0.0169741    -0.113367   -0.0309454
  -0.0874029   -0.0403521   0.00747788   0.00199279
    0.178467   -0.0731517    0.0108033    -0.211965
-0.000865858    -0.023195    -0.104079    -0.173052
   0.0100555   0.00627021    -0.132782   -0.0365647
   -0.106135    0.0620647   -0.0613366  0.000440979
   0.0326526   -0.0105009   -0.0423951     0.309487
    0.168104    0.0354584   -0.0357345    -0.207428
   -0.181714   -0.0130318   -0.0426549    0.0453332
  -0.0278571   -0.0185094   -0.0199964     0.123029
    0.362456    -0.058312   -0.0557385   -0.0889959
   0.0386766    0.0153537   -0.0980949    0.0973982
    0.202289   -0.0364869    -0.033642   -0.0643692
  -0.0634678    0.0897776    -0.065977  -0.00180963
   0.0293982    0.0286874   -0.0505159   -0.0306657
     0.20877   -0.0345399   -0.0482783    0.0733528
   -0.231427    0.0511083    0.0192072    -0.119861
  0.00579583   -0.0414051     -0.14035    -0.182838
  -0.0860457    0.0383171   -0.0949951     0.190222
  -0.0623956    0.0595233  -0.00980994   0.00177456
    0.144613   -0.0465183    -0.146392     0.105539
  -0.0332233   -0.0750856    0.0206039      0.13291
    0.131774   0.00315009     -0.10812     0.132761
   -0.137634    0.0351438    -0.103429     0.129067
  -0.0942628    0.0141518   -0.0630664    0.0956616
   -0.106834    0.0987542   -0.0772567   -0.0713591
    0.101188   -0.0394608    -0.245057    -0.376196
    -0.10471     0.105309   -0.0100944    0.0978795
  -0.0128504   -0.0168488   -0.0936451     -0.09952
  -0.0104293   -0.0376755    0.0190614     0.111276
  -0.0563523    0.0481387    0.0343355    0.0756873
    0.119836    0.0165101   -0.0318088     0.115574
   -0.253305  0.000435592   -0.0175622     0.126314
    0.282197   -0.0849525    0.0273749    0.0741529
   -0.180824    0.0776825    -0.111199    -0.224244