    2.08474
    1.27303
   0.247808
   0.324019
  -0.299859
   0.967814
   0.712131
   0.619189
    1.45497
  -0.245046
    1.20223
  -0.129154
-0.00836543
   0.184655
  0.0256311
   0.285825
 -0.0114593
   0.611996
  0.0532946
   0.114999
 -0.0820276
  0.0726457
  -0.329928
  -0.326152
  0.0511017
  -0.153629
   -0.23327
   0.140144
 -0.0949956
  -0.348668
  -0.254957
   0.182118
  0.0506965
  -0.153664
  -0.272414
   0.163847
  -0.124506
   0.129486
  -0.294073
  -0.226971
  0.0611502
   0.146478
  -0.297979
  -0.281353
  0.0831673
  -0.183046
   -0.28368
  -0.235322
  -0.380162
   -0.36051
  -0.142099
  -0.295711
  0.0869924
  -0.212131
  -0.270468
  -0.286229
  -0.259729
  0.0935663
  -0.248154
  -0.267647
  -0.279448
  -0.238269
  -0.260892
   -0.34101
  -0.328339
   0.263824
   0.416653
   0.374162
 -0.0228899
    0.89902
   0.233524
   0.660472
   -0.13362
  0.0983699
  0.0757131
 -0.0413285
   0.125673
 -0.0320712
   0.162226
 -0.0328313
   0.101419
  -0.225207
  -0.194677
  -0.330672
  -0.352899
 -0.0683871
  -0.101507
 -0.0716764
    0.17743
  -0.134433
  -0.142644
  -0.222451
   0.152185
 -0.0381989
  -0.153558
  -0.187112
  -0.282574
  -0.347977
   0.157597
   -0.23479
   -0.24992
  -0.258395
  -0.336129
  -0.388024
   0.847093
 -0.0361779
    1.80223
  -0.309725
    1.07835
  -0.137966
 0.00471009
 -0.0420746
  -0.306814
 0.00318905
  -0.127592
  -0.130122
  -0.342321
  -0.154347
  -0.192535
 -0.0624571
  -0.151272
  -0.296552
  -0.170341
  -0.131402
  -0.327526
   -0.29929
  -0.188885
   -0.26056
  -0.173417
  -0.244962
   -0.22648
  -0.270118
  -0.230768
  -0.290751
  -0.327828