   0.0572334   -0.0445058   -0.0765263   0.00665609
   -0.155107     0.205975    -0.151386    -0.135698
   0.0896915  -0.00702782    -0.251516   -0.0460956
   0.0456939   -0.0759606    0.0983858    0.0998346
   0.0146902   -0.0266332    -0.226335    0.0680207
   0.0586176     -0.12464     0.084896     0.133683
  -0.0215727    0.0491958   -0.0297037    0.0225745
    0.153208    -0.174778    -0.159495    0.0668815
    0.042248    -0.100455    0.0418242    0.0421182
     0.10295   -0.0274771    -0.082735   -0.0465541
  -0.0251771   -0.0690798     0.182791    0.0910968
   0.0612701    0.0653211   0.00864538    -0.121231
 0.000185311     0.046043    -0.057668    0.0203684
  0.00428852    0.0497194   0.00437007    -0.130918
   0.0499307   -0.0416474  -0.00942944    -0.046752
   0.0592179   -0.0198975    0.0627197   -0.0137398
    0.051598    -0.126026     0.112324     0.190802
   0.0785247    0.0813468   -0.0200867   -0.0740763
   -0.035744    0.0382609     0.145709    -0.117045
   0.0520736    0.0631844    -0.301091   -0.0623512
   0.0295104    0.0645668   -0.0478447    0.0283655
   0.0195717   -0.0288129    0.0959938     0.096829
    0.082142   -0.0280348    0.0768205    0.0506831
  -0.0125346   -0.0863047     0.186025   -0.0270414
   0.0626636   -0.0778463    -0.127892    0.0102174
   0.0102229     -0.12547      0.17809     0.032291
    0.109039   -0.0979543   -0.0191647    0.0231028
   0.0788379    -0.186328     0.168711   0.00194978
  -0.0043677    0.0321792   -0.0763093   -0.0705977
 -0.00104098   0.00929488     -0.14528   -0.0149559
   -0.062927    0.0912611    0.0394718   -0.0281202
   0.0577715   -0.0688869   0.00789633    0.0767769
 -0.00676084   -0.0509398     0.125325   -0.0204826
  0.00199184    0.0290581    -0.180058   -0.0429098
    0.163477   -0.0968033     0.127122     0.121399
    0.033827   -0.0427462     0.148584  -0.00510205
   -0.129855      0.19297    0.0208829    -0.152825
     0.10089    0.0419754  -0.00801209    0.0618121
  -0.0769519    0.0565815    0.0465042    0.0480589
    0.115745    0.0171477   -0.0857958    0.0338912
    0.181085   -0.0719899    0.0410316   -0.0178554
  -0.0716947    0.0986832    -0.311357   -0.0346207
   -0.050875     0.165729   -0.0976355   -0.0589989
  -0.0538298    0.0673459    -0.025225   -0.0643474
  -0.0422398   -0.0275926    -0.115386    0.0458757
   0.0157197    0.0689465    0.0967351   -0.0664751
    0.106217    -0.114544    0.0627226    -0.030646
   0.0417828    0.0308415    0.0222926 -0.000713059
  -0.0285853    0.0790585    0.0945186   -0.0291531
  -0.0976612    0.0172588     0.135545   -0.0222763
   0.0879413     -0.14039     0.108937     0.122637
  -0.0803064    0.0888049    0.0912304    0.0111322
 -0.00309465   0.00565869    -0.220501    -0.107972
   0.0329016    0.0302343   -0.0542564   -0.0139105
  0.00748753    0.0978279    0.0407034   -0.0599378
   0.0680771   -0.0627922    0.0428042   0.00887052
  0.00957765    0.0533368    0.0508576   0.00804808
   0.0214618   -0.0483471    0.0343803    0.0171827
   0.0287838   -0.0145942    0.0568644  0.000963232
   0.0644126    0.0159725   -0.0463129    0.0408028
   0.0306223   -0.0317757    0.0800004   -0.0357964
   0.0630079     0.044035    0.0929885    0.0305977
   0.0186443    0.0311533   -0.0108405   -0.0763004
    0.132536   -0.0471103     0.218057   -0.0249821
  -0.0327234    -0.095323    0.0867962   -0.0190576
   -0.101818    0.0437254     0.202904    0.0924473
  -0.0558468    0.0136732    0.0798358    -0.104736
   -0.033175     0.121117     0.115012   -0.0637635
   0.0788423    0.0132394  0.000840299   0.00633443
 -0.00722383    0.0935183    0.0972184   -0.0312093
  -0.0106777    0.0953781   -0.0324103   -0.0427975
   0.0336358    -0.137151     0.243599   -0.0452021
   0.0547907   0.00338283     0.233032    0.0901497
   0.0738569     -0.01993  -0.00381116    0.0303152
  -0.0372018   -0.0113537    0.0178529    0.0703868
    0.063448   -0.0327687   -0.0662159    0.0296074
   0.0979997   -0.0742288   -0.0359633    0.0862488
    0.100803   -0.0246767    0.0463826     0.167892
   0.0754516    0.0557779   -0.0508088    0.0388265
  -0.0410971  -0.00705751    0.0439417    0.0422769
    0.173853    -0.180211     0.169478     0.122951
    0.119623  -0.00697667   -0.0386436    0.0100548
  -0.0495198     0.128041    0.0135344   -0.0344231
   -0.041413  -0.00911522   -0.0569458   -0.0637405
   0.0730488     -0.19073     0.218503    0.0630444
   0.0336793    0.0159749  -0.00532837   -0.0515152
   0.0062335    0.0206915    -0.141174   0.00901019
   -0.168383     0.166862    0.0643913     -0.14714
   0.0696811    0.0386806    -0.143892    0.0647165
       0.036    0.0335204     0.034038   -0.0204369
   0.0611185   0.00873429     0.101164    0.0435013
   0.0314412   -0.0251886    0.0337688     -0.16965
   0.0789009   -0.0281463   -0.0390427      0.10468
   0.0392986    0.0191933      0.14216   -0.0405536
   0.0123001     -0.13209    0.0388881    -0.074349
  -0.0475548   0.00966559  -0.00447686    0.0586268
   0.0606047    -0.146381    0.0728911     0.233671
 -0.00230394    0.0396851    0.0162032    -0.014877
  0.00526075   0.00557302   -0.0388176   -0.0263755
  -0.0691853    0.0541211    0.0105556   -0.0491032
    0.051738    0.0833777    -0.102771   -0.0311596
    0.112235    0.0591548    0.0201954    -0.131166
   0.0334588    0.0144184     0.176842    0.0249947
  -0.0414763    0.0659752   -0.0687223   -0.0334567
   0.0503148   -0.0112738   -0.0970342   -0.0237031
    0.053892   -0.0488786   -0.0295711   -0.0199496
    0.109138    0.0173395     0.107564    0.0115552
  -0.0217456     0.105806     0.015463   -0.0732779
   0.0844067    0.0323663     0.069743  -0.00717602
   0.0937895   -0.0744059    0.0474789    0.0481451
  -0.0551731    0.0481834     0.127961    -0.164718
   0.0378047     -0.08352    0.0719163    0.0776548
   0.0572683   -0.0501961     0.160687    -0.112073
  -0.0185473    0.0582944    0.0572451    0.0390305
     0.13916    -0.121247    0.0687514      0.10364
   0.0610307    0.0152621   -0.0312792    -0.169263
  -0.0101831    0.0583892    -0.180582   -0.0569978
   0.0896021   -0.0723902   -0.0455938    0.0711378
   0.0460761    0.0527478   -0.0299025   -0.0934083
   0.0931334    0.0334862   -0.0309814   -0.0698019
  -0.0759638     0.134855   -0.0727164    -0.141159
   0.0893173   -0.0903179    0.0911365   0.00931899
   0.0297526    0.0605355   -0.0980599     0.128853
  -0.0353135   0.00307823    -0.131735   0.00305527
   0.0793952   0.00171528    -0.148259    -0.177823
   0.0482639   -0.0436217   -0.0774356    0.0221341
   0.0492475    -0.121234    0.0769252    0.0179745
    0.048835    0.0264695    0.0134243     0.127519
   0.0587081    0.0153524    -0.103143    0.0582601
   0.0771751    -0.034924   -0.0473398    0.0495638
   0.0481672    0.0633685   -0.0630233    -0.190205
   0.0407807   -0.0259358    0.0946377    -0.046642
   0.0297457   -0.0353207     0.209676    0.0956148
   0.0517892   -0.0653877    -0.103773   -0.0802046
 -0.00061954     0.151034   -0.0475577    0.0328251
  -0.0126966    0.0894388     0.171982   -0.0312406
   0.0960087   -0.0688288    0.0927212    -0.101737
  -0.0196887     0.111433     -0.11804  -0.00784804
  -0.0454348    0.0201484    0.0157092   0.00574368
  -0.0937479     0.122781   0.00242632    -0.155056
  -0.0403278     0.096892    0.0118617   -0.0907101
   0.0791474  -0.00533225   -0.0215164   -0.0428198
  0.00534227   -0.0378688   -0.0584939   -0.0187912
    0.108815   -0.0523508    -0.103929    0.0889774
    0.104023   -0.0604136    0.0467664    0.0188662
  -0.0513186     0.112053    0.0358237   -0.0629355
    0.051732    0.0142432     0.125169    0.0345661
   0.0306128     -0.10828    0.0800274    0.0139949
   0.0945007   -0.0626244     0.030692    0.0669947
   0.0315988     0.102763    0.0686342   -0.0688064
   0.0390821   -0.0743682     0.138862    0.0899497
   0.0580468    0.0358862    0.0289082  -0.00625617
   0.0840761    -0.104417   -0.0337753    0.0185347
    0.040913   -0.0421815   -0.0398498  -0.00323014
  -0.0388269    0.0495665   -0.0394751    -0.140556
 -0.00646992    0.0755018    -0.314006   -0.0430553
   -0.023946    -0.107847     0.171214   -0.0695267
   0.0412996     0.130293    -0.225867   -0.0928177
    0.111547    -0.007479      0.16795   -0.0246432
   0.0959068    -0.102384     0.156219     0.134125
   0.0143025   -0.0386942    0.0817418   -0.0529976
  -0.0588744     0.027638   -0.0268464   0.00757191
   0.0194046     -0.04888     0.119674    0.0417889
  -0.0142466    0.0683283    0.0962175   -0.0763534
 -0.00827875    0.0293775   -0.0554918    0.0949995
   0.0019261     0.086737   -0.0375489    -0.127828
  -0.0977133     0.161135   -0.0775031    -0.139292
   0.0200076    0.0844071    0.0982406   -0.0928156
   0.0483173   -0.0920216   0.00451041    0.0138029
 -0.00548546    0.0197735   -0.0508904     0.114615
   -0.012939    0.0381834     0.156491   -0.0818719
    0.160576    -0.156039     0.034265     0.156959
  -0.0335908   -0.0478648    0.0782212    0.0407472
   0.0655369   -0.0804975     0.185872    0.0829933
    0.044291    0.0313442   -0.0944937    0.0340605
    0.148325   -0.0341508    0.0190765     0.121085
   -0.171713    0.0766587   -0.0271412    -0.188869
    0.050575   -0.0710399     0.271879    0.0504032
 -0.00335391    -0.119524    0.0979191    0.0403643
   0.0293535   0.00677357    0.0856899   -0.0445945
 -0.00729999    0.0724021    -0.122506    0.0313438
   0.0459421     -0.01794    0.0790608  -0.00431053
   0.0771711   0.00963755    -0.127431    0.0359123
   0.0584435    0.0404384   -0.0225441   -0.0348908
  -0.0234463   -0.0546343    0.0272031  -0.00708206
      0.0405   -0.0297898     0.181283    -0.089892
    0.139179    0.0200227    -0.139039     0.136119
  -0.0715646    0.0771816   -0.0154203   -0.0243942
  -0.0207319   -0.0549275     0.121558  0.000613196
   0.0352255     0.110288    -0.147889   -0.0740467
   0.0437611     0.061107   0.00361804   -0.0361016
   0.0887873    0.0111118   -0.0731008   -0.0762107
   0.0680495  -0.00482075    0.0046548    0.0755685
  -0.0425383   -0.0517378    0.0971361   -0.0650102
  -0.0268502   0.00253408     0.134011    0.0125566
    0.019183  -0.00872601   -0.0375603   -0.0181067
    0.112449   -0.0853616     0.185582    0.0710497
   0.0158536   -0.0783292     0.153381   -0.0353378
   0.0436271    0.0384128    0.0855123    0.0465696
   0.0563931   -0.0310282    -0.109006      0.12442
   0.0643352   -0.0592812     0.256992     0.143741
   0.0025708     0.052777   -0.0269127     0.044813
  -0.0380247   -0.0316753    0.0858685    0.0354141
   0.0360639   -0.0433975    0.0102807     0.035268
  -0.0245835    -0.114033     0.221614   -0.0542383
  -0.0127913     0.120916   -0.0717425   -0.0712839
   0.0115633   -0.0437846   0.00942457   -0.0444612
  -0.0538882   -0.0262477     0.219598    -0.075602
   0.0106165   -0.0313197      0.01105     0.106631
    0.118886   -0.0776497     0.048444      0.02094
  -0.0993937      0.12167    -0.139029   -0.0410966
   0.0119711    0.0165485    -0.110217   -0.0272175
  -0.0337751  0.000575105   0.00472178   -0.0503081
    0.108672   -0.0983985     0.136312    0.0327318
     0.04756   -0.0744831    0.0937803    -0.111484
-0.000509395    -0.090118     0.190531    0.0826386
    0.153939   -0.0460752    -0.132839   -0.0221113
  -0.0582507    0.0969915   -0.0448862   -0.0104223
  -0.0317699      0.11385  -0.00769812    -0.119046
   -0.050451    0.0424041    0.0729432   0.00994876
   0.0324919   -0.0680249   -0.0738929   -0.0399629
   0.0591738    -0.152163     0.183098     0.112857
  0.00713492   -0.0291933   -0.0169998    0.0664744
  -0.0104067   -0.0754339     0.215868   -0.0110065
   0.0987863   -0.0709908    0.0363982   -0.0987095
   0.0732084    0.0376207   -0.0811967    0.0128792
  -0.0741383   -0.0183987    0.0431801    0.0525344
  -0.0182437   -0.0706464     0.101668    -0.107318
   0.0639624    0.0151153   -0.0103042    0.0408221
     0.12847   -0.0701434   -0.0240257      0.10172
   0.0628818  -0.00168675    0.0174889    0.0976522
 -0.00305745      0.08827    0.0600687   -0.0329391
  -0.0555681   -0.0381142   0.00351988   -0.0109271
   0.0303078    0.0298772    0.0452015    -0.108907
  -0.0183949   -0.0873218    0.0160002    0.0058944
 -0.00984508   -0.0792692      0.04493    0.0692473
   0.0203931   -0.0881294     0.178807    0.0327867
    0.024892    0.0202058   -0.0285452   -0.0315678
   -0.107334    0.0293196     0.134984    -0.183942
   0.0645469   -0.0261022    0.0999008    0.0379097
   -0.024569   -0.0519833     0.151894     0.148536
   0.0785665   -0.0279374   0.00489868    0.0385752
  -0.0122569    0.0288562   0.00883986    -0.106242
   0.0568835  -0.00375689     0.104593   -0.0907847
  -0.0290403     0.071235    0.0859748   -0.0212896
  0.00759002     0.037867    0.0803877   -0.0413743
    0.111467   -0.0187775    0.0183846    0.0812481
  -0.0165182    0.0260477    -0.246044    0.0167419
   0.0157955    0.0881245   -0.0232628     -0.10513
  -0.0594571   -0.0191739    0.0510233   -0.0281903
   0.0342863   -0.0146672    -0.140288   0.00953211
    0.132992      0.03176    -0.196012   -0.0438872
  -0.0348698     0.108696    -0.230584    -0.047735
   0.0344655    -0.030029     0.114189    0.0520397
   0.0347487    0.0533911   -0.0413245   -0.0884814
    0.212871    -0.141941    -0.111224     0.209404
   0.0570743    -0.085132    0.0908559    0.0906828
   -0.041947    0.0320174    0.0386758   -0.0326193
  0.00998056     0.137031   -0.0966885    -0.096821
   0.0567655    -0.110515    0.0860037    0.0516379
  -0.0570187    0.0432871   -0.0547931   -0.0126271
   0.0559954   -0.0371849   -0.0429876     0.127326
    0.109219    -0.116394    0.0794358     -0.06052
   0.0249347   -0.0910247     0.216366     0.114748
     0.12099     0.020203   -0.0520568     0.100408
  -0.0451018   0.00948996     0.133892    -0.110269
  -0.0440835    0.0924369    -0.093723    -0.012784
  -0.0730587   -0.0250972     0.134781    0.0568666
   0.0297524    0.0409928   0.00182091    0.0238357
   0.0813269    0.0192766     0.089726     0.074596
   0.0660131    -0.102463   -0.0433518   -0.0244434
   0.0268654   -0.0758552     0.171875    0.0126787
   0.0470016   -0.0378451    -0.023482    0.0675664
   0.0456717   -0.0104908    0.0870457   0.00318136
    0.104353   -0.0608886    -0.120214    0.0763499
   0.0648354    0.0612639    0.0543232      0.03125
   0.0820048   -0.0189693    -0.075946    0.0321413
   0.0255182    0.0611662   -0.0786059    -0.167255
   0.0714126   -0.0240093    -0.121989    0.0245225
  -0.0791838    0.0207861      0.14782   -0.0210756
   0.0766518    0.0204277  -0.00501504    0.0322133
  -0.0460617    0.0913444     0.136194    -0.245313
  -0.0442062    -0.045395   0.00638729     0.065729
  -0.0536788    0.0692259    -0.104628     0.116182
   -0.109597     0.130795    -0.279717    -0.080674
   0.0118925    -0.112474     0.124088    0.0870238
   0.0397074   -0.0735552     -0.15223     0.107142
   0.0354262   -0.0544782     0.200079   -0.0126248
  0.00846963    0.0574563   -0.0579062   -0.0401494
   0.0517421  1.30866e-05   -0.0234713    0.0866756
    0.107893    -0.021831    -0.154086  -0.00885026
    0.129967    0.0118744   -0.0728548   0.00895236
   0.0158236    0.0632486    0.0801847    -0.106446
 -0.00885511     0.170458   -0.0274367    -0.035886
  -0.0846514   0.00969583     0.063344     0.071578
   0.0444751   -0.0049423     0.049973    0.0166936
   0.0610297    -0.056283     0.088613   -0.0438799
    0.020023    -0.113253     0.162423    0.0212325
   0.0480716    0.0244406     -0.12106  -0.00716401
    0.144026    -0.217741    0.0438688     0.184631
   0.0344898   -0.0545099   -0.0132659    0.0108542
   0.0365546   -0.0206183    0.0554331    0.0131583
   0.0414603    0.0324781    -0.023234    -0.116945
   0.0282568    0.0888278   -0.0340512   -0.0454695
   0.0446459     -0.19525     0.209488   -0.0714344
   0.0460114     0.128388    -0.251641   -0.0201016
  -0.0315068    0.0760198   -0.0363582    -0.114945
  -0.0501332   0.00509463  -0.00365016    0.0439824
   0.0643356    -0.014849   -0.0315112    -0.061044
   0.0510949     0.031059    -0.120752   -0.0266089
    0.040695  -0.00331343   -0.0247163   -0.0125113
  -0.0811285    0.0787312     0.123277    -0.118242
    0.073811   -0.0584469   -0.0121325   -0.0575903
   0.0431235   0.00538595   -0.0470093    -0.080168
   -0.040306    0.0641906    -0.133592  -0.00914569
    0.106971    -0.117861    0.0800976    0.0720157
   0.0615856    0.0452272     0.106536    -0.130582
    0.118163   -0.0110595   -0.0848206   -0.0773704
  -0.0092436   -0.0362109     0.158182    -0.100568
   0.0171543    0.0110221   -0.0248146   -0.0179663
   0.0116871  -0.00273041  -0.00476523    0.0619772
  -0.0203179    0.0050924      0.13838    -0.176078
   0.0184154    -0.032602    -0.125906   -0.0398364
   0.0111325   -0.0247808       0.0847   -0.0123807
  -0.0130372      0.14923   -0.0458756   0.00122829
   0.0445528    0.0294129    -0.148462    0.0341285
   0.0129681    0.0521724     0.258737   0.00761529
 0.000746266    0.0282017    -0.281267   -0.0620857
    0.120088    0.0751543   -0.0973276   -0.0389091
   0.0450536   -0.0779594     0.152874    0.0548756
   0.0775189   -0.0224982   -0.0445701    0.0790214
-0.000421426   -0.0892554    0.0478373   -0.0366835
   0.0643998   -0.0359609    0.0881911    -0.142722
   0.0198642    0.0314094    0.0272859   -0.0142394
   0.0798503    0.0904865    0.0777649    0.0118992
   0.0659294   -0.0748682     0.237678   -0.0947718
 0.000693201    0.0704433    0.0154029   -0.0456864
  -0.0391495    0.0215873     0.103175   -0.0595756
 0.000656165    -0.102557     0.281237    0.0830233
 -0.00696443   -0.0279996     0.113372    0.0597908
   0.0675955    -0.115632     0.183353     0.117719
   0.0104687     0.105339    -0.125871   -0.0349473
   0.0511942   -0.0928907     0.168218    0.0709633
   0.0278333   -0.0227527     0.065805   0.00638762
   0.0847831   -0.0405837   -0.0350354    -0.131189
   0.0171316    0.0386434   -0.0717907     0.089944
  -0.0685709      0.09808    0.0500976  -0.00745743
    0.119364    -0.241606     0.351952     0.316422
  -0.0469108    0.0561137   -0.0345023    0.0562833
   0.0250132   0.00738651    0.0672905    0.0670096
   0.0707511   -0.0136312     0.119546   -0.0825722
   0.0701132    0.0567978    -0.193324   0.00163303
   0.0492176   -0.0841923   -0.0875171     0.137373
   0.0455462   -0.0331369     0.082874    0.0492257
   0.0832599   -0.0147742    0.0532827    0.0279149
   0.0808881   -0.0600443    0.0739333     0.113293
   0.0897968   -0.0746894   -0.0328959   -0.0307438
 -0.00036259    0.0347976    -0.176841    -0.109827
  -0.0127919    0.0209231   -0.0263863     0.191161
    0.185818   -0.0474509   -0.0105228    0.0332455
   0.0351887    0.0469952    0.0229601   -0.0225079
  -0.0673514   0.00908602     0.130347    0.0651488
  -0.0447135    0.0241261    0.0228429   -0.0561409
    0.027014    -0.100435   -0.0252219  -0.00275997
    0.118781    -0.168966     0.250892    0.0951854
  -0.0290796    0.0572838   -0.0006615    0.0646633
  -0.0426175    0.0360171   -0.0295035  -0.00210795
   0.0918563   0.00376401  -0.00814882   0.00340443
    0.012395   0.00197115   -0.0147955   -0.0406002
    0.034435   -0.0205548     0.046372    0.0216071
-0.000153221    0.0562387    -0.197471   -0.0047553
    -0.04719   -0.0213402     0.205538    0.0440562
   0.0474484   -0.0642529    0.0845808    0.0554446
   0.0710872  -0.00286084   -0.0406966   -0.0611483
    0.123114   -0.0637855    0.0331577   -0.0155452
     0.10944   0.00441589     0.187981    0.0256862
 -0.00768448    0.0504921    0.0164796     0.205211
   0.0316188   -0.0122641   -0.0625128   -0.0392412
   0.0669478    -0.121777   -0.0669468     0.176666
   0.0300213   -0.0798035   -0.0333179    0.0370044
  -0.0522807   -0.0309564     0.238118   -0.0481401
   0.0373199   -0.0766498    0.0220843    0.0339467
  -0.0715555     0.134299   -0.0849938    0.0264695
   0.0761423    -0.164529     0.189829    0.0111858
   0.0399607    -0.135304    0.0830456   -0.0102556
   0.0876165    0.0176615    -0.106437   -0.0640458
   0.0447203   -0.0396641   -0.0817783    0.0880568
   0.0642703    -0.188286   -0.0328593     0.164203
 -0.00423082   -0.0364689  -0.00059706   -0.0364764
   0.0445933     0.037536   -0.0961855   -0.0307522
  -0.0491034     0.205316   -0.0917653    -0.107807
   0.0927907   -0.0588689    0.0153053   -0.0114927
   0.0385544   -0.0523509   -0.0841658   -0.0197346
 -0.00761963    0.0790957   -0.0384955    0.0392783
 -0.00595447    -0.111364     0.156003  -0.00112835
   0.0695211   -0.0248489   -0.0525525  -0.00532357
   0.0832071   0.00262538    0.0959818     0.189098
 -0.00367357   -0.0394507    0.0872034    0.0249943
   0.0208047   -0.0279121    0.0875461   -0.0711949
  -0.0879784   -0.0134551    0.0728248   -0.0519012
   0.0682867    0.0364848  -0.00861104     0.051678
   0.0593059    -0.112095     0.117435      0.01623
   0.0361953    0.0184067    0.0298088    0.0283643
   0.0247305   -0.0658958  0.000134812   -0.0168223
  -0.0441852   -0.0651924     0.226409   -0.0402982
   0.0765755     0.127333    -0.295984    0.0512668
   0.0083797    -0.121712     0.202971    0.0444918
 0.000567991   -0.0273432   -0.0514703    -0.104103
   0.0589691   -0.0468266    0.0603969   -0.0319596
   0.0443755   -0.0479545     0.123568   -0.0707136
    0.036241   -0.0231104     0.051413   0.00191162
      0.1028   0.00823929   -0.0942305   -0.0625001
    0.129612    0.0213878   -0.0549442   -0.0339668
  -0.0447317   0.00863175   -0.0566403   -0.0134677
  -0.0330896     0.120121    -0.357416     0.143537
  0.00183721    0.0466228    0.0809307   -0.0375919
   0.0492789   0.00575553     0.130626   0.00402818
   0.0630914   -0.0779727     -0.11294     0.145118
   0.0516703   -0.0821275  -0.00719682     0.140869
   0.0796604     -0.07357  -0.00198013   -0.0765293
   0.0413393   -0.0645342    0.0406464   -0.0550052
    0.167662    -0.100154   -0.0616267    0.0869166
   0.0953977   -0.0807013    0.0269819   -0.0403421
    0.110588    -0.168457   0.00140473    0.0657417
   0.0331817    0.0365527  -0.00348973   -0.0429569
    0.120601   -0.0942277   -0.0607279   -0.0558307
  -0.0501163     0.122664   -0.0111986   -0.0932204
   0.0139584    0.0172481    0.0409146 -0.000842968
    0.123687   -0.0347099    0.0538736    0.0612916
  -0.0344371    0.0351573    0.0944472   0.00839678
   0.0050683     0.160435    -0.212114   -0.0133568
    0.157983   -0.0707722   -0.0835036  -0.00248984
   0.0599307   -0.0900906     0.304304    0.0237811
  -0.0637329     0.160437     -0.14048    0.0242827
  -0.0274926   -0.0380109   -0.0254266   -0.0638091
    0.055213   0.00724531   -0.0247667   -0.0158858
   0.0078149   0.00194482    0.0657463     0.113299
 -0.00675255  -0.00657186  0.000582578   -0.0506553
  -0.0849641     0.133999   -0.0154759   -0.0858503
   -0.081907    0.0348002     0.203672   -0.0169563
   0.0390501   -0.0325446    -0.082851     0.177264
  -0.0510157    0.0867457  -0.00949294   -0.0574776
    0.124806  -0.00240624  -0.00371251      0.11516
  -0.0615665    0.0820511    -0.115328    0.0408577
   0.0448515   -0.0150355    0.0249129    0.0922503
  -0.0965702    0.0897009   -0.0699744     -0.11859
   0.0656696   0.00851532    0.0351032   -0.0958465
    0.141668    -0.048208   -0.0433176      0.14924
   0.0960036    -0.105881  -0.00784389    0.0636364
   0.0500742    -0.036948    0.0829765   -0.0029267
    0.147779    -0.156722    0.0997013      0.15661
  -0.0613804     0.231813    -0.109192    -0.173296
  -0.0109847   -0.0410279   -0.0609077    -0.055337
   0.0477037    0.0315694    -0.111951    0.0293402
   -0.056507     0.130042    0.0454521   -0.0822416
  -0.0512631    0.0661874   -0.0464226  -0.00153837
   0.0376244    0.0955726    -0.235181    -0.143229
    0.102622  0.000279255    0.0280678    0.0997689
   0.0146018   -0.0367486     0.117606   -0.0751097
   0.0128135    0.0218879    0.0293774    0.0404677
   0.0299818  0.000161564    0.0658569    0.0499668
  -0.0636284   -0.0484039    0.0606571    0.0377523
  -0.0171133   -0.0221037    0.0977398    0.0169411
   0.0709335    -0.130351     0.122708    0.0570946
   0.0168205   -0.0807978    0.0742749   -0.0899662
   0.0284593    0.0302143    0.0224937   -0.0677247
  -0.0207572    0.0693631     0.164879   -0.0734777
  -0.0823646     0.133624     -0.16815     0.020486
  -0.0858548    0.0414357      0.11783   -0.0864193
    0.012257   -0.0129778   -0.0382071    0.0193069
  -0.0202083     0.118233    -0.212336    -0.156148
   0.0897596    -0.119293   -0.0957273      0.04652
   0.0726827     -0.09706    0.0428806    0.0710758
    0.196897    -0.128714    0.0357742     0.109358
  -0.0213084    0.0659145   -0.0403611    0.0113308
   0.0295484    0.0103844   -0.0928497   -0.0245462
 -0.00770324   0.00675654    -0.239975    0.0394948
  -0.0409051    0.0111925     0.100377    -0.123099
   0.0107816   -0.0366812   -0.0203806    -0.116272
  -0.0115499    0.0414576 -0.000633706    -0.108211
   0.0574229   -0.0118759  -0.00556442   -0.0514325
   -0.077311      0.13039   -0.0789813   -0.0991559
    0.103339    -0.158492     0.170665    0.0130034
  -0.0422459   0.00452929   -0.0245954    0.0724532
  -0.0261429    0.0928025    0.0159298   -0.0211501
  0.00289916   -0.0732809    0.0163371    0.0495959
 -0.00633993  -0.00700511    0.0513163  -0.00293424
   0.0432834   -0.0699742   0.00187001     0.105608
  -0.0189108   -0.0158611     0.221237    0.0153239
   0.0336977     0.047705    0.0518729   -0.0461628
  -0.0665844    0.0555383   -0.0239469   0.00318904
   0.0199388   -0.0256778  -0.00366105    0.0546208
   0.0637745   -0.0236776   0.00923856    0.0581119
   0.0275861   -0.0268997     0.265292   -0.0840559
   0.0256602    0.0892789   -0.0751828     -0.08816
   0.0249593   -0.0397204    -0.109576    0.0519019
    0.112118   -0.0854496    0.0227709    0.0836362
   0.0694715    0.0294478   -0.0341426   -0.0307873
   0.0697604    0.0410543  -0.00220996     0.167338
 -0.00215671     0.121251  -0.00441169   -0.0555163
   0.0568216   0.00841716   -0.0171592   -0.0368413
   0.0164378    0.0856932   -0.0157094   -0.0859253
    0.021413   -0.0249155    -0.117218    0.0200076
     0.02549    0.0356515    0.0377449    -0.031564
   0.0240701     0.101681    0.0424892     -0.10882
   0.0724788   -0.0263571    0.0866527  -0.00497989
   0.0761005    -0.128747     0.192415    0.0929019
  0.00783778    0.0702798    -0.139901   -0.0815272
     0.10422    0.0150496   -0.0458894    0.0131478
    0.145028    -0.101139  -0.00515975   -0.0328557
   0.0578781   -0.0244693    -0.041116    0.0868163
   0.0447021    0.0346262     0.116689    0.0451154