   0.0242257    0.0552409   -0.0915854    0.0741195
   -0.101285   -0.0632935   -0.0895117   -0.0651725
   0.0909988    0.0418742   -0.0687688    -0.106051
    -0.12642    -0.124974    0.0630555    0.0137367
  -0.0546471   -0.0165898   0.00202963     0.239956
   0.0849677     0.166245    -0.052341    0.0961673
    0.065232    0.0621693     0.073427    0.0255859
    -0.06193   -0.0701141    0.0150011    0.0587881
    0.159496      0.15522    0.0564587   -0.0185054
     0.13118     0.599766    -0.191745   -0.0940636
   0.0178523    0.0858833   -0.0348542     0.185166
   0.0347893    0.0912938    0.0117554     0.144341
  -0.0468789    0.0891029   0.00292311     0.066014
  -0.0699993    0.0026271    0.0215238     0.094959
  -0.0826548   -0.0407309   -0.0303706  -0.00111438
   -0.205091     -0.03436    0.0243036     0.183353
   0.0240581     0.129912    0.0238675     0.293154
   0.0217295   -0.0676853    0.0104858      -0.1978
    0.301814     0.338881    -0.139381     -0.19098
    0.136957   -0.0444572   -0.0225642   -0.0628044
    0.141067     0.398225     -0.21302   0.00808145
    0.092961    0.0816708    0.0469815    0.0961956
  -0.0261783   -0.0557182    0.0290838  -0.00727077
   -0.136016   -0.0733416   -0.0282202     0.308987
   -0.112656   -0.0524894     0.023989   0.00251691
  -0.0252528    0.0252402   0.00205157       0.1775
    0.131452     0.176233 -0.000910015   -0.0215323
   -0.101311   -0.0148124    0.0194762     0.177315
    0.159715    0.0246739   -0.0873962   -0.0500944
  -0.0635048     0.140616   -0.0479938     0.158136
  -0.0169638  -0.00523354   -0.0325007   -0.0384377
   0.0760954     0.095107   -0.0241649   -0.0961069
    0.137544     0.325428   -0.0773482    0.0105853
  -0.0143125    0.0190785   -0.0034657    -0.179104
  0.00824845    0.0965082   -0.0540833   -0.0714228
  -0.0665471    0.0673666   -0.0529649   -0.0819697
   -0.213152    -0.102219  -0.00952491     0.219596
  -0.0333578   0.00841683    -0.071956     0.220398
      -0.109   -0.0644126   -0.0207127     0.263161
    0.018339   -0.0618961   -0.0121143      0.21547
   0.0364701    0.0221288   -0.0199155   -0.0738844
   -0.207658    -0.143717    0.0726521   -0.0676073
  -0.0947634     0.072368   -0.0445624     0.101082
  -0.0156279   -0.0133416    0.0463853    -0.183951
    0.123045    0.0709548    0.0292929    -0.109961
   -0.132249    -0.146488   -0.0148583     0.488052
  -0.0142351    -0.113739    0.0826701    0.0974547
   -0.250405    -0.124822    0.0226915     0.123853
   0.0463585    0.0200229    0.0215903    0.0173995
  -0.0264292   -0.0398595   -0.0229773    -0.113299
  -0.0432044   -0.0472669    0.0454077     0.214407
    0.234413    0.0562236    0.0597597   -0.0641106
   0.0772229    0.0832632    0.0336929    -0.116305
  -0.0208308    -0.140874    0.0152606     0.162082
   0.0192246    0.0383358   -0.0563011     0.168325
   0.0866959   -0.0449128    0.0259401   -0.0104958
   0.0804447   -0.0995642   -0.0222767   -0.0303744
   0.0163803  -0.00130438   -0.0273868    0.0813911
    0.107488    0.0777289   -0.0447278    0.0920152
   -0.101391    -0.117308  -0.00401052  -0.00502612
   -0.024426   -0.0989466    0.0298702   -0.0212858
  -0.0361216    -0.120766   -0.0138513    0.0561029
    0.177897     0.155389    0.0150075   -0.0141809
  -0.0130411   -0.0167842   -0.0161041   0.00495685
    0.150597    0.0948963    0.0345163   -0.0370741
    0.250603     0.179627    0.0220257    0.0069776
   0.0622715   -0.0570839   0.00583776    -0.147371
  -0.0254689      0.16574   -0.0447199     0.180679
   0.0256575    0.0141755    0.0592058    -0.206766
   -0.131377    0.0116473    0.0495166      0.21158
    0.277717      0.18683   -0.0946511    -0.275164
   0.0650202    -0.140269    0.0665099   -0.0521587
    0.045481     0.125513   0.00999437     0.107904
   0.0403681     0.166276   -0.0991702     0.133675
    0.144301    0.0306777   -0.0059538    -0.159059
   0.0377842   -0.0345051    0.0217213   -0.0382948
    0.104654     0.156276   0.00569047    0.0335489
    0.107706      0.16965   -0.0620468   -0.0695682
    0.111417    0.0347701   0.00735972     0.104091
   0.0129571    0.0957888   0.00996095    0.0803784
   0.0799835    0.0790026   -0.0655467     0.183891
   -0.178896    0.0306011    0.0383984     0.231766
   0.0438323   -0.0384447    0.0421169     0.120008
    0.032416    0.0757322   -0.0615937    0.0573732
    0.379488     0.388097   -0.0684587    -0.285567
   0.0910571    0.0426767    -0.048475     0.151082
   -0.108665   -0.0846329   -0.0154654     0.251852
   0.0198047    0.0172841     -0.02257   -0.0265771
  -0.0146162    0.0699484   -0.0261235     0.104979
    -0.12484    0.0527144    0.0653885    0.0889468
    0.156319    0.0963951   -0.0238598   -0.0745683
   0.0194184      0.28126   -0.0575585  -0.00466867
  -0.0558869   -0.0454231    0.0195701    0.0138227
     0.12405   -0.0406578   -0.0501319    -0.136224
   -0.141803    0.0723956   -0.0449458   -0.0537632
  -0.0676026    -0.132547   0.00342597   -0.0473653
   0.0128745     0.277945   -0.0264137     0.096325
   -0.113497   -0.0897581   0.00326422   -0.0122821
  -0.0774565   -0.0795708    0.0296756    0.0850325
  0.00981437     0.137193    0.0138241    -0.153817
    0.158291    0.0990801   0.00916202    -0.331229
  -0.0325092     0.103781  -0.00754003     0.229486
  -0.0604219   -0.0705756   -0.0298424    0.0722369
  -0.0253234     0.152353   -0.0947313   -0.0700324
    0.134398    0.0121249   0.00370797    -0.179617
    -0.21218    0.0430794     0.013188     0.257893
    0.143677     0.128585    0.0695145   -0.0478695
    0.130189    0.0360244   -0.0511032    -0.189866
    0.130762    0.0612298    0.0340814   -0.0499973
   0.0602709   -0.0633026   -0.0612281   -0.0273344
   -0.177075    -0.109808    0.0309855     0.133317
   -0.117452    -0.107145   -0.0232574    -0.161418
    0.092462     0.226785    -0.109452   -0.0715018
   0.0975804     0.106489   -0.0275959   -0.0852977
  -0.0721032     0.170814   -0.0627638    0.0166332
    -0.20518   -0.0565064    0.0188308      0.17018
    0.168642    0.0658694   -0.0267178    0.0356533
   -0.258797    -0.128751   -0.0168722     0.370556
    0.288574    0.0677784    0.0148323   -0.0733904
   -0.109271  3.20341e-05    0.0265082    0.0910262
   -0.218802    0.0814745    -0.197887      0.30095
    0.157893    0.0707833   -0.0449563    0.0893404
    0.321588    0.0990613    0.0368233     0.142028
   -0.151939  -0.00912877  -0.00560135     0.139276
    0.257239   -0.0807036    0.0472523    -0.101888
    0.311032  -0.00943389     0.149167    -0.397491
    0.104714    0.0277718    0.0844499   -0.0239425
   0.0801708    -0.012695   -0.0450345   -0.0216572
    0.264084      0.05608    0.0274501   -0.0680287
   -0.265212    0.0179833  0.000985011      0.30375
    0.147092     0.151935    -0.033177    -0.088926
   -0.143761     0.092496   0.00629983     0.384443
    0.151533    0.0178203  0.000814576   -0.0187361
   0.0137415    -0.102464    0.0161456    0.0343084
    0.122431      0.12903   -0.0493663      -0.1433
    0.287424    0.0718332    0.0460827    0.0472987
    0.165006     0.166733   -0.0180957    -0.004615
   0.0428577   -0.0119166   0.00306896    -0.225846
   -0.044531    0.0892518    0.0352283    -0.106739
  -0.0741482   -0.0234664   -0.0464277    0.0149851
  -0.0867546      0.07954   -0.0371557   -0.0397538
 -0.00384349   -0.0282908   -0.0218611    0.0682319
    0.103203     0.169892   -0.0965783    -0.126589
  -0.0440224    0.0396589    0.0350186    0.0138085
  0.00464589      0.10189   0.00702626     0.083283
   0.0563028   -0.0835374    0.0413241    -0.109385
   -0.127811   0.00353742    0.0824032    0.0195031
   0.0353584    0.0944962   -0.0571082    0.0199208
 -0.00700242     0.141672   -0.0625304      0.16665
  0.00816482     0.142424   0.00650071   -0.0487852
    0.167023     0.203573   -0.0182125    -0.194614
   -0.135712   -0.0423458  0.000518998     0.169273
   -0.246953    -0.102858   -0.0760847     0.401379
   -0.121069    0.0498534   -0.0324049     0.247772
   -0.228343    0.0127322   -0.0982999      0.23605
  -0.0704845   -0.0702174   -0.0192939   -0.0250619
   0.0356679   -0.0825658    0.0541858   -0.0151828
    0.150172     0.397779   -0.0292626    -0.321964
   0.0300712     0.255879   -0.0192477    -0.162566
   0.0125921   -0.0101806   -0.0339821    0.0952557
     -0.0643     0.136212   -0.0543714     0.109419
    0.338538     0.146265    0.0486009    -0.266582
  0.00749907   -0.0225078   -0.0488545     0.253199
   0.0375738   0.00609564  -0.00164406     0.184288
    0.140999    0.0225602    0.0315631   0.00767495
  -0.0151697    0.0769711  -0.00276568     0.147576
   0.0495101    0.0734117   -0.0307962     0.112544
  0.00196181    -0.262405     0.087341     0.305572
    0.172098     0.220443   -0.0131267    -0.115171
  -0.0475624    0.0871645    0.0552752   -0.0960351
   0.0153422   -0.0870913    0.0497771   -0.0705189
   0.0159201   -0.0200455    0.0241982    -0.193693
    0.104612    0.0772036  -0.00925729   -0.0736308
    0.187916    0.0911739     0.043303    -0.273465
   0.0721395  0.000358404    0.0213936    0.0541031
  -0.0206294     0.117556   -0.0969978   -0.0953242
   0.0881803     0.183414   -0.0581132  -0.00689313
   0.0851399    0.0497558    0.0447452  -0.00159379
  -0.0445446      -0.1251  -0.00967293     0.106147
    0.149633    0.0163633    0.0480624   -0.0920291
   -0.127321   -0.0815727   -0.0363272     0.228645
    0.193121     0.336926    -0.158366    -0.191894
   -0.142699   -0.0390791   0.00957289   -0.0675542
  -0.0440745  -0.00525353   -0.0219373     0.176692
    0.126788     0.269159   -0.0416603    -0.105178
   0.0379913    0.0400238   0.00536868   -0.0695906
    0.110511     0.104953   -0.0093259   -0.0863476
   -0.145719   -0.0517658  -0.00924658     0.268279
  0.00723646    0.0766616   -0.0838952  -0.00588982
   0.0688831     0.201959   -0.0353872    -0.117605
  -0.0869448   -0.0170511   -0.0144044    0.0833833
   -0.115861   -0.0641678   0.00291997     0.292578
    0.170756     0.267206   -0.0623991    -0.311005
    0.532423     0.160316   -0.0207211    -0.521744
   -0.046024    0.0196975   -0.0723391   -0.0649585
    0.199457     0.247067    0.0389377    -0.326615
   -0.157853   -0.0420953    0.0722475     0.227529
   0.0187701    0.0511991   -0.0311675  -0.00519458
   0.0200425       0.1995   -0.0134753     0.256251
   0.0469796   -0.0360522   0.00433206    -0.131226
  0.00141867     0.109768   -0.0159847 -0.000471599
  -0.0586498      0.13108   -0.0583548   -0.0156561
   0.0556679     0.106527    0.0135531    -0.144055
  -0.0723075    0.0940234   -0.0435587     0.251833
  0.00228148    0.0401396   -0.0721308    -0.191944
   -0.120781   -0.0284593   -0.0686063     0.124849
   0.0671775   -0.0451064    0.0721769    -0.057521
   0.0970566     0.011148  -0.00863898   -0.0745686
    0.178518      0.16865    0.0301791   -0.0257813
    0.117613   -0.0946909   -0.0426648    -0.145579
    0.027574     0.084798    -0.104179   -0.0509281
    0.201095     0.114975   -0.0348325   0.00717354
    -0.11051   -0.0645361   -0.0269068   -0.0213368
   -0.108998    -0.049219    0.0366999     0.089355
   -0.200316  0.000676563   -0.0142467     0.495937
    0.108869    0.0808253    0.0432093   -0.0383188
  -0.0031155    0.0102419    0.0565184    -0.028498
  -0.0114567   -0.0206007  -0.00883879   -0.0711989
  -0.0275017     0.220545     -0.13808     0.156409
  -0.0182013    0.0456826    0.0330201    0.0575422
    0.178402     0.102974    0.0837366   -0.0516084
   -0.155177    -0.104422    0.0599271     0.227211
    0.181453     0.107248   -0.0260917    -0.057895
  -0.0770994    -0.103419    0.0622179     0.137524
  -0.0312506   -0.0314823   -0.0421739     0.130062
 -0.00872025    -0.115367    0.0138036    0.0324735
   0.0967473     0.164155    -0.107818    0.0973585
   0.0623334    0.0119649   -0.0318116   -0.0270595
    0.171332    -0.152237     0.121045    0.0729084
   -0.170775   -0.0148889    -0.116632     0.370251
   0.0429288   -0.0483803   0.00286042    -0.007278
   0.0814381   -0.0426455   -0.0160434   -0.0597537
   -0.157111    0.0148496   -0.0219262     0.186545
    0.332868     0.166072   -0.0374571    -0.146653
     0.17968      0.15479   -0.0732089   -0.0667627
  -0.0172031    0.0983855   -0.0735835     0.106885
    0.138759  -0.00361224   -0.0556266   -0.0286633
 -0.00198781      0.16095    0.0186281   -0.0596403
    0.112677     0.255606  -0.00580469     0.126138
   0.0737207   0.00585629   -0.0174315    -0.157158
    0.307294     0.197207    0.0332027    -0.288355
  0.00231707   -0.0189729    0.0271661    0.0716171
    0.233796     0.102881   -0.0287013    -0.106062
  -0.0134068   -0.0396195     0.110907    -0.127923
    0.167753     0.269173    -0.131254    -0.330198
 -0.00526355   -0.0728727     0.042071    -0.135572
   -0.221758    -0.084692    0.0655632     0.148146
   -0.113717   -0.0972017   -0.0775882      0.22665
     0.03672    0.0960729     -0.10122   -0.0699313
  -0.0411763    0.0181866   -0.0859166   -0.0335506
     0.40157     0.149135     0.150803    -0.244926
   -0.105041   -0.0671156     -0.04362    0.0856914
  -0.0843313   -0.0566767    0.0456158   -0.0729265
   0.0271916     0.116751    -0.026973    -0.159666
    0.172811      0.10172    0.0247091   -0.0534966
 -0.00272594    0.0867845   -0.0728845    -0.166741
  -0.0538091    0.0404508    0.0720975    0.0041366
   -0.120756   -0.0726375   -0.0217575    0.0860453
  0.00837862    0.0640768   -0.0717411      0.14901
 0.000779565     0.130289    0.0148008   -0.0399474
  -0.0824917    0.0604463    -0.106372   0.00247139
   0.0341465    0.0874787    0.0532401     0.168981
  -0.0550768   -0.0344267   -0.0410989     0.205966
  -0.0511543   -0.0843386   0.00197443    -0.130218
    0.296804 -0.000415614    0.0368052    -0.171959
  -0.0547867    0.0215228   -0.0750591     0.331694
    0.115393   -0.0435636    0.0570411    -0.226304
   0.0574378    0.0556594   -0.0511683    -0.136018
   0.0580083    0.0164433    0.0723033   -0.0660508
  -0.0218089   -0.0528944   -0.0205563     0.132896
    0.315352  -0.00771948    0.0314716    -0.260075
    0.161712    0.0175092     0.101974    -0.183615
  -0.0613545    0.0151213   -0.0474046    0.0453137
    0.197611     0.345922    -0.044354    -0.287551
   -0.193373     0.106433   -0.0580686     0.394567
  -0.0728595    0.0421495   -0.0268447     0.277368
   -0.165712   -0.0582176    0.0171553     0.194644
   0.0383274     0.080694    0.0153908    -0.111692
  -0.0334007    -0.156469    0.0958681   -0.0515912
   0.0918124       -0.127    0.0619682    0.0106687
    0.141682     0.138261    0.0303954    0.0386232
    0.197998     0.180946   -0.0324015    -0.218228
   0.0435475   -0.0602347    0.0812169     0.047362
   -0.125084    -0.165318     0.050028     0.119222
   -0.124651    -0.116301    0.0670076   -0.0123318
   0.0570219     0.143686   -0.0464571     0.206058
    0.114386     0.101265   0.00766959    -0.131264
  0.00118649   -0.0952679    0.0121371   0.00255957
    0.242343   -0.0350806    0.0634081     0.007032
  -0.0512853    0.0401644    -0.105681   -0.0552056
   0.0731287    0.0771075   -0.0147691   -0.0436027
   0.0599042    0.0136365  -0.00720352    0.0578644
   0.0765746    0.0280041    0.0078614   -0.0220412
    0.105959     0.035423    0.0121522   -0.0715924
   -0.126955    0.0276424   0.00430919     0.113626
   -0.077944   -0.0908997    0.0291625   -0.0482626
  -0.0606192    -0.062245  -0.00721998     0.160571
  -0.0810303  -0.00106393    0.0132171     0.202574
  -0.0720121    0.0911551    0.0270163     0.130467
   -0.058544    0.0216299   -0.0039516    0.0384549
   0.0496333    0.0495423     0.016886    0.0786569
   0.0775064    0.0646987    0.0338035     0.102104
    0.222418     0.193127   -0.0411065   -0.0941361
   -0.271866   -0.0534366    0.0338013     0.408686
  -0.0928131     0.105743   -0.0424929     0.217321
    0.168387    0.0886702    0.0227414    -0.263005
  -0.0559547   0.00253537   -0.0325983    0.0475344
    0.340727   -0.0191841    0.0890326    -0.219137
   0.0449786     -0.11121    0.0286797    -0.241795
   -0.114593    -0.137783    0.0605635     0.159277
  -0.0390916    0.0978202   -0.0331674     0.313951
  -0.0380139     0.187297    -0.102477     0.168082
    -0.05915    0.0666925   -0.0449424   -0.0242715
    0.157914     0.162934   -0.0227864    0.0249499
   -0.074031   -0.0128557    0.0340348     0.224055
    0.157813   -0.0117361    0.0573999    -0.106465
 -0.00767635    0.0596462    0.0265065   -0.0718025
   0.0171256    0.0122977    0.0508772    0.0620711
   0.0628437   -0.0383485   -0.0144084    -0.022061
   -0.136507   -0.0824939   -0.0513502     0.176516
    0.100654    0.0818845  -0.00285529     0.173847
   -0.108963   -0.0187993  -0.00312599      0.18232
   -0.148021    0.0339665 -0.000352857    0.0681078
   0.0444981      0.17703   -0.0459717    -0.213953
  -0.0229532      0.03413    0.0516538     0.110018
  0.00323025     0.100304   -0.0173086    -0.010943
  -0.0239948     0.128957   -0.0932499  -0.00848786
   -0.111269   -0.0601032   -0.0786176     0.200045
    0.074747  -0.00644526    0.0675913    -0.189143
   -0.102101   -0.0375197     0.020951     0.027259
    0.024971     0.116086   -0.0286155    0.0548369
    0.364503     0.315413   -0.0521077    -0.135622
  -0.0451006    -0.149569    0.0348178   -0.0971476
   0.0482213    0.0551371   0.00933424   -0.0311875
   -0.167389     -0.03143  -0.00851724     0.140299
 -0.00836586  -0.00585649    0.0913193   0.00493794
   0.0935089     0.172217    0.0225855    -0.242967
   -0.106224  -0.00850147     0.044012    0.0640551
   -0.140594   -0.0839367    0.0342328    0.0206274
   -0.158303   -0.0561925   -0.0332326    0.0969673
  -0.0843628     0.044401   -0.0107954    0.0782186
      0.1201    0.0797228   -0.0135115    -0.172753
    0.170628     0.120061   -0.0110342    0.0310649
   -0.232626   -0.0969413    0.0977147     0.191841
  -0.0468933    0.0509535   -0.0389438     0.177037
   0.0792867    0.0453088    0.0162082     -0.11519
 -0.00905974   -0.0466093     0.062209    -0.014384
   -0.119333   -0.0813544   -0.0633974     0.149931
   0.0783452   -0.0146032  -0.00971632    -0.147353
 0.000858018    0.0127206   -0.0595325   -0.0823971
  -0.0695973    0.0251356   -0.0158471   0.00588659
   -0.128957    -0.033174   -0.0977652     0.283618
   -0.191485     0.295858   -0.0827561     0.186248
   0.0113381    0.0485319   -0.0126912    -0.100728
    0.040648     0.208631   -0.0177246   -0.0442685
   0.0700895    0.0814938   -0.0452164    0.0194175
    0.208878      0.14832     0.016219     -0.06261
    0.283186  -0.00670941    0.0524943    -0.217524
    0.127945     0.119246   -0.0109586    0.0747141
  -0.0411298    0.0131249   -0.0256406   -0.0318512
  -0.0333362    -0.106396   -0.0255852     0.114467
  -0.0405018  0.000996044    0.0812362    0.0193997
   -0.353799    -0.309047     0.127935     0.224293
  -0.0218093    0.0621624   0.00796797    -0.024881
  -0.0702761   -0.0342231    0.0248153   -0.0651507
  -0.0827965   -0.0516997  -0.00614518     0.130129
   0.0740632    -0.101139    0.0652064   -0.0399286
  -0.0752394     0.241669   -0.0563421     0.217521
   -0.170127   -0.0827216   -0.0739571     0.136746
   0.0266464    0.0525058   -0.0285623   -0.0636107
    0.127749    0.0544998    0.0407713     0.196106
   -0.114893     0.162944  -0.00787484     0.119957
   0.0124268     0.178049    -0.048659    0.0699833
   -0.142686    -0.209058   -0.0292468    0.0252932
  -0.0274948      0.03765     0.019285    0.0699421
     0.12438   0.00461407   -0.0303481     0.122361
    0.292021   -0.0524938    0.0879913    -0.257941
   0.0740222     0.122492   -0.0326283     0.207101
 -0.00816652    -0.179328   -0.0150275    0.0630825
    0.506649     0.403353   -0.0413105    -0.599947
    -0.18469   -0.0172416    0.0178461   -0.0335099
   0.0606092   -0.0174412    0.0710701     0.108033
     0.17382    0.0258554    0.0316302    0.0275935
    -0.10567    0.0167872    0.0528038     0.279948
   0.0696496      0.17111    -0.106606   -0.0565592
   0.0221861    0.0970646  2.00178e-05    0.0303608
  -0.0605844   -0.0831615   -0.0283446     0.102072
   -0.110957     0.101216   -0.0388613    -0.079531
  0.00247166     0.147901   -0.0863307     0.132649
    0.027365   -0.0384355   0.00456917     0.105717
   0.0217033    0.0885623    0.0633008    -0.124178
   -0.069142  -0.00290857    0.0154422     0.159244
  -0.0470357    0.0887378   -0.0266742    0.0688341
    0.124104     0.157368   0.00904333     0.105266
    0.121633     0.419136    -0.128316    -0.145456
   0.0793301    0.0208396   -0.0398931  -0.00710238
    0.013797    0.0229637   -0.0693105   -0.0192782
  0.00450228    -0.031952    -0.022749     -0.18853
    0.139239     0.102924      0.00776     0.240596
   0.0307901  -0.00437671   -0.0709555     0.135347
  -0.0313344    0.0122271   -0.0300752     0.114567
    0.315245     0.124972    -0.056643    -0.205892
    0.144262     0.111744    0.0094222    -0.202202
  -0.0451172     0.116691   -0.0340223    0.0417356
   -0.241351   -0.0789478  0.000375584     0.179699
   -0.074696   -0.0572702    0.0186716   -0.0487811
  -0.0448042    0.0969305   -0.0181246     0.133756
  -0.0152312   -0.0184754    0.0929737     0.144541
   0.0520018    0.0188259   -0.0182009   -0.0823068
  -0.0107428     0.056752   0.00849746     0.144114
  -0.0420046    0.0378808    0.0370305     0.151397
   0.0155747     0.117415   -0.0140663     0.155702
   0.0590363     0.118127    0.0702566    -0.241976
   -0.193172   0.00487955    0.0525859     0.175773
    0.113751     0.193163  -0.00660427    -0.236783
    0.343955     0.112218   -0.0976616   -0.0231839
  -0.0598672     0.067734   -0.0190791     0.212124
    0.211643     0.274815  -0.00417671     -0.22439
   -0.132198    0.0553473  -0.00390056     0.310444
   0.0336289   -0.0117845    0.0271584     0.019908
   0.0878817     0.022398   -0.0726876    -0.111801
   0.0869063     0.114868   -0.0556018    -0.110594
   0.0819409    0.0304823    -0.019238    -0.208005
    0.169627    0.0649047 -0.000944739    0.0721518
  -0.0111293    0.0555114    -0.044851     0.185373
   -0.258744  -0.00858526  -0.00991683    0.0810052
  -0.0807223    -0.144162   -0.0196368     0.193562
  -0.0193605    0.0605814    -0.042183   0.00251848
    -0.18408   -0.0589544   0.00794042    0.0183949
   0.0517233    0.0506355   -0.0263985     0.213257
    0.188063    0.0536854   -0.0336477    0.0866669
   0.0925267    0.0522256   -0.0332838    -0.094228
    0.120014   -0.0884794    0.0472648     0.113767
  -0.0365146   -0.0999138   -0.0155391    -0.218019
  0.00185263   -0.0939857  -0.00969298    0.0522778
   0.0164822    0.0163997   -0.0892091     0.106615
 -0.00719715    0.0136599   -0.0722823   -0.0685957
  -0.0113833   -0.0712685    0.0552802     -0.12362
  -0.0247328    0.0307574    -0.110036    0.0419292
    0.021297   -0.0822509  -0.00811618     0.313924
    0.110955     0.180535    0.0339601    -0.188267
  -0.0204743    -0.156786    0.0895809   -0.0668542
  -0.0472367    0.0166668   -0.0922044     0.377559
 -0.00433697    -0.204732    0.0869586     0.265599
   0.0206459    0.0776271    0.0121102     0.102459
  -0.0235813    -0.138464     0.102495     0.238324
   -0.022328   -0.0809159    0.0188877     0.212005
 -0.00511038   -0.0411836   -0.0109381     0.173509
    0.191314     0.091187    0.0286408    -0.162165
  -0.0196026     0.070823   -0.0443549   -0.0205413
   0.0848913      0.12543  -0.00275129    -0.258645
   -0.158771   -0.0115181    0.0132891     0.399114
    0.223345   -0.0577615     0.111702    0.0314601
    0.114284   -0.0883245   -0.0153554    0.0744215
  -0.0734027    0.0375513    0.0175182   -0.0550536
  -0.0413889    0.0363418   -0.0300056       0.1137
   -0.110634    -0.129253    0.0284578     0.555387
    0.179798     0.300013   -0.0351785    -0.219887
   0.0485945   -0.0717048    0.0204011    0.0234058
  -0.0578832   -0.0608876   -0.0079843      0.13123
   -0.161672   -0.0603104    0.0129226     0.226245
   0.0259696   0.00462917    0.0532011  0.000554419
   -0.203066   0.00337524    -0.011757     0.218784
   0.0147554     0.100185   -0.0636381   0.00490933
  -0.0979775    0.0226833   -0.0677853      0.11546
    0.076976    0.0626102   -0.0903244   -0.0786709
  -0.0406311    0.0370603   -0.0337228     0.117191
    0.207231    0.0596431   -0.0328741   -0.0174054
     0.12859  -0.00453083    0.0788192     0.223379
    0.390834   -0.0793849    0.0239366    -0.061376
    -0.12232   -0.0742978   -0.0200181     0.267949
   -0.106992      0.05847    0.0418149       0.1099
  -0.0370784   -0.0353657   -0.0467737     0.335961
    0.240546     0.337833   -0.0458122    -0.333872
   0.0737261     0.199765   -0.0807106     0.111578
    0.134045    0.0669396    0.0716158   -0.0383736
  -0.0504624   -0.0295867    0.0032522     0.124739
  -0.0424348    0.0529425   -0.0504658 -0.000679013
   -0.112678    0.0817042   -0.0903884    0.0156645
   -0.100386    0.0329516    0.0740844    -0.174335
   -0.178309    -0.140395    0.0416755    0.0562617
   0.0275588     0.209727   -0.0038294    -0.189131
  -0.0118639   -0.0540993     0.051863    0.0190341
   0.0112715    0.0871772    0.0144559  -0.00890557
  -0.0594337   -0.0113858   -0.0491687    0.0501158
   -0.211296   -0.0291463   0.00564113     0.330277
  -0.0499991   -0.0270267    0.0449654    0.0605012
  -0.0126451    0.0192141    0.0574847    -0.156149
  0.00137577   -0.0464338   -0.0329555    0.0111494
  -0.0991528    0.0809325   -0.0698971     0.137618
  -0.0280233      0.13886   -0.0643559    0.0466545
   -0.058601     0.089437    0.0309726     0.297359
    0.120032     0.020724    0.0161619     0.196882
    0.305577    0.0320838    0.0701393    0.0372971
  0.00548969    0.0476464    0.0240657     0.102471
    0.247115     0.114402   0.00445624    -0.147619
   0.0454309  -0.00398907   -0.0754264    0.0700026
   -0.104313    -0.100839    0.0148551     0.401935
   0.0100765     0.122302  -0.00803713     0.297596
   -0.186932    -0.129678   -0.0967097     0.417547
   -0.123182    -0.117232   0.00577395   0.00915842
   -0.137741   -0.0759873   0.00767866     0.318584
   -0.170306   -0.0656295    0.0254294     0.289362
   -0.152748   -0.0417098   -0.0571115     0.149422
 -0.00557959    0.0447061   -0.0532848    0.0874276
   -0.114206   -0.0175651  -0.00928816    -0.070452
  -0.0155675     0.068114   -0.0930113    0.0384003
    0.195527      0.11524   0.00686443    -0.396171
   -0.122898    -0.058289  -0.00211272    0.0258465
    0.196889   -0.0527565   -0.0169917    -0.143435
  -0.0774051     0.113316   -0.0716509   -0.0284331
    0.185001   0.00382807   -0.0181497    -0.216502