   0.0612192   -0.0460897      0.04468    -0.181861
    0.113833     0.116679   0.00819042      0.21262
   0.0532659     0.153994   0.00369846   -0.0689432
    0.277614    0.0385719   -0.0152212    -0.102098
    -0.21161    -0.019417    0.0429976      0.18832
  -0.0415149  -0.00652005  -0.00621876    0.0725142
    0.150007     0.196621   -0.0991906   -0.0887195
   0.0441354    0.0198144    0.0651183    -0.056161
  -0.0284141    0.0031142   -0.0416233    0.0355907
    0.111512    0.0817676   -0.0149881     -0.19336
  -0.0233092    0.0161387    0.0357222   -0.0821999
   0.0546496   -0.0341739  -0.00276845   -0.0961313
  -0.0895283  -0.00385414    0.0369265    0.0100649
   -0.035295    0.0192936    -0.083036   -0.0852828
   -0.111208    -0.164373    0.0644024    -0.213699
   0.0794142     0.093736   -0.0411609  -0.00456927
  -0.0106659      0.14048   -0.0283875   -0.0167186
  -0.0882819     0.164887   -0.0628704     0.114919
    0.260937   -0.0182296    0.0421532    -0.280329
     0.17798      0.12836    0.0584093    0.0687938
   0.0853709    0.0636795    0.0267922    0.0161378
   0.0524432     0.208163   -0.0654481     0.111958
   0.0366419   -0.0556799    0.0617371    0.0179452
     0.11383   -0.0995019    0.0699116   -0.0700372
   -0.150295    0.0400605    -0.105015     0.310269
 -0.00355854    0.0669471   -0.0740089    0.0552336
   0.0286846   -0.0180717    0.0181275     -0.18048
 -0.00177632   -0.0412821   0.00860028   0.00609278
   0.0242834     0.127201    0.0355886     0.265943
    -0.10338   -0.0528686    0.0632836   -0.0370096
    0.157542     0.166946   -0.0663755      0.12349
  0.00858469    0.0952729   -0.0268377   -0.0714077
  -0.0625131    0.0633041    0.0369693    0.0812778
  -0.0142024     0.111089   -0.0680889    -0.058685
   0.0176692   -0.0154404    0.0596184    -0.137299
  0.00103311    0.0399803  -0.00793722   -0.0637566
   0.0910665    0.0590393 -0.000793803     0.141397
     0.13894    0.0305721    0.0199548    0.0599853
   0.0244547     0.118153   -0.0980838     0.143966
   -0.104696    0.0613754    0.0234021     0.309939
 -0.00246774     0.070226    0.0199718     0.142561
   0.0249597    -0.064442    0.0582694    -0.172053
  -0.0838227    0.0588439   -0.0524152     0.120093
    0.162884    0.0893133     0.043348   0.00569135
   0.0616138    0.0202947   -0.0727857     0.274176
    0.130617    0.0549802   -0.0612669    0.0248364
  -0.0434976    0.0993293   -0.0616062      0.02552
  -0.0348079    0.0629172  -0.00805128   0.00287383
    -0.04215    0.0648709    0.0143793     0.171747
   0.0298095    0.0290124   -0.0308065   0.00153395
   0.0509498   -0.0134826    0.0411512    -0.128259
    0.367186     0.231562   -0.0148177    0.0986488
  -0.0435486    0.0342917   0.00577636     0.297994
    0.122091   -0.0077439   -0.0191122   -0.0675259
   0.0760898   0.00914957   -0.0224023    0.0166247
  0.00435481     0.122417  -0.00861929     0.221893
  -0.0252989   -0.0291904   -0.0598663  -0.00154492
    0.149466     0.163234   -0.0160103   -0.0917584
  -0.0585448     0.180342   -0.0408611     0.218833
  -0.0915657   0.00182634   -0.0888435     0.137869
   -0.185449    -0.111625   -0.0309119    -0.107834
   -0.167387    0.0232464    0.0135172     0.199312
    0.150723     0.156864   -0.0345715   -0.0940913
  -0.0540197   -0.0848775   -0.0212931     0.271694
   -0.104247    0.0235676  -0.00198908     0.483184
   -0.242539    0.0566124    -0.101621     0.375846
    0.106849     0.092058    0.0618868    0.0430343
   -0.170311   -0.0393144   -0.0177059     0.339182
  -0.0321726    0.0132117  -0.00744675     0.269043
  -0.0282555    -0.108919   -0.0151146    -0.240504
    0.134647     0.043733   -0.0439128    0.0849949
  -0.0513956   -0.0239479    0.0130274    -0.070064
  -0.0400298   -0.0686905   -0.0386573   -0.0417608
   -0.180066   -0.0689404    0.0433235     0.168272
  -0.0969838   -0.0357102   -0.0362601     0.234513
   -0.131139    0.0270971   -0.0252208    0.0514297
   -0.111773   -0.0310877    0.0520668    0.0167551
  -0.0120297  -0.00936228   -0.0216317    0.0636751
   -0.311429    0.0467074    -0.117806     0.616765
  -0.0630806   -0.0188755      0.01116   -0.0147894
   0.0425554  -0.00573046    0.0572441    -0.171714
   -0.074483    -0.013976    0.0302281    -0.100921
   0.0690486      0.11159   -0.0857606     0.204972
    0.145985    0.0554967  -0.00763504   -0.0166148
   0.0590401   -0.0494625      0.09512   -0.0651818
   0.0287975    0.0717353   -0.0144274   -0.0571669
    0.189566    0.0853784   -0.0648076    -0.120214
   0.0425271     0.271578    -0.119156     0.538771
    0.063273     0.128482    0.0317622    0.0154494
   0.0301493   -0.0274491    0.0283122    0.0276955
   0.0321907    0.0261691    0.0102929   -0.0699322
    0.189472    -0.124918    0.0659478    -0.233247
    0.119945     0.104752   -0.0218603   -0.0594208
   0.0730494    0.0320211   -0.0214539     0.196294
      0.1543 -0.000778381    0.0763322     0.176725
   0.0130216    0.0112762   -0.0277638      0.36613
   -0.184111    -0.102595    0.0402074    -0.227371
     0.39673     0.225207    0.0838691    -0.433599
   0.0371896    0.0876801    0.0349568     0.141188
   0.0163539   -0.0415588    0.0105063    -0.125471
 -0.00550215     0.327078     -0.11075     0.243949
   -0.174626    -0.106382   -0.0516644     0.250104
   0.0104791     0.332551   -0.0746868     0.509431
   0.0100454    0.0980536   -0.0193848   0.00861594
   0.0888762     0.109926   -0.0414391    0.0364458
    0.256909  0.000981188    0.0848524   -0.0930582
  -0.0161121    0.0520654    0.0435171    0.0760008
  0.00900939    0.0768037    -0.107061     0.348532
  -0.0703585    0.0423883     -0.07753      0.29325
   -0.101152     0.129025    -0.133554     0.226353
    0.115678     0.172823   -0.0356533     0.348468
    0.222037     0.354796    0.0168492     0.297404
    0.118516    0.0152632    0.0773513    -0.275163
  -0.0980332    -0.164876    0.0488428     0.154013
   -0.115892    0.0676078    -0.064741     0.155507
     0.35417     0.143341    0.0481011    -0.467144
   0.0161865    0.0896463    -0.116155   -0.0185959
    0.464924     0.164545    0.0835145    -0.556449
  0.00360113    0.0665092  -0.00665069    -0.105356
    0.030313    0.0361084    0.0488199   -0.0226053
    0.157879    0.0846992   0.00425764  -0.00732977
    0.112026    0.0547843     0.039304     0.136199
    0.187219     0.058201   -0.0210274    -0.325132
   0.0839605   0.00678843     0.057208   -0.0801039
   0.0623626     0.049854   -0.0312245      0.14908
   0.0845358      0.18795   -0.0754161    0.0560923
    0.138501     0.248081   -0.0593178     0.131974
  -0.0981125    0.0218491    0.0134292     0.303416
    0.073766   -0.0447279 -0.000867814    -0.212973
    0.173468    0.0446923  -0.00341995    0.0260686
  -0.0631812   -0.0933699     0.107844   -0.0997129
  -0.0810821    -0.030221  -0.00920187   -0.0973499
  -0.0754436     0.044713    0.0395925     0.118092
  0.00545041    0.0362139    0.0293222   0.00771101
  -0.0623052    0.0636787    0.0234471     0.144463
    0.208859   -0.0326207   -0.0207853    -0.165602
   0.0550669     0.109111  -0.00146917       0.1593
    0.140135  -0.00983225     0.036415     0.133177
    0.139544     0.248182    -0.111711     0.256168
    0.131999   -0.0498248    0.0671164      0.11145
  -0.0260883     0.187061    -0.046054     0.147529
   0.0112108    0.0876459    0.0494087    0.0801859
  0.00219837   -0.0958135    0.0246164  -0.00898795
   0.0258391     0.150076   -0.0602421     0.236177
    0.267386    0.0431342    0.0492555    -0.164804
   -0.141051   -0.0366077   0.00971346     0.135507
  -0.0260843    0.0505126   -0.0519486     0.258233
  -0.0583182    0.0835264  -0.00362975     0.223631
    0.285857    0.0076396    0.0395048    0.0755224
    -0.06829     0.144598   -0.0104408     0.198369
   -0.256693     0.135008   -0.0477865     0.473078
  -0.0146754    0.0112347   -0.0418916     0.198278
   0.0799323   -0.0524571   -0.0162086    0.0902251
   0.0770993   -0.0596887    -0.016381    -0.128623
   0.0804236   -0.0700481    0.0148639    -0.232501
    0.296143     0.364613   -0.0559831    -0.292259
   0.0965193    0.0854775    0.0403928    -0.285827
    0.183796  -0.00223542    0.0372367   -0.0836861
     0.21824    0.0851306    0.0385425    -0.102247
   0.0500624   -0.0599408    0.0522683    -0.046449
   0.0603329    0.0814602    0.0387541     0.165255
   0.0038922     0.005913    -0.032248    0.0430475
   0.0337253     0.150165    -0.076727    -0.115411
    0.115272   -0.0667832    0.0319245    -0.106744
  -0.0441154    0.0544264   -0.0785016     0.179378
    0.163899  -0.00687487   -0.0310367    -0.189477
 -0.00559456    0.0383386    0.0510136     0.135798
   0.0592089    0.0578005   -0.0214112     0.291263
   -0.168387     0.124666   -0.0177871     0.293902
    0.121623     0.011123   -0.0659165     -0.15973
   0.0733256     0.291497    -0.112524      0.35541
    0.300847     0.391704   -0.0797412     0.172375
    0.112828    0.0942087    0.0415234     0.307325
   -0.281346  -0.00531304   -0.0420931     0.401408
    0.101208     0.161105   -0.0868226   -0.0825546
    0.272346     0.177508   -0.0176708    -0.385107
    0.052707    0.0836727   -0.0563886   -0.0989084
     0.24627     0.172864    -0.140601     0.343209
  -0.0776821   -0.0151185  -0.00163476    -0.106151
    0.263906     0.344934   -0.0364017   -0.0291183
   0.0889422     0.020657    0.0508887   -0.0975967
   0.0328248   -0.0261995    -0.059269    -0.164569
  0.00630781   -0.0962894   -0.0468097     0.091478
   0.0893551   -0.0119878   -0.0399028   -0.0789703
   0.0196356     0.200953   -0.0812597     0.065432
    0.201238     0.176139   -0.0604852     0.134391
   0.0578367    0.0620592    0.0454582    0.0361261
   0.0749726   0.00939214    0.0608872    -0.161649
    0.037625   -0.0336628    0.0901812     0.429505
    0.109022  -0.00622625    0.0200464   -0.0850989
  -0.0162011    -0.133956    0.0456117    -0.184075
    0.164948    0.0227333      0.10164   -0.0669983
  -0.0981751   -0.0848977    0.0428481    -0.149985
    0.107076    -0.124434     0.128108    -0.031051
 -0.00340888    0.0730044    0.0103229   -0.0211208
     0.01682     0.230836    0.0071188     0.102444
  -0.0254781      0.10484     0.047821    0.0180757
   0.0258072      0.21999   -0.0975702      0.17679
  -0.0411528     0.158355   -0.0384794     0.285685
   -0.040725     0.180812   -0.0749625     0.218183
  -0.0734882   -0.0145495    0.0169594    0.0487148
  0.00788556      0.11558   -0.0732166    0.0382906
    0.250639     0.171078   -0.0403196  -0.00535387
  -0.0295352      0.05103   -0.0310964     0.206647
  -0.0514427    0.0795692   -0.0588032     0.177271
    0.041695     0.102041   -0.0866578    0.0142649
-7.13352e-05      0.22585   -0.0360861     0.541789
    0.126001    0.0502592   -0.0587368     0.104338
    0.114834    0.0178049   -0.0174384   -0.0212466
   -0.138443    0.0125659   -0.0703278      0.13772
   0.0187202   -0.0365273   -0.0173911    0.0502004
 -0.00775974    0.0380996   -0.0576354   -0.0414875
   0.0495017   -0.0399599   -0.0150134    0.0957096
    0.182239     0.173714   -0.0154951      0.36244
   0.0170586   -0.0304677   -0.0171539   -0.0285226
   0.0209731    0.0226264   -0.0133533     0.127637
   -0.120261   -0.0910637  -0.00546732    -0.167134
  -0.0772167     -0.01832   -0.0617122  -0.00189653
   0.0203421    0.0455697  -0.00891196   -0.0245402
   0.0934102    0.0984102   -0.0585606    0.0765665
   0.0483108     0.103267  -0.00665427    0.0652593
   -0.100854   -0.0683486    0.0247976     0.313732
    0.103075     0.100642    -0.107633     0.031384
  -0.0301296    0.0749321   -0.0130797    -0.165849
  -0.0561845    0.0232866   0.00948666     0.224378
   -0.186422    0.0037727   -0.0271243     0.116148
   0.0770627      0.10369   -0.0478041     0.236004
   -0.155623     0.131236    -0.027683      0.32292
  -0.0243121    0.0876021   -0.0835831   -0.0154682
    0.126795     0.080812    0.0688366     0.125594
    0.106181     0.162589      -0.0459    0.0855772
  -0.0409617   -0.0897928    0.0162708   -0.0698769
   0.0823967    0.0330058    0.0892407   -0.0635472
   0.0833811    0.0455298  -0.00260128     0.209092
  -0.0801285     0.293458   -0.0747527     0.661504
    0.266674     0.409529    -0.175754     0.312635
   0.0570131    0.0588635    0.0819536   -0.0538862
  -0.0411247    0.0223525    0.0282211     0.238729
  -0.0875152    -0.115119    0.0145491      0.10239
   -0.022222      0.15746    -0.129786     0.252219
   -0.070991    -0.210185  -0.00224933   -0.0629481
   0.0561451   -0.0510891  -0.00312369   -0.0305831
   0.0105458    -0.163735    0.0404924   -0.0390171
   -0.090988   -0.0932351     0.038089   0.00524472
   0.0383342   -0.0165119  -0.00542231      0.35131
    0.141462     0.135457    0.0443411    0.0447882
   0.0623152    0.0956893   -0.0855371    0.0142317
    0.200933     0.121372    0.0130511    -0.108593
   -0.148887     0.219249   -0.0158935     0.382202
     0.18937   0.00168262   -0.0149555     0.025361
    0.140759    0.0366654   -0.0285874   -0.0540265
    0.316378     0.343687     -0.11179     0.184902
  -0.0244957   -0.0354954   -0.0559988   -0.0392295
   -0.110946    -0.126213   -0.0380962     0.309178
 -0.00807683    0.0525765    0.0120745     0.138584
    0.198237     0.064162    0.0976239    -0.220761
   0.0562985    -0.073078    0.0984943   -0.0526549
   -0.196098   -0.0224528   0.00485174     0.269586
    0.295592    0.0541414   0.00689453     -0.08036
     0.21276     0.186464    0.0625362    -0.166347
  -0.0181252   0.00479062    0.0777482     0.179718
    0.265615     0.205522   -0.0924976    -0.255289
  -0.0180978   -0.0640051    0.0227953    -0.291888
   0.0932502     0.035722    0.0345517     0.232285
    0.112758   -0.0313514    0.0519873    -0.100604
  -0.0212868   -0.0449474   -0.0240834  -0.00122464
     0.13448    0.0552884    0.0539597    0.0833011
    0.212759     0.264757   -0.0452448    0.0805442
    0.139699     0.247426   -0.0882911     0.259659
  -0.0836951    0.0813946   -0.0463462       0.1811
   -0.127011    0.0431305    0.0591379     0.287401
    0.180692     0.343345   -0.0820357   -0.0587445
    0.217509     0.146512    0.0189814    -0.219529
  -0.0760112     0.122103   -0.0505745     0.383192
   0.0893307    -0.025012    0.0673641   -0.0287717
   0.0726463    0.0812592   -0.0621449    0.0138523
   -0.393975    0.0848408   0.00132738     0.670534
   -0.101274   -0.0493102    0.0728296     0.256634
    0.266252      0.36793     -0.17612     0.419827
   0.0565771    0.0587099    0.0183512     0.121183
   -0.191363    0.0217967   -0.0912548      0.51406
    0.048871     0.206685   -0.0560791      0.48573
  -0.0725495   -0.0642563   -0.0283847    0.0346557
   0.0578588     0.337211    -0.100719     0.243281
   0.0800021    0.0512017    0.0103642    0.0630108
 -0.00488952   -0.0592814    0.0847225    -0.104813
  -0.0235401  -0.00354248   -0.0569532   -0.0671056
   0.0466117     0.187585   -0.0604253     0.111668
    0.102332    0.0642926   -0.0304828     0.070439
   0.0249675    0.0798368    0.0463098    -0.177269
    0.492244     0.240849   -0.0329843     -0.12608
     0.20001    0.0693879   0.00584725    -0.160262
   -0.310079    -0.106887    -0.118389     0.337009
   0.0924533     0.208688    0.0199491   -0.0689381
   0.0564105     -0.00513   -0.0630462     0.162545
   0.0299596    0.0813105  -0.00801252     0.382706
  -0.0593812     0.162848   -0.0883195     0.178371
    0.167654     0.164052    0.0409338    -0.241809
    0.234481    0.0292496   -0.0151802    -0.110254
    0.124832    0.0193341    0.0310848     -0.27508
   0.0697247    0.0880431   -0.0538162  -0.00939864
  -0.0346968     0.219643    -0.141747     0.318462
  -0.0624738    0.0463662   0.00602796     0.257978
   -0.033831    -0.221767     0.083944    -0.205235
   0.0397079     0.182147   -0.0427379   -0.0836712
   -0.128236     0.219698   -0.0451758     0.457012
    0.160908    0.0576943    0.0489476     0.362307
   0.0387772   0.00848525   -0.0210307   -0.0213077
    0.106857     0.201948   -0.0410138     0.229579
    0.259189     0.166989    0.0552707    -0.273828
   0.0789331   -0.0296997   -0.0270234    -0.129275
   -0.355888   -0.0337343     0.030893      1.03228
  -0.0841172    -0.125273   -0.0527268    -0.207573
  -0.0363737     0.189564    -0.109694     0.238585
  -0.0168876   0.00370004    0.0268257 -0.000158801
       0.112     0.098605   -0.0262603    -0.139676
    0.143885 -0.000316492    0.0416846  -0.00407957
  -0.0420415     0.176663   -0.0266353    0.0970288
   0.0784105    0.0459824    0.0218451     0.203186
  -0.0133253  -0.00440218   -0.0229261     0.105831
    0.159359     0.137655    -0.022008     0.202143
     0.10864   -0.0423301   -0.0403198    0.0432359
  -0.0194141    0.0479401    0.0747518      0.16144
    0.137515    0.0919959   -0.0015183     -0.22726
   0.0441569    0.0702128  -0.00679665    0.0780078
  -0.0971506   -0.0281191    0.0718404    -0.115136
    0.148673      0.10681   -0.0872758     0.423729
    0.254245    0.0341594    0.0508256    -0.144511
   0.0553033   -0.0518502    0.0629918     0.128536
   0.0499076    0.0990769    -0.014792    -0.189593
  -0.0378201   -0.0265777   -0.0215882  -0.00570312
  -0.0634702   0.00160428   -0.0802605   -0.0635497
  -0.0442691   -0.0290925    0.0306278     0.193087
  -0.0752355    0.0158203   -0.0730054    0.0488303
    0.264144     0.166957    0.0230071   -0.0274025
 -0.00861453    0.0318291   -0.0640584    0.0754155
   0.0216319     0.296399   -0.0204467    0.0584994
     -0.2837    -0.143801   -0.0403665     0.334567
  -0.0540936    0.0884409   -0.0879439     0.456444
  -0.0681876   -0.0605556    0.0715085    -0.172443
    0.159796    0.0756383   -0.0148615    0.0228939
   -0.119575    0.0433229   -0.0600667     0.355683
   0.0996126       0.2031   -0.0295319     0.102069
  -0.0551337     0.127143    -0.102783     0.181677
    0.193677   -0.0565326    0.0208218    -0.353524
   0.0748592    0.0518555    0.0722513     0.146528
  -0.0666281     0.126293   -0.0341186     0.286527
 -0.00896366   -0.0212902   0.00927898   -0.0443786
   0.0635229    0.0903374   -0.0429498     0.123381
   0.0919049     0.248297   -0.0654643     0.108151
    0.121862    0.0450749    0.0602797    -0.234692
   0.0554592     0.158072   -0.0451724    0.0357245
    0.109204     0.229411   -0.0532899     0.136609
  0.00558307    0.0188467 -0.000824056     0.283774
  -0.0726324   -0.0141068    0.0162493     0.305654
   0.0102097     0.135913   -0.0408528   0.00592542
   -0.110978   0.00507979  -0.00714554    0.0379133
   0.0192618    -0.115717   -0.0106123    -0.209703
    0.103195   -0.0271684    0.0266515    -0.210092
    0.130856    0.0872153     0.020637    -0.222341
   0.0144921     0.124228  -0.00937501     0.226008
  -0.0560391     0.122576   -0.0273617     0.317969
  -0.0754633   -0.0895722    0.0106735     0.168277
  -0.0879382    0.0532032   -0.0457993     0.211455
   -0.152723   -0.0592517    0.0630922     0.208104
    0.200823     0.206017   -0.0579287    -0.206618
   0.0726921   0.00243563    0.0269345    -0.186488
   0.0675143   -0.0285647     0.111265    0.0413293
  -0.0359677   -0.0715672    0.0152825    -0.174783
   -0.021574    0.0776457   -0.0760217     0.315899
   0.0383426    0.0955098    -0.037433    -0.033715
   0.0560555     0.114627   0.00228813     0.413287
    0.156697     0.127246   -0.0257966    0.0767487
   -0.158466   -0.0760939  -0.00809413     0.289943
   0.0925573   0.00382114   -0.0287418    0.0805075
    0.110687     0.108479   -0.0836437     0.122756
  -0.0827824      0.21679   -0.0691052   -0.0425127
   0.0836784   -0.0385792    0.0538164     0.114317
     0.13761    0.0425765   -0.0586892   -0.0176186
    0.267007    0.0855871   -0.0630026    -0.160007
  -0.0468426     0.138496   -0.0554411     0.286745
     0.19495     0.131085   -0.0587025    -0.181608
    -0.04851     0.119647    -0.041069     0.169724
  -0.0267824    -0.185538     0.118067    -0.184621
   0.0609845    0.0354227    0.0316919     0.155502
   0.0142121    0.0139508   -0.0434109    0.0586621
  -0.0886994     0.139166   -0.0676198     0.609189
    0.131364    0.0388852     0.035793   -0.0849699
    0.148474    0.0541522    0.0147981   -0.0439503
   0.0759174    0.0197957    0.0207307    0.0202717
    0.147542    0.0680668   -0.0608308    0.0369415
   -0.206026   -0.0614961   0.00247217     0.479932
  -0.0393821  -0.00514234   -0.0247704    0.0222873
   -0.056064   -0.0190368  -0.00445279    0.0460319
   0.0512321   -0.0858417    0.0135816     0.122438
   0.0932046   -0.0233851   -0.0488816   -0.0320605
    0.123694   -0.0732891     0.083546   -0.0585393
   0.0322828    -0.051125    0.0928594     0.120248
    0.151862 -0.000305291    0.0641451     -0.25097
  -0.0828793   0.00651606  -0.00390032     0.018902
   0.0434569   -0.0431769   -0.0628118    0.0496018
   -0.242503    0.0457625    -0.107924     0.394025
  -0.0761815   -0.0326645   -0.0124094    -0.101469
 -0.00940399  -0.00342986  -0.00223723   -0.0690117
    0.184477     0.119761    0.0904824    -0.249823
   -0.115545     0.162993    -0.114421     0.585257
    0.197865    0.0766833    0.0261415   -0.0928194
  -0.0104833    0.0639471    0.0141508    -0.140758
   -0.167868    0.0302163   -0.0280309       0.1647
  -0.0679376     0.156473  -0.00112841     0.051483
    0.195276     0.215948  -0.00214688     0.166387
   -0.146508   -0.0810947    0.0285318     0.259137
    0.134144     0.277761   -0.0861861     0.175095
  -0.0736767     0.151014   -0.0818629     0.176334
  -0.0103045    -0.237295     0.111709    -0.343379
   -0.175078    0.0937593    -0.129898      0.14195
    0.163263    0.0461017   -0.0214672   -0.0129033
   -0.169244    -0.103965   -0.0913774    0.0308592
  -0.0132188    0.0669459  -0.00158754    0.0524609
   0.0013049   -0.0187022   -0.0212002    0.0680459
   0.0194589    0.0283496    0.0242776    0.0293635
  -0.0252074     0.118025      0.03012    0.0632846
   -0.205448     0.296968    -0.124982     0.445283
   -0.195202    -0.127986    0.0293773     0.262022
    0.224612     0.286668   -0.0152359    -0.208835
    0.100469     0.120827   -0.0652465    -0.405373
   0.0678195    0.0145275   -0.0627406    -0.236975
    -0.16471     0.096278   -0.0684789     0.231835
  0.00654686    0.0155667   -0.0571105   -0.0640989
  -0.0532136     0.171611   -0.0109659  -0.00176981
  -0.0759588     0.150787    0.0328062   0.00488313
   0.0792264    0.0117837  -0.00858536     0.224959
    0.113944    0.0382095     0.067132   -0.0406498
   0.0282008   -0.0378962   -0.0189551     0.206036
   0.0256528     0.158077    0.0218125     0.112451
  -0.0641709    0.0377759    0.0294031    0.0789103
   0.0125654    0.0227741    0.0160673     0.175041
  -0.0630661    0.0300367   -0.0747009    0.0714149
   0.0291679     0.107044   -0.0024286     0.039861
    0.120829     0.122643   -0.0604447   -0.0826128
   0.0286334     0.163675    -0.099157     0.266787
   0.0834472     0.241476   -0.0953545     0.273425
  0.00465207   -0.0620223    0.0985316    -0.170789
    0.245562    0.0223868    0.0172009    -0.118749
   0.0867216     0.107366   0.00316901   -0.0988587
   -0.115033    -0.126221    0.0581478    -0.194841
  -0.0414608   -0.0445044  -0.00691712   -0.0994564
   -0.090366     0.184324    -0.123851     0.177016
   0.0564772      0.18728   -0.0401627    -0.064894
  -0.0823726   -0.0775164    -0.061097    0.0320612
   -0.197494  -0.00566512   -0.0372417     0.264071
  -0.0383695   -0.0706583   -0.0378533    -0.112318
   0.0820295     0.112595    0.0164142     0.165673
  -0.0691449   -0.0155967   -0.0161743     0.158154
    0.177089     0.182162   -0.0856869     0.186769
   0.0120336    0.0545739   -0.0668877    0.0618488
   -0.114377    0.0558183    0.0410119     0.245415
   -0.117475    0.0457416   -0.0752421     0.182843
   0.0604666     0.151461    -0.077233    0.0918742
  -0.0604541   -0.0751049    0.0122486    -0.180829
  -0.0331971     0.144963    -0.134396     0.312906
    0.146471     0.179073    0.0311629    -0.114028
  0.00314568  -0.00429683   -0.0165172    -0.154428
    0.145217    0.0856346   -0.0683608    -0.121845
  0.00910343   -0.0213102   0.00475035     -0.24637
    0.246322     0.163667    -0.144437     0.379098
    0.181808     0.180007    0.0153671    -0.125523
   -0.291859    -0.019164   -0.0454994     0.396051
    0.284746     0.177493   -0.0705239     0.100438
  -0.0318524   -0.0553433    0.0405536     -0.25986
    0.199846    0.0192567     0.123068      -0.1898
     0.13471    0.0488037  -0.00809867    -0.172673
    0.352605    0.0151065    0.0843731    -0.432534
    0.082287   -0.0526826    0.0201453    0.0676436
  -0.0804239   -0.0086217   0.00757082     0.404679
   -0.130756   -0.0234989    0.0172377   -0.0139828
    0.200614     0.072717   -0.0131177    -0.197681
   0.0541032   -0.0448901  -0.00119294   -0.0520532
    0.232422    0.0522704    0.0305464   -0.0868077
   0.0566054    -0.063852     0.108613   -0.0213752
   0.0670067   -0.0246048   0.00525505     0.116558
    0.282837     0.212459   -0.0823515     0.255456
   -0.330373   -0.0172502    -0.110664     0.485997
  -0.0101167   0.00939712   -0.0871899    0.0885491
   0.0743969    0.0728994    0.0372442    -0.128431
  -0.0255589     0.137208   -0.0699402    -0.062013
   0.0931736    0.0555543   -0.0426018   -0.0236884
  -0.0201345     0.213043   -0.0438777    0.0410769
   0.0382745     0.113665  -0.00898057    0.0983959
  -0.0904378  -0.00911955   -0.0585434    0.0568203
   0.0246641     0.042333   -0.0297893    0.0658769
   0.0270844   -0.0393859    0.0195478   0.00389456
    0.191265     0.064281   -0.0721466     0.143526
   0.0564734     0.101459   0.00805804   -0.0238149
   0.0414178   0.00960804    0.0287707   -0.0647157
   0.0751303    0.0125834   -0.0172178    -0.173943
   0.0823746      0.08597    0.0138699    -0.183378
   -0.338974      0.05545   -0.0746421     0.814929
   -0.145686    0.0989732    -0.191041     0.745647
  -0.0475747    0.0121549   -0.0930341   -0.0162255
    0.281385     0.119929   -0.0550746   0.00734415
   0.0108386   -0.0315727   -0.0280438      0.11799
  -0.0125765   -0.0259163    0.0196815     -0.21047
    0.197459     0.201068    0.0391306   -0.0358869
   0.0287501     -0.07192   -0.0448555  -0.00132058
    0.181615     0.072818   -0.0220753     0.454169
   0.0077288  -0.00753845    0.0533609      0.21229
  -0.0386431    0.0806245   -0.0335746     0.138002
    0.107293     0.146779   -0.0177675    0.0786633
  0.00399554     0.112757   -0.0122056     0.266061
   0.0843035    0.0353268   -0.0276388     -0.35207
   -0.074214   -0.0399824    0.0703203    0.0534726