   0.0608761
    0.035897
   0.0203042
 -0.00049286
    0.115429
   0.0252112
  -0.0402405
  0.00113012
   0.0775893
  -0.0567248
  -0.0271779
 0.000347136
   -0.026651
  -0.0828346
   0.0448833
 -0.00909046
   0.0144869
  -0.0893082
  -0.0844536
  -0.0151851
  -0.0416069
   0.0276419
  -0.0685014
  -0.0450689
   0.0600801
  -0.0410271
   0.0175675
 -0.00856893
  -0.0580877
  -0.0707805
  0.00173714
  -0.0356265
   -0.034743
  -0.0715168
  -0.0395131
  -0.0731551
   0.0411119
   0.0558347
  -0.0230094
   0.0222619
  -0.0193834
 0.000531199
   0.0443888
   0.0258682
   0.0536828
  -0.0540589
  -0.0479771
  -0.0770719
  -0.0179775
  -0.0614231
-0.000405708
   0.0491958
   0.0426241
  -0.0966125
  -0.0351341
  -0.0152523
 -0.00485267
   0.0584102
  -0.0414234
  -0.0389033
  -0.0605182
   0.0778567
  0.00614719
  -0.0808066
  -0.0502407
   0.0250668
   0.0271346
   0.0609333
  0.00396123
   -0.157003
  -0.0234756
    0.083953
   0.0199799
   0.0903407
  0.00261314
   0.0324574
  -0.0555913
   0.0374716
   -0.058362
   0.0130017
   -0.091406
  -0.0147775
  -0.0256256
   0.0242957
   0.0186385
   0.0147303
-0.000273671
   -0.095613
  -0.0342748
   0.0789424
   0.0916544
   0.0322806
   0.0372358
   0.0630351
   0.0266473
  0.00246556
  -0.0145484
   0.0185871
   0.0118693
  -0.0507094
    -0.04438
  -0.0590127
   -0.035718
  -0.0560153
  -0.0434656
   0.0172142
   0.0111354
 -0.00796639
  -0.0390102
-0.000867474
  -0.0109773
   0.0137573
  -0.0370939
 -0.00652599
  -0.0306642
   -0.077017
  -0.0650135
   0.0287073
   0.0112647
  -0.0106763
  0.00397796
  -0.0602296
   0.0121408
  0.00650081
  -0.0707605
   0.0281061
   0.0288423
   0.0336509
  -0.0275883
   -0.111937
     -0.0514
  -0.0147558
  -0.0548632
   0.0693603
   0.0316193
  -0.0457203
  -0.0589238
  -0.0599001
   0.0649118
 -0.00100008
  -0.0518432
   0.0339416
   -0.108539
   0.0350373
  -0.0916762
   -0.037217
  -0.0633056
  0.00127026
  -0.0381919
  -0.0282279
   0.0232056
    0.044596
   0.0241262
  -0.0575572
  -0.0509641
   0.0205225
  0.00947793
  -0.0115933
  -0.0888061
   -0.015403
   -0.024832
   0.0364743
  -0.0584442
  -0.0792459
  -0.0181062
 -0.00710904
  -0.0008908
 -0.00503441
   -0.046313
  -0.0319042
  -0.0567539
   0.0508582
  -0.0329482
  0.00753578
   -0.032271
   0.0088813
  -0.0221283
   0.0135902
  -0.0253753
   0.0898062
  -0.0707714
  -0.0771462
  -0.0261932
   0.0444172
   0.0275878
  -0.0707184
   0.0232136
  -0.0458671
   0.0981154
  -0.0201108
 -0.00281488
  -0.0645513
  -0.0191796
  -0.0274435
  -0.0362554
  -0.0508887
 -0.00158302
   -0.100233
   0.0508664
  0.00940948
  -0.0232489
  -0.0575063
   0.0313877
  -0.0277396
   0.0111073
  -0.0460648
  -0.0237179
   0.0133297
  -0.0192278
  -0.0466509
  -0.0515451
   0.0608248
  0.00321631
   -0.152294
 -0.00593823
   0.0247785
  -0.0702434
  0.00868182
  -0.0126956
   0.0468143
   0.0428557
  -0.0975182
  -0.0236866
   0.0186591
  -0.0787957
  -0.0607488
  -0.0881585
  0.00562673
  -0.0556214
 -0.00705809
 -0.00297893
  -0.0108361
  -0.0587779
  -0.0527336
   0.0100764
    0.038613
  -0.0153536
  -0.0168292
  -0.0388154
  -0.0497927
   -0.080064
  -0.0594477
   0.0101298
  -0.0333685
  -0.0176025
  0.00402081
  -0.0188018
  -0.0670834
   0.0452443
  -0.0298669
   0.0169935
   0.0126592
   0.0116984
   0.0632529
 -0.00226394
  -0.0424088
   0.0128011
  0.00648564
  -0.0107553
  -0.0774983
  -0.0319327
      0.1362
  -0.0683358
 -0.00721708
   -0.165397
   -0.073445
   0.0179215
    0.023463
  -0.0237279
   0.0149653
 -0.00772607
  0.00957958
  -0.0070435
   0.0284454
  -0.0531014
 -0.00950739
 -0.00197565
   0.0400375
   0.0049878
  -0.0116254
  -0.0552245
   0.0408397
  -0.0188183
  -0.0207352
  -0.0179121
  -0.0645962
  -0.0952701
  -0.0126541
  -0.0241081
   0.0554996
   0.0475014
  -0.0386817
   0.0121742
   -0.130536
   0.0486174
   0.0115531
  -0.0665353
  -0.0757211
  -0.0380484
  0.00274051
  -0.0796415
  -0.0857135
  -0.0466247
   -0.032177
  -0.0370989
 0.000106699
  -0.0893254
  -0.0429992
  -0.0282149
  -0.0856716
  -0.0230555
  -0.0588627
   -0.113223
   0.0143433
 -0.00757454
   0.0538532
    0.048546
 -0.00641287
  -0.0206949
  -0.0116345
  -0.0302092
  -0.0809056
   0.0245271
   0.0299153
  0.00448562
    0.014948
   0.0304756
   0.0581316
  -0.0957199
  -0.0629533
  -0.0982886
 -0.00649602
  -0.0880737
  -0.0136152
  -0.0517534
   0.0405711
  -0.0674803
  -0.0124516
  -0.0546945
  -0.0820973
  -0.0913797
   -0.024896
   0.0258464
  -0.0327469
  -0.0692415
   0.0271057
   -0.038871
   -0.133107
  -0.0556347
   0.0728841
   0.0415586
   0.0197272
  0.00196379
  -0.0401319
   0.0569182
  -0.0152329
  -0.0133778
  -0.0386261
  -0.0967969
  -0.0258641
   0.0642657
  -0.0185779
  -0.0754692
  -0.0522036
  0.00940009
  -0.0567776
   0.0898357
  0.00553605
  -0.0138537
   -0.075477
  -0.0624719
    0.128654
   0.0112561
  -0.0775615
  -0.0704273
    -0.10924
  -0.0681366
  -0.0110632
  -0.0419074
   -0.065726
   0.0161918
   0.0431362
  -0.0133621
   0.0487987
 -0.00864147
  -0.0779698
 -0.00275565
  -0.0400157
  0.00803423
   0.0282067
  -0.0357869
  0.00183133
   0.0301947
   -0.029542
  -0.0436896
  -0.0129425
  0.00134348
  -0.0375741
  -0.0163533
   0.0202856
  -0.0101221
   0.0788474
  -0.0209195
  0.00709116
  -0.0219035
  -0.0124637
  -0.0383241
  -0.0174686
 -0.00534711
   0.0267606
  -0.0578216
  -0.0656459
   0.0122812
  -0.0188655
  -0.0178868
 -0.00636379
  -0.0278318
   -0.058646
    0.024792
  -0.0986895
   0.0671115
   0.0557796
  -0.0931631
   -0.041136
  -0.0406464
   -0.131729
 0.000795952
   -0.121927
  -0.0828696
   0.0441876
   0.0520448
  -0.0170041
  -0.0759514
  -0.0539423
  -0.0319741
-0.000136225
  0.00477773
  -0.0618331
  -0.0928095
  -0.0507052
    0.136634
  -0.0537612
  -0.0721853
  -0.0749281
  -0.0136841
   -0.161877
  -0.0206019
  -0.0649315
   0.0617467
   -0.110773
  -0.0568673
  -0.0168535
   0.0162628
   0.0500305
   0.0148494
  -0.0458966
   0.0631329
  -0.0410537
  -0.0173773
   -0.067465
   0.0837386
  -0.0505247
   0.0662102
   -0.131561
   0.0139585
  -0.0545247
  -0.0286888
    0.029684
  -0.0159196
  0.00812139
   -0.107605
 -0.00447099
   -0.103943
 -0.00557073
   0.0170969
 -0.00695115
 -0.00390224
-0.000410086
  -0.0577357
  -0.0616613
   0.0266304
  -0.0180285
  -0.0217962
   0.0204014
   0.0490918
  -0.0939188
    0.042088
   0.0496725
  -0.0696173
  -0.0268716
    -0.04009
  -0.0974148
  -0.0196552
  -0.0169856
   -0.112355
  -0.0249124
  -0.0703585
  0.00839487
  -0.0332446
  -0.0569598
  -0.0217211
  -0.0744691
    0.047493
   -0.001407
  -0.0333173
   0.0476636
 -0.00714156
  -0.0358822
  -0.0424169
   0.0297611
   -0.100725
   0.0584077