  -0.0493114     0.182293   -0.0140768    0.0776906
  -0.0991616    0.0115757   -0.0575278     0.054344
   -0.119212  -0.00267262    0.0273716     0.126602
    0.062301     0.109583   -0.0288935     0.172783
    0.158599       0.1539    -0.014717     -0.21348
   0.0118889   -0.0267231   -0.0278783    0.0200116
   0.0963273     0.107718   -0.0670588   -0.0327435
   0.0867705    0.0768694    0.0502397  -0.00651321
    0.146324       0.1522    0.0259559    -0.172021
    0.140601     0.154879   -0.0377502     0.040618
    0.107727    -0.102994    0.0809024   -0.0599339
  -0.0349529   -0.0185059   -0.0275255   -0.0402464
  -0.0170987    0.0794437    0.0251654    0.0941855
  -0.0538929    0.0422378   -0.0523881     0.101954
   -0.202991  -0.00173382   -0.0490094     0.034725
  -0.0672632    0.0855401   -0.0899142    0.0746638
  -0.0212655   -0.0131633    0.0757632   -0.0121951
     0.25608     0.103895     0.052454    -0.422083
   -0.134289     0.116749   0.00405988    0.0471437
   -0.053685     0.150296  -0.00375875   0.00104228
   -0.191711   -0.0747811    0.0665977     0.149857
   -0.150897    0.0576089   -0.0178047     0.128337
  -0.0163395      0.03179     0.038301    0.0340937
   0.0730951  -0.00702328   -0.0211237   -0.0598556
   0.0763325     0.033468    0.0879077    -0.047981
   -0.029325     0.106666   0.00526248    0.0708345
   0.0760273   -0.0991531    0.0855916     0.104485
  -0.0725389    0.0415058   -0.0266105   -0.0897936
  -0.0932666   -0.0380646  -0.00837989    -0.184336
   0.0767743     0.228317     0.032563    0.0164417
  -0.0277638    0.0507279   -0.0380688   -0.0540654
    0.109541    -0.069969   -0.0234911   -0.0427688
   0.0338483      0.20075   0.00259069    -0.197294
  -0.0172344   -0.0681826     0.028787    -0.174632
   0.0197675    0.0660116    -0.122539    0.0423933
  -0.0623992   -0.0262812  -0.00281836    0.0976338
   -0.208183   -0.0692417   -0.0371006     0.265703
   -0.185174    0.0217392   -0.0230253     0.125143
   0.0313638    0.0123472   -0.0693945    0.0188642
  -0.0379303   -0.0071394    0.0358024   -0.0471628
    0.127443     0.155292  -0.00244738    0.0882217
  -0.0661094   -0.0621491     0.101145     0.153233
   -0.112619   -0.0409888   -0.0506107    0.0798093
   0.0566552     0.042907    0.0153298   -0.0671154
  -0.0145746     0.152413  -0.00838258     0.019139
   -0.120079    0.0261294   -0.0676571    0.0458439
   0.0951098     0.155936   0.00593706     0.114077
  -0.0460726     0.021482   -0.0139677    -0.095909
  -0.0482359   -0.0659389     0.040144    0.0846895
    0.271101     0.069524   -0.0242506    -0.134084
   -0.050582    0.0307558   -0.0421615    -0.131873
  -0.0555015   -0.0920083     0.131135    0.0725356
   -0.153993     0.113809    0.0317115   -0.0277719
    0.169752     0.110041   -0.0112205   -0.0503431
  -0.0744516   -0.0205016   -0.0560324   0.00448879
     0.29712      0.28244    -0.057262   -0.0996641
   -0.159181  -0.00149535    0.0877401    0.0800901
 -0.00878316    0.0842262   -0.0729128   -0.0515871
   0.0228995    0.0195897    0.0119545    0.0699929
   -0.012221     0.063889   -0.0539666  -0.00652817
   -0.128407   0.00421208     0.020559    0.0564363
    0.125458     0.177041     -0.02764    -0.165338
   0.0820106    0.0123548    0.0200749   -0.0482637
   -0.142173    -0.169517 -0.000314538     0.367966
    0.085228     0.151017    0.0205661    0.0453647
   0.0657202    0.0605409   -0.0114179   -0.0662497
   -0.128053    -0.120061     0.107735    0.0255406
   0.0567219    0.0444856    0.0348709   -0.0620166
    0.233593     0.146076    0.0108488    0.0721832
   0.0340627     0.118104    -0.113642     0.130786
     0.18173     0.250656   -0.0247424   -0.0400936
   -0.205117    -0.160901    0.0257074      0.21504
   -0.129025   -0.0083043    0.0465835    0.0510319
  0.00512773   -0.0323267    0.0633621     0.135434
  0.00702842    0.0301674    0.0711667      0.18644
  -0.0241691    0.0349754     0.047175   -0.0772787
    0.092562    0.0405232      0.07416    0.0116387
  -0.0085847    0.0611985  -0.00886853  -0.00940316
   0.0714767    0.0454362    -0.019948     0.186694
  -0.0404512    -0.104709     0.069364    0.0216649
   -0.110689     0.102447     0.015233      0.24869
   0.0654096    0.0254129    0.0332265   -0.0397836
    0.201386   -0.0105857    0.0695423    -0.207555
  -0.0417384    0.0750517    0.0267257     0.192472
     0.17244    0.0399792    -0.027274    0.0018996
  -0.0957406    0.0456548   -0.0455249    0.0963541
   0.0086006    0.0237739    0.0344629    -0.140614
    0.213747     0.198344   -0.0328077    -0.292333
   0.0244837    -0.023204   -0.0582867     0.167386
  -0.0331481  -0.00724858    0.0434183     -0.10304
   0.0455089     0.093781   -0.0216514   -0.0693722
    0.229263    0.0231667    0.0965222  -0.00728096
   -0.202634    0.0342892   -0.0497232   -0.0131775
  0.00932033   -0.0800775    0.0815474     0.144142
   -0.157276   -0.0403873    0.0414233     0.227346
   0.0455066  -0.00892246     0.022229     -0.15777
  0.00589373    0.0492992   0.00433569   -0.0351932
   -0.251323     0.100893    -0.140592     0.295479
    0.132333     0.195981   -0.0519557     -0.11329
   -0.139961    0.0163286   -0.0259034     0.127258
    0.164303    0.0498869    0.0795571    -0.253984
    0.244226     0.306878    -0.138607     -0.32161
   -0.097879    -0.154499    0.0141952      0.18318
  -0.0820052    -0.040719    0.0486309     0.225034
   -0.139898    -0.071676    0.0244763     0.296794
   0.0544303    -0.113077     0.107247    -0.246645
    -0.02766  -0.00180458    0.0381231    -0.104269
     0.10054    0.0238709    0.0115172    -0.146792
   0.0149845      0.15828    -0.106947     0.193269
  -0.0653928    0.0524873  -0.00691657     0.142446
   0.0305896    0.0300278   -0.0152063    0.0379643
    0.119187      0.19968    -0.094362     0.222779
  -0.0531345   -0.0198634    0.0423477    -0.127754
     0.19195     0.129724   -0.0209052    -0.179646
  -0.0732662   -0.0313745   -0.0400307    0.0215648
   -0.108366    0.0428952    0.0622674     0.197894
   -0.144619   -0.0143908  -0.00184797    -0.110611
   0.0342493   -0.0551412     0.069985     0.333438
  0.00482623     -0.07614    0.0671487  -0.00972217
  -0.0911939     0.112134  -0.00734705     0.165028
   -0.186406    -0.115058    0.0599724     0.128853
    0.099245   0.00904734   -0.0065756    -0.188407
   -0.106853    0.0614994     -0.04111     0.158804
  -0.0859817   -0.0960006   -0.0202885     0.253035
    0.107251    0.0450814   -0.0509034    0.0279721
      0.3053     0.156243   -0.0437099     -0.32647
   0.0572553   -0.0383851   -0.0443901   -0.0192056
    0.139267     0.132632    0.0257196   -0.0828169
  -0.0895611   -0.0786962   -0.0603717     0.110336
 -0.00484835    -0.109917    0.0136603    -0.242904
   -0.014673   -0.0193073   -0.0628102     0.159712
    0.220352    0.0060349     0.115422    0.0371197
   0.0533108   -0.0280876    0.0292013    -0.146834
  -0.0334741     0.147077   -0.0375821    -0.175916
    0.306109     0.168513  0.000154021    -0.119348
    0.266173    0.0975761   -0.0819708    0.0735091
   -0.122544    0.0816582  -0.00632406   -0.0472348
 -0.00099463     0.106705     0.104579    0.0608631
   0.0598501    0.0092453    0.0914131    -0.181359
    0.440149     0.117712   0.00474973    -0.110023
   0.0739131   -0.0169249    0.0137373   -0.0568496
    0.030164    0.0156115   0.00698658   -0.0151059
   -0.181969  -0.00137232   0.00341473     0.148261
    0.029741   -0.0585616   -0.0363044   -0.0759194
   0.0285151     0.052835   -0.0615936    -0.129208
    0.303163     0.268414    0.0492045    -0.228673
    0.125227     0.101628     0.029472   -0.0769407
    0.153779    0.0303741    0.0438146    -0.177792
    0.133509     0.202034    0.0147338    -0.131392
  -0.0649502     0.115533   -0.0949071   -0.0714778
   0.0430552     0.066904   -0.0233068     0.204902
  -0.0537308   0.00234557   0.00189998    0.0706201
 -0.00154485     0.216032   -0.0154132    0.0219174
   0.0294019    0.0248957   0.00670907     0.219402
   -0.108224   0.00470816    0.0380374   -0.0034425
  -0.0899923    0.0449406     0.021133    0.0927289
  -0.0987054   -0.0524188    0.0461633     -0.09545
  -0.0332583    0.0984642    0.0094945    0.0542813
   -0.182755   0.00255697   -0.0687259     0.169703
  0.00908339    0.0492247   -0.0142248   -0.0369544
   0.0654902     0.154919   -0.0551247  -0.00590169
    0.106001   0.00796981   -0.0177578     0.127771
   0.0682953    0.0153196   -0.0274989   0.00417941
   0.0387413   0.00125774    0.0855847   -0.0118467
   -0.218907  0.000693725   -0.0329483     0.192418
 -0.00940384   -0.0364018     0.139771   -0.0768989
   0.0819463    0.0581489    0.0432953    -0.024206
    0.102731     0.183654     0.023525     -0.25954
    0.223448     0.127124    0.0578561    0.0263717
  -0.0493362    0.0178219   -0.0243921      0.17641
    0.360017     0.271503    -0.062107    -0.171231
  0.00828302    0.0362234     0.062249     0.197336
   0.0566927    0.0122224   -0.0799635   -0.0129466
    0.130884    0.0755979   0.00761513    -0.133619
   -0.003524     0.125994   -0.0742321   -0.0184231
    0.135394   -0.0394689   0.00527612    -0.237093
 -0.00796508    0.0863724   -0.0373278     0.117449
    0.126866   -0.0448928     0.134473     0.115741
   -0.190709    0.0754533  -0.00736114  -0.00355531
   -0.223981   -0.0332544   -0.0541484     0.122613
    0.085727    0.0249866    0.0551526    0.0992686
   0.0337703    0.0373741    -0.101659    -0.107936
   -0.134423    0.0899704   0.00488416   -0.0607296
   0.0627042    0.0787591    -0.029122    -0.127228
   0.0561341     0.117033   -0.0418141    0.0792286
   0.0437156    0.0286063   -0.0485698    0.0641882
    0.068122   0.00800611   -0.0202822     -0.11703
   -0.155891     -0.02466     0.105652    0.0477877
   0.0440551   -0.0899616   -0.0208621    -0.082618
  -0.0473248   -0.0148135     0.044856   -0.0178263
  -0.0285077    0.0110365     0.011449    0.0128529
   0.0273667     0.115493   -0.0483894   -0.0332647
   0.0749273     0.223497   -0.0924124   -0.0354152
   0.0702383   0.00237215   -0.0199135     0.119593
  0.00765659      0.10167    0.0315445    0.0688051
  -0.0723415   -0.0117222    0.0557387    -0.279117
  -0.0350688   -0.0124539    0.0497861    0.0197117
  -0.0358206   0.00102513    0.0282306     0.216008
   0.0545272     0.112917   0.00284411    -0.163267
   0.0120373     -0.12757    0.0654717    -0.157429
    0.239205    0.0779967     -0.02659    -0.161498
   -0.254647   -0.0210184    -0.107313     0.213941
  -0.0442589   -0.0274861   -0.0215048    0.0504994
    0.145241     0.138066   -0.0527285   -0.0936932
    0.130139    0.0295116    0.0105095    -0.414762
  -0.0881595   -0.0252883   -0.0216442     0.233677
   0.0897369    0.0448155   -0.0749436    0.0160768
   0.0256446   -0.0387031    0.0658508    0.0450704
   0.0448329     0.036828    -0.090301    0.0677011
    0.339486     0.136126    0.0175602    -0.364196
   -0.092716     0.132613   -0.0327909    0.0264771
  -0.0515267    0.0748164   -0.0179037    0.0896671
    0.041151  -0.00744923   -0.0515222     -0.13755
   -0.273763   -0.0388715   -0.0325882     0.198578
  -0.0872159    0.0136265    0.0110213    -0.224562
  -0.0396462    0.0708332   -0.0319416    -0.133248
  -0.0977207   -0.0752137    0.0415089   0.00630605
  -0.0257836    0.0801375    0.0927609    0.0946057
  -0.0195024   -0.0492762   -0.0099412   -0.0458176
 -0.00879783    0.0160597   0.00515938     0.071927
    0.112163     0.152316    0.0229612   -0.0302039
    0.238887     0.252062   -0.0318997    0.0112335
  0.00647183  -0.00894697    0.0253208    0.0409398
    0.113488    0.0316596   -0.0332378    -0.116327
   0.0907725     0.164168   0.00172023     0.237539
    0.165637    0.0679966    0.0737672    -0.312878
  0.00975867   -0.0157826    0.0484636    0.0190056
    0.100945    0.0692123   -0.0456156     0.041622
   0.0952911   -0.0583695    0.0164826    0.0983139
     -0.1381   -0.0513761   0.00220746     0.102239
    0.169518    0.0904226    0.0607689    -0.187002
    0.049575    0.0376116    0.0226861    -0.082806
     0.10134   -0.0270206  1.42194e-05  0.000465459
    0.053679     0.145414    0.0749144    0.0192712
   0.0259619     0.105743   -0.0283663  -0.00450353
  -0.0145359     0.132603   -0.0227029    0.0222818
   0.0198699   -0.0407642   -0.0460065    0.0278976
   0.0537767   -0.0349788    0.0413996   -0.0370866
    0.136015   -0.0235746      0.03537     0.113121
  -0.0139566   0.00232684   0.00886986     0.062692
  -0.0114565    0.0676101    0.0114841    0.0462496
    0.222899     0.162953   -0.0252645    0.0081791
   0.0401804    0.0225441   -0.0704582    0.0152724
  -0.0269628   -0.0943401    0.0622001    0.0382078
    0.123682     0.129043   -0.0772552    0.0719216
    0.168899    0.0138148    0.0729604   -0.0132393
    0.179432    0.0876783   -0.0466722    -0.109404
  -0.0145465   -0.0704506  -0.00934382   -0.0340073
  -0.0558596   -0.0199963   -0.0907863     0.141043
   0.0679751    -0.105887    0.0434488    0.0992834
   -0.128414    0.0925915   -0.0758712    0.0603133
    0.149765    0.0156123    0.0377839    -0.197156
   0.0216093    0.0429153   -0.0659335   -0.0731802
  -0.0349526  -0.00807624   -0.0572679    0.0633415
   0.0332437     0.076356   0.00360599    0.0176262
    0.164042     0.172694    0.0497105   -0.0855492
-0.000344369     0.101711    0.0243533     0.258843
    0.102001     0.139264   -0.0775269    -0.189185
    0.147921    0.0369861    0.0953117   -0.0263196
   0.0540729     0.151831   -0.0540735    0.0753869
  -0.0269886    0.0288548    0.0546364   -0.0516859
    0.103855     0.047786    0.0221641    -0.147469
   0.0790431   -0.0511692    0.0426616     0.197915
   0.0657488    0.0128668   0.00699401    -0.145956
  -0.0343545     0.260715   -0.0620244    0.0988933
  -0.0643484   -0.0292763   -0.0612677    0.0755326
   -0.243532   -0.0243936   -0.0414951     0.159493
    0.182028     0.214653   -0.0276301    -0.113691
   0.0380818   -0.0180132   0.00784535   -0.0132439
  0.00771597     0.168596   -0.0425307    0.0730822
    0.130955      0.10738   -0.0739536   -0.0234459
  -0.0302864     0.155921   -0.0315929    0.0844757
   0.0681437      0.10313   0.00824538     0.242386
  -0.0851442     0.107521   -0.0247846     0.182042
   0.0365461    0.0286706    0.0219597    -0.265143
  -0.0311985    0.0334889   -0.0308777    0.0941398
    0.103447  -0.00957049    0.0100249      0.14219
   -0.143722    -0.056664   -0.0166019     0.120922
   0.0954272    0.0481516   -0.0367421    -0.247438
    0.094637     0.158151   -0.0120228    0.0551186
    0.130699    0.0581179    0.0152033   -0.0189212
  0.00185691    0.0222168    -0.032233    -0.139962
    0.109004     0.136498     0.023133   -0.0523675
   -0.232221    0.0112122 -0.000253304     0.277389
    0.182099   -0.0942556    0.0334386    -0.124762
   0.0579543    0.0911608   -0.0705352     0.158729
    0.167935    0.0614052   -0.0724769    -0.104618
  -0.0357057    0.0678314   -0.0605639    -0.115755
    0.042765     0.199098   -0.0938281    0.0182756
    0.090571    0.0459794   -0.0464222   -0.0436471
  0.00843437     0.118217   -0.0347439   -0.0781842
  -0.0508604    0.0171976   -0.0558644    0.0115654
   0.0197334    0.0759541    0.0300503    -0.164768
    0.123803      0.14837    -0.116171    -0.182026
    0.101328   -0.0264881    -0.033408    0.0620028
   0.0543686     0.215068   -0.0523264    -0.143432
   0.0586553  -0.00600397    0.0332706     -0.12171
   0.0677916  -0.00344557   -0.0380176     0.398066
  0.00712196    0.0430621    0.0560834   -0.0151637
  0.00147878     0.281963    -0.135802     0.136408
  -0.0743838    0.0531394  -0.00163768      0.24378
-0.000547273   -0.0166933    0.0582491    -0.175543
   0.0347579     0.146105    -0.108923    0.0493776
   0.0785141    0.0393172   -0.0183761      -0.1597
   0.0777132     0.220332   -0.0268699     0.238331
   0.0228397      0.10472   0.00572481   0.00343906
   0.0128263     0.179573    0.0138084     0.095664
    0.138657   -0.0385206   -0.0973204    0.0128694
  -0.0673787   -0.0847278   -0.0306709    0.0152011
   0.0219111    0.0986711   0.00897075  -0.00486308
    0.143516     0.077745    0.0236276    -0.225026
   0.0356725    0.0798756    0.0421254   -0.0559507
  -0.0415213    0.0898885  -0.00340592     0.136927
   0.0591886   -0.0956603    0.0323293    0.0926022
    0.144829   -0.0303297    0.0054673     -0.20542
  0.00850795    0.0753742    -0.103023    -0.117608
     0.12015     0.143748    0.0200461    -0.157667
 -0.00703458     0.122987   -0.0228536     0.144269
  -0.0696207    0.0171137   -0.0149284    0.0575632
   0.0608418      0.12394    0.0338626   -0.0158623
    0.105175    0.0694065    0.0264576    -0.243429
   0.0850385    0.0118169    0.0462687    -0.107107
  -0.0540775     0.115904    -0.112688    -0.114418
  -0.0682241   0.00329494    0.0740443     0.119567
   -0.037335    -0.057042   -0.0150809   -0.0939533
   0.0374074      0.10293   -0.0752587     0.157955
  -0.0274593   -0.0086034   -0.0184517    -0.136573
 -0.00635275    0.0183069   -0.0899751    0.0207761
  -0.0159968   -0.0404995  -0.00344577    -0.041237
    0.160668     0.182394    0.0250131     -0.34282
   0.0835017    0.0213873   -0.0607378    0.0238579
   0.0423911   -0.0691368  -0.00599316   -0.0185755
    0.173479    -0.157463     0.100212   -0.0071413
   -0.105434    0.0695548    -0.047253    0.0418221
   -0.124494    -0.135791   -0.0132751     0.102759
     0.26309    0.0951233    0.0510868   -0.0562125
   0.0298806      0.15447   -0.0224425   -0.0206706
  -0.0943176   -0.0364604    0.0497474    -0.164334
   0.0297874    0.0272378    0.0592358   0.00354816
  -0.0106353    -0.013141    0.0575999    0.0919448
   0.0712958     0.059641     0.026329    0.0150107
    0.237851   -0.0022756    0.0523647    -0.241069
   0.0573734   -0.0374199    0.0628035    0.0197045
    0.197333   0.00120911    0.0694612    -0.228362
    0.269515    0.0800654  -0.00545125    -0.344662
   -0.191743     0.020509   -0.0707276   0.00654043
  -0.0709904   -0.0062138   -0.0105191    -0.181061
   -0.015003    0.0849665     -0.08224    0.0898045
    0.253122     0.167922   0.00975545    -0.108404
    0.163672     0.142918   -0.0188539   -0.0518503
   0.0248338   -0.0154965    0.0140422   -0.0243613
    0.270237      0.19526    0.0179639    -0.211232
   0.0422441     0.212645   -0.0668999     0.177423
   -0.118481   -0.0956125    0.0491954    -0.103507
    0.160744    0.0901383   0.00490829    -0.110135
   0.0375357   -0.0177137    0.0283204     0.160721
    0.114453     0.195351  -0.00864986    -0.185279
    0.052593    0.0761883   -0.0350412     0.172227
    0.117892     0.217989   -0.0423014     0.113781
   0.0790298     0.017416   -0.0357843     0.186046
   0.0225251    -0.143811    0.0258049   -0.0327195
  -0.0349242    0.0185876    0.0387639   -0.0248188
  -0.0873836  -0.00625899   -0.0687267     0.110688
    -0.24352     0.083914   -0.0625032     0.237815
   0.0195717    0.0427552   -0.0180395     0.163213
    0.130107     0.104771   -0.0887264    -0.201427
   -0.057809   -0.0804587  -0.00871176  -0.00791641
    0.204664      0.16251    0.0175531    -0.234898
    0.122909    0.0748056  -0.00248091    0.0498323
   -0.106574   -0.0598801   -0.0403885    0.0465085
   -0.015357     0.142386    0.0517306     0.131199
   0.0944932    0.0635937   -0.0677434     0.312808
    0.198985     0.156102  -0.00607313    0.0874001
   -0.126167    0.0195183   -0.0776344     0.113368
   -0.099556   -0.0294626    0.0252735     0.294128
  -0.0395382     0.203611   -0.0874132     0.243665
   0.0258583     0.165699   -0.0845495    0.0210624
    0.016824    0.0813751   -0.0757765    -0.092348
   -0.240771   -0.0497476    0.0359287     0.168953
     0.17746    0.0766279   0.00831536   -0.0382864
  -0.0660238    -0.146567    0.0991683    -0.181891
  0.00914172  0.000323217   -0.0454698    -0.264956
   -0.114478   -0.0434082   -0.0589421    0.0972708
   0.0334678    0.0948737   -0.0307632   -0.0970526
  -0.0626506    0.0152052    0.0478957    0.0173928
   -0.154664    0.0348951   -0.0706775     0.167293
  -0.0791499   -0.0620378   -0.0259466    -0.123668
   -0.250293    -0.122452   -0.0126803     0.483536
   0.0107246    0.0429648   -0.0322148     0.155988
  -0.0317652    0.0575968    0.0433798     0.121694
   -0.210177   0.00527891    0.0321975    -0.027763
   0.0415823     0.037367    0.0739512    0.0787768
   -0.117199   -0.0397679    0.0302322    0.0716134
  -0.0161815     0.101839    0.0464469   -0.0801894
  -0.0153303    0.0633254    -0.118721     0.226977
  -0.0640899    0.0239445    0.0362695   -0.0956676
    0.208164   -0.0419288  -0.00443979   0.00395303
    0.108242    0.0189882   -0.0089181    0.0249091
   -0.123152  -0.00802557    0.0312763    0.0998862
  -0.0807042     0.036019    0.0597146     0.156611
   0.0297556   -0.0121744   -0.0195308   -0.0321749
     0.14933    0.0495393    0.0534266    0.0679999
  -0.0124667   -0.0220604   -0.0154974  -0.00248861
  0.00671066    0.0400022    0.0247468    0.0413151
   0.0858894    -0.035318    0.0985469    -0.042061
   -0.160672    0.0540835    0.0312691    0.0285062
   0.0648131  -0.00880458   -0.0198342    -0.021693
  -0.0405684    0.0379366    0.0193204     0.194082
    0.208209     0.181637   -0.0535597   -0.0621655
   0.0201267   0.00772377    0.0340848    0.0616783
    0.110503   -0.0342208    0.0385958   -0.0749416
   0.0393188    0.0269697     0.038317     0.163126
   -0.104748     0.241403   -0.0934416    -0.107298
  -0.0293914   -0.0417135    0.0730202   -0.0294371
    0.211553     0.384456   -0.0499849    -0.110557
  -0.0196255    0.0627283    0.0186301    -0.157188
  -0.0832148    0.0112563   -0.0308586      0.16464
  -0.0627315    0.0258287    0.0144795   -0.0924245
   -0.356984    -0.121373   -0.0549189     0.704665
   -0.036833    0.0793847   -0.0641393     0.122508
  -0.0616328   -0.0542946   -0.0375102     0.222856
  -0.0102784   -0.0339794     0.043714     0.176715
  -0.0561344   -0.0187557   -0.0312109     0.083609
    0.167338     0.224741   -0.0731203     0.308641
   0.0824583   -0.0114078   -0.0520494    0.0748485
  -0.0777398    -0.057416   -0.0314189     0.262679
  -0.0478152   -0.0897536    0.0575412   -0.0297338
   0.0995538   -0.0143907  -0.00276211    0.0247964
  -0.0213759   -0.0532753   0.00728084     0.100468
   0.0275244     0.118652    0.0318949   -0.0979642
-0.000243363     0.100404   -0.0339807     0.060393
 -0.00957196  -0.00210471  -0.00906811    0.0113923
  -0.0816426    -0.127969    0.0158409      0.20605
    0.308673     0.118565    0.0666243   -0.0213548
   -0.169274     0.135947   -0.0163066    0.0265872
   0.0673914    0.0559294   -0.0298356     0.124591
  -0.0492233   -0.0136929    0.0180053      0.28066
   0.0100787     0.032777    0.0315053     0.150678
  -0.0534328     0.041343   -0.0592253     0.229223
  -0.0171837    0.0960418    0.0187001    0.0949086
    0.225171     0.308176     0.013499    -0.128497
  -0.0246907   -0.0513357    0.0309869    -0.188873
    0.094745     0.245212   -0.0461277     0.138407
  -0.0563921   -0.0590721      0.02481   -0.0349075
  -0.0412756    0.0901958     -0.13141    0.0332727
    0.205097     0.211526   -0.0481998     0.104809
   0.0644201   -0.0440777    0.0276682    -0.172653
   0.0719958    0.0909236    0.0117317    0.0298809
   0.0997012    0.0198172   -0.0483315    -0.204353
  -0.0671072    -0.025385    0.0430412    0.0129771
   0.0401708    0.0959342   -0.0760759    -0.150137
   0.0265096   -0.0039231   -0.0351264   -0.0528252
   0.0331868    0.0221209   -0.0522529     0.170277
   0.0292681     0.122118   0.00869651    -0.164208
  -0.0559027   -0.0199842    0.0203177     0.101785
   0.0573455     0.082073   -0.0167773    0.0261667
   0.0593604    0.0611305    0.0508024    -0.330395
   0.0206962     0.160471   -0.0956254   -0.0848503
    0.185028     0.197961    -0.072471   -0.0538402
   0.0895038    -0.109505     0.104521    -0.128098
   0.0126906     0.014073      0.05144   -0.0443819
     0.12645    0.0286364    0.0166448    -0.120374
 -0.00652507    -0.106629   -0.0017416   -0.0730116
    0.168237     0.240202   -0.0140671    0.0282682
    0.165355   -0.0533656    0.0346429    0.0206562
   -0.126082   -0.0455405   -0.0451105   -0.0410637
  -0.0129152   -0.0202791     0.080226   -0.0847067
   0.0249589    0.0659191   -0.0596783   -0.0837632
  -0.0746124  -0.00337686    0.0136083   -0.0420213
   0.0287875     0.181357   -0.0217459    0.0368491
    0.156513    0.0136067    0.0210677    0.0160412
   -0.115271    0.0381539   -0.0324555      0.11059
   0.0213976     0.148532    0.0293505    -0.111298
  -0.0448976    0.0791243   -0.0211238    -0.126141
    0.144692    0.0777685    0.0162113   -0.0451945
   0.0124956     0.140632   -0.0275708      0.13559
   0.0203995   -0.0462163   -0.0388329   -0.0565588
  -0.0292439   -0.0139656   -0.0411456     0.141691
  -0.0699669    -0.224931    0.0562728   -0.0580769
  -0.0294657   -0.0483386    0.0120539     0.151302
   0.0679226   -0.0939746     0.060563    -0.257655
   0.0757812    -0.133776    -0.071528     0.151203
   -0.136366    0.0674607   -0.0399305     0.157634
   0.0250171    0.0563372    0.0509961   -0.0915995
   0.0201833   -0.0440136    0.0256988   -0.0333106
   0.0487795    0.0217747    0.0464363   -0.0951938
    0.167796     0.134858   -0.0537219    -0.115539
  -0.0714279     0.128294   -0.0317622    -0.230888
    0.196394     0.102814   -0.0890087    -0.142036
    0.105411    0.0778191   -0.0643402    -0.114653
     0.19506   -0.0271827   0.00693942    0.0525549
  -0.0403514    0.0231096    0.0590758     0.116882
   -0.097719   -0.0925158    0.0284403   -0.0616889
   0.0262661     0.156778   -0.0157485   -0.0913792
   0.0825935    0.0496095    0.0142949    0.0726746
   0.0427101     0.173315   -0.0763573   -0.0283823
    -0.20086   -0.0743033   0.00964306   0.00660298
    0.313612     0.257908   -0.0553869    -0.284187
   0.0119467     0.138461   -0.0940884    0.0171991
  -0.0556637    0.0941202    -0.017969     0.277609
  -0.0782167  -0.00997671    0.0240631    -0.102993
   0.0279927  -0.00934167   -0.0740609   -0.0721532
   -0.192997    0.0453219   -0.0939836      0.03332
    0.105441    0.0100294  -0.00974139    -0.194451
    0.111861      0.17807   -0.0321304  -0.00823965
   -0.176329     0.124535   -0.0458829    0.0338826
   -0.149416   -0.0440802    0.0677661   -0.0837031
  -0.0935993   -0.0314944    0.0693744    0.0580975
    0.125725     0.165981   -0.0301787   0.00131657
   -0.091935   0.00735932    -0.034461     0.317768
    0.224899    0.0462358    0.0879491    -0.247462
   0.0444545     0.161598    -0.102502     0.130978