   -0.074609   -0.0202565   -0.0531653     0.182759
  -0.0941909    -0.106089    0.0763438    -0.156489
   -0.139209  -0.00913652  -0.00320785    0.0955169
  -0.0725512   -0.0827857    0.0453272   -0.0298396
   -0.110648    0.0857721   -0.0465515     0.010578
    0.167763    0.0220774    0.0382558   -0.0275012
   0.0823117   0.00657522    0.0327496    0.0447327
    0.121005    0.0385966    0.0175886       0.0587
    0.126565    0.0708312    0.0146765   -0.0206862
   -0.264507    -0.139282    0.0483494    0.0617803
  0.00391355    0.0883188   -0.0786502   -0.0721754
  -0.0536649    0.0760135    0.0546567   0.00168699
   -0.104083    -0.102659    0.0394478    0.0435556
    0.158656     0.221715    -0.031448     0.162467
 -0.00708812     0.170801    0.0246434     0.118562
   -0.156792   0.00367104   -0.0344476     0.215458
    0.147015     0.023459    0.0179338    -0.111546
   0.0532387    -0.103084    0.0593963    0.0433621
   -0.146268    -0.109048    0.0635963     0.035225
 -0.00595916    -0.167396      0.10968    -0.117503
    0.129992     0.121482    -0.106683  -0.00182039
   0.0577255     0.164247  -0.00943959    0.0421718
   0.0412079    0.0344878   -0.0475318     0.203496
   0.0293392   -0.0711104   -0.0265816    0.0194244
 -0.00224592     0.237379    -0.107131     0.139303
     0.14041    0.0410667   -0.0396882    -0.172427
   -0.269626    -0.079276    0.0759445   -0.0917971
   0.0395599     0.153714   0.00502515      0.24593
   -0.186571    0.0367509    0.0314894     0.244734
   -0.153276    -0.229456     0.156928    -0.309604
   0.0645456    0.0411495    0.0324861    0.0653079
  -0.0489182    0.0800138    -0.109419     0.110198
  -0.0470074    0.0603803   -0.0051913     0.075317
 -0.00784679    0.0228919   -0.0384394    0.0146186
    0.133693    0.0298533    0.0268386      0.43851
  -0.0728027   -0.0102691    0.0373028    0.0473312
   -0.123069    -0.123621     0.043559    -0.111681
    0.176366    0.0450533    0.0561469    -0.265074
   -0.160234   -0.0284388   0.00636352    0.0924667
  -0.0294757   -0.0172581   -0.0387201    -0.179252
    0.112348    0.0877063   -0.0409087    -0.204554
   0.0853487     0.140813     0.041117     -0.15522
   0.0744913     0.195435   -0.0952916     0.186069
   0.0115204    -0.127119    0.0532144   -0.0179506
   0.0842594     0.117201   -0.0137801   -0.0546612
  0.00282613   0.00290343    -0.053768   -0.0582378
  0.00822086     0.212907   -0.0967072    0.0564291
   -0.301753   -0.0690994     0.093713     0.115043
    -0.13106    0.0448262   -0.0243011    0.0952895
    0.151118     0.187262    0.0475537   -0.0513992
  0.00536294    -0.093526     0.102134   -0.0417055
   0.0219828   -0.0426374    0.0758503     0.157714
   0.0466928    0.0622878    0.0493671    0.0654348
   0.0458394  -0.00930895   -0.0153259     0.112688
   -0.032642   0.00492118    0.0437909     0.185088
    0.292606    0.0770807   -0.0222142    -0.381221
  0.00966469    -0.043523     0.001017   -0.0155475
   0.0830778   -0.0151954    0.0128951    0.0717174
   0.0937056     0.124032   -0.0770623    -0.133504
   -0.120022   -0.0704333  -0.00372904   -0.0205285
    0.260438     0.020769  -0.00963762    -0.112048
   0.0674686     0.101307    0.0197399     0.154236
  -0.0323532    0.0464427   -0.0290021     0.149606
   -0.181141    -0.107228    0.0757606   -0.0783883
  -0.0811721    0.0204137    0.0387802     0.143295
   0.0315179  0.000560821   -0.0356893    -0.344791
  -0.0212262    0.0315174   -0.0775753     0.156297
    0.112945    0.0561578    0.0303063    -0.200756
   0.0930375     0.186021   -0.0351713     0.347801
   0.0636624     0.154103   -0.0277033    0.0626982
  -0.0749006   -0.0198679    0.0652627    0.0479755
   0.0634163     0.114085    0.0250658    -0.144171
 -0.00248923    -0.149859    0.0231226   -0.0166721
  -0.0450718   -0.0396757    -0.109929     0.209085
   -0.148483    0.0777476   -0.0159249    0.0913022
   -0.123804    -0.152306     0.110137   -0.0300412
  -0.0578072    0.0202128   -0.0537066    -0.052466
    -0.12375    0.0258543    0.0404882    0.0341239
   -0.284253   -0.0575761    0.0455414   0.00472737
   0.0370874    0.0969067   0.00976676     0.101339
   0.0249112     0.116771    -0.022428    -0.053658
    0.100268    0.0410308    0.0697693    -0.101489
    0.140737      0.09602   -0.0453474     0.109381
   0.0446797     0.070361    0.0232208     0.128389
   -0.184027    -0.151692   -0.0324337    0.0984988
  -0.0560476   -0.0527684    0.0461817     0.200622
 -0.00579694   -0.0894266    0.0805076   -0.0546534
    0.488028     0.228827  -0.00933586     -0.12306
   0.0183056   -0.0264725  -0.00511222   -0.0668774
  -0.0849276     0.027244   -0.0781819     0.291208
   0.0313433     0.139106  -0.00651605     0.149885
  -0.0963105    -0.128221     0.032621   -0.0991828
   -0.104188    -0.100216    0.0593448    0.0608145
  -0.0031165    0.0735773   -0.0791935    0.0954897
  0.00161098   -0.0834525   0.00469811    0.0914674
  -0.0290326    -0.075072    0.0693052    0.0628365
  -0.0866319    0.0265985   -0.0655525     0.207521
    -0.26762    0.0870783   -0.0657708     0.397761
    0.164472    0.0801281   -0.0259303     0.238506
    0.128158   -0.0571645    0.0372404    -0.114081
  -0.0315402   -0.0129572   -0.0409613     0.169751
   -0.203631    -0.162756    0.0119341     0.130718
    0.252947     0.158364   0.00952471    0.0425483
  -0.0451786    0.0942415  -0.00753187  -0.00261538
   0.0482487    0.0376689   0.00985893    0.0197785
  -0.0111154    0.0143225    -0.022985    0.0347988
   0.0209229    0.0993639   0.00831773   -0.0132326
  -0.0519635     0.066808    0.0118874    0.0388948
  -0.0750845     0.127126   -0.0842319    0.0877033
   0.0593074     0.204506   -0.0214627     -0.10626
    0.102093     0.123005   -0.0871428   0.00437774
  -0.0692405    -0.147234   -0.0141889     0.318427
    0.136528     0.165529   -0.0537685    -0.158984
 -0.00122761    0.0210304   -0.0208329     0.100178
   -0.109874     0.140244   -0.0247554     0.171893
  -0.0572741   -0.0581817    0.0437354   -0.0185968
   -0.063193    0.0406389   -0.0230554    0.0536248
   0.0889708   -0.0855824    0.0473568    -0.267823
    0.134767     0.024765    0.0947706    0.0113754
  -0.0932272    0.0401623    0.0508467    0.0114357
    0.155758     0.211698   -0.0198724    -0.114898
  -0.0919561   -0.0220777    0.0469796   -0.0555894
  -0.0200089   -0.0421037   -0.0184383   -0.0267535
    0.171685  -0.00296525   -0.0118878    -0.160491
  -0.0242658   -0.0894225    0.0630334    -0.299609
    0.287482    0.0851297    0.0533406  -0.00952517
  -0.0913099    0.0399779   -0.0169444     0.256741
   0.0942936    0.0908131    0.0510416    -0.124198
    0.094548    0.0535764    0.0544073   -0.0463213
   0.0673516   -0.0587804    0.0778117     -0.12655
    0.106672    0.0221376    0.0125319    -0.131104
    0.190673     0.001532   -0.0241475    -0.206969
  -0.0187034   -0.0121335  -0.00090441      0.10331
   0.0286506    0.0528397   -0.0413433    0.0870039
  -0.0552015    0.0960497   -0.0903884      0.11306
  -0.0276176   -0.0810949    0.0955911    0.0136945
  -0.0710621    0.0296569   -0.0263923    0.0720892
  -0.0475334   -0.0903473    0.0108418    -0.132095
  -0.0687034    0.0684357   -0.0456482     0.362229
 -0.00119296    0.0540436   -0.0429289   -0.0284295
  -0.0514141    0.0988106   -0.0722651     0.124991
    0.128841    0.0355703    0.0631579    0.0517241
    0.156199    0.0241068   -0.0198975   -0.0828183
    0.111171    0.0275065    0.0363405    -0.018577
  -0.0855426    -0.137883      0.11248   -0.0137723
    0.125328   -0.0446743    0.0657176    -0.109718
    0.174255   -0.0339555   0.00480068   -0.0122349
  -0.0667373    -0.115498   0.00822096   0.00296338
      0.1042    0.0466735   -0.0474402  0.000436476
  -0.0460524     0.133326   -0.0619153     0.170027
    0.067674    -0.107171   -0.0132852    -0.172161
  0.00320429  -0.00926413    0.0681181    0.0152029
   -0.103578   -0.0974928    0.0965888    -0.275108
   0.0124203    -0.100513   0.00760366    -0.199287
   -0.156075    0.0143205   -0.0347984     0.229312
   -0.128817   -0.0648723  -0.00727511   -0.0693082
  -0.0683589    0.0160445    0.0370132    0.0613857
  -0.0435073    0.0245227   -0.0106681    0.0514022
  0.00924949    -0.136083    0.0993502    -0.224613
  -0.0227529    0.0769131    0.0804792   -0.0486955
   -0.127762    0.0577672    0.0234799    0.0216638
   -0.118734     -0.05437   -0.0926674    0.0967876
    -0.10899   -0.0920881     0.105675     0.357495
    0.121551   -0.0367174   -0.0232233    -0.145501
   -0.091102    -0.128283  0.000588242    -0.150831
  -0.0342864    0.0320436   -0.0291886     0.112406
  -0.0178191    0.0528565    -0.065329   -0.0610683
   -0.129042   -0.0399955    0.0292063   -0.0297526
   -0.130751   -0.0316861    0.0699001   -0.0172537
  -0.0533455    0.0045226   -0.0217892     0.164758
   0.0928613    0.0344735     0.047561     0.166681
   -0.137196    0.0271119     -0.13132     0.111605
  -0.0197265     0.181355   -0.0902586     0.170011
   -0.386142    0.0274003    0.0227051     0.169727
  -0.0580908    -0.115875    0.0561416   -0.0195546
   0.0572854    0.0944713   -0.0757835    0.0972125
   -0.118816    0.0355856   -0.0170063    0.0306906
   -0.125557   -0.0931819   0.00580752    -0.281265
  0.00901645     0.100715   -0.0264402     0.207865
   -0.202059    0.0528634  -0.00842628     0.304252
  -0.0552393   -0.0158974   -0.0322614    0.0517048
  0.00306755    0.0337726    0.0668511    0.0301236
   -0.240092    -0.124224   0.00277517     0.332429
   0.0133811   -0.0577881   -0.0387353    0.0831124
   0.0888078     0.159738   -0.0414983    0.0699769
    0.204112     0.138515  -0.00467273    -0.129559
   -0.260363   -0.0654283   -0.0200834     0.152462
 -0.00412918   -0.0127802   0.00909909    -0.103486
   0.0438515    0.0548063   -0.0301215   -0.0654486
   -0.150256    -0.164291  -0.00910291    0.0784324
  -0.0160051     0.116917 -0.000378052    0.0906321
   0.0232876   -0.0228376     0.105981   -0.0659043
  -0.0519209   -0.0232408     0.010311     0.121113
   0.0380647    -0.052311    0.0858672   -0.0551472
   -0.124379   -0.0269791   -0.0575316    0.0293354
  -0.0425141    0.0284391   -0.0112816      0.14215
   0.0812128    0.0398906     0.102481    -0.180604
   0.0334042  -0.00150855   -0.0326162   0.00692511
  -0.0799079   -0.0447306     0.069908    0.0537982
    -0.21697    0.0110217    0.0236402     0.128684
    0.051672    0.0637929    0.0577571    -0.139118
  -0.0132352   -0.0430964    0.0623796    -0.142977
   0.0837964    0.0617571    0.0398881    0.0345405
   0.0212698      0.14587   -0.0170735   -0.0041521
   -0.191028     0.116253    -0.095834     0.509653
  0.00721762    0.0896725   0.00934425     0.109981
    0.156618     0.117288     0.075441    0.0360097
   -0.103424     0.100478   -0.0873039     0.167121
   -0.249666   -0.0362654   -0.0217508     0.296632
     0.10585   -0.0198987    0.0225211    -0.149549
   0.0424989   -0.0257861    0.0874061    -0.162453
   0.0224203    0.0512475    0.0798654   0.00389988
   0.0298387    0.0213427   -0.0294689     0.127489
   0.0745958    -0.114362    0.0890911    -0.268175
    0.144679    0.0745082    0.0334902    0.0144454
    0.144056    0.0595166   0.00862655   -0.0551299
  -0.0237996  -0.00388436    0.0481237      0.11284
   0.0684547     0.146574    0.0129194    0.0652472
  -0.0234996    -0.103261   -0.0184644   -0.0239606
   -0.032464   -0.0718249   -0.0239672   -0.0445846
   -0.216683    0.0276989     0.036446     0.296788
    0.106236   -0.0149475    -0.017457    -0.162528
   -0.113823   -0.0126341   -0.0447373     0.228918
     0.14659   -0.0359189    0.0253441   -0.0742449
   -0.146666   -0.0493862   -0.0275752     0.270958
    0.194792     0.171625   -0.0696474   -0.0167862
  -0.0998196   -0.0931202    0.0293322   -0.0347205
   0.0361878     0.160029    -0.051442     -0.13353
  -0.0269641  -0.00538018   -0.0146948    -0.225002
  -0.0813446    0.0351086   -0.0492994    0.0336866
  -0.0811191    0.0889633   -0.0882937     0.183697
   -0.229948   -0.0654478    0.0704374     0.124707
 -0.00905644      0.09987   -0.0433309     0.426708
  0.00298149   -0.0601745    0.0853041     -0.12088
  -0.0965926    0.0235165   -0.0279044     0.149439
   0.0479132     0.220798  -0.00614585     0.201782
   -0.188909   -0.0374832   -0.0723254     0.222327
   0.0484591   -0.0634265    0.0389046    -0.104096
   -0.181804   -0.0315887   -0.0400233     0.182352
   0.0151435      0.05736     0.034978     0.229841
     0.12103     0.192055    -0.118619    -0.190936
   0.0382094   -0.0372705     0.071721   -0.0542525
   0.0318519    0.0152733    0.0402064   -0.0735085
    0.110521     0.225304   -0.0762779     0.151935
   -0.277055    -0.094111   -0.0882487      0.48801
 3.69737e-05    0.0441697    0.0419072    -0.148094
   0.0837238     0.120618    0.0166795     0.209081
   -0.022326   -0.0699169   -0.0119632    -0.313948
   0.0465556  -0.00856269   -0.0200874    0.0241796
   0.0840196    0.0369505   0.00818122     0.117335
     0.11144    0.0276162    0.0694004   -0.0173058
   0.0043885    0.0345899   -0.0446366   -0.0465682
   0.0782133     0.102137   -0.0360545   -0.0355746
  -0.0158069   -0.0662605    0.0621866     0.227223
    0.085293    0.0855761   0.00929825   -0.0172881
    0.211444     0.187303   0.00213148    -0.146706
  0.00803914     0.149019    0.0666292    0.0647107
    0.219941     0.165465    -0.059509    -0.161159
    0.207218     0.094606   -0.0463748     0.106171
   0.0144167   -0.0374994   -0.0506491    0.0715043
  -0.0812885   -0.0581132    0.0514714  -0.00200789
   0.0785131     0.233057    -0.155776     0.350744
    0.157488     0.189802   -0.0872005   -0.0428159
  -0.0418333     0.097542   -0.0554942    -0.142136
   -0.107566  -0.00267539    0.0631534    -0.159245
   0.0376704   0.00374677  -0.00749505     0.124086
  -0.0249872     0.106883    0.0426333    0.0322618
    0.144024     0.212257   -0.0787837  0.000977019
    0.111425    0.0173021   0.00187526    -0.149527
   0.0341278   -0.0058855    0.0953882    -0.224079
  -0.0282559    0.0356741   -0.0724895     0.153168
   -0.167509   -0.0385078   -0.0221175    0.0863027
 -0.00809914     0.186554    0.0130893    0.0630167
   0.0799419     0.158498  -0.00213108  0.000702699
   0.0746662     0.090521     0.053709    -0.197695
  0.00288717    -0.134316   0.00164651    -0.112295
   0.0747451    0.0511037    0.0348575    -0.296175
   0.0386189    0.0340226    0.0281616  -0.00584881
   -0.037419     0.349481    -0.123558     0.270138
   0.0492242  0.000435792    0.0356165    -0.102171
   -0.225383   -0.0684411  -0.00946451   -0.0423868
   -0.200427   0.00881052   -0.0579349    0.0873686
  -0.0164544    -0.031706    -0.054535    0.0601259
   -0.284166   -0.0209405   -0.0789277     0.310348
  -0.0151412    0.0239209    0.0517137   -0.0142891
 -0.00281744    0.0758267    0.0413129    -0.161867
   -0.110305    0.0362674   -0.0975228     -0.13013
   0.0678005   0.00554091    0.0469308   -0.0872955
   -0.106533   -0.0513009    0.0809681     0.218014
   0.0823894  -0.00728953   -0.0394231    -0.104672
    0.028025   -0.0134856    0.0920337    -0.156895
 -0.00906099   -0.0175267    0.0284532    -0.308106
   0.0140059     0.133165   -0.0219243    0.0653467
  0.00347269    0.0614178   -0.0402453   -0.0763226
  -0.0962539    0.0638977   -0.0144569     0.142064
   -0.109447   -0.0487562    0.0447106    -0.052031
  -0.0700447   -0.0861583    0.0751719    0.0539106
   -0.185556   -0.0683943  -0.00652894     0.267088
   -0.168359   -0.0372192    0.0386416   0.00106621
    0.169001   0.00711184    0.0122004    -0.196349
  -0.0783035    -0.114467    -0.010428    0.0622697
   0.0203124   -0.0129412    0.0325828     0.234753
   0.0686415   0.00878037    0.0373911    -0.137112
    0.187824    0.0597973    0.0239938     0.139205
   0.0589171  -0.00134813     0.098375    -0.226346
   -0.148572   -0.0151416   -0.0500968    0.0667967
   0.0861523     0.135215    0.0118131   -0.0881392
  -0.0705349    0.0347619   -0.0726384     0.148489
   0.0692326    0.0289367   -0.0637631     0.113975
   -0.256409    -0.107411  -0.00493827     0.168048
   -0.100575    0.0711603   -0.0753466     0.316892
   -0.145849    0.0895219   -0.0490523     -0.11673
  -0.0759468   -0.0172234   -0.0369275     0.055609
   0.0628332      0.16613    -0.113728     0.288813
   0.0910288   -0.0413612   -0.0294569   -0.0148814
    0.141144     0.200212   -0.0848325   -0.0689208
   0.0599871    -0.061758     0.113622    -0.132815
    0.124532     0.119409   -0.0324434    0.0485937
  -0.0261456   -0.0339742    0.0951134     0.142602
    0.025524   -0.0425235    0.0504529     0.049557
  0.00409751     0.118219  -0.00489944    0.0717491
  -0.0747964    -0.112421    0.0563225   -0.0847309
   0.0714866     0.132884   -0.0702161     0.218262
   0.0220689     0.163064   -0.0735833     0.645698
  -0.0690482   0.00421718    0.0851984  -0.00192491
   0.0201885    0.0177664    0.0264666      -0.1937
  -0.0609337    -0.121025   0.00931591    -0.247819
    0.209191     0.171667    0.0568691     0.036278
    0.149859    0.0245329   -0.0537617     -0.21327
    0.112537    0.0982812   -0.0117563   -0.0775329
   0.0430265   0.00112876    0.0660778     -0.15925
     -0.1328    0.0303608    0.0457203       0.1883
   0.0767192     0.216726    -0.087628    0.0857574
    0.163961   -0.0319365   0.00956982    0.0118566
  0.00773269   -0.0655111    0.0557473   -0.0395545
  -0.0269382     0.182975   -0.0999604    0.0638797
  -0.0548611   -0.0347939    0.0647529   -0.0280527
    0.051995  -0.00999404   -0.0264506    0.0587798
   0.0882109    0.0820903   -0.0578943    -0.134267
   0.0293545    0.0817124    -0.053039    0.0497631
  -0.0123058    0.0309416   -0.0092465    0.0257799
    -0.14194   -0.0770846   0.00157181       0.2319
   0.0660254    0.0396414    0.0200443     0.112121
   -0.248205     0.113139   -0.0614626     0.361705
   -0.170137    0.0863975     -0.05936     0.163603
    0.155322    0.0409088    0.0370318    0.0908619
   0.0809176    0.0999098 -0.000137371     0.141473
   -0.107155    -0.020765   -0.0226144     0.258601
   0.0180523   -0.0283723    0.0158738     0.100821
    0.206578   -0.0200419    0.0375314    0.0670174
   0.0279343    0.0978622    -0.100663     0.191684
    0.134353    0.0256145   -0.0299193   -0.0641045
    0.201022     0.312337    -0.127381     0.243389
    0.143211    0.0193348   0.00138587    0.0490272
    0.062957    0.0893711     -0.12053     0.100899
    0.136738    0.0184028     0.029129    0.0997012
  -0.0964757  -0.00938582    0.0796713     0.108515
   -0.134939    -0.128779    0.0260906   0.00547439
   -0.146644    0.0507429    -0.027487    0.0801624
   -0.006485    0.0204736   -0.0568629    0.0244633
  -0.0829919   0.00940353     0.053514    0.0923712
  -0.0610745   -0.0356088   -0.0372294     0.112756
   0.0289497    0.0299329    0.0195203    -0.113085
   -0.192206    -0.169256   0.00760174    -0.062215
    0.162939    0.0223003    0.0154471    -0.145184
   -0.117279     0.153344    -0.109502     0.223391
   0.0581705    0.0251426    -0.025825  -0.00667153
   0.0486137     0.329291   -0.0959393     0.127134
   -0.112419     -0.12997    0.0151317    0.0775164
   0.0516587   -0.0720498    0.0259029   -0.0786442
    0.070462  0.000594401    0.0250375    0.0571336
   0.0900119     0.160107    0.0253028    -0.047806
    -0.10181    -0.173772    0.0720935   -0.0762238
   0.0142018    0.0685343   -0.0298046   -0.0891222
    0.103925    0.0707187    0.0478846    -0.124505
     0.11313   0.00821202     0.010577    -0.218448
    0.224697     0.060372   -0.0199028     0.160959
   -0.083121    0.0193901   -0.0357338     0.100495
   0.0431447    0.0985594   -0.0204689     0.123404
     0.17115    0.0347729    0.0480564    -0.237677
   -0.022906    0.0421883     -0.10335     0.107579
    0.159695   -0.0304726    0.0616104   -0.0568891
    -0.13628   0.00113812    0.0303817   -0.0915217
  -0.0495391   -0.0577568  -0.00564903     0.169598
  -0.0203716    0.0580185   -0.0751714   -0.0466873
   0.0709298      0.11849    0.0539632     0.063205
  -0.0461957  -0.00535394     -0.03209   -0.0461541
   0.0513584    0.0373256   -0.0917984    -0.192949
    0.172395   -0.0409287   -0.0105278     0.106338
   0.0362541   -0.0357122     0.016512    0.0732346
   0.0598103    0.0434463    -0.034516   -0.0283389
 -0.00868679     0.145312   -0.0891037    0.0425667
 -0.00792176    -0.056535    0.0630416   -0.0775852
   -0.161781   -0.0584341    0.0176998     0.285835
   -0.256553   -0.0713606    0.0315842      0.10514
  -0.0268783    0.0792707   -0.0415661    0.0398749
   0.0396442   -0.0476307     0.084518   -0.0747593
   0.0816031   -0.0369432     0.097814    -0.141697
   0.0195775    0.0826539  -0.00928472     0.218852
   0.0587405    0.0826001   -0.0459033     0.167848
   0.0396627    -0.023663  -0.00255108    -0.123408
  -0.0205857    0.0187999   -0.0620041   0.00905732
   -0.159491   -0.0869256   -0.0535334    0.0507011
   0.0686148     0.032292   -0.0490851     0.224342
   0.0062772     0.111543   -0.0713938     0.199412
  -0.0482061    0.0357779    0.0185437    -0.198363
   0.0217007    0.0555621    0.0508225    -0.122573
    0.044322    0.0176187   -0.0553762    -0.100241
   -0.241415   -0.0184469   -0.0871374     0.175909
   -0.137363   -0.0799903    0.0278904    0.0561639
   0.0897127     0.036887    0.0266332    0.0296569
   0.0547559    0.0565747   -0.0570385  -0.00161174
  -0.0144913    0.0368774    -0.064237      0.13786
   0.0211402   -0.0597078    0.0421152    -0.122574
   -0.162642    -0.148389     0.120927     0.183151
   -0.175495    -0.124528   -0.0110373     0.113253
   0.0801716      0.16987   -0.0580343    -0.192575
  0.00764818     0.126351    0.0246533     0.166098
  -0.0276116   -0.0243479   -0.0529827     0.278549
   0.0269536   -0.0563382    0.0178647   -0.0115037
   -0.109925     0.136722    -0.129345     0.204546
  0.00233877   -0.0623425   -0.0205261    -0.121241
   -0.124008    0.0742989    0.0180896    0.0995071
   0.0337825     0.151098  -0.00690117   -0.0224403
   0.0987381     0.177871    0.0364169  -0.00230875
  -0.0286333    0.0791695    0.0398257    0.0518502
   -0.149989    -0.105076   -0.0157419    0.0265891
  -0.0927944    0.0761533    0.0410503   -0.0594312
  -0.0742424    0.0625367    0.0304332 -0.000942305
    0.247702    0.0567591    0.0530805    -0.146957
   0.0395685    0.0678128   0.00228919    0.0813794
    0.132695     0.173218   -0.0820406    0.0223167
    0.389347    0.0433933   0.00336363    -0.347211
   0.0123791   -0.0429848   -0.0325302   -0.0414268
   0.0205632   0.00160791   -0.0131384     -0.09595
   0.0294174     0.116376     0.029235    -0.127438
   0.0907265    0.0161913    0.0508334    -0.101425
   0.0552578  -0.00505672   -0.0759709    -0.018009
    0.206838   -0.0159727     0.100879    -0.104668
   0.0994532   -0.0283842    0.0347198   -0.0644857
    0.150061     0.185901    -0.069966     0.147822
  -0.0460841     0.124258   -0.0114149     0.110081
    0.009092    0.0357333    0.0836017   -0.0717809
  -0.0917245    -0.149416    0.0378137     0.036512
   0.0568057     0.113807   -0.0686316    -0.103142
  -0.0352542   0.00299107   -0.0136963   -0.0622335
       -0.04    0.0413525   0.00947328    0.0622707
    0.201857     0.105937   0.00941164   -0.0414782
   -0.151566    0.0348315   -0.0588334     0.366579
  -0.0639621   -0.0348085    0.0239745   -0.0583148
   -0.222751   -0.0353146    0.0501425    0.0977508
  -0.0849926    -0.125348     0.101104    -0.105728
   0.0437391   -0.0259943  -0.00234284    -0.212885
  0.00632259    0.0348628   -0.0148061   -0.0152047
   -0.115028     0.126892   -0.0555485     0.248978
    0.190319      0.17554   -0.0807979    0.0541171
    0.012547    0.0972567  -0.00403952    0.0470494
   -0.160365   -0.0684816    0.0365007     0.160038
   0.0844768      0.17803   0.00804585     0.125877
  0.00145238     0.152273   -0.0687093    0.0385698
    0.063484    0.0623433    0.0187271   -0.0823057
  -0.0649141   -0.0154642  -0.00253937     0.141591
    0.167116    0.0952384  -0.00807936    0.0416466
  0.00931641    -0.238274     0.175729    -0.136476
  -0.0957687   -0.0187739      0.10039   -0.0798321
    -0.12697    0.0521201   0.00822749    0.0492318
    0.117936    0.0163337    0.0220341  -0.00895299
   -0.188018   -0.0245088   0.00193572     0.121542
    0.102327    0.0330601    0.0533177   -0.0126321
    0.224342   -0.0362631    0.0218853    -0.225731
   0.0240024     0.032799   0.00270289   -0.0423329
    0.048232   -0.0259688   0.00090957  -0.00255629
   -0.189472    -0.199704     0.113917    -0.283142
   -0.170486   0.00773072   -0.0516678   -0.0704832
    0.192233   -0.0356901    0.0631283   -0.0570091
    0.106544   -0.0278753    0.0927381   -0.0683848
    0.192639     0.164919    0.0380774   -0.0104081
    0.127247    -0.060092    0.0397748      0.06293
      0.1451       0.1214   -0.0209936    -0.105744
    0.136562   -0.0601414   -0.0079877   -0.0395269
   0.0137636     0.149949   -0.0534474   -0.0012286
    0.122871    0.0555349   -0.0559094    -0.052331
   -0.170614    0.0446581     0.080626     0.250577
    0.031962   -0.0153594    0.0631065    0.0328632
   0.0787153   -0.0277751    0.0414314    -0.108304
    0.128922     0.073883   0.00428118   -0.0112406
  -0.0188921    -0.048173   -0.0614241     0.169949
    0.233184   -0.0267124   -0.0291079    0.0897586
  -0.0698057    -0.045298    0.0446311    -0.135696
   0.0267005    -0.038354    0.0627167    0.0813208
    0.103846     0.162736   -0.0566129     0.114418
   0.0177434   -0.0688043   -0.0437266    0.0367967
   0.0741864    -0.140467    0.0686688   -0.0148389
   -0.217531    -0.156016    0.0552825     0.132107
   -0.187042   -0.0290753   -0.0845531     0.338987
   -0.091791   -0.0150569  -0.00777204     0.230982
   0.0414925    0.0675781    0.0275873    0.0139129
  0.00797949    -0.121857    0.0543908    -0.532421
     0.16945     0.269996   0.00141451   0.00861314
   0.0682851   -0.0769471    0.0436015    -0.147145
-5.57175e-05   0.00182053    0.0355504      0.12533
  -0.0840968   -0.0974732     0.010506     -0.13022
    0.032062   -0.0565744    0.0787765    -0.272904
  -0.0233158    -0.108139    0.0762195    -0.206417
   -0.141701   -0.0661342    0.0045675     0.177492
   -0.121924    -0.111724    0.0798027    0.0718369
  -0.0365291   -0.0392002  -0.00612881    -0.138591
  -0.0928601    0.0195681   -0.0430982     0.155926
    0.123422    0.0880349   -0.0650244   -0.0452503
   -0.243897    0.0682314   0.00141634     0.184937
    0.171214     0.148924   -0.0504681    -0.161725
   -0.037273     0.136238   -0.0412804     0.198259