   0.0580646    0.0537674  -0.00324293    0.0837147
     0.23133     0.130054     0.020895      0.16657
   0.0953612      0.10383    0.0161546   0.00252173
    0.355167     0.116832     0.220989    0.0710328
  -0.0340314   -0.0600895    0.0615303    -0.116579
   -0.082155    0.0394474   -0.0202342   -0.0237081
  -0.0897094   -0.0670476    0.0274217    -0.141055
   0.0456311   -0.0586933     0.021508    -0.281338
  -0.0244552   -0.0348241    0.0672317    -0.166586
   -0.204157   -0.0362734    -0.220761     0.139592
  -0.0771563     0.019624  -0.00364034   -0.0388647
 -0.00410432   -0.0729333    0.0519916    -0.131165
  -0.0978895   -0.0594504    0.0290862  -0.00905385
    0.159411    0.0490818      0.12828   -0.0892595
   0.0657344   -0.0132701    0.0161948     0.194242
  -0.0102144    0.0746668   0.00355794   -0.0135228
    0.128112    0.0514152     0.092823   -0.0450628
  -0.0298741   -0.0175867   -0.0303561    -0.114908
   -0.107169   0.00197685  -0.00311848    -0.126035
   -0.117909   -0.0160892    -0.109428    -0.223951
   0.0708251    0.0414607   0.00549465   -0.0270002
    0.085314     0.106833   -0.0342205     0.247218
  -0.0584616   -0.0391351   -0.0356254  -0.00178416
   -0.081073   -0.0135872  -0.00179279     0.149059
    0.177097   -0.0452796     0.103048   -0.0950502
   -0.105249   0.00158293    0.0270358    -0.123627
    0.197769   -0.0358638      0.14555    0.0192879
  -0.0863899   -0.0723088    0.0114043   -0.0912226
   0.0464736    0.0856996    0.0149479   -0.0072895
   0.0721254   0.00299753    0.0289006    0.0754485
  -0.0489651    0.0157367    0.0014635    0.0143121
   0.0800109    0.0929258   0.00668858   -0.0342505
  0.00791926    0.0760918    0.0864516    0.0297198
  -0.0748593   0.00203682   0.00479089     0.136492
   0.0503331    0.0538195    -0.013313    0.0147689
    0.144523   -0.0147639    0.0823537    0.0724966
    0.109224    0.0487647      0.10202    -0.163492
   -0.085429    0.0749582   -0.0648537   -0.0222325
  -0.0449271    0.0282724   -0.0323389    -0.043456
  0.00411295   -0.0418856   0.00356081     0.071204
    0.120605    0.0627253     -0.13263     0.190591
   0.0154778   -0.0147735   -0.0652429     0.130885
     0.10042    0.0723855    -0.085428     0.086506
  -0.0447722   -0.0157254   -0.0751753     0.105772
   0.0517977   -0.0606849  -0.00682734    -0.110431
    0.194672   0.00624497     0.145162    0.0900746
   -0.125543     0.123862    -0.189484     0.282516
   -0.108431    0.0337329     0.026605   -0.0551712
  -0.0749833    0.0744612   -0.0441295   -0.0398469
   0.0736653    0.0712104   -0.0622489    0.0318289
    0.070837     0.100499    0.0205248     0.191659
   -0.144322    -0.116557    0.0311353    -0.214931
  -0.0261897     0.109906   -0.0677686    0.0322134
    0.109307    0.0209067   0.00460965     0.156532
    0.171753    0.0804268     0.109545     0.164982
  -0.0521857   -0.0682812   0.00664173    -0.140938
   -0.064969    0.0286894    0.0212494    -0.102804
    0.051003    0.0870648   -0.0179052    0.0505532
    0.146226    0.0409213    0.0166904    0.0686531
   0.0446365     0.038967   -0.0238732     0.271259
  -0.0929984   -0.0958618    0.0183076   -0.0464736
   -0.112776    0.0373511   -0.0207034    -0.159113
   0.0753755     0.017557    0.0628591    0.0926525
    -0.17658   -0.0468508   -0.0332851    -0.106504
  -0.0607653   -0.0895176   -0.0447275    -0.134597
    0.040878   -0.0086104   -0.0316564    0.0849196
   -0.123635   -0.0917936   -0.0499588   -0.0237548
   0.0346685    0.0119227     0.088519   -0.0197287
   -0.380529   -0.0784787    -0.186255    -0.369611
    0.055113    0.0620585    0.0643992   0.00715912
  -0.0925697    0.0606542    -0.124343    -0.121406
  -0.0666031   -0.0421705   -0.0786244    0.0340711
   0.0151788    0.0666686    -0.010287   -0.0910382
    0.103246   -0.0425138   0.00367156    0.0355347
  -0.0937863   0.00796365   -0.0685804   0.00672318
    0.130888     0.019797     0.154221    -0.159461
  -0.0559138    0.0278741    0.0678097    0.0447899
    0.102735   -0.0212368     0.108348   -0.0507716
    0.018685   -0.0139488    0.0126274   -0.0534196
  -0.0214819    0.0309225   -0.0624294     0.147635
     0.10312   -0.0666226     0.151253    0.0827683
   -0.130374   -0.0231402   -0.0381694   -0.0807434
   0.0928519     0.123063     0.083312    0.0921795
   0.0530308    0.0497898   -0.0241163   -0.0232739
  -0.0832024  -0.00835016    -0.151916   -0.0209905
 -0.00308678   0.00151729    0.0339938   -0.0727748
 -0.00475332   -0.0151554   0.00934983     0.130281
  -0.0667328   -0.0740702   0.00444702    -0.138961
   0.0609444     0.087369    0.0308903     0.162731
    0.025938    0.0585635  -0.00733999    0.0431684
   -0.104666   -0.0577451   -0.0407344    0.0344658
    0.149976    0.0367203    0.0946081     0.160541
   -0.039353   -0.0401697    0.0664204    -0.124348
    0.261871     0.112914    0.0576009     0.195733
    0.115246    0.0796703   -0.0827499     0.176096
  -0.0324801   -0.0102682     0.151372   -0.0608237
   0.0168765   -0.0438424    0.0560307     0.105663
   -0.149491    0.0112617   -0.0314508    -0.146754
   0.0520265   -0.0235346    0.0407025    0.0475135
    0.103426   -0.0304251     0.131358   -0.0703179
    0.146219    0.0379844    0.0137808     0.134683
    0.111264    0.0679358    0.0701761     0.242966
  -0.0561746   -0.0617022   -0.0204656   0.00896918
   0.0204143    0.0218093  -0.00893843      0.11499
    0.134589    0.0245264   -0.0424095     0.155315
   0.0775861    0.0788479    0.0231202     0.133086
   -0.098895   -0.0233434   -0.0281166  -0.00428816
    0.340267    0.0899578    0.0978506    0.0330384
    0.143941   -0.0236799   0.00518979     0.151957
  -0.0845646     0.036159   -0.0287774    -0.058333
    0.107168    0.0521896    0.0448031  -0.00887149
     0.11278    0.0251192  0.000169895    0.0826256
   0.0671845   0.00590828    0.0252691   -0.0489999
  -0.0808373   -0.0471886    -0.004322    -0.166356
  -0.0158463    0.0230946    0.0660281  -0.00646445
    -0.10458    0.0151595    0.0595867   -0.0819773
     0.20407   -0.0589874     0.113636     0.117694
   0.0715311    0.0706873  -0.00381745     0.137738
   0.0464155   -0.0632446    0.0683209    -0.195402
   -0.166571   -0.0303386   -0.0810778   -0.0561081
 0.000854672     0.196286    -0.139985     0.253989
  -0.0337393     0.049394    0.0153272    -0.166619
   0.0168244     0.115501    0.0449124    0.0223502
    -0.06033    0.0137621   0.00197348    0.0375395
   -0.151653   -0.0560778   0.00478058    0.0179533
  -0.0526568   -0.0373307    0.0741402    -0.141484
    -0.06233    0.0707614   -0.0139935   -0.0523833
  -0.0157576   -0.0315922  -0.00442587   -0.0324723
    0.110196   -0.0184711   0.00894596     0.100619
    0.126002    0.0572754    0.0498607    0.0717422
    0.162557 -2.67999e-05      0.20068    -0.126167
  -0.0529339   -0.0191319    0.0265528    -0.126524
    0.241178   -0.0456868    0.0704932     0.130125
   0.0804134    0.0724076     0.101073   0.00594918
   -0.169843   0.00929404   -0.0650539    -0.212977
  -0.0402692   -0.0336613   -0.0177853   -0.0765259
  -0.0215742    0.0258827   -0.0407603      0.03152
    0.151879   -0.0309781      0.13167   0.00385657
    0.101095    0.0326635    0.0148449     0.150278
  -0.0783934     0.058569   -0.0139501    0.0107947
    0.176757     0.132508    -0.045271    0.0278083
     0.04792    0.0522833    0.0577857    0.0103445
    0.021391   -0.0967399   -0.0348503   -0.0557772
  -0.0811385    -0.061843     -0.13451    -0.112147
  -0.0789218    0.0138056    -0.117234   0.00372517
   0.0881441   -0.0355055     0.123537    -0.129049
 0.000907747   0.00528202     0.107903      -0.0218
  -0.0236582    0.0431874    0.0678213  0.000361201
  -0.0268725    0.0336858   -0.0188344    0.0421519
    0.011085     0.118092    0.0269344    0.0308169
   -0.263279   -0.0189127    -0.203044   -0.0754688
    0.201804      0.10611   -0.0102448     0.244178
   0.0186326    0.0626712     0.100072   -0.0848629
    0.081819    0.0467797    0.0469606    0.0971951
   -0.139811     0.059954    -0.105058   -0.0324731
    0.111357  -0.00983947    0.0913195       0.1428
    0.156492    0.0904571    0.0803193     0.139636
   0.0228161    0.0528299    0.0435992 -0.000102193
   0.0524498    0.0520222    0.0815701    0.0178983
    0.165622   -0.0423555     0.157289     0.115308
   0.0136242   -0.0174911   -0.0115508    -0.215939
    0.102775  -0.00563599    0.0985775    0.0954073
  -0.0892549    0.0317556   -0.0465986     0.077374
   0.0264856     0.068088   -0.0357709    0.0797929
    -0.10215   -0.0288348   -0.0450368  -0.00781146
  -0.0937462   -0.0807843    0.0815119   -0.0636288
   0.0641511  -0.00261152   -0.0382015   -0.0112658
   -0.159165      0.13474   -0.0890809     0.163404
    0.172218    0.0295258    0.0512048    0.0361988
  -0.0436253  -0.00467174    0.0514948    -0.179436
   0.0480602    0.0660863  0.000993719    0.0494209
   0.0114567  -0.00958492    0.0154868     -0.09928
  -0.0863883    0.0442102    0.0515618     -0.18336
   -0.146531   -0.0207544   -0.0209314    -0.093534
   0.0258669   0.00115802  -0.00759445   0.00167077
    0.113448    0.0609546      0.11627   -0.0679376
  0.00782557    0.0327283    0.0470058   -0.0231827
    0.402716     0.139012     0.223125    0.0713321
   0.0883738    0.0173176    0.0374648     0.159066
    -0.20384    0.0452327    -0.061852    -0.115806
  0.00995208    0.0255307    0.0185719    -0.103448
  -0.0395199  -0.00514846   -0.0135872   -0.0761931
    0.137708     0.126789   -0.0223016     0.161329
   0.0316778   -0.0105287    -0.064664    0.0902978
    0.121575   0.00216672      0.16365    -0.115401
    0.277556    0.0951977    0.0643545   -0.0172141
   0.0519726    0.0683196    0.0325953    0.0563894
    0.102788    0.0120021    0.0433557   -0.0465744
   -0.162628   -0.0924392   -0.0884319  -0.00800113
   0.0898312   -0.0219674    0.0745594     0.157164
   0.0824117    0.0399758   -0.0230325    0.0375486
   0.0493632    0.0377561    0.0776911     0.132704
  -0.0109685     0.121146   -0.0318557    0.0362586
  -0.0032395   -0.0677359   -0.0310634    0.0719631
  -0.0367632  -0.00550292  -0.00955222   0.00977974
   0.0146738   0.00375217    -0.063411     0.096953
   0.0247878    0.0415809   -0.0079715   -0.0328648
   0.0675514    0.0915453   -0.0541689      0.04708
   -0.100424     0.106936    -0.158312   -0.0388515
  -0.0327767   -0.0880273    0.0470988    -0.042502
   -0.091911   -0.0346308   -0.0438218    0.0226606
   0.0208289    0.0567133    0.0363629     0.038196
   0.0928902   -0.0785674  -0.00416957    0.0476664
   0.0659573    0.0690956     0.114498    0.0307889
   -0.148517   -0.0493528   -0.0837123   -0.0333055
   0.0314965    0.0298611    0.0160763   -0.0158399
    0.111788     0.104051    0.0256921    0.0806776
  -0.0509436   -0.0615075    0.0439453    -0.223966
    0.172105    0.0228518    0.0110215   -0.0013282
  -0.0489771    0.0072148   -0.0545147    0.0548357
   -0.197812   -0.0337686    -0.052648    -0.205077
   0.0697148   0.00116905    0.0528279    0.0020747
  -0.0457733    0.0452119   -0.0537606    -0.101231
  0.00318915   -0.0657204   -0.0973646     0.245624
     0.25026    0.0291938     0.133141   -0.0615929
    0.102801    0.0348067  -0.00653422   -0.0480897
   -0.118003     0.109877    -0.141298    0.0788872
   0.0160714   -0.0458107   -0.0102206   -0.0785502
   0.0122918    0.0430953     -0.10112    0.0561825
   0.0453188   -0.0151455  -0.00373187      0.14109
   0.0420098   0.00120752    0.0079981    0.0171373
   -0.182862   0.00466247    -0.121143   -0.0766723
   0.0724202     0.126034  0.000593459    0.0513363
  -0.0473072   -0.0228091    0.0428362   -0.0116559
   0.0321622   -0.0138573     0.093993    0.0150912
     0.02143  -0.00114511   -0.0029603     0.118412
    0.013899  0.000638898   -0.0447359    0.0414945
    0.111464   -0.0142755    0.0316752   -0.0695582
    0.161497    0.0097562    0.0309495     0.164307
  -0.0906271   -0.0160559   -0.0714215   -0.0163111
   0.0709992    0.0308452    0.0310499    0.0729261
 -0.00317272    0.0251109    -0.016176    0.0570717
   0.0268225   0.00513143    0.0271441    0.0582323
  -0.0365894  -0.00716579    0.0355066    -0.135353
  0.00727856    0.0685919   -0.0816486   -0.0229365
   0.0144775     0.068481    -0.079658    -0.123557
 -0.00522537   -0.0738597   -0.0262191    -0.106053
   -0.117041   -0.0351505   -0.0500169    -0.133974
 -0.00735515 -0.000652758   -0.0452474    0.0114569
  -0.0773564  -0.00284493   -0.0639857  -0.00914799
   0.0124986     0.051196   -0.0116786    0.0763149
    0.182106    0.0506093    0.0390703    0.0573333
  -0.0263663    0.0993735   -0.0175966    0.0603559
   0.0206224     0.038877    0.0805805     0.022108
   -0.019705   -0.0371463   -0.0933602     0.107259
    0.011226   0.00812855   -0.0397485     0.130365
   -0.165907    0.0258461    -0.113031    0.0216526
   0.0317704   -0.0273138    0.0523993    0.0127045
  -0.0228887   -0.0132205    0.0591563    -0.113764
   0.0126267    -0.024761   -0.0508365   -0.0761339
   0.0541397   -0.0194168    0.0973084     0.134065
    0.310355     0.040751     0.120987     0.222235
   0.0961697    0.0248943     0.086028     0.061837
  0.00863479   -0.0796249    0.0996412    0.0521991
  0.00635934    0.0547453    0.0719688   -0.0359536
   -0.255905    -0.119073    -0.110718     -0.28607
   0.0426778    0.0472739    0.0224714   -0.0214186
     0.06917   -0.0345879     0.131303   -0.0520012
 -0.00224917    0.0161492  0.000614889    -0.268217
  -0.0246082    0.0573235  -0.00443886   -0.0558948
   -0.119602   -0.0220008   -0.0894647    -0.120892
  -0.0127217    0.0353246    -0.136839    -0.154394
   -0.173261   -0.0589304     -0.10677   -0.0153455
   -0.196415  -0.00313698   -0.0165872    -0.152409
  -0.0111141    0.0354886   0.00594671    0.0919584
    0.157503     0.142222    0.0154319     0.115833
   0.0479782     0.104742   -0.0524735    0.0776153
   0.0349654     0.102361   -0.0513352   -0.0689223
   0.0913633    -0.054955    0.0266821    0.0241324
   0.0346086   -0.0275771   -0.0366854   -0.0138244
  -0.0246517   -0.0481432    0.0326827   -0.0421638
 -0.00222355    0.0571105   -0.0240656   -0.0461967
   0.0801446   -0.0228016    0.0157715    0.0387537
  -0.0600864   -0.0271174   -0.0395219    0.0180331
  -0.0428561     0.060313    0.0388187    0.0486205
   0.0371295    0.0100245 -0.000148851   -0.0739109
   -0.119408    0.0155425   -0.0349529    -0.040881
 -0.00828742   0.00679186    0.0362881    0.0777727
   -0.187407    -0.066519   -0.0935925    -0.133514
   -0.049498   -0.0219382  -0.00161843    0.0552548
  -0.0807638  0.000250591    -0.104249   -0.0745439
   -0.301548   -0.0908044   -0.0585976    -0.186569
  -0.0121705    0.0887786      0.02099   -0.0260255
   0.0661516   -0.0488254    0.0254212   -0.0505658
    0.199072     0.075242     0.108961     0.142864
  -0.0579725  -0.00461135   -0.0403999    -0.133466
    0.299653    0.0124514     0.148921     0.263367
  -0.0874871   -0.0372046    -0.107781   -0.0441546
    0.175947     0.048528    0.0339137     0.147023
  0.00400537    0.0518052   -0.0356423    0.0750875
   0.0496738   0.00194275    0.0617926   -0.0324531
  -0.0546181   -0.0524556  0.000427049   0.00102327
    0.321498     0.163145     0.175652     0.298783
   -0.134267   -0.0259688   -0.0616567    0.0893353
     0.21932    0.0575719     0.068342     0.106921
   0.0123654    0.0695973    0.0170282    -0.113096
   -0.120109   -0.0340376   -0.0539914   -0.0287874
  -0.0913146   -0.0470563    0.0255553    -0.108209
  -0.0246736    0.0445349   -0.0399295    -0.154919
   0.0133462   -0.0366722    0.0390123   -0.0294247
  -0.0864444    0.0975685    -0.170379    0.0556455
  -0.0797753    0.0219871    -0.126388   -0.0854202
  -0.0182262    0.0242585   -0.0242869    0.0300243
 -0.00209974    0.0330571    0.0610101   0.00418357
  -0.0611398     0.012659   -0.0648134     0.051985
  0.00651507   0.00687188     0.033831    -0.282892
   0.0213037   0.00418625   -0.0481028   -0.0384641
    0.186296    0.0586179    0.0421137     0.117814
    0.043178    0.0038192   -0.0185576    -0.173172
    0.108274     -0.03514    0.0298166   -0.0293778
   0.0123645    0.0221678   -0.0309384     0.135469
  -0.0218974     0.028924   -0.0397015    0.0104255
   -0.046842    0.0370769   -0.0531544     0.176979
  -0.0866171    -0.101154    0.0181614    -0.285609
  -0.0964862    0.0146286   0.00653633   0.00142472
  0.00640969   -0.0347981   -0.0387291    0.0293382
   -0.018549    0.0642454   -0.0544504   -0.0196281
  -0.0390584   -0.0130802    0.0239277   0.00956856
    0.106358     0.079093   -0.0503019     0.179782
   -0.101468  -0.00531112    -0.021751   -0.0405924
   0.0655979     0.183619   -0.0045904     0.015109
   0.0148416   -0.0681779    0.0320459    -0.319393
   -0.012412     0.087805    -0.090904    0.0399221
 -0.00782267    0.0992581   -0.0826263   -0.0600336
  -0.0792666    0.0341222    0.0724717    0.0193582
  -0.0361856    0.0371766   -0.0137723    0.0982158
  -0.0189418    -0.090723    0.0656853   -0.0598971
  -0.0184318   0.00513178   -0.0848598   -0.0251759
   -0.056336   -0.0691186   0.00571878   -0.0913571
  -0.0969182   -0.0402007    -0.101691   0.00768542
  -0.0379573     -0.05214   -0.0800229   -0.0891006
    0.185789    -0.012966    0.0383642    0.0924756
   0.0487046    0.0481755   -0.0926396     0.149397
   -0.138878   -0.0307411    0.0227391    -0.192015
  -0.0773481     0.027662    0.0400561    -0.101958
  -0.0887126    0.0865312   -0.0374498   -0.0400721
    0.207976    0.0696042    0.0168441   -0.0530886
    0.117636     0.105634    0.0705804    0.0436487
   0.0298101    0.0911941   -0.0123716    -0.114653
    0.359293    0.0471686     0.127784     0.339287
   0.0788617   -0.0456226   -0.0457174   -0.0943188
   -0.202516   -0.0801147    -0.151911 -0.000824081
  -0.0721981  -0.00707746   -0.0299138    -0.134519
 -0.00906208   -0.0161661   -0.0272571    -0.102428
  -0.0315189   -0.0261434    0.0211841    0.0718247
   -0.016412   -0.0538653   0.00121595    -0.217767
  0.00934513    0.0341852    0.0236215    -0.121322
    0.245534   -0.0672945     0.241714   -0.0389291
  -0.0907748   0.00493008    0.0360296   -0.0955658
  -0.0171452   -0.0518114    0.0250733    0.0687586
   0.0116591    0.0273711   -0.0160332    0.0669759
    -0.10009   -0.0228603     0.040703   -0.0739266
   0.0982868     0.110085   0.00707507     -0.07476
  -0.0228132    0.0314933  -0.00742784   -0.0676953
   -0.110463   -0.0320814   -0.0677148   -0.0620881
   0.0223932    0.0657156    0.0158481     0.188804
  -0.0939462   -0.0215056   -0.0583177   -0.0491696
     0.14002    0.0794789    0.0485349     0.210381
   -0.148499   0.00545172    -0.170626    -0.117997
   -0.063387   -0.0126803   -0.0162948   -0.0799912
   0.0598483     0.068256    0.0360956    0.0819683
   0.0554467    0.0127404    0.0422179   -0.0435488
  -0.0327115   -0.0345759    0.0552701     0.121382
    0.141705    0.0303873     0.103459    0.0304307
  -0.0544271    -0.103108   -0.0429404  -0.00295385
 -0.00555154   -0.0272046      0.02894    -0.232541
  -0.0598923   -0.0383512   -0.0235893    -0.144028
  0.00892945   -0.0122947    0.0212487    -0.100198
    0.227699    0.0103071      0.06238     0.356248
 -0.00901253   -0.0123722   -0.0277544   -0.0992122
   0.0365432    0.0506686 -0.000919487    0.0448028
 -0.00503912   -0.0537201    0.0546948   -0.0339594
    0.054774    0.0153679    0.0636597    0.0153202
  -0.0061695    0.0161857    0.0344446     0.105391
  -0.0063026    0.0368232    -0.030892   -0.0465466
    0.100365     0.120775      0.01144    -0.134127
   0.0209301  -0.00179948   0.00464543   -0.0183433
   0.0277939   0.00640258   0.00871991    0.0110016
   0.0318377   -0.0613054   -0.0446173    0.0529878
    0.142408    0.0971085    -0.073792     0.461229
  -0.0438892    0.0583853   -0.0848792   -0.0884247
   0.0394231    0.0484459    0.0592883     -0.10246
    0.196531    0.0214252    0.0790394   -0.0268871
    0.225485   -0.0368557     0.127869     0.162761
    0.129682    0.0678563     0.089212      0.16083
 -0.00661692    0.0626467    -0.131673    0.0669789
  -0.0855369   -0.0322004   -0.0299638    -0.108162
   0.0533095    0.0279433    0.0297003    0.0170214
    0.179219    0.0771082    0.0709769   -0.0105824
  -0.0294313     0.063407   -0.0734418    0.0666967
   0.0369203    0.0534255    0.0581537   -0.0836047
   -0.112927   -0.0069778    0.0541548   -0.0947892
     0.16879    0.0407738     0.115018     0.128368
    0.139793    0.0318401   -0.0483245     0.162005
  -0.0685325   -0.0237569   -0.0382002  0.000388882
  0.00524547    0.0576115   -0.0197772    -0.038759
  -0.0723456  -0.00101585   0.00720819    0.0829662
  0.00319497    0.0869263   -0.0516185   -0.0241345
    0.281697    0.0857195     0.143065     0.193979
   0.0654361    0.0291464   -0.0515369     0.194059
    0.034828    -0.029753   -0.0345582   -0.0342782
  -0.0436097  -0.00326169   0.00905983    0.0115405
  -0.0211625   -0.0163332    0.0764536   0.00972496
    0.032232    0.0218653    0.0730166   -0.0916999
  -0.0859074  -0.00690405    0.0737046     -0.16609
   0.0217624   -0.0430163    0.0550014    -0.111441
  -0.0998148    0.0724463    -0.119686    0.0427301
    0.241993    0.0765744      0.15178   -0.0877001
   -0.172039    0.0176511   -0.0927259    -0.182783
   0.0646991      0.10629   -0.0434529     0.196849
   0.0896918  -0.00124736   -0.0964225  0.000794137
    0.126788   -0.0179574     0.148611    0.0775684
    0.112412    0.0276978    0.0436442   -0.0933616
   0.0293041    0.0676478  -0.00192374   -0.0582938
   0.0993971    0.0155233   -0.0660779     0.313902
    0.129817     0.029682   0.00302184     0.175918
    0.108649    0.0281522   -0.0485793     0.160037
  -0.0148829    0.0319043    -0.100329    0.0421708
 -0.00165379    0.0741228    0.0343826    0.0424087
   -0.122171   -0.0694884   -0.0383685    0.0712863
  -0.0546302  -0.00357577    0.0200865     -0.21446
   -0.149973    -0.061654     0.041174    -0.066431
  -0.0827748   -0.0392818    0.0236361    -0.102008
    0.439943     0.048544     0.200195     0.199159
  -0.0537917     0.114355  -0.00266602     0.241896
  -0.0127471    0.0571099   -0.0376395    0.0284511
  -0.0450827    0.0363951   -0.0115798    -0.182847
  -0.0861671  -0.00796921   -0.0155352     0.040141
    0.203446      0.13675   -0.0284623     0.219084
  -0.0944787    -0.025387    0.0139247   -0.0577878
   0.0559021   -0.0184186    0.0487467     0.179208
   0.0958121    0.0194991    0.0404213     0.152122
    0.268694    0.0602347     0.122921    0.0860111
   -0.155386    0.0317615    -0.101865   -0.0575642
   -0.205157    0.0171256   -0.0355932    -0.121679
  -0.0843221   -0.0180209    -0.016681   0.00672417
     0.13587   -0.0563326  -0.00429443   -0.0132953
    0.114927    0.0416822     0.115285    0.0522945
   0.0883581     0.075361   -0.0180136  -0.00193001
    -0.05582    0.0684787   -0.0284782   -0.0361092
   0.0710237    0.0182027   -0.0409506    0.0274836
    0.138983    0.0951912   -0.0354911     0.120973
  -0.0159349   -0.0187543  -0.00673431   -0.0566561
    0.129185     0.153267    0.0343593     0.299363
    -0.17249    0.0287985    -0.103918   -0.0644049
  -0.0939866   -0.0257427   -0.0565894    -0.030882
  -0.0351638    -0.113265   -0.0104815   -0.0726899
    0.201446    0.0395241       0.1784   -0.0833668
   -0.145034   -0.0549256    0.0126793    -0.201369
 -0.00620338     0.081365  -0.00662108   -0.0890851
   -0.119663    0.0395267   -0.0230713    0.0156454
    0.261649     0.166876    0.0259123     0.246296
      -0.111   -0.0478573   -0.0679035   -0.0414265
   0.0207979    0.0592908   -0.0666105    0.0783884
  -0.0258298   -0.0473649   -0.0783542    -0.016643
  -0.0664743   -0.0591844   -0.0475575    0.0309303
   -0.180658  -0.00968426   -0.0411027    -0.136724
 -0.00441484   -0.0579274     -0.04434   -0.0515513
    0.144612    0.0721228    0.0959846    0.0565282
   -0.118018   -0.0260868    0.0722144   -0.0547277
   -0.158602    -0.050833   -0.0403492    -0.154112
  -0.0192642   0.00796029    0.0166188    -0.052404
  -0.0748098    0.0655876   -0.0503408   -0.0274583
   0.0449805    0.0662395   -0.0164095     0.084922
  -0.0708883   -0.0202501    0.0194784  -0.00223958
    -0.10274   -0.0040174   -0.0470794    0.0178063
  -0.0206671    0.0304663   -0.0547649     -0.13383
   0.0389091    0.0062207   -0.0320599  0.000266825
   0.0299022   -0.0467522     0.058964    -0.153124
  -0.0184309   -0.0709704    -0.030314   -0.0671194
   0.0942275   0.00985086    0.0329551     0.102452
    0.122446    0.0355939    0.0373098    0.0259495
   0.0232519    0.0118452   -0.0232428    0.0982416
  -0.0308625    0.0216496   -0.0536666   0.00929703
   -0.054888  -0.00905988    0.0102213    -0.071846
   0.0718645    0.0429057    0.0907355   -0.0326103
   -0.220149   -0.0303284   -0.0750202  -0.00305238
  -0.0241456   -0.0378277   0.00600651   -0.0723464
   0.0263496    0.0833461   -0.0164127    0.0265927
  -0.0433798   -0.0274753    0.0181246   -0.0715133
    0.107674   -0.0895147    0.0576063    0.0025672
    0.158342    0.0889864    0.0581031     0.114852
    0.114768   -0.0345708    0.0519708    0.0800758
   0.0167051   -0.0573201    0.0470034   0.00211881
   -0.121799   -0.0658979   -0.0278294    -0.236652
    0.190273   -0.0188153     0.194443   -0.0848425
    0.154356    0.0199656    0.0973726    0.0738067
  -0.0818897    0.0791608   -0.0507342 -9.86369e-05
  -0.0441076   -0.0480287   -0.0169424    -0.143859
  -0.0772565   -0.0414591   -0.0260761   -0.0120331
   0.0313144   -0.0297071    0.0249323   -0.0323165
    0.111004      0.09221   -0.0127777     0.263874
  -0.0396183    0.0470859    0.0684136    -0.061363
    0.175142    0.0857896    0.0256591     0.145255
   0.0197037     0.118375    0.0231119     0.307495
  -0.0203817   -0.0335823    0.0855604    -0.065903
    0.104277    0.0287069     0.102762   -0.0229251
    0.156979    0.0150543     0.080891    -0.019023
  -0.0130095    0.0416547    -0.136485    0.0203412
    0.206977   -0.0224297    0.0761956     0.107396
    0.256201    0.0336241     0.132944    0.0724699
   0.0993207     0.112402   -0.0186166    0.0551749
  -0.0810772     0.111401     -0.14588      0.13496
    0.157436     0.078812    0.0816618   -0.0477919
    0.183762    0.0935008   0.00318654      0.14759
    0.127094     0.029653   0.00493034     0.221274
    0.102705    0.0441054    0.0178694      0.20587
   0.0961687    0.0296328   0.00210828  -0.00392737
   0.0470899   0.00504381    0.0654521    -0.103681
   0.0387265     0.158882   -0.0142858    0.0757029
   -0.152336   -0.0709535    -0.163804     0.113735
  0.00553676     0.027372    0.0829848   -0.0789518