   0.0714783
    -0.19851
  -0.0509893
  -0.0807609
   -0.035113
  -0.0155592
 -0.00194495
 -0.00743406
   -0.023188
   0.0735985
  0.00295626
  -0.0911525
  -0.0064061
   0.0539785
    0.131621
  -0.0591586
 -0.00764002
  -0.0292486
  -0.0169381
    0.038097
  -0.0606241
   -0.125891
   0.0910245
   0.0926986
  -0.0481072
   -0.159534
   -0.138658
    0.130449
  -0.0576766
   0.0830838
  -0.0416477
 -0.00762144
   0.0335987
   0.0375781
   -0.102718
   0.0686674
  -0.0261952
   -0.056719
   -0.128089
  -0.0142762
   -0.168642
   -0.145265
  -0.0347453
    0.049163
  -0.0727342
  -0.0648563
   0.0551832
    0.128016
  -0.0261179
   -0.015591
   0.0836331
  -0.0806543
  -0.0992078
   -0.081546
  -0.0408054
   0.0440377
  -0.0434863
  -0.0459116
  -0.0354832
   0.0448284
  -0.0620733
    0.035677
  -0.0392734
   0.0631754
   0.0627935
   0.0292005
   0.0974484
 -0.00846517
   0.0549097
  -0.0622215
  -0.0491603
   0.0670564
  -0.0559518
   0.0948782
  -0.0551373
   0.0704317
  -0.0493255
  -0.0434958
   0.0011318
  -0.0205944
   0.0976259
   0.0398658
   -0.107947
   0.0072251
  -0.0338828
  -0.0539495
   -0.166611
   0.0885909
  -0.0857186
  -0.0982809
   0.0802801
   0.0528606
   0.0532381
   -0.159481
   -0.114316
    0.157303
    0.145066
    0.157512
  -0.0670267
   0.0830933
  -0.0775019
   0.0201207
   -0.177665
  -0.0982666
   0.0172225
  -0.0930649
  0.00357908
  -0.0898581
   -0.057647
   0.0149838
   -0.160232
   -0.206657
   -0.125754
    0.131593
  -0.0858202
    0.160758
   0.0522199
    0.010357
   0.0886531
  0.00720586
   -0.282765
  0.00838192
  -0.0344451
  -0.0120655
    0.104996
    0.041469
   -0.105807
  -0.0810134
   0.0596164
  -0.0595086
   0.0169306
   0.0406325
   0.0189075
 -0.00776779
   0.0587639
   0.0923459
   0.0489547
  -0.0559915
     -0.0739
  -0.0623382
   -0.247237
  -0.0210681
  0.00859964
  -0.0836083
  0.00503645
    0.125877
    0.108401
  -0.0143137
   0.0228879
   -0.146178
  -0.0600912
  -0.0221456
  -0.0001015
  -0.0210341
  -0.0627845
  -0.0107455
   0.0387375
  -0.0243531
  -0.0292874
  -0.0703216
   0.0320604
   -0.133384
 -0.00359703
    0.029715
   0.0258217
  0.00073443
  -0.0234791
   0.0426144
  -0.0162506
  -0.0456048
   -0.221619
   -0.110942
   -0.048709
    0.135516
   -0.164022
  -0.0370197
  -0.0721964
  -0.0933673
  0.00534411
  -0.0401007
   0.0698165
   0.0430795
     0.09534
   0.0121395
   0.0358037
   -0.297972
   0.0193136
    0.137155
    0.279213
    0.105619
   0.0779652
   0.0634157
  -0.0587446
  -0.0151207
  0.00878226
  -0.0922983
   0.0343633
   -0.158452
  -0.0852586
 -0.00977994
  0.00995071
  -0.0103737
  -0.0210622
   0.0133313
   0.0446228
   -0.103559
   -0.100233
   -0.107844
   -0.106825
   0.0671097
 -0.00708214
  -0.0415909
  0.00126404
    0.173741
  -0.0853468
   -0.069971
   0.0139277
  0.00401907
   -0.145997
  -0.0866059
  -0.0469117
   0.0338499
  -0.0882756
   0.0447296
  -0.0148884
  0.00764585
   0.0366312
   0.0596441
   -0.026157
    0.107636
  -0.0674656
   0.0145343
  -0.0187598
 -0.00671483
    -0.36284
   -0.329044
   0.0143086
  -0.0253913
   0.0818404
   0.0818487
    0.127857
    -0.01711
  -0.0277312
 -0.00908909
   -0.068028
   0.0421783
    0.092761
  -0.0268265
    0.134813
   0.0705862
    0.166737
   -0.225438
  0.00195916
   0.0928673
   0.0324482
     0.10579
   -0.067106
   0.0154936
   -0.113519
  -0.0111184
    0.058465
   -0.333437
    0.153143
  -0.0134221
   0.0368463
    -0.01041
  -0.0416341
   -0.260625
  -0.0544013
   -0.030088
 -0.00777983
 -0.00842757
  -0.0929245
   -0.152205
  0.00874961
  -0.0295453
  -0.0926876
  -0.0477442
  -0.0760496
  0.00842752
  -0.0920536
   0.0783441
   0.0374265
   -0.143065
  -0.0298999
    0.123582
   0.0474029
  -0.0133414
  -0.0180322
   0.0691288
   -0.072651
  -0.0449235
   0.0549531
   0.0903855
   -0.103934
   0.0127736
  -0.0579675
   0.0552688
   -0.180619
    0.065688
  -0.0200235
   0.0473012
  -0.0747322
    0.076278
   0.0363154
   -0.119914
     0.14151
  -0.0105676
  -0.0743482
    0.112067
   0.0686233
    0.159957
   0.0631644
 -0.00878126
   0.0871731
  -0.0821739
  -0.0310053
   -0.193978
 -0.00212458
   0.0697027
    -0.24447
  -0.0645776
   -0.158619
  -0.0270768
   0.0215264
  -0.0954612
    0.196591
  -0.0998031
    0.170485
  -0.0873573
   0.0500119
  -0.0327971
   0.0123065
    0.025195
   0.0275295
  -0.0182323
   -0.229884
    0.017498
  -0.0349221
    0.121511
  -0.0811318
    0.096271
   0.0430321
   -0.141776
  -0.0140473
  -0.0601773
   -0.211014
    0.132786
   0.0495907
  -0.0348995
   0.0455989
  -0.0221474
   -0.490671
  -0.0297781
  -0.0724303
  -0.0513599
   0.0906658
   0.0405868
    0.078631
   0.0261601
  -0.0392918
   0.0485647
    0.182491
-0.000669126
   0.0808078
   -0.116665
   0.0751758
   0.0164941
  -0.0474116
  -0.0109675
   -0.164274
   0.0383373
  -0.0977579
    0.177327
   0.0587711
     -0.1967
   -0.120052
  -0.0115056
  -0.0765443
    0.049518
   -0.122825
  -0.0965274
  -0.0268223
    0.144252
    0.126314
   0.0874847
  0.00978356
   0.0843981
   -0.057558
  -0.0322117
   0.0581186
   0.0367612
  -0.0948582
  -0.0812102
  -0.0524231
  -0.0704327
  -0.0227752
   -0.055166
  -0.0904998
  0.00940496
   0.0526481
 -0.00106225
  -0.0543986
  -0.0335901
   0.0879598
  -0.0884515
  0.00560779
  -0.0568928
  -0.0571816
    -0.08395
   -0.221321
    0.171853
   -0.101695
   0.0176388
    0.188833
  -0.0501554
  -0.0578796
   0.0375568
  -0.0121443
   0.0401578
  -0.0211283
    0.159114
  -0.0701933
   -0.133528
   0.0450067
    0.115467
   -0.104932
   0.0129843
   -0.175106
   0.0241176
   -0.138182
  -0.0923429
  -0.0152737
  -0.0588655
   0.0558884
  -0.0452004
  -0.0598026
  -0.0769799
  -0.0785518
  -0.0292463
   -0.145311
   -0.119616
   0.0910835
   0.0226564
  -0.0203505
   0.0401879
    0.101191
   0.0406252
  -0.0281615
  0.00574253
  -0.0477121
   0.0728377
   0.0597411
   0.0127096
  -0.0888652
  0.00335145
   -0.124064
     -0.0229
   -0.187508
   0.0705877
   0.0126313
 -0.00324839
   0.0590782
   0.0165897
   0.0390617
     0.09891
   0.0321385
   -0.132281
  -0.0373391
  0.00986331
  -0.0225061
   -0.122322
    0.139781
  -0.0419582
   -0.016345
   0.0520073
  -0.0688445
   0.0311923
   -0.142861
  -0.0125155
   0.0941021
   -0.302444
   0.0043698
   0.0812198
  -0.0607578
   -0.107539
    0.075835
   -0.164332
   0.0677724
  -0.0990642
   0.0651932
  -0.0889017
    0.133492
   0.0287214
 -0.00269118
  -0.0128459
  -0.0286288
   0.0511791
   -0.166108
  0.00750061
  -0.0561524
  -0.0428061
  -0.0111658
   0.0323878
   -0.105031
  -0.0591717
    0.120756
    0.126628
 -0.00242612
   -0.131905
    0.193016
  0.00649516