   0.0100523
  -0.0178842
   0.0693368
  -0.0914574
   0.0837307
   0.0720986
  -0.0813243
   0.0281524
  -0.0658024
  -0.0646128
  -0.0311435
  -0.0586137
 -0.00547092
  -0.0650498
  -0.0219948
   -0.109154
 -0.00429171
  -0.0913803
  -0.0688374
   0.0600651
   0.0353362
  -0.0202196
  -0.0230212
  -0.0181097
  -0.0270488
  -0.0480476
  -0.0464681
  -0.0439895
   0.0193257
  -0.0761567
   0.0154205
 -0.00181724
 -0.00285223
 -0.00175139
  -0.0208904
  -0.0383439
  0.00823807
   0.0129754
 -0.00877333
 -0.00444683
  -0.0393397
   0.0473478
  -0.0390658
 -0.00224996
  -0.0619039
  -0.0175491
  -0.0240905
  -0.0441932
  0.00661331
  -0.0740775
 -0.00204513
 -0.00343047
  -0.0225097
  -0.0623747
  -0.0417793
  -0.0280197
 -0.00862326
  0.00745986
   0.0443125
   -0.122571
   0.0402707
  0.00816441
  -0.0254638
  -0.0615633
  -0.0153798
    -0.03422
   0.0240368
   0.0257046
   0.0628614
  -0.0863703
  -0.0671765
   0.0762506
   0.0231925
  -0.0185345
  -0.0275356
  -0.0585509
   0.0366507
   0.0552564
   0.0447611
  -0.0137909
  -0.0869169
  -0.0521995
   0.0664631
  -0.0131681
  -0.0427833
   -0.060188
  -0.0715708
  0.00772876
-0.000327663
   0.0566655
  -0.0510327
  0.00867407
 -0.00293647
   0.0446657
   0.0856032
  -0.0254641
  -0.0829021
   0.0489376
  -0.0438679
   0.0763301
   0.0258299
 -0.00535545
   0.0586082
   0.0384961
  -0.0668287
  -0.0499441
   0.0185893
   0.0505893
  -0.0640706
  -0.0331839
   0.0326425
 0.000186377
 -0.00765447
  -0.0195951
   0.0678044
  -0.0444908
  -0.0111513
   0.0403414
  -0.0284328
  -0.0409996
  -0.0136229
  -0.0729242
   0.0530238
  -0.0146117
   0.0278506
   0.0158358
  -0.0224741
   0.0678113
  -0.0360389
  -0.0772262
  -0.0460588
  -0.0681173
   0.0450398
   0.0610824
   0.0432785
   0.0475091
   -0.130297
  -0.0117227
   0.0704359
  -0.0611264
  -0.0615173
  -0.0466252
  -0.0275529
   0.0553344
  -0.0660648
  -0.0037355
  -0.0236728
  -0.0454033
 -0.00688815
   -0.048573
  -0.0593761
  -0.0286369
 -0.00211024
  -0.0767757
  0.00778923
  -0.0499802
   0.0350661
  0.00549413
   -0.121454
  -0.0720942
   -0.105909
  -0.0332608
  -0.0115443
   0.0340515
   0.0601236
   -0.129747
   0.0528245
  -0.0970653
   0.0612509
    0.034997
  -0.0480613
  -0.0128621
   0.0679179
     -0.0322
   0.0532131
   0.0332353
  -0.0235087
  -0.0371257
  -0.0725583
  -0.0259556
  0.00878488
  -0.0310175
  -0.0943696
  -0.0750676
   0.0240017
  -0.0414418
  -0.0354964
  0.00596724
   0.0678303
   0.0147941
  0.00873014
  -0.0145988
   0.0169607
  -0.0885177
  -0.0108793
   0.0265776
  -0.0149878
 -0.00903469
   0.0511115
   -0.085426
  -0.0346153
  -0.0345864
  0.00609702
  -0.0730998
  -0.0280112
    0.013353
  -0.0302122
  -0.0517926
  0.00867534
  0.00667938
  -0.0387426
  -0.0150788
  -0.0234268
  -0.0608029
  -0.0508957
 -0.00874313
  -0.0228996
   0.0196093
  0.00533167
   -0.047368
   -0.028843
   -0.036529
  -0.0588158
  -0.0680575
   0.0364737
   0.0371406
  -0.0440791
  -0.0565466
  -0.0355233
  -0.0927202
   -0.014639
  -0.0022116
   0.0300425
  -0.0947727
   0.0177835
  -0.0381456
  -0.0018828
    0.051678
  -0.0645303
  -0.0272118
  -0.0630703
  -0.0868647
  -0.0499623
   0.0612696
  -0.0149629
   0.0327239
  -0.0790468
   0.0290897
 -0.00202612
   -0.098143
  -0.0324968
   0.0222084
   0.0231274
  -0.0509234
  -0.0657313
   0.0254102
-0.000474088
  -0.0141774
   -0.108161
  -0.0365975
-0.000477504
    0.152261
  -0.0238049
  -0.0214085
 -0.00103906
   -0.069076
   0.0294055
   0.0395068
   0.0545815
   0.0301364
   0.0357358
  -0.0380518
   0.0826215
   0.0017674
  -0.0159407
  -0.0550346
  0.00932407
  0.00756325
   0.0171839
  -0.0772916
   0.0117468
 4.62456e-05
   0.0500547
   0.0392466
   0.0146151
  -0.0815915
  -0.0669145
  -0.0129348
  -0.0393592
  -0.0525151
   0.0868251
  -0.0298196
   -0.108522
   -0.060815
    0.064769
   0.0386274
  -0.0209161
  -0.0432405
  -0.0324994
  -0.0362514
   -0.069936
  -0.0476862
  -0.0124239
  -0.0490084
  -0.0474959
  -0.0637154
  -0.0129131
  -0.0441039
   0.0145671
   0.0057493
    0.025138
  -0.0304704
  -0.0399729
   -0.041897
    0.021945
  -0.0415623
  0.00694325
   0.0488361
   0.0471801
  -0.0563852
   0.0724785
  -0.0560586
   0.0059143
    0.142808
  -0.0315661
 -0.00725078
   0.0103989
   0.0657989
  -0.0801299
 -0.00873707
  -0.0976154
   0.0168933
  0.00728937
 -0.00100633
  -0.0317515
   0.0021748
   0.0527637
  -0.0835713
   0.0244152
  -0.0517586
   -0.081921
 -0.00515381
   0.0226119
   0.0206525
   -0.085231
  -0.0465807
   0.0438215
   -0.012491
   0.0529396
   0.0331734
  -0.0415636
   0.0703241
   0.0621681
  0.00556753
   0.0856342
   0.0360184
  -0.0286686
  -0.0384745
  -0.0301969
   0.0222268
  -0.0185002
    0.036395
   -0.124332
   0.0123008
  -0.0447639
  0.00816918
    0.081808
  -0.0583181
  -0.0199509
   0.0115972
   0.0305147
    0.104781
  -0.0348098
   -0.143889
  -0.0310598
-0.000287028
  -0.0404664
  -0.0351735
   0.0137493
  -0.0590052
  -0.0328779
  0.00717565
  -0.0116644
   0.0517223
 -0.00499507
  -0.0135756
   0.0752411
  0.00569818
  -0.0355546
 -0.00282048
  -0.0762555
  -0.0025659
  -0.0752157
  -0.0158634
  -0.0294642
  -0.0209284
  -0.0831782
   0.0317292
   0.0152428
  -0.0608597
   0.0101632
  0.00113551
   0.0503168
  -0.0449181
   0.0422843
  -0.0546305
   0.0206787
  -0.0674718
   0.0274986
  -0.0110859
    0.012929
  -0.0565494
   0.0119997
  -0.0788209
  0.00401237
  -0.0775615
  -0.0389636
 -0.00508162
   0.0330384
  -0.0385432
  -0.0637319
  0.00191889
   -0.132412
  -0.0745173
   -0.070747
   -0.123572
  -0.0464974
   -0.105748
   -0.035716
   0.0183249
  -0.0331234
  0.00561968
-0.000703042
   -0.110504
   0.0122931
 -0.00774713
  0.00604866
   0.0244537
  0.00349912
  0.00703565
   0.0533319
 -0.00793284
  -0.0322688
  -0.0284215
  -0.0408615
   -0.092173
  -0.0450778
   0.0756074
   0.0561331
  -0.0767012
  -0.0324178
   0.0176382
 -0.00401678
   0.0180148
 0.000338128
   0.0281896
  0.00250213
  0.00617227
  -0.0268407
  -0.0807752
    0.120964
  -0.0424537
   0.0816788
  -0.0358737
  -0.0102568
   -0.010816
   -0.109985
  -0.0339061
  -0.0195891
  -0.0878718
  -0.0396438
   0.0617421
  -0.0522125
  -0.0663345
  -0.0290421
 -0.00573682
  0.00201461
  -0.0383732
   0.0165201
  -0.0803657
   0.0190221
  -0.0216808
 -0.00463638
  -0.0214599
 -0.00706424
  -0.0747636
  -0.0523835
   0.0356888
   0.0155306
  -0.0611867
  -0.0470636
  0.00501059
  -0.0144866
  -0.0335944
  -0.0711908
  -0.0177692
  -0.0501404
 -0.00324981
  -0.0158478
   -0.119432
 -0.00903427
   -0.063298
   0.0292139
  -0.0960361
  -0.0692712
  -0.0456339
   -0.105381
   0.0284561
  0.00362177
   0.0981817
  -0.0312934
  -0.0593299