    0.105265   -0.0164386    0.0651198     0.101905
   0.0126767   -0.0455333   -0.0603592    0.0628306
   0.0453788   -0.0373336    0.0733362       0.1137
 -0.00125744    0.0563058   -0.0212826    0.0671155
   0.0807173    0.0112486    0.0292229    0.0277138
   0.0547824    -0.038787   -0.0444343    0.0478546
   -0.195525   -0.0444902    -0.103509   -0.0819359
   0.0867467   -0.0530577    -0.055159  -0.00696309
    0.102116   -0.0314466    0.0122883    0.0283833
  -0.0882425    0.0159115   -0.0721575    0.0627885
      -0.148   -0.0654611    -0.119023    -0.028005
    0.141146   -0.0184851     0.193802   0.00339311
  -0.0553937   -0.0189251    -0.127109     0.138312
   0.0270113    0.0244051    0.0494525   -0.0295943
   -0.159467    0.0226273   -0.0783806    0.0563432
    0.107832   0.00504649    0.0811441     0.118241
  -0.0709826   -0.0458693   -0.0422937     0.111254
     0.12898     0.019806     0.105542    0.0384338
   0.0789124     0.056781     0.123338   -0.0504888
     0.11587   -0.0135937     0.112466   -0.0757592
   0.0312083     0.070365    0.0890843   -0.0541473
  -0.0888278    0.0128377   -0.0702759    0.0477991
  0.00953886     0.060332     0.026478  -0.00275973
   -0.240068   -0.0124647    -0.111831    -0.172652
    0.158303   -0.0408586     0.132692   -0.0422804
     0.15367   -0.0211658    0.0202655     0.187793
    0.290013     0.204801    0.0573529     0.212411
   -0.107085    0.0344058     0.011283   -0.0348717
   0.0306153    0.0666002   -0.0143343   -0.0604428
   -0.138136    0.0660964   -0.0791372    -0.145946
     0.16442    0.0240115   -0.0213276    0.0142297
 -0.00239552    0.0314646      0.10284    0.0247381
  0.00556655   -0.0792907    0.0222667    -0.115072
  -0.0170646    0.0271661    -0.041882     0.155055
   -0.199052   -0.0966799    0.0836252     -0.22122
   -0.140385   -0.0437439   0.00306651    0.0368503
  -0.0371099    0.0622608   -0.0494973     0.238098
 -0.00174505     0.070183   -0.0193787    0.0977175
  -0.0206475    0.0229894  -0.00569087   -0.0218236
   0.0564407    0.0737585    0.0404143    0.0278533
   -0.116943    0.0401266   -0.0602909    -0.112512
   -0.136953   -0.0518691    0.0174114    -0.319705
   0.0462973    0.0827441   -0.0488288    0.0247471
    -0.13801    0.0119415    0.0330835    -0.136419
    0.100739    0.0318619    0.0312414     0.104974
    0.181787   -0.0919443     0.122571   -0.0625359
   0.0799114    -0.039916    0.0124294    -0.005713
   0.0187455   -0.0593828   -0.0320083     0.243619
  -0.0724106    0.0909596    -0.071764   -0.0414848
  -0.0799769   -0.0216196    -0.134697   -0.0564371
 0.000864255    0.0373526   -0.0816315   0.00179608
  -0.0719038    0.0169488    0.0200322    -0.204455
  -0.0483798   -0.0150995  -0.00101205     0.107969
  -0.0142234    0.0265052   -0.0581556    0.0767298
   0.0530928   -0.0127428    0.0940603    -0.125356
  -0.0278849    0.0669244   -0.0185785    0.0393253
  -0.0369811   0.00224335    0.0584767   -0.0365917
    0.044589    0.0274405   -0.0932985    0.0231385
   -0.133082    0.0321764   -0.0888645    0.0157085
   0.0298083    0.0173334    -0.139371     0.239774
  -0.0540757   -0.0012689   -0.0668828     0.131178
   0.0689688    0.0215761      0.03945     -0.01708
  -0.0957912   -0.0436118  -0.00682316    0.0717667
   0.0575725   -0.0650078    0.0797486    0.0355665
  -0.0271415    0.0304229   -0.0204524     0.127452
  0.00510257  0.000309383     0.117326    -0.153224
   0.0792802   -0.0247613    0.0891551    -0.144378
   -0.135138   0.00687251   -0.0477109   -0.0991177
    0.253156  -0.00824577     0.158069    -0.153662
    0.142439   -0.0888678    0.0649406    0.0690876
  -0.0340988   0.00558213    0.0593173    -0.201669
  -0.0443392    0.0554874   -0.0371762   -0.0408791
   0.0443887     0.051384   -0.0119526   -0.0298061
   0.0975274   -0.0618757    0.0156607   -0.0990447
    -0.05865    0.0136386   -0.0895425    0.0668271
   0.0580604  -0.00416237     0.075543    0.0934464
   0.0249519   -0.0401121   -0.0223769     0.014588
   0.0389928  -0.00267184     0.101963   -0.0285945
   0.0158756   -0.0143036   0.00727376    0.0292196
   0.0219238     0.013766  -0.00440797    0.0802532
  -0.0556662   -0.0384469   0.00330715    0.0179474
 -0.00908023    0.0195997   -0.0110566   -0.0175479
  -0.0195989   -0.0650187   -0.0114807   0.00631809
   -0.072844   -0.0567628    0.0413638    -0.106789
    0.171986     0.121015    0.0599609     0.338105
   -0.140981   -0.0510584   -0.0577371     -0.13911
   -0.106048   -0.0183898   -0.0883855  -0.00712013
  -0.0204582    0.0345729   -0.0452056    -0.187312
   0.0777793    0.0332367   -0.0423428   -0.0527465
   -0.158316   -0.0852912   -0.0543534    -0.194971
  -0.0947723    0.0107945  -0.00694346    -0.103761
    -0.15423     0.104397    -0.102503   -0.0389736
   0.0733372   0.00168858     0.041432    0.0425057
    0.183479    0.0305572     0.113974   -0.0315849
   -0.101999    0.0224962   -0.0825279    0.0268942
   -0.101352    -0.073595   -0.0112697    -0.107672
  -0.0406791     0.105986   -0.0662212     0.196235
   0.0796175    0.0867213    0.0234752   -0.0387985
  -0.0159574    0.0658452  -0.00695318    -0.108151
-0.000788709    -0.013277    0.0725771   -0.0198195
   0.0572356    0.0311494    0.0572163     0.168269
    0.042863   -0.0270037    0.0025166    -0.094764
  -0.0610917   0.00786868   -0.0670816   -0.0474093
   0.0550824    -0.017081   -0.0522709  -0.00833628
   0.0178294    0.0153431  -0.00199212   -0.0807582
    0.164025     0.123104   -0.0396529    0.0162152
   0.0146456   -0.0774103    0.0287762    -0.169795
    0.115668    0.0479123    0.0838854   -0.0322063
   -0.045234    0.0248292    -0.073922    0.0284618
   0.0237299    0.0991316    0.0259862    -0.044994
  -0.0487098    0.0529873   -0.0193729    -0.119806
    0.136363   0.00942047     0.147891   0.00515478
   -0.056643   -0.0507803   -0.0588997    0.0916711
  -0.0184319      0.02681    0.0635555    -0.123917
  -0.0683558   -0.0133665   -0.0540696    0.0110318
 -0.00625542   -0.0662907 -0.000302319    0.0149346
    0.115273    0.0173765     0.124044   -0.0193766
   -0.235877  -0.00124522   -0.0331712    -0.141107
  -0.0706131     0.012319    -0.083055    0.0293505
  -0.0699473  -0.00377415    0.0374528     0.113371
  -0.0806052    0.0111499    0.0206683    -0.132242
  -0.0874545   -0.0906756    0.0263565   -0.0312949
   0.0512967   -0.0266295   -0.0326167     0.172818
  0.00229667     0.100532   -0.0850377     0.039605
   -0.118984    0.0221823    0.0493035   -0.0681333
   0.0736006   -0.0269621    0.0952741    -0.033656
    0.145209   -0.0275997    0.0557421     0.105481
   0.0242027   0.00393987   -0.0546537  -0.00903111
   0.0117385   -0.0039267   -0.0463201    0.0787093
  -0.0321336    0.0652364   -0.0163699     0.023867
   -0.119704   -0.0162333    -0.106922    0.0748575
  -0.0251635    0.0205215   -0.0712375    0.0412197
  -0.0368507   -0.0139981   -0.0920138    0.0558855
 -0.00105127    0.0126091   -0.0568708   -0.0469183
   0.0945937    0.0657889    0.0100036  -0.00655078
  -0.0563422  -0.00526486    0.0638661   -0.0913937
  -0.0746384   -0.0577441   -0.0731638   -0.0189252
   0.0327013   -0.0172504      0.22277    -0.166447
   0.0862295    0.0467201   -0.0247645     0.102072
  -0.0109812   0.00920635   -0.0420954    0.0132878
   0.0310906    0.0209477  -0.00988662    0.0370182
  -0.0325427    -0.036589    0.0120969   -0.0386373
   -0.159555     0.030532 -0.000987501      0.10941
   0.0781969    0.0014208    0.0188935   -0.0188886
    0.033972   -0.0085697     0.121444    -0.086976
  -0.0518862   -0.0865039    0.0485613    0.0450197
   -0.125181   -0.0318501  -0.00170007    -0.154521
   0.0614417    0.0291257    0.0558853     0.096759
    0.102439    0.0235478    0.0581998   0.00302186
    0.140416   -0.0072228     0.118579    0.0562532
  -0.0827077    0.0245428  -0.00718225    0.0796196
   0.0203825   -0.0481522     -0.04121   -0.0775938
   0.0153392  0.000562444    0.0641489     0.234572
  -0.0763044   -0.0774866   -0.0811777    0.0542365
  -0.0945213    0.0804245    -0.133361    0.0658596
     0.18276   -0.0712564     0.142125    -0.060627
  -0.0351004   -0.0392671     0.111755    -0.140805
  -0.0124833  -0.00467031     0.066798    0.0157035
  -0.0900344   -0.0780719   -0.0287861    -0.174889
   0.0418233    0.0955286   -0.0362495     0.127097
  0.00381653    0.0268283     0.152876    0.0401296
    0.254441     0.142593      0.13372    -0.155735
   0.0246366   -0.0593506       0.1407    -0.191357
   -0.116763    -0.050354  -0.00617784   -0.0638651
   0.0186226   -0.0375417    0.0445857     0.092692
  -0.0508381    0.0382385    -0.091641    0.0510537
  -0.0458086    -0.076136   -0.0709329    0.0515672
  0.00836746   0.00140209    0.0161316   0.00287607
   0.0139254    0.0721335   -0.0731519   -0.0212399
   0.0320471    0.0266075    0.0417499   -0.0323006
   0.0603478    0.0853247    0.0152114   -0.0195683
   -0.173738   -0.0411761   -0.0641522   -0.0669466
    0.130241    0.0575876    0.0930374  -0.00120188
    0.121258   -0.0253753    0.0446713     0.160503
  -0.0939766    0.0836502  -0.00665404      0.10249
    0.161409    0.0877177   -0.0115236    0.0875047
  -0.0178703   0.00475623    -0.085684   -0.0260493
   0.0239869    0.0294337    0.0438726    -0.101262
   0.0270703   -0.0183223    0.0482751    -0.141551
    0.119451    -0.038598   0.00317664    0.0779716
     0.13077    0.0107976     0.177714    -0.124083
  -0.0828331   -0.0182922  -0.00661488     0.105481
  0.00980852   -0.0542297   -0.0572375      0.16911
   0.0282969   -0.0553447    0.0526414   -0.0217421
  -0.0609101   -0.0671995    0.0398408    -0.141122
    0.136879  -0.00557627    0.0451098     0.048897
    0.065159   0.00471011   -0.0132471     0.143809
  -0.0985012    0.0512651   -0.0281825     0.100653
    0.102648   0.00718197   -0.0225248     0.140419
  -0.0040569   -0.0708084     0.045063    0.0536435
-0.000605336    0.0461963    -0.020312    0.0493308
  -0.0948953   -0.0527476   -0.0315689     0.142089
    0.127872   -0.0568791    0.0187364    0.0824145
  -0.0243821    -0.076665    0.0213136     0.067185
  -0.0805748   -0.0552394    0.0116922     0.116869
  -0.0110577   -0.0312363   -0.0523372  -0.00828895
    0.212572    0.0234033    0.0612841     0.267028
    0.105446    0.0510037    0.0600186    0.0746925
  -0.0412049    -0.035668    0.0203979   -0.0657443
    0.124444    0.0237332     0.192763   -0.0834513
   -0.045722    0.0108173     0.028282   -0.0123776
  -0.0208829    0.0141495   0.00531758     0.081463
     0.13721    -0.110008     0.110621    -0.132208
   0.0805021    0.0916486   -0.0360332   -0.0548696
  -0.0346478    -0.070307    0.0232974    -0.178481
 -0.00927763     0.124607   -0.0836727   -0.0182059
  -0.0857577   -0.0262657   -0.0076075   -0.0400925
    0.157893    0.0615532    0.0755521   0.00766879
   0.0818157   -0.0656809    0.0592548    0.0483023
  -0.0209445   -0.0149541   -0.0032818     0.127621
    0.135588     0.125182     0.023457     0.173249
   0.0438609    0.0466508  0.000213516     0.143278
  -0.0292674     0.110218  -0.00485986    0.0778403
   -0.185393  -0.00588001   -0.0270961    -0.183059
  -0.0193511     0.038078   -0.0941817   -0.0854614
    0.197446    0.0166382    0.0756152     0.177455
   -0.013754    0.0399219    0.0983257   -0.0101177
   0.0426437    0.0756203    0.0162937    0.0352396
  -0.0863657   -0.0134757   -0.0642723    0.0674519
  -0.0129624    0.0892973    -0.017538     0.107828
   0.0841773    0.0895624    0.0618331     0.206442
   -0.272412    -0.096276    -0.160746   -0.0755928
  -0.0360997   -0.0370422   -0.0123765      0.18808
 -0.00216004    -0.150689    0.0717664    -0.209085
   -0.108168   -0.0512738    0.0382042    -0.130547
    0.126087  -0.00221815    0.0129237     0.157739
   0.0487523   -0.0565863    0.0352306    0.0198179
 -0.00284224    0.0560041   -0.0416877     0.110272
  -0.0646798    0.0557705   -0.0466636   -0.0105709
   0.0765163     0.028688    0.0175986   -0.0822343
   -0.121602    0.0460156   -0.0659054    0.0133272
   0.0908539  -0.00238486     0.133684     0.121052
 -0.00662661   0.00922622    -0.122411     0.049847
   0.0339026  -0.00958235    0.0530412     0.011601
   0.0283768    0.0388369   0.00141681    -0.110957
    0.105944   0.00728199    0.0216938     -0.04698
   0.0213486    0.0557816   -0.0661266     0.279482
    0.100918    0.0130022    0.0383658    0.0741544
   -0.113174    0.0597234    0.0151071    -0.115944
  -0.0851608   -0.0742921   -0.0661459    -0.181542
   0.0202794   -0.0600975   -0.0254357    0.0316628
   0.0613787   -0.0479824    0.0941514     -0.10782
  -0.0205739     0.016257   -0.0346482   -0.0600791
   0.0821443   -0.0249852   -0.0608013    -0.138972
  -0.0996217   -0.0305036      0.03512   -0.0292876
   -0.100653   0.00550013   -0.0659108    0.0461918
  0.00199509    0.0476722   0.00682109    0.0669686
   -0.126963   -0.0344052   -0.0471655     0.134267
    0.114025    0.0481533     0.144117    -0.186475
   -0.105128   -0.0283663    -0.112621    0.0821612
    0.122296   -0.0485991    0.0935613 -0.000513558
   0.0717773    0.0416274    0.0890458    0.0411717
    0.161614    -0.055349     0.141204    -0.167953
   -0.166891    -0.079673   -0.0699349    -0.128936
  -0.0010211    0.0747904   -0.0896474   -0.0150723
   0.0789322  -0.00247282     0.063483    0.0387108
  -0.0100656    0.0609928     0.055891    0.0675573
   0.0763463    -0.014281   -0.0011995    0.0212566
   -0.149895    0.0126409   -0.0706511   -0.0262783
   0.0844614   -0.0198075    0.0631468   -0.0518942
    0.125583    0.0402804    0.0146551     0.144392
    0.132071     0.143409   -0.0317802     0.205838
    0.180127     0.149278   -0.0467995     0.141154
   0.0367462   0.00466043    0.0571512     0.063758
   -0.149267   -0.0176355   -0.0766991   -0.0355328
  -0.0877583  -0.00765961     0.024677    -0.194991
   0.0411519    0.0646524    0.0690129   -0.0893678
-0.000438761    0.0893674  0.000629959    0.0398962
   0.0266292   -0.0598666   0.00398642     0.117197
-0.000845955     0.110419   -0.0519545    0.0925657
     0.02915    0.0595595    0.0141452   -0.0753098
    0.020545   -0.0414957   -0.0578672   -0.0733074
   0.0402209    0.0631532   -0.0370114    -0.133707
   0.0707815    0.0168939  -0.00762181 -0.000539522
   0.0353159     0.020501   -0.0132694    0.0232529
  0.00388986    0.0173048    0.0182076   -0.0740518
   0.0595141    0.0432553    0.0468602    0.0729912
  -0.0392681    0.0178501   -0.0610645    0.0604372
    0.168482   -0.0164515   -0.0286834     0.150807
   0.0184214    -0.050471    0.0396983   -0.0512332
  -0.0999421   -0.0204845    0.0234055   -0.0114389
    0.211819    0.0313974     0.188984   -0.0568598
   0.0131063    -0.049597   0.00156519   -0.0920982
   0.0865932    0.0697142    0.0145362     0.113758
   0.0745324    0.0148439    0.0700023     -0.11402
   0.0767449    0.0904311    0.0547703    0.0364592
  -0.0932995   -0.0790867   -0.0387178   -0.0969136
   -0.124996   -0.0337093   -0.0901362    -0.159743
  -0.0459945   -0.0748568   -0.0219375   -0.0374827
   0.0650108    0.0539697    0.0400292    -0.043143
   0.0284284    0.0755274    -0.050474   0.00908546
   -0.160092     0.061853   -0.0390047    -0.141682
  -0.0284955   0.00746559    -0.153502    0.0782535
   -0.141516    0.0216546    0.0014233   -0.0309697
    0.161481   -0.0122367     0.195097    -0.105452
    -0.03103   -0.0607946    0.0509955   -0.0726949
  -0.0297696    0.0382621   -0.0366842    0.0724955
    0.334603     0.117481     0.255254    0.0712818
   0.0720137    0.0224544    0.0155082    0.0547011
   0.0254661    0.0157814    0.0425077   -0.0126101
  -0.0118096   -0.0904393    0.0139589    0.0132241
   -0.109926   -0.0709471   -0.0150824   -0.0937262
   0.0239252  -0.00341453    0.0674969   -0.0254254
  0.00145306    0.0484557    0.0420483   -0.0842394
   -0.143719    0.0493233    -0.131408     0.122906
    0.125137    0.0703726   -0.0302018    0.0931192
  -0.0101333    0.0258027      0.01212    -0.109422
-0.000392218    0.0286651    0.0228466    0.0605918
   0.0305151    0.0181919   -0.0110877   -0.0126845
   -0.102577    0.0139654   -0.0689384    -0.174572
  -0.0880219    0.0827042    0.0287731     0.117156
    0.132283    0.0313742     0.109623    0.0495045
    -0.11004    -0.069758   -0.0355131   -0.0372369
  -0.0646912    -0.081608     -0.04821    -0.144939
  -0.0150119   0.00454354     -0.11039     0.117254
    0.117029    0.0910331    0.0580655    0.0803363
  0.00317224    0.0238829   -0.0203107   -0.0655707
  -0.0268247    0.0411719   -0.0271621   -0.0840629
   -0.032879   -0.0192744    0.0587238    -0.044536
   0.0175529   -0.0144462    0.0268617   -0.0395859
    0.127944    0.0813674     0.111218   -0.0867995
     0.04012 -0.000718761   -0.0398581     0.151683
   -0.131164   -0.0360834   -0.0880672    0.0410235
   -0.204768   0.00025722     -0.10783     -0.29473
    0.155996     0.018241    0.0139685     0.143434
    0.176496    0.0264833     0.142208   -0.0544692
    -0.16137    0.0175114    -0.113161  -0.00780518
   0.0391214    0.0587267    0.0263778   -0.0176775
  -0.0764527   -0.0687469  -0.00302208    -0.172779
  -0.0446192   -0.0462244   0.00783186    0.0287661
   0.0865044   0.00445951   -0.0551931    0.0580088
    0.059363  -0.00580384    0.0497734    -0.055689
  -0.0926549     0.065686   -0.0550973   -0.0519249
  -0.0653599    0.0366945    0.0135446      0.10733
    -0.15533   -0.0443217   -0.0915427  -0.00693592
   -0.158881   -0.0143889   -0.0367194   -0.0493054
  -0.0975407   -0.0557933    0.0783618     -0.13294
   0.0319763    0.0520555   -0.0154049   -0.0128427
    0.159855   -0.0767246    0.0984977   -0.0389855
  -0.0270756   -0.0719271  -0.00384488    0.0398637
   0.0209497    0.0408486   -0.0498996     0.134368
   0.0977016   -0.0866887    0.0847844    -0.159101
  -0.0515092    0.0392851    -0.119495    0.0670989
     0.26134  -0.00721711     0.190505    -0.126332
    0.113266  -0.00357359    0.0832716    0.0634287
 -0.00414574   -0.0131008   -0.0412849    -0.126608
    0.101727    0.0234641     0.127304   0.00278764
  -0.0514885  -0.00235729    0.0842261    -0.120874
   0.0381385   -0.0417254   0.00324946   -0.0141087
   -0.028873    0.0329237  -0.00467039   -0.0256379
   -0.068497   0.00533547   -0.0990892    -0.134922
   0.0123253    0.0893589   -0.0203211  -0.00841534
   0.0569984     0.137508   -0.0980598   -0.0972091
  -0.0253421     0.016685   -0.0179165   0.00379486
   0.0978067    0.0901368     0.113097     -0.11707
  -0.0820608   -0.0118422  -0.00134893    -0.166292
   0.0098713    0.0568763   -0.0134933    -0.101093
   -0.083396   -0.0226203  -0.00238088   -0.0783778
   -0.116657   -0.0187554   -0.0511649    0.0233926
    0.221673     0.103883    0.0488266    0.0624154
  -0.0252878   -0.0649026     0.122098   -0.0092006
  -0.0241383   0.00679596   -0.0156067   -0.0231595
  -0.0815112   -0.0866978   -0.0495825     0.022232
  -0.0912842   -0.0793137   -0.0275046    0.0567659
   0.0705122   -0.0182948     0.018244    0.0907394
    0.124355    0.0543499    0.0351592    0.0465046
  -0.0387618    0.0234081    0.0580145    0.0858687
   0.0849086     0.139437   0.00625441    0.0146187
  -0.0343698  -0.00701481   -0.0395128     0.171118
   0.0137386    0.0608926   -0.0722681    0.0413141
   -0.148776    0.0469188    -0.112601   -0.0286062
   0.0646953    0.0851351     0.013583   -0.0898973
  -0.0128121   -0.0122604     0.101043   -0.0160773
    0.104022    0.0550756    0.0329917     0.178414
   -0.227177   -0.0539916   0.00837003    -0.183047
   -0.200067   -0.0314594   0.00299632    -0.152202
    0.203001    0.0947786    0.0525753     0.191336
   0.0302751   -0.0208073    0.0197997   -0.0695318
   0.0100263   -0.0500933    0.0913903    -0.291412
    0.186565    0.0374476     0.107577    -0.139555
    -0.15586   -0.0674983 -0.000636217    -0.172483
  -0.0291055    0.0328818    -0.100268    0.0837547
  -0.0712659    0.0581002   0.00416887    0.0230219
  -0.0687659    0.0799296    0.0377966   -0.0576276
   0.0303552   -0.0298267    0.0521079    -0.100202
    0.137726     0.028185    0.0719644     0.115265
   -0.009115    0.0527859    -0.123726    0.0984628
   -0.137004   -0.0182953   -0.0808544   -0.0302814
  0.00929401   -0.0689821     0.110914    -0.263223
  -0.0502737    0.0555731     0.042691    0.0509918
  -0.0449566   -0.0422126    0.0968141     -0.16431
   0.0725635   -0.0725784    0.0671676    -0.107305
   0.0885889    -0.020855    0.0575628    0.0873981
  -0.0822645   0.00683768   -0.0521943    -0.145869
   0.0707594   -0.0327662    0.0761151   -0.0363775
  -0.0368268   -0.0332444    0.0199998    -0.101713
     0.11339   -0.0491463     0.021982       -0.054
  -0.0683968    0.0774416    0.0209017     0.137417
  -0.0893328   -0.0565002    0.0145696    -0.113314
  -0.0835664  -0.00947244    0.0159699     -0.21898
   0.0120131    0.0164745    0.0192513     0.170121
    0.185369     0.149466     0.061888     0.221845
    0.134911   -0.0930729     0.156806  -0.00660141
   0.0811949    0.0287119   -0.0436885   -0.0207911
  -0.0171037    0.0676235    -0.137647     0.062655
    0.171774  -0.00239849     0.112474   -0.0346868
     0.05788   0.00459564     0.123752     0.114318
  -0.0637092   -0.0864738    0.0663485    -0.117592
 -0.00200355  0.000305921    0.0196484     0.149155
   0.0790642   -0.0156089    0.0554465     0.027931
  -0.0845949  -0.00606276    0.0471246   -0.0178523
   0.0671997    0.0607462    0.0368183    -0.043469
   0.0138616    0.0849242    0.0552791    0.0596635
   -0.178557   -0.0267666   -0.0567828    -0.151293
   -0.100534    0.0359314  0.000227917     0.100834
   0.0988716    0.0821099   -0.0604773    0.0407713
  -0.0337703   -0.0539115   0.00816287   -0.0366641
   0.0141024  -0.00998324    0.0834388   -0.0478178
  -0.0338165  0.000674092   -0.0558339  -0.00787619
    0.115389    0.0472142    0.0869786    0.0288202
    0.129551     0.012186    0.0102278     0.318031
    0.111712    0.0459006    0.0418973     0.176503
  -0.0513537   0.00405251   -0.0258063   -0.0245383
    0.177652   -0.0375272      0.20261    -0.137294
  -0.0016807    0.0758965   -0.0492332    -0.160359
    -0.11563   -0.0309565   -0.0129331  -0.00158125
  -0.0431644    0.0396979    0.0747354     0.065814
   -0.141816    0.0336323   -0.0485522    0.0944089
   0.0823898   -0.0448396    0.0818573     0.099321
     0.10961     0.114314    0.0452381     0.221584
  -0.0962027    0.0207273    -0.137674     0.132166
   0.0578986    0.0482829     0.016455    0.0776167
   -0.173644    0.0112598   -0.0574309   -0.0226331
    0.250076    0.0180987     0.178618     -0.01192
   -0.100974   -0.0405485   -0.0462039    0.0205708
    0.112963   -0.0266657    0.0889349    0.0181296
    0.174664    0.0433194    0.0143029    0.0777183
   0.0583309   -0.0691804    0.0146045    0.0399617
   -0.011218    0.0452847    0.0294083    0.0989203
  -0.0250939   -0.0166177    0.0416895     0.063249
   0.0338784     0.149781    -0.037211    0.0145564
  -0.0587386   -0.0537612     -0.01215    -0.136469
  -0.0566606    0.0168544    -0.033843     0.107781
   -0.124643   -0.0306338    0.0337238   -0.0349394
   0.0664197    0.0275444     0.113149     0.072181
  -0.0851844   -0.0303925   -0.0945025    0.0852009
  -0.0486884    -0.014405     0.016032    -0.129262
   -0.145558    0.0269759   -0.0024126    -0.122146
  -0.0351304   -0.0722153    0.0589023    -0.315656
  -0.0448208   -0.0163072   -0.0958395    0.0676881
    0.049955    0.0609926   -0.0357689     0.191921
   0.0335606   -0.0465672   -0.0211068    0.0552445
    0.123629    0.0665214    0.0846931     0.125193
    0.131799    0.0219075   0.00392157    0.0746256
  0.00992383    0.0719313   -0.0489784   0.00631667
    0.105307   -0.0127905    0.0537135    0.0373912
    0.197877    0.0709033     0.065674    0.0443398
   0.0858359   -0.0393995    0.0458902   0.00168143
    0.186642    0.0511541    0.0854448   -0.0537818
  -0.0667715  -0.00105785   -0.0159202   -0.0685399
   0.0861908   -0.0325284  0.000543545     0.156245
    0.270507   0.00986368     0.081269     0.125321
  -0.0848587    0.0789342    -0.219788     0.243583
     0.13027    0.0616167    0.0189655     0.173781
   -0.105114  -0.00120018   -0.0938113    -0.125201
    0.133253   -0.0519192     0.192512   -0.0878307
  -0.0550976   -0.0342483    0.0140061   -0.0836105
   0.0296671  -0.00157229   0.00937834     0.103745
  -0.0102697   -0.0325046    0.0254524     0.011437
   0.0403919   -0.0277827    0.0140885     0.038812
   0.0366665   0.00531981     0.164958    -0.104183
   0.0961181    0.0210171   -0.0370436    0.0711746
     0.15838   -0.0717206     0.164596     0.105353
  -0.0155174    0.0530572    0.0313929   0.00249781
   0.0468301   -0.0844347   -0.0136631    -0.177349
  0.00841228    0.0222759     0.115855    -0.116428
   -0.115799   0.00361091   -0.0735884   -0.0950479
    0.106181    0.0201304    0.0744006    0.0840944
   -0.119506   0.00637155    -0.124711   -0.0503771
  -0.0381558   -0.0395343    0.0637731   -0.0277412
   0.0308363    0.0184799   -0.0569619    -0.183485
    0.135052   -0.0157005    0.0600174    0.0559211
   0.0555257   -0.0002619    0.0338631   -0.0765098
   -0.171252   -0.0285179   -0.0386181   -0.0143247
    0.142408   -0.0127393     0.155816    0.0183298
   -0.038905    0.0663889    0.0454774    0.0163619
   -0.156219     0.034165   -0.0814814    0.0344397
  -0.0429992   -0.0315496   -0.0724163    0.0465444
  -0.0762663   -0.0644801   0.00529407     0.114507
   0.0855668    0.0305035    0.0777171   -0.0457663
   0.0699068    0.0515306    0.0155934    -0.134177
  -0.0320647   0.00416093    -0.126373    0.0801694
   0.0428965    0.0246344    0.0566068    -0.111906
   0.0674623  -0.00700049     0.020801     0.071917
   -0.191532   -0.0960582    -0.152596   -0.0430284
   0.0460114    0.0132642    0.0015794    -0.148902
   0.0446605   0.00313554    0.0632044    0.0372839
    0.116332   -0.0407864   0.00799644      0.19106
   0.0242039     0.149666    -0.031707     0.175518
  -0.0182182    0.0296775   -0.0860539    0.0727043
  -0.0105915   -0.0301911   -0.0542919    0.0749784
  -0.0163632   -0.0212996    0.0527009    0.0841754
  -0.0635226   -0.0516897    0.0149332   0.00715784
  -0.0106164   -0.0418375   -0.0211884     0.105589
   0.0536767    0.0505113   -0.0550078      0.12821
  0.00913841   -0.0376803    0.0623468    0.0788982
  -0.0371797   -0.0298407  -0.00789073    0.0301684
   -0.074613    0.0420611  -0.00239626   0.00426359
  -0.0297711   0.00726058    0.0480553   -0.0330077
   0.0940241   -0.0389512     0.123192   -0.0425444
 -0.00174791    0.0789607    0.0296929   -0.0696351
   0.0700155    0.0479812   -0.0232832    0.0874702