    0.239967   -0.0729437    -0.113374    0.0873899
   0.0935351   -0.0296786     -0.11774     0.091772
    0.525292    -0.447815    -0.158029     0.186076
    0.147256   -0.0754691     0.241575    0.0370113
    0.225731    -0.126282    -0.105924    0.0326676
   0.0580182   -0.0421426    0.0692828   -0.0300178
   0.0112715    0.0450578    0.0794015    0.0371913
    0.113312   -0.0309114     0.152554    0.0513286
   -0.184319    0.0669699     0.163774   -0.0994223
    0.113236    -0.106087     0.119336    0.0604538
   0.0110095  -0.00772115    0.0212455  -0.00355725
   -0.242512     0.131162     0.127109   -0.0425414
  -0.0321124   -0.0583448     0.105446    0.0284734
    0.260491    -0.114764    -0.172457   0.00316014
  -0.0761973  -0.00392448   -0.0780312    0.0178114
     0.11831    -0.070771   -0.0247175   -0.0375747
   0.0613186   -0.0324658     0.235769  -0.00287549
    0.167618   -0.0548715   -0.0427388    0.0246759
    0.133674   -0.0796206     0.165347   0.00554475
    0.100368    -0.113499    -0.160935    0.0205994
    0.121849   0.00182594    -0.120233    0.0650607
   -0.199433     0.142279     0.269821    -0.116774
   0.0456694   -0.0382213    -0.120911  -0.00398567
   -0.105973    0.0398899     0.117764    0.0200321
  -0.0722719   -0.0935215    0.0967163   -0.0201346
   -0.273373     0.188422     0.251475   -0.0953205
   0.0862328   -0.0366726    0.0967508   -0.0340087
   0.0180592   -0.0506666     0.374233   -0.0157747
     0.18589   -0.0165329   -0.0523928     0.107608
    0.174169   -0.0803764   -0.0289943  -0.00674529
   0.0370028    0.0344125   -0.0801654    0.0447273
    0.145426    -0.082019   0.00809122    0.0552842
    0.112917    0.0527985   -0.0522333   -0.0309554
    0.033026   -0.0336476    0.0627642    0.0277802
  -0.0557322     0.200758    0.0908253   -0.0223667
    0.168297     -0.14192  -0.00700086    0.0777877
-0.000631258   -0.0725948    -0.123957    0.0585404
    0.105138   -0.0463974   -0.0697665    0.0155755
    0.170497    -0.108925    -0.150941    0.0335731
   0.0666714   -0.0462339    0.0747917   -0.0409762
  -0.0580207    0.0468782    0.0843249   -0.0187131
   0.0818612     0.040848    -0.156468    -0.061125
    0.156562   -0.0461099    -0.116863    0.0720841
    0.100905   -0.0861926   -0.0229949   -0.0122729
   0.0259377    -0.071376    -0.135309   -0.0294668
   0.0568457    0.0269586  -0.00250631   0.00894436
    0.268264    -0.191162   -0.0435038    0.0338259
    0.220234     -0.18469    -0.208212    0.0701128
  -0.0233297   -0.0156847   -0.0136749    0.0512023
   0.0994417    0.0289235    -0.128922    0.0404027
    0.119781    -0.198827   0.00772859    0.0931257
     0.10802  -0.00425575    -0.110359    0.0651971
  -0.0641144    0.0417155    0.0652652    0.0130293
    0.157776    -0.139165    0.0668658     0.006656
   0.0111591   -0.0278928   -0.0226359    0.0256739
   0.0184629   -0.0186782   0.00534356    -0.066802
   -0.146269     0.138677    0.0667682  -0.00597767
   0.0667573    0.0230908     0.103089   -0.0504688
    0.239853   -0.0583137    -0.189352    0.0591984
  -0.0319609     0.087636   -0.0834945   0.00212391
   -0.120299    0.0617202    0.0763998   -0.0457146
   0.0891453    -0.152623    0.0192333  -0.00808457
   0.0724847   -0.0391539    0.0672432  -0.00167217
   -0.118993    0.0336383     0.152765   -0.0386674
    0.192768    -0.247044     0.300923     0.122402
  -0.0163607  0.000998461     0.038021    0.0536374
   -0.253985     0.238865   -0.0159113    -0.115667
    0.215357    -0.103247     0.015754     0.115362
     0.20955    -0.152368   -0.0359777    0.0474615
    0.307604    -0.280135     0.189258    0.0555399
   0.0342764   -0.0802618   -0.0213898   -0.0401254
   -0.107555    0.0637659     0.110187     0.026526
  -0.0815749     0.113748    0.0533661   0.00302308
   0.0675474    0.0165272    -0.011394    0.0357158
   0.0509863   -0.0904996     0.104133    0.0413997
    0.142131    0.0545702  -0.00263143    0.0675521
  -0.0236858   -0.0267039     0.106499   -0.0543773
  -0.0148238   0.00501941   -0.0372832   -0.0590063
  -0.0770109    0.0477308     0.142481   -0.0497504
   0.0115323   -0.0148996   -0.0489747   -0.0427805
    0.123608    -0.127731     0.282254    0.0296075
   -0.149828     0.071814     0.103012   -0.0701199
    0.122729    -0.109089  -0.00451033   -0.0415271
   -0.025428   -0.0394456   -0.0717399   -0.0175955
   0.0571708  -0.00563427     0.192453   -0.0236626
   -0.379265     0.215141     0.184848    -0.064833
   0.0337929   -0.0492777   -0.0358873    -0.024842
   0.0390287    0.0687969   -0.0752755    -0.039261
   0.0749466    0.0777947   -0.0783337     0.039781
   0.0789383    0.0524615   -0.0462957     0.054609
   0.0226839   -0.0521823     0.256203   -0.0083067
   -0.276883     0.136317     0.116088    -0.126788
      0.2394    -0.195778    -0.155625  -0.00699627
   0.0138241    0.0383904    0.0521729    0.0670173
   -0.254475     0.103478     0.255206   -0.0535433
   -0.043184     0.102243    -0.272844   -0.0417065
  -0.0702197     0.103705    0.0260648  -0.00955608
    0.221901    -0.129293    -0.165446     0.069911
   0.0752165    0.0458454    -0.110272   -0.0451173
   0.0683595    0.0117182    -0.119318    0.0674202
    0.136652   -0.0560841    -0.157144   0.00428816
    0.105078    -0.054722   -0.0456065   -0.0427411
   -0.160177     0.184771      0.15281   -0.0432555
    0.195453    -0.113204   -0.0879659     0.101414
   0.0212982    0.0993553   -0.0518203    0.0451812
  -0.0812386    0.0710117    0.0426948   -0.0120717
    0.109739   -0.0571468   -0.0164569    0.0518074
   -0.172268     0.187477   -0.0496536   -0.0941495
   0.0760128   -0.0462971    0.0238374    0.0228549
  -0.0429611    0.0569123     0.112709    -0.115208
 -0.00392768   -0.0758907   -0.0274999  -0.00677682
    0.288124    -0.198029    -0.120124    0.0589882
  -0.0376532    0.0399228     0.096591   -0.0447132
    0.164837   -0.0984845   -0.0717668    0.0197548
    0.142955   -0.0726453  -0.00855078    0.0312243
   0.0536513    0.0522832    -0.136405    0.0398378
    0.110554   -0.0337213   -0.0325715   -0.0541627
  -0.0895541     0.190879   -0.0571965   -0.0710847
    0.205953   -0.0290603    -0.123085    0.0856012
    0.100922    0.0141357    -0.270794    0.0619982
   0.0184659   -0.0156189    -0.131761    0.0545516
   0.0530289    0.0802055   -0.0804144  -0.00279835
    0.143803   -0.0652569   -0.0558973    0.0676827
 -0.00712073    0.0765287    -0.122723   -0.0738254
    -0.13884    0.0849055   -0.0178727   -0.0347895
    0.151462   -0.0487953   -0.0113726     0.060207
   -0.071119    0.0271966     0.151087   -0.0459782
     0.20866    -0.185225   -0.0510753  -0.00693486
   0.0263571    0.0338687   -0.0852003   -0.0212513
    0.109682   -0.0343037    0.0644566   -0.0186054
   0.0692908    0.0897228  -0.00506362   -0.0813239
  -0.0727693     0.214408       0.0952    -0.012472
   -0.021567     0.129616    0.0192154   -0.0467992
   0.0509858    0.0068445    0.0816792    0.0157999
   0.0704923    0.0288898     0.171647    0.0255651
    0.168013   -0.0429144    -0.081108   -0.0146889
   -0.133371    0.0411726     0.155413   -0.0687852
    0.337465      -0.1977   -0.0912975    0.0659058
    0.221242    -0.142328   -0.0194995    0.0346937
    0.208758   -0.0937324    -0.231184    0.0903867
    0.227448    -0.199413   -0.0584892    0.0592807
   0.0495817   -0.0272587     0.180401    0.0291931
  -0.0867184    0.0757515    0.0201162   -0.0346721
    0.066985   -0.0485422   -0.0474892    0.0864178
  -0.0180606    0.0824272    0.0116442  -0.00701245
 0.000454645     0.190747    -0.103863   -0.0554552
   -0.142313    0.0521233     0.105102    0.0131007
   -0.256557     0.179701     0.275525   -0.0633294
   -0.200801    0.0361598     0.267783   -0.0727498
  -0.0758269    0.0474944    0.0767461    0.0257113
    0.123675    -0.132745     0.155296   -0.0172134
    0.126239    0.0334231    -0.141026   -0.0099257
 -0.00700392    0.0365864   -0.0119573   -0.0399078
-0.000936617    0.0743751    -0.171809   -0.0255019
  -0.0223905    0.0750312   -0.0325053   -0.0349857
   0.0280374    0.0758079   -0.0787804  -0.00324984
   -0.301488     0.108582      0.33761   -0.0249324
   0.0144165      0.14423    -0.148439   -0.0308617
   0.0148606   -0.0241762    0.0673331    0.0420716
  -0.0995344    0.0467682    0.0433981    -0.060308
  -0.0563919   -0.0355251    0.0847686    0.0258603
    0.123101   -0.0808761    -0.104064     0.051718
  -0.0945974     0.200115    0.0801174   0.00174972
   -0.176254     0.162851   0.00987084   -0.0913606
   0.0243982   -0.0667062    0.0121632   0.00229108
   0.0653449    0.0770565    -0.183007  2.43702e-05
     0.13166   -0.0407447   -0.0603584  -0.00659947
    0.166659    -0.248958    0.0751123    0.0594953
   0.0835542   -0.0279438   -0.0228829    0.0733819
   0.0791446    0.0792456   -0.0208948    0.0539034
  -0.0156859 -0.000307339   -0.0120981     0.012304
   0.0596042   -0.0279176    0.0120569    0.0195642
     0.20611    -0.132811   -0.0468482    0.0916371
 -0.00957603    0.0750613    0.0258103    0.0321757
   0.0970973   -0.0868312    -0.210219    0.0248161
  -0.0930033  -0.00939945     0.171218    0.0197865
     0.12682     0.024564   -0.0826563   -0.0169702
   -0.295519      0.19208     0.274929   -0.0924327
   0.0942225    -0.225314     0.157689    0.0226719
    0.133194    -0.180736     0.134222    0.0539377
 -0.00649757    0.0764622   -0.0755966   -0.0407054
   -0.072732    -0.011861    0.0350955    0.0239323
    0.257471    -0.235705    -0.175786     0.134157
  0.00876732   -0.0966124    0.0268963   -0.0185718
    0.131603   -0.0360662  -0.00806285     0.106974
   0.0182037  -0.00979616   -0.0764527   -0.0359236
   0.0613471   -0.0803059    -0.105302     0.100842
   0.0951662   -0.0499606   -0.0573206    0.0455569
   0.0635666    0.0540111   -0.0659269   0.00537562
    0.242655   -0.0667512    -0.222812    0.0665433
  -0.0405111   -0.0176807    -0.066085    0.0680663
    0.145713    0.0451189    -0.259486    0.0151645
  -0.0410873    0.0299697    0.0687478   -0.0261963
    0.123508    -0.072097    -0.152915    0.0586534
    0.075305    0.0760927   -0.0580015  -0.00883684
   0.0316608   -0.0735713    -0.032547    0.0295868
  -0.0860392     0.039232     0.156452    -0.110475
  -0.0416746    0.0637991     0.136103    0.0103134
  -0.0678226    0.0476587    0.0524718   -0.0664756
   0.0409814  -0.00409869     0.181739   -0.0403212
  -0.0464616   -0.0262629     0.133802   -0.0126324
    0.274761     -0.17882    -0.103984    0.0895961
    0.101594   -0.0408413    0.0708808    0.0616623
     0.12407   0.00285522   -0.0596683    -0.019053
  -0.0208917   -0.0514014     0.138084    0.0482036
    0.113829   -0.0495172    -0.088744  -0.00897474
  -0.0355251    0.0962023     0.136282   -0.0826695
 -0.00610079   -0.0610028     0.122321    0.0577517
   -0.105735    0.0282504    0.0512795    0.0314659
   -0.202332     0.177816     0.240067   -0.0278849
    0.321847    -0.168651    -0.155053    0.0833198
    0.105139   -0.0407234    0.0547519    0.0575526
  -0.0232401    0.0291202    -0.106052   -0.0332851
  -0.0937335     0.101194   -0.0363254   -0.0171238
   -0.124306    0.0539991     0.209409   -0.0316475
     0.13171    -0.167147    0.0870343   -0.0095096
   -0.144332    0.0422991   -0.0367741  -0.00602181
  0.00488822     0.106681    0.0170243   -0.0691601
  -0.0302534  -0.00269283    -0.047973    0.0635739
  0.00083481    0.0963281    0.0501034   -0.0318879
   0.0852434   -0.0677993    0.0757709     0.045858
  -0.0394419    0.0538148    0.0925886     0.019345
   0.0588034     0.075634    0.0305894    0.0377526
  -0.0586411   -0.0106903    0.0943897   -0.0582591
  -0.0847879    0.0963657     0.102779   -0.0302659
  -0.0323889    0.0185991    -0.121498   -0.0425349
   0.0647014   -0.0288383     0.101471   0.00445439
    0.133051    0.0414686    -0.104613    0.0187473
    0.213461     -0.16478    -0.079764      0.10699
  -0.0909805     0.129029    0.0612345    0.0142601
  -0.0521247    0.0585228   -0.0227126    0.0242588
    0.279616    -0.233584    0.0549578    0.0664424
   0.0802366   -0.0114905    -0.133226    0.0296609
   0.0351807   -0.0333773   -0.0141372   0.00382675
  -0.0539016    0.0207451    0.0710642   0.00222682
   -0.121348    0.0594702     0.262959   -0.0569213
    0.167307   -0.0326497   -0.0806296    0.0684073
    0.108915    -0.103849     -0.19048    0.0664053
   -0.114608     0.105362     0.108555   -0.0475566
  -0.0585107    0.0444776    0.0882481  -0.00118035
  -0.0171588   -0.0151235   -0.0410212    0.0112246
    0.261731    -0.241843     0.140465      0.11207
     0.30563    -0.182037   -0.0852188    0.0595927
  -0.0236329  -0.00211211      0.13939    0.0264176
    0.122357   0.00583299    -0.106379   0.00196542
  -0.0192249    0.0671237   -0.0486547   0.00341144
    0.316632    -0.190071   -0.0902342    0.0107869
    0.214671   -0.0395844    -0.144571     0.101775
    0.126351     -0.14315    0.0141621    0.0599646
    -0.12093    0.0928104     0.116367    0.0358904
   0.0774444   -0.0121229    0.0771087   -0.0308967
  -0.0158807   -0.0287409    0.0415719  -0.00911846
    0.191761   -0.0556784    -0.259583    0.0608736
   0.0444972     0.104592    0.0217829    0.0266123
   0.0463054    0.0175608      0.10285  -0.00520991
  -0.0996046    0.0367839     0.195333     -0.10107
  -0.0569431    0.0438102     0.025095   -0.0702007
   0.0585338    0.0819137   -0.0938843   -0.0650694
    0.110419   -0.0792282    -0.209203    0.0538052
  -0.0612682    0.0840458     0.139353   -0.0965701
 0.000690366  -0.00120892   -0.0539845    0.0728218
  -0.0548833     0.103169  0.000576185   -0.0718203
  -0.0467229     0.212564     0.236825   -0.0766816
  -0.0202094      0.12884    0.0352966   -0.0194478
  -0.0600956    0.0745933    -0.015834    0.0510083
  -0.0616897    0.0351783    0.0304455   -0.0509054
  -0.0553581   -0.0127241   -0.0853606     0.062841
  0.00552681    0.0480488    0.0810826   0.00103939
    0.105223    -0.072969    -0.045216   0.00883953
 -0.00524631   -0.0400445   0.00411436   -0.0546507
    -0.12158    0.0816812    -0.023554   -0.0649704
  -0.0444979   0.00911501   -0.0811802    0.0467837
   -0.113292    0.0283373     0.100666    0.0191151
   0.0115078     0.046646   -0.0338332    0.0312295
    0.089318    0.0165301   -0.0286911    0.0252759
    0.177199   -0.0334234    -0.113722   -0.0105001
    0.112861    -0.125386     0.136031    0.0291978
    0.136971    -0.171299    0.0944153    0.0741014
    0.055481   -0.0623711     0.122254    0.0612173
    0.125761     -0.10447     -0.03544   0.00673504
    0.143473   -0.0204382   -0.0142707    0.0486633
  -0.0213089    0.0212218     0.177838   -0.0577804
 0.000362498    0.0432419    0.0707449    0.0351389
    0.124306   -0.0655606   -0.0731185   -0.0065233
    0.197002    0.0323593    -0.367921   -0.0480659
    0.175086   -0.0824085   0.00669228   0.00178372
  0.00682148   -0.0420622    0.0260169   -0.0116736
  -0.0474463     0.077553     0.311972   -0.0876223
   0.0940198   -0.0109323    -0.125651   -0.0168063
    0.130413   -0.0688077  -0.00407253   -0.0264353
   0.0413238    0.0485709   -0.0511873    -0.072962
  -0.0419939    0.0252757    -0.115397   -0.0401651
   0.0425937    -0.105095   -0.0589845 -0.000438735
    0.315976    -0.092878    -0.236609    0.0763871
   -0.142112     0.178309    -0.195483   0.00882037
 -0.00215869    0.0522769     0.243403   -0.0425682
  0.00842417    0.0359883   -0.0999496    -0.021004
  -0.0754342     0.118175     0.245645   -0.0156627
  -0.0774169     0.110516   -0.0171907    0.0372803
  -0.0161528     0.134724    0.0124788   0.00333823
    0.135106   -0.0516376   -0.0281732     0.049931
    0.034722   -0.0307491    0.0335578   -0.0375117
    0.044976   -0.0890854  -0.00109287     0.011186
   0.0581256    0.0808364    -0.217267     0.045812
    0.102846   -0.0610967     0.167852    0.0915268
   0.0208752   -0.0372044    -0.190528   -0.0568477
   0.0467383   -0.0392935    0.0305007    0.0592263
    0.286821    -0.199727    -0.132483    0.0624434
   0.0501868   -0.0267375   -0.0572207    0.0600098
   0.0713459    0.0206549   -0.0745755    0.0399336
    0.131637    0.0136385    0.0308828    0.0278977
   0.0940682   -0.0758895    0.0861079    0.0148181
   0.0933634    -0.110914    -0.030777     0.079178
   -0.274147     0.225938    0.0832144   -0.0818237
    0.172719    -0.148845   -0.0603507    0.0852895
   -0.028605    0.0309782     0.125568    0.0365118
   -0.174765   -0.0100319      0.40618   -0.0331257
   0.0536366    0.0727336    0.0909218   -0.0609725
   0.0193623   -0.0428567   -0.0371573     0.111125
   0.0924058   -0.0609768   -0.0983436    0.0811941
   0.0749671   -0.0349622  -0.00371566   -0.0440437
    -0.23614    0.0613543     0.066183     -0.09545
   0.0170932    0.0805583   -0.0824432   -0.0294707
    0.312886    -0.172934    -0.111785    0.0484338
    0.138715    -0.022163   -0.0629943    0.0837884
    0.111626    -0.165457     0.133698  -0.00688282
  -0.0450695    0.0466784    0.0760977   0.00504592
  -0.0909479     0.113167   -0.0619472     -0.12216
  -0.0457142   0.00496577   -0.0994852    0.0428499
   -0.077094   0.00993876     0.124329   0.00241373
  0.00111604   0.00405473    0.0578934     0.021238
   0.0710802    0.0457081   0.00642134    -0.031038
   0.0186726   -0.0353456   -0.0155646    0.0286138
   0.0788109    0.0296661   -0.0245616   -0.0681494
    -0.11042    0.0388642      0.13408    -0.074777
   0.0866877   -0.0080441    -0.150714    0.0357811
   0.0629132     0.078494    0.0344595   -0.0733018
     0.04545    0.0329991   -0.0940767    0.0737204
   0.0716711   -0.0749402    0.0448968   -0.0364008
   0.0916878    0.0251371   -0.0588947    0.0387249
  -0.0880304    0.0352554      0.14243   0.00754334
   0.0281331   0.00899569     -0.08819    0.0347829
  -0.0798962    0.0192528     0.135008   -0.0355672
    0.142384    -0.138101     0.170497    0.0188241
   -0.108215     0.174112    0.0469035    -0.088847
   0.0336593   -0.0528414    0.0938232   -0.0675669
   0.0459086    0.0086954   -0.0895562  0.000484171
  -0.0817259     0.208868  -0.00980293   -0.0102475
   0.0942226     0.020924   -0.0404062   -0.0207941
   -0.147175    0.0373813     0.133406   -0.0562313
  -0.0224963 -0.000339858    0.0155024    0.0160061
   0.0948061   -0.0661668    0.0313667   -0.0307105
    0.238798    -0.100027    -0.192818    0.0336815
   0.0110905  0.000997404    0.0562525    -0.055732
   0.0275186   0.00475331   -0.0522366    0.0348103
  -0.0243531   -0.0027228    -0.027317   -0.0180828
  -0.0644474    0.0332134      0.16472   -0.0578912
 -0.00443583   -0.0857694   -0.0562918   -0.0267678
    0.258092    -0.109822    0.0487772    0.0162216
  -0.0182049    0.0542274    0.0703174    0.0356375
   0.0236144   -0.0239879    0.0662946    0.0418995
   0.0555684  -0.00309363    0.0441046   -0.0461201
    0.238427    -0.136794   -0.0096279    0.0531487
  -0.0578202     0.049063   -0.0377294    0.0100554
   -0.063107    0.0221341   -0.0211002   -0.0609264
   -0.011617   -0.0292776     -0.14873    0.0118727
  -0.0275491   -0.0057094  -0.00142376   -0.0300273
  -0.0459523    0.0378366    -0.104749   -0.0729889
    0.019415    0.0793094  -0.00512563 -0.000945394
   -0.201895    0.0371785    0.0507256  -0.00634891
    0.139562   -0.0316517    0.0479994   -0.0293497
    0.161978   -0.0369803  -0.00748507   -0.0339605
    0.151352   -0.0205115    0.0575565   -0.0311365
    -0.14554     0.252228   -0.0268818   -0.0665051
   -0.090915      0.17649   0.00326745    0.0153327
   0.0569395   -0.0549331   -0.0246091  -0.00468563
    0.135472    0.0296661    -0.211233   0.00738878
   0.0345999    0.0237525   -0.0142575   -0.0471447
   -0.151433     0.121678   -0.0521645   -0.0473404
    0.478784    -0.360393     -0.02064     0.120683
  0.00539004  0.000211262      0.16706   -0.0116996
    0.100733    -0.399248     0.429284     0.144655
    0.235712     -0.25225    -0.172815     0.089826
  -0.0667976    0.0445276     0.243501    0.0450135
   0.0923422    -0.101235   0.00200598    0.0815523
    0.513778    -0.267358    -0.245801    0.0944887
   0.0580483    0.0337589   -0.0436879  -0.00421758
   -0.185027     0.138726    0.0655008   -0.0969591
    0.115297    0.0531656      -0.1224    0.0547693
  -0.0319314    -0.016085     0.010587    0.0468984
    0.278716   -0.0532232    -0.190467    0.0802744
    0.242723    -0.273325     0.126103    0.0850991
   0.0983527   -0.0988995   -0.0976828      0.07927
   0.0587646   -0.0306295   -0.0512832   -0.0167831
  -0.0899948    0.0873722     0.220756   -0.0725825
    0.156278   -0.0629449    0.0413417     -0.02387
   0.0679818   -0.0371571     0.140806    0.0435105
   -0.036569     0.042417   -0.0416102    0.0156575
    0.019624   -0.0525155    0.0684941   -0.0240065
   0.0660417   -0.0244786   -0.0909054   -0.0131417
   0.0154169   -0.0952996    0.0914343     0.085109
   0.0346472    0.0977601   -0.0760454   -0.0699596
    0.163608   -0.0298118    -0.147424     0.034629
   0.0086626    -0.017607    0.0821842   -0.0217921
    0.104342  -0.00262584   0.00213371   -0.0159429
    0.359425    -0.230502    -0.249811    0.0831991
    -0.12348     0.188632     0.144722   -0.0318993
    -0.16189     0.130912     0.107603     0.024885
   0.0707112   -0.0935364  -0.00673405    0.0165849
    0.120795    0.0332851    -0.128288    0.0553265
    0.114823   -0.0400548    0.0370896   0.00109531
   0.0375499     -0.07084    0.0182147    0.0589483
    0.230315     0.038605    -0.141514    0.0514798
  -0.0024252    0.0455211   -0.0431127   -0.0516957
    0.252597    -0.161989     -0.15717     0.136287
   0.0275683   -0.0439854    -0.100906     0.030197
    0.104166    -0.136348     0.267985    0.0145733
-0.000280359    0.0486563   -0.0135269   -0.0225287
   -0.136035     0.132245    0.0516324   -0.0109892
  -0.0401427    0.0121452    0.0734964   -0.0112512
   0.0975866   -0.0710038   -0.0160775   -0.0442777
   -0.119719    0.0839157    0.0588303  -0.00810336
  -0.0107645  -0.00377611   -0.0134029   -0.0508905
    0.357274    -0.453653     0.278769     0.138614
   0.0435282    0.0127715   -0.0827539    0.0402551
   0.0516124    0.0746075   -0.0527417   -0.0173187
   0.0298838   -0.0634977   -0.0132743    0.0655028
   0.0941418    0.0404809    -0.165752    0.0480016
    0.392873    -0.200016    -0.028453     0.118758
     0.26054    -0.156287   -0.0352852   -0.0272757
     0.20257   -0.0557926    -0.192769  -0.00678918
   -0.143839    0.0541902     0.044483    0.0309393
    0.264421    -0.239414    0.0378897      0.10153
    0.416086    -0.242485    -0.341767     0.111988
  -0.0889429    0.0989191    0.0184295   -0.0743239
    0.143875    -0.057229   -0.0116835    0.0898855
   0.0517701    -0.129506    0.0416415   -0.0580511
    0.156944    -0.192626     0.040932     0.072851
   0.0191082    0.0320418   -0.0233965    0.0455493
   -0.057219    -0.023307     0.053178  -0.00746442
   -0.046155    0.0941214    0.0968062   -0.0226409
   -0.100385    0.0156718    0.0394981   -0.0626813
   0.0810465   -0.0577775   -0.0699438     0.012775
   0.0865574   -0.0362327    -0.095526    0.0371974
   0.0128183     0.024265     0.102408   -0.0221108
    0.156109  -0.00833212    -0.287885    0.0150903
    -0.12303    -0.010987     0.176054   -0.0737028
  -0.0458087    0.0733155     0.134597    0.0508215
    -0.15508     0.131561    0.0688582   -0.0607873
    0.109217    -0.127012    0.0447855     0.055633
    0.124556  -0.00528016    0.0437163   -0.0394092
    0.295776    -0.181455     -0.11143    0.0876784
    0.159994    -0.113002   -0.0941686    0.0165625
   0.0370678   -0.0135432     0.139306   -0.0312905
   0.0552963  -0.00204262    -0.158111    0.0039816
   0.0707788   -0.0184071   -0.0434954   -0.0285274
  -0.0927623    0.0562648     0.105064 -0.000483889
   0.0413751   -0.0836528     -0.12949     0.019134
  0.00643835    0.0570117    0.0597902    0.0557383
     0.14505   -0.0486514    -0.123221    0.0759414
   0.0264525   -0.0188887   0.00226001  -0.00146265
    0.086745  -0.00456583      0.23751   -0.0552689
    0.131183    0.0209192    -0.109177    0.0254987
   -0.113158    0.0895544      0.11828    0.0249299
  -0.0221261   -0.0537078     0.131913    0.0542535
    0.457511    -0.234608    -0.149543      0.13293
   0.0676871   -0.0133523    0.0483301    0.0379971
  0.00568993   -0.0599511   -0.0804159    0.0854528
    0.067632    -0.071422     0.025901    0.0206351
-0.000872891    0.0792553   0.00402793    0.0150459
  0.00553207  -0.00424005    0.0212276   -0.0135107
   -0.181257    0.0561884     0.151177   -0.0825436
   0.0464316    0.0451779    0.0869275   -0.0590027
   -0.104546     0.164899     0.121206   -0.0132783
    0.044013    0.0156366    0.0267585    0.0264149
    0.100549    -0.108487   -0.0228348    0.0295098
     0.19781    -0.103796    -0.217317     0.106574
   0.0742369    -0.140645    0.0303592    0.0265907
   0.0381013   -0.0376544    0.0486808   -0.0322923
  -0.0279636    0.0200778    0.0420261   -0.0143326
    0.336224    -0.223183     -0.20105    0.0443928
    0.155593   -0.0562102    -0.253243    0.0855768
  -0.0750672     0.115663     0.101491    0.0483512
  -0.0740283    0.0570406    0.0633978   -0.0311019
 2.32449e-05    0.0864376   -0.0492286   -0.0412757
  -0.0509682   -0.0096836    0.0197623   -0.0203949
   -0.152513     0.141526    0.0603339 -0.000437765
   0.0969692  -0.00919276   -0.0812227   -0.0614924
  -0.0311478 -0.000101203     0.063128    0.0221878
   0.0580761    0.0421232  -0.00965776    0.0426625
   0.0727209    0.0686881    -0.187283    0.0479825
   0.0848948     0.112814    -0.183437   -0.0261649
     -0.2097     0.156844     0.145379   -0.0104748
   0.0023833    0.0445172    -0.153094   0.00905326
   -0.105485    0.0900514    -0.100799   -0.0794643
 -0.00992205    0.0372565   -0.0264311    0.0188566
 -0.00249404    0.0639844    0.0877844   -0.0488167
   -0.014351    0.0511419    0.0568855   -0.0769019
    0.102148    -0.088303   -0.0139125     0.016502
    0.239531    -0.101257    -0.250651     0.118931
    0.026073   -0.0860053   0.00143952    0.0569592
  -0.0422901    0.0502186   -0.0735488    0.0431653
    0.011545     0.055588   -0.0675905   -0.0343048
  -0.0717683    0.0308444    0.0349837     0.054001
     0.15508   -0.0206705   -0.0676784    0.0351628
    0.205421   -0.0923899    -0.198163    0.0736442
   -0.043496   0.00705279       0.1644   -0.0451539
   0.0701535     0.134084    -0.143556   0.00141974
    0.118833   -0.0113797    0.0303068   -0.0283236
   -0.155755     0.125619   -0.0676976   -0.0241831
  -0.0229918     0.030464   -0.0519091    0.0683901
    0.062396    0.0142545   -0.0253322    0.0168545