  -0.0760247     0.072426   -0.0124779   -0.0336031
  -0.0262409    0.0691178   -0.0563835    -0.129787
    0.100607    0.0138145    -0.170987     0.097078
   0.0553867   0.00498668  -0.00410983   0.00132873
  -0.0029553   -0.0267996     0.082158    0.0164831
   0.0344623   -0.0946271    0.0182552    0.0622982
   0.0665379   -0.0141001   -0.0393481    0.0488953
   0.0903018    -0.152142     0.151761    -0.102039
   0.0219579     -0.15732   -0.0349468    0.0434619
  0.00890865    0.0122992  -0.00107994 -0.000110533
  -0.0165657    0.0597639    -0.051785   -0.0191789
   0.0358867    -0.103271     0.156616    0.0891729
   0.0357615    0.0367689   -0.0297927    0.0155474
    0.127069    -0.100172    0.0423961    0.0485571
    0.047077    -0.064398     0.132111    0.0246892
  -0.0569158     0.114988   -0.0928358    -0.147168
    0.102916   -0.0768278    0.0507273   -0.0401116
  -0.0633417    0.0837073    -0.183861    0.0345774
    0.063637    -0.026997    0.0773768    -0.111048
  -0.0607778    0.0227612    0.0216742    0.0208714
   -0.040176    0.0248534    0.0676773    0.0516611
   -0.041433    0.0539977   0.00852924   -0.0322164
  -0.0144216    0.0515055    -0.152814    0.0105808
  -0.0430395   -0.0616579     0.145491    -0.143325
   0.0672807    0.0718776    -0.287619   -0.0683224
   0.0157655   -0.0252263    0.0462408  -0.00489368
    0.103783   -0.0812176     0.114525     0.134553
    0.021441    0.0995675   -0.0647536   -0.0633059
    0.119063    -0.130908    -0.142557     0.199894
   0.0981716    0.0163534   -0.0922753    0.0124844
  0.00159631   -0.0457198   -0.0487176    0.0281465
   0.0682651   0.00816712   -0.0164382  -0.00505849
  -0.0484115     0.103763  -0.00364599    0.0704108
   0.0750377    0.0039497    0.0217255  0.000280973
   0.0633694    -0.107509     0.201564   -0.0405251
   0.0809285    -0.113112     0.140403    0.0831477
   0.0659662   -0.0227642   -0.0443152   -0.0947225
   -0.139527     0.167652    -0.186612   -0.0216819
   0.0273866   -0.0642809   -0.0707104    0.0956582
   0.0518234   -0.0622663    -0.014702     0.127941
 -0.00898428    0.0207382   -0.0440356    0.0248233
   0.0490656    -0.118835     0.238371      0.02104
   0.0981723   -0.0949627     0.147983     0.122408
  -0.0388305    0.0249303   -0.0230536    0.0211158
   0.0588068   0.00316829    -0.118593   -0.0950707
    0.158636    -0.137032   -0.0544047    0.0529294
  -0.0578204     0.140619    -0.125686    -0.119397
   0.0129408    0.0287746   -0.0173552    -0.118934
   0.0846234   -0.0216852  0.000460281    -0.019441
   0.0736179   -0.0517898   -0.0637361    0.0741187
 -0.00560168   -0.0758427    0.0928419    -0.122993
   0.0433741   -0.0549337    0.0152513   -0.0198422
    0.122192    -0.125656    -0.162824     0.166471
    0.041291    0.0842677   -0.0218336   -0.0311813
   0.0732665   -0.0158743   -0.0101873    0.0993488
  -0.0515813     0.005544   -0.0182363   -0.0186708
  -0.0261003    -0.103545      0.10246    0.0679725
   0.0632915   -0.0690828    0.0563497     0.051679
   0.0543972  -0.00427895    -0.204426   0.00809295
  -0.0225687    0.0596029    -0.110596   -0.0750616
  0.00808421    0.0674461   -0.0504758   -0.0933895
   0.0476142   0.00439314   -0.0666264    0.0321501
  0.00815661   -0.0826823   -0.0357537    0.0657571
 -0.00330708    0.0355324   0.00491257   -0.0667896
  -0.0190437   -0.0707381   -0.0573731      0.11434
   0.0300134   0.00171234    0.0615677    -0.049172
   0.0597021   -0.0426618    0.0272626   0.00626125
  -0.0581604    0.0432205   -0.0426012    0.0383438
   0.0818935    -0.026078    -0.012634    0.0117599
    0.141319   -0.0165053    0.0309979    -0.129297
  0.00681447    0.0311155    0.0261943    -0.014941
   0.0948877   -0.0263745   -0.0363722     0.117543
    0.037598   -0.0122443    0.0552502   -0.0185157
   0.0291987    0.0256187   -0.0471099   -0.0520321
  0.00663028    0.0458465     0.160565   -0.0529843
   0.0105034     0.118489   -0.0241351   -0.0807016
    0.004832   -0.0399042    0.0318084    0.0404593
-0.000291487   -0.0583113     0.162002    0.0649628
   0.0347389    0.0787031    0.0245673   -0.0295936
    0.040172   -0.0628843   -0.0498326    0.0105085
  -0.0424567     0.117567    -0.040178    -0.044855
  -0.0186234     0.144122   -0.0097272   -0.0954349
  -0.0288951   0.00487755    0.0990407   -0.0656685
 -0.00735929   -0.0460068     0.104364    0.0409441
    -0.07747     0.112621    -0.133089   -0.0670462
  -0.0208979   -0.0518181     0.136773   -0.0394632
  -0.0777863     0.116583   -0.0486332   -0.0965323
   0.0268756    -0.155214    0.0979622     0.163267
   0.0596678   -0.0707825    0.0530474    0.0917722
   0.0409523   -0.0550706   -0.0470105    0.0148636
   0.0746977   -0.0666816   -0.0738449     0.108719
  -0.0645742    0.0395449   -0.0120248    0.0626118
  -0.0779661    0.0907584  0.000326447    0.0946033
   0.0604032   -0.0459021     0.054791   -0.0308692
  -0.0250023    0.0400582    0.0528669   -0.0111562
   0.0319685   0.00962795   -0.0141676  -0.00104282
    0.115331    -0.157843     0.123203    0.0767458
  -0.0647172    0.0518652     0.129786   -0.0511695
   0.0053058   -0.0665139    0.0645579    0.0754211
  0.00264087    0.0582016    -0.026429    -0.106629
    0.028337    -0.107618     0.103312    0.0504958
   0.0874775   -0.0398822     0.020525   -0.0409119
    0.139241    -0.172325    0.0894114     0.248693
   0.0325614     0.087408    0.0103301   -0.0936197
   0.0109165   -0.0773332     0.133923    0.0570117
  -0.0273689   -0.0607547    0.0731625   -0.0166587
   0.0115056    0.0406338    0.0885631   -0.0366069
   0.0865572   -0.0197831     -0.29677    0.0940027
   0.0672854   0.00906032   -0.0408195   -0.0116529
   0.0587453   -0.0687369     0.096335    0.0776957
-0.000298823    0.0370895   -0.0273127   -0.0643466
   0.0704838   -0.0492279    0.0440933   -0.0208991
   0.0331164   -0.0323623     0.113859    -0.072482
   0.0152745  -0.00440844    0.0994519    -0.118463
  -0.0658025    0.0115695     0.139892   -0.0350535
   0.0849886    0.0558209   -0.0493041   -0.0395056
   0.0407565    0.0254718    0.0450753   -0.0467536
   0.0611985   -0.0128237   -0.0576963   -0.0168711
    0.039408    0.0832763     0.124028   -0.0530342
    0.153065   -0.0649566    0.0954593     0.145518
 -0.00855524   -0.0926598     0.120978    0.0218195
  -0.0176978    0.0367908  -0.00979923    0.0201703
   0.0197229     0.004527    0.0287066   -0.0527796
   0.0510171    -0.144667    0.0949149     0.193977
  0.00299847   -0.0326247   -0.0840719 -0.000728414
  -0.0181951   -0.0578187    0.0530797    0.0486861
  -0.0264955    0.0678904     0.105138   -0.0175896
   0.0307197     -0.10944     0.077821    0.0287074
  -0.0603279  -0.00349148   -0.0255882    0.0676221
   0.0934016    -0.107656     0.210081  0.000844634
  -0.0143563    0.0320872   -0.0171101   -0.0667556
  0.00271941   0.00260314    0.0728807    0.0926783
   0.0169903    -0.020006    0.0419699    0.0440866
 -0.00409673   -0.0208394   0.00356682    0.0771114
    0.076828   -0.0132749    0.0857709    0.0394669
    0.104372      0.01881    0.0430226    0.0803332
   0.0549233   -0.0679656   0.00868047   -0.0148329
  -0.0482979   -0.0351838     0.182383   -0.0646379
   0.0515199   -0.0987867     0.119731    0.0745913
 -0.00430826   -0.0466638   -0.0922753   -0.0621625
   0.0107761    0.0233765    -0.084101     0.110631
   0.0580811    0.0456176   -0.0241299  -0.00892697
   0.0663105   0.00493098    0.0733968   -0.0246148
  0.00549511  -0.00836216   -0.0271858   -0.0462828
  -0.0091935    0.0981554    0.0635427   -0.0922286
 0.000648279   -0.0939523    0.0593564    0.0197927
   0.0646447     0.058734    0.0107486    0.0237559
 -0.00846481    0.0298518   -0.0872984    0.0801871
  -0.0124208   -0.0144717   0.00233128   -0.0398852
   0.0994503   -0.0539327   -0.0736472    0.0198649
   0.0114642   -0.0994902     0.157164  -0.00952608
   0.0320368   -0.0266575    0.0641673   -0.0408292
   0.0251051    0.0420172    -0.150062   -0.0588111
   0.0974196   -0.0654801    -0.198362    0.0201709
   0.0904174   -0.0591151    0.0447005    0.0554557
  -0.0887462    0.0374119   -0.0113103     0.034084
   0.0471198  0.000659731    0.0564903    0.0674163
    0.142808    -0.023108    0.0104991     0.108551
    0.103057   -0.0772935    0.0247191   -0.0236806
   0.0508453    0.0950816    0.0400794   0.00870113
   0.0646353   -0.0531052     0.136808    0.0082141
   0.0139398    0.0588879    0.0768743   -0.0243295
   -0.054988   0.00974878      0.12777   -0.0454451
 -0.00283192    0.0489176   -0.0655576   -0.0158446
   0.0588576    -0.133871    0.0743276    0.0926387
  -0.0140323    0.0889256    -0.063692   -0.0207095
  -0.0379047  -0.00672608     0.122982   -0.0269617
   0.0667798    -0.100298    0.0189153     0.122028
  -0.0238946    0.0757661   -0.0185985   -0.0403883
   0.0472864    0.0276243    -0.108271    0.0345402
   0.0707885   -0.0100941    0.0512648     0.110471
   0.0305281    0.0518186     0.129898    -0.209152
   0.0886778   -0.0684308   -0.0712459  -0.00411696
  -0.0648429    0.0240912     0.140915   -0.0183362
  -0.0412229  -0.00441108   -0.0129266   -0.0400062
  0.00885686   -0.0461578   0.00551025     0.121316
  -0.0156644    0.0421531   -0.0460808    -0.101823
   -0.059932    0.0594049     0.106236     -0.10912
    0.113504   -0.0712682    0.0475282    0.0540782
   0.0593902   -0.0441543     0.016912    0.0507406
   0.0735466   -0.0483811    0.0179846   -0.0028733
   0.0613231    0.0622002  -0.00465477   -0.0795564
   0.0755512    -0.110928   -0.0346483     0.110199
   0.0603955  -0.00020925   -0.0381684   -0.0883705
  0.00343798   -0.0760712     0.139663  -0.00389074
   0.0314828   -0.0579935     0.139832    0.0155644
   0.0157235   -0.0757391   -0.0173601    0.0879121
   -0.103845     0.139845    -0.053769    -0.126146
   0.0812047   -0.0750071  -0.00932217    0.0828887
   0.0814361   -0.0465212    0.0221618     0.044902
   0.0185224   -0.0386129   -0.0599363    0.0820572
  -0.0214792   -0.0480487    0.0510216 -0.000853841
   0.0809568   -0.0581491    0.0344836    0.0677359
   0.0153553   -0.0220188    0.0796764   -0.0400333
   0.0648858    -0.112399       0.1014    0.0960605
   0.0390942   -0.0121341  -0.00268629   -0.0791229
   0.0939816    -0.109273     0.194691      0.13277
   0.0224275    -0.013059    0.0575256    0.0624015
   0.0323405   -0.0254317    -0.052367    0.0780618
   0.0601974   -0.0527486    0.0727318    0.0109477
   0.0119367    -0.110096  -0.00466943    0.0705831
 -0.00437994   -0.0399562     0.102885   -0.0596312
   0.0360835   0.00405155    0.0934304    0.0262804
   0.0430196   -0.0468924    0.0480161   -0.0383626
   0.0440373    0.0191517     0.116733    -0.126019
   0.0172095    0.0817518   -0.0147824    0.0478361
  0.00604479    -0.047481    0.0806421   -0.0941414
  -0.0104256    0.0137018     0.043629   -0.0135992
   0.0658874    0.0401672   -0.0187647   -0.0782003
   -0.091843    0.0876621    0.0165662  -0.00932887
   0.0233281   -0.0760531      0.20316     0.110642
    0.125434   0.00501358   -0.0141298    0.0976277
   0.0192836   -0.0730226     0.133779   -0.0416419
   0.0384727   -0.0176932    0.0273012   -0.0625178
    0.185326    -0.253728     0.157434    0.0905712
   0.0988853    -0.114928     0.258745    0.0409171
   0.0909524    0.0557794    -0.108369    0.0580744
   0.0470278   -0.0033839    0.0115294    -0.123241
  -0.0485626   -0.0911856     0.179635   -0.0341364
  -0.0124534   -0.0260993    0.0357727  -0.00834079
   0.0353044    0.0432528     0.155555    0.0195975
   0.0816236    -0.103924     0.014934    0.0069701
   0.0643575  -0.00956857    -0.111776     0.030883
    0.186695    -0.142708     0.112559    0.0206453
   -0.036909     0.079325   -0.0591413   -0.0421314
   0.0183772    0.0440829  -0.00381126    0.0130823
   0.0956772    0.0137291    -0.166419    0.0439682
   0.0833142   -0.0967162     0.165332   -0.0477924
  -0.0661015   -0.0211401  -0.00765264  -0.00552913
  -0.0456499    0.0450046     0.053592  -0.00966827
  -0.0409338    0.0497822    -0.039319    -0.100908
  -0.0498264   0.00586586    0.0170338    0.0815467
  -0.0168708    0.0733359    0.0812742   -0.0360244
   0.0284022      0.06691   0.00526356    -0.063091
   0.0406103    0.0801154   0.00790426    0.0110447
  -0.0462562    0.0868592   -0.0545223   -0.0600715
   0.0151339   -0.0319059    0.0866688   -0.0601395
   0.0373869   0.00573096    0.0611277    0.0174341
   -0.012537   0.00274314    0.0269429    0.0321766
  -0.0323055   -0.0329423    0.0557872    -0.115774
 -0.00986283     0.116448   -0.0772731    -0.109355
  -0.0335593    0.0754407    0.0359263   -0.0129013
   0.0809803  -0.00378964   -0.0491827   -0.0470404
  -0.0917516    0.0360849     0.162918    0.0674787
    0.024331   -0.0464277     0.257757   -0.0321893
   0.0280764   -0.0442255     0.137097    0.0511831
   0.0507541    -0.133672     0.110239  -0.00647128
   0.0144267   -0.0190294  -0.00139588    -0.187698
  -0.0185856  -0.00653991    0.0503705    0.0136247
  -0.0559667   -0.0487893     0.136351   -0.0672714
     0.11497     0.035927   -0.0799305   -0.0239723
    0.100247    -0.080558   -0.0919134    0.0401126
  -0.0614494    0.0633039     0.150205    -0.107416
   0.0398019    -0.139165     0.153196   -0.0704345
   0.0706535   0.00765438   -0.0589737    -0.106053
    0.104355   -0.0608939    0.0684538    0.0367933
    0.107012   -0.0418407    -0.129394   0.00504054
   0.0794123    -0.114688   0.00694844    0.0804766
   0.0633919   -0.0408252    0.0527517    0.0263625
  -0.0806316    0.0340404 -0.000962747   -0.0509109
     0.05024   0.00135249    0.0901449    0.0630906
   0.0536752   -0.0309861    0.0501391    0.0485712
    0.040796    0.0072613   -0.0321221    0.0555356
  -0.0180846     0.038199   -0.0637469   -0.0075195
  0.00889381   -0.0316713   -0.0593359   -0.0387891
   0.0695764   -0.0317998   -0.0556369    0.0644927
   0.0506743     -0.10183   -0.0656453    0.0395398
   0.0268119    0.0132965    0.0880634     0.073753
  -0.0179911  -0.00435459   -0.0324842    0.0446052
    0.115703   -0.0186355   -0.0299594   -0.0188848
   0.0875272     -0.14573     0.018385   -0.0126327
    0.100687   -0.0442544   -0.0436163    0.0862936
  -0.0467589     0.121119    -0.100632   -0.0332835
   0.0252053   -0.0150553    0.0341199    0.0219732
   0.0869849    -0.124427     0.119635   0.00983282
  -0.0321194    0.0181795   -0.0254698    0.0294661
   0.0788672   -0.0113099   0.00234283    0.0846821
     0.11735   -0.0155352    -0.106957    0.0954687
   0.0805758   -0.0909697   -0.0519122    0.0104999
   0.0331638    0.0566226   -0.0672847   -0.0427027
  -0.0554346   0.00208283    0.0881272    0.0263919
    0.151409    -0.171487     0.223961     0.273177
 -0.00860258   -0.0132244   -0.0691635   -0.0688348
   0.0176077   0.00373997    -0.112778    0.0239454
    0.143448    -0.137935     0.201674   0.00512899
   0.0214411   -0.0290574  -0.00131642   -0.0201679
   -0.081837     0.116301    0.0334035      0.10839
    0.080751   0.00193436    0.0142289   -0.0676898
   0.0601638    0.0193467     0.192936    -0.158943
   0.0627572   -0.0196239   -0.0754083    0.0106378
   0.0288694     0.100817    0.0350018    -0.120246
   0.0470861   -0.0358294   -0.0704829    0.0904404
   0.0737532    -0.145788   -0.0284066     0.148932
   0.0581426    -0.130111    0.0676158    0.0196038
    0.111883  -0.00870778    0.0369991    0.0125807
   0.0418707   -0.0626357    -0.017423    -0.035368
   0.0143851   0.00950893       0.1637  -0.00964282
   0.0715155   -0.0876484   0.00442403     0.133723
   0.0233292  -0.00696391    0.0466917    0.0647166
 -0.00288973    0.0360045   -0.0382261   -0.0965528
    0.032314   -0.0134535   -0.0543451   -0.0555301
  -0.0509575    0.0285837     0.137265    -0.066776
  -0.0143314   -0.0751868    0.0448145   0.00860317
   0.0426356   -0.0512031    0.0857515  -0.00262347
   0.0758657   -0.0255363   0.00865365     -0.12479
  -0.0560313   -0.0683108    0.0688655    0.0733324
    0.111361    -0.150446   -0.0378207     0.176814
  0.00820494   0.00418774   -0.0622528   -0.0914342
   0.0794323    0.0343854     0.085546   0.00564937
  -0.0199404    0.0274588   0.00485834    0.0336134
    0.051423   -0.0921587    0.0216335     0.123969
-0.000647721  -0.00784807    0.0663287   -0.0463306
   0.0708433   -0.0403694    0.0109089    0.0395126
    0.216022    -0.262384     0.148849     0.351155
   0.0457461    0.0128515    0.0343197     0.137989
   0.0134057     0.039925    0.0625158   0.00470114
  -0.0153715    0.0259587     0.117712   -0.0991592
    0.106212    0.0383048   -0.0876683     0.156859
   0.0257839    -0.139036     0.267705    0.0605471
 -0.00524158    -0.068617    0.0391127    -0.117693
   0.0255296   -0.0332262     0.054327   0.00620135
   0.0352888   -0.0698763     0.155847    -0.013258
  -0.0165932   -0.0269359    0.0146082    0.0564706
    0.028188    0.0558979   -0.0866681    0.0481751
   0.0262099   -0.0960269     0.129244    0.0164322
    0.145015    0.0110296   -0.0545313    0.0399386
-6.48231e-05    0.0413463    0.0938332   -0.0901463
   0.0430102   -0.0328528   -0.0329612   0.00454374
   0.0151052    -0.067101   -0.0268029    -0.182255
   0.0113224    0.0211679    0.0769626   -0.0541277
    0.028842   -0.0323389    0.0505762  -0.00875341
   0.0566886    -0.023258     0.183853   -0.0300792
  -0.0124169    0.0419873     0.117783    -0.142309
  -0.0353951    0.0836354   -0.0555323  -0.00795893
  -0.0700741   -0.0392891     0.106339    0.0100838
  0.00526707    0.0312153    0.0718846   -0.0376166
   0.0371203   -0.0863781     0.145003     0.177747
   0.0336082   -0.0298522   -0.0558737   -0.0654449
  -0.0584524    0.0396768     0.223974    -0.095431
   0.0373946   -0.0504219    0.0899218   -0.0287378
   0.0489079    0.0563585   -0.0492531   -0.0685647
   0.0268958    0.0420505     0.180629   -0.0450256
   0.0748504   -0.0684653    -0.142493    0.0360823
   0.0152665   -0.0479201    0.0869143    0.0161871
   0.0183112    0.0105283   -0.0343553      0.04329
  -0.0118851    0.0528407   -0.0532292    0.0312454
  -0.0296901    0.0546899   -0.0265432    0.0154795
  -0.0244742    0.0212043    0.0619925   -0.0540235
     0.07703   -0.0180204    0.0594387    0.0548294
   0.0137513    0.0166881      0.13601    0.0174582
  0.00571816    0.0453482    0.0216926  -0.00554808
    0.043102   -0.0493525   -0.0340896     0.122458
    0.116504   -0.0313604    0.0607474     0.186098
  0.00480708     0.117573   0.00646842    -0.118255
  -0.0333732    0.0834787    0.0137076   -0.0970623
  0.00118385   -0.0236601   -0.0673124   -0.0181729
   -0.024577    0.0977268   -0.0808077   -0.0161369
   0.0128474  -0.00949803     0.117789   -0.0200856
   0.0663315  -0.00633874     0.275282    -0.183501
   0.0740368    0.0119592    0.0677353    0.0701791
  -0.0212051   -0.0584407  -0.00760557    0.0437694
   -0.046019    0.0225845     0.150045  -0.00849192
  -0.0409464    0.0660683    0.0768418   -0.0751764
   0.0369805     0.037007   -0.0446418     0.102791
  -0.0113168    0.0853468    0.0287848    -0.127119
  -0.0259003   -0.0308735     0.104954    0.0460771
  -0.0155993    0.0127494    0.0930345   -0.0603978
    0.124653 -0.000810114     0.121881   -0.0656488
   0.0875586   -0.0840518    0.0849138    0.0128472
    0.107281    -0.121777    0.0864926    0.0506394
  0.00484499   -0.0123694    0.0941696   -0.0564695
     0.04076   0.00616139    0.0362061    0.0624498
   0.0325236  -0.00890201    -0.166719   -0.0186393
   0.0761884    0.0645206    -0.030382    0.0587204
 -0.00975287    0.0352909     0.103331   -0.0841418
   0.0780579   -0.0745104    0.0330741    0.0064081
   0.0366779     0.123858    -0.209483    -0.104566
  -0.0292417    0.0378956   -0.0100892   -0.0644204
 -0.00466798    0.0316867   -0.0419502    0.0459369
  0.00452413   0.00148878    0.0118108   -0.0177925
   0.0838156    0.0389368   0.00994796   -0.0373408
    0.147159    -0.161878     0.276602   -0.0468422
    0.118837  -0.00785226    -0.219985    0.0765052
   0.0822014    -0.110793     0.223633    0.0305615
   0.0175157   -0.0222738   -0.0222543    0.0969787
  -0.0608151    0.0529778   -0.0405614   -0.0041918
 -0.00493122  0.000129069    -0.096207   -0.0368179
 -0.00952218   -0.0589324    0.0922653    -0.024211
   0.0959207   -0.0408189     0.052878    0.0599425
  -0.0672508    0.0280142   -0.0117104  -0.00952051
   0.0132504   -0.0748082    0.0825406    0.0688966
    0.121822   -0.0518391     0.180178     0.108549
  -0.0478366   -0.0461561     0.182958    0.0724611
   0.0243372   0.00372539   -0.0465154    0.0493042
 -0.00362332     0.135851     -0.16748    -0.110883
    0.030865    0.0597728    0.0766476   0.00303118
   0.0447169    -0.035383   0.00821496   -0.0111972
    0.118515   -0.0113912     0.013912    0.0966896
   0.0320146   0.00848163   -0.0912468   -0.0210655
 -0.00520939   -0.0477706     0.137154    0.0566446
   0.0402569   -0.0734366    0.0208052      0.12574
 -0.00597948    0.0970821   -0.0515482   -0.0257703
   0.0777987   -0.0334821     0.167792    0.0355955
   0.0859645  0.000907615   -0.0623179    0.0205656
   0.0790068   -0.0137851   -0.0187638    0.0409978
   0.0722487    0.0451192   -0.0437017    0.0256822
  -0.0544683    0.0913669    0.0218405   -0.0465592
     0.08686   -0.0950206     0.085434    0.0663775
  0.00442202    -0.096157     0.176353    0.0089187
   0.0489783   0.00944585    0.0506079     0.125241
    0.112662    -0.112084     0.106687   -0.0195698
   0.0459263    -0.078568     0.125953    0.0509261
  -0.0216397    0.0377178    0.0990771   -0.0511069
   0.0803132    0.0654827    0.0313895   -0.0608793
  -0.0464407   -0.0848793    0.0477987   -0.0805159
  -0.0210442  -0.00240673   -0.0330155  -0.00710865
    0.060214    0.0495879    -0.113598    0.0915582
   0.0482354   -0.0768173    0.0502997   -0.0176046
  -0.0786291   0.00304007    0.0186378  -0.00813703
   0.0382576   -0.0583995    -0.032915  -0.00515183
  -0.0474447    -0.012391  -0.00787452   -0.0399365
   0.0552463   -0.0162041     -0.12431  -0.00971916
    0.113257   -0.0348269    0.0390916    -0.114145
   0.0610259   -0.0597101    0.0676242    0.0811349
   0.0171709   -0.0659984     0.157197    0.0739591
    0.192297   -0.0839732   -0.0653663    0.0487717
   0.0610159   0.00397235    0.0310407    -0.011634
    0.110458   -0.0828406   -0.0137399     0.115085
   0.0648563 -0.000982899   -0.0789384   -0.0160295
   0.0289618    0.0632806    -0.190259    0.0522965
   -0.045211      0.09091   -0.0432438  -0.00389546
  -0.0483938    0.0310212     -0.04129  -0.00859683
   -0.025598    0.0538495   -0.0795323    -0.120846
  -0.0248868   -0.0248782   0.00882934   -0.0819527
   0.0106578  -0.00534436   -0.0381406   -0.0902276
   0.0817911   -0.0540124   0.00310765  -0.00792306
   0.0251986   0.00244475    0.0830117    0.0543086
  -0.0345318    0.0501834   -0.0132039   -0.0153512
  -0.0191974    0.0440152   0.00765495   -0.0511193
   0.0762242   -0.0900373   -0.0666173     0.022121
   0.0533102   -0.0150841    0.0969127  -0.00683943
  -0.0454284     0.134559     -0.11446   -0.0208588
   0.0551282     0.133618    -0.028008    -0.138288
  -0.0244652   -0.0996972   -0.0240987   -0.0570972
   -0.021519 -0.000420301  -0.00396559    0.0059554
    0.130737     0.034556   -0.0085183    0.0276937
   0.0515532   -0.0264525  -0.00190522    0.0392262
  0.00142959    -0.058704    0.0291521   0.00523139
   0.0326817   -0.0166259   -0.0330869     0.023772
   0.0794787    -0.149099  -0.00185159    0.0328094
   0.0733044   -0.0779303     0.368636     0.014903
   0.0340999   -0.0237751    0.0112304   -0.0407166
   0.0490733   -0.0278192     0.190898     -0.04326
   0.0852891    0.0191586     -0.11793   -0.0774512
  -0.0093214     0.030138    0.0445284    -0.103014
    0.053494   -0.0925118     0.112121    0.0419574
    0.100133   -0.0382237  0.000353312     0.102524
   0.0279697     0.048494   -0.0386758   -0.0365545
   0.0296763   -0.0496094  -0.00458451   -0.0615328
   0.0798752   -0.0777606    -0.041741     0.014597
   0.0858987    0.0581168    -0.125581   0.00410086
   0.0187074   -0.0572479    0.0706102    0.0623667
   0.0256843    0.0633327     0.081414    -0.135228
  -0.0198676     0.158245    -0.113317   -0.0651367
  -0.0252191   -0.0714779    0.0397177    -0.090817
   0.0252883   0.00368414     0.114008  -0.00119913
  -0.0108792  -0.00951867   -0.0411124  -0.00800696
  -0.0239827   -0.0414537   -0.0422334    -0.110732
   0.0214746   -0.0423258     0.152495   -0.0845611
  -0.0627659    0.0828657    0.0368345  -0.00212203
 -0.00964369  -0.00543081   -0.0319141   -0.0441895
   0.0694217     -0.14943     0.152524    0.0519809
  -0.0123875    0.0931996   -0.0622812    -0.150162
   0.0289536    0.0427861   -0.0627107   -0.0932669
 -0.00614631     0.078871    0.0407348    0.0220536
   0.0711127   -0.0143526   -0.0627154     0.034223
  -0.0233529    0.0881197  -0.00733557     -0.14184
   0.0623095   -0.0557124    0.0117835    0.0508165
   0.0297157    0.0868849   -0.0387014  -0.00180746
  -0.0954595    0.0720196     0.067821   -0.0302302
  0.00994281    -0.129394     0.243281     0.124697
   0.0765095   -0.0862649   -0.0773495    0.0277469
   0.0861229     -0.11289     0.210307   -0.0350089
  -0.0062554     0.040139   -0.0272325    0.0105709
   0.0530626    0.0166757    -0.124659  -0.00358578
    0.043356   -0.0750982   -0.0482826   -0.0213774
   0.0309113   -0.0652566    0.0990505    0.0338869
   0.0411258   -0.0304991    0.0506738    0.0710729
   0.0510258    0.0544005   0.00361724    0.0191054
  0.00963285    0.0232392    0.0480739     0.013351
     0.04337   -0.0903793   -0.0653396    0.0486888
   0.0977757    -0.118272    -0.049957   -0.0498666
   0.0362035    -0.023385   -0.0546996     0.012935
   -0.039354   -0.0486777    0.0887643   -0.0366884
   0.0398746    0.0136427    0.0481523     0.068412
  -0.0215214    0.0944585    0.0294926    -0.062157
   0.0248559   -0.0671651     0.041919    0.0679039
   0.0847321   -0.0245841  -0.00695219   0.00881665
   0.0903277     -0.12445    0.0291495   -0.0412891
   0.0582196    0.0509514    -0.047468   -0.0455079
   0.0194442    -0.067334    0.0342437   -0.0401964
  -0.0201351   -0.0448899   -0.0334441  -0.00684453
   0.0697463    0.0240019   -0.0907519    -0.125379
  -0.0660977    0.0704578     0.107189   -0.0310188
   0.0446023    -0.102967      0.09326   -0.0316135
   -0.060809    0.0998578     0.081923    0.0451889
   0.0532721   -0.0554923    0.0589369   -0.0743591
    0.120634   0.00333231    0.0826072     0.119235
   0.0565857    -0.123971   -0.0727343    0.0541195
   0.0784615   -0.0235908     0.117881     0.142714
    0.134483   -0.0157401   -0.0420027   -0.0104386
 -0.00643883    0.0114888   0.00799993  -0.00463522