   0.0286916   -0.0610822    -0.136819   0.00276056
    0.127081    -0.125313      0.20403  -0.00175022
   0.0819534   -0.0545226     0.036864     0.162355
    0.160046    -0.129535     0.152083     0.125709
  -0.0113644    0.0656136   -0.0907239   0.00280626
  -0.0420442    0.0205658   -0.0277388   0.00244082
   0.0142966     0.118648   -0.0798283    0.0156281
  -0.0190612     0.111279   -0.0445352   -0.0587612
   0.0175197      0.14639    0.0311864   -0.0144411
   0.0266964     0.129623    0.0116899   -0.0232434
  0.00649412     0.121708   -0.0995371   -0.0645106
 -0.00240727    0.0756204   -0.0351572   -0.0373102
  -0.0844493    0.0715354     0.137559    -0.069255
  0.00778403    -0.108914     0.222252    0.0865076
   0.0280731    -0.146887     0.113007     0.103407
   0.0963671   -0.0268723     0.110186   -0.0614416
 -0.00444185   -0.0641716    0.0715442    0.0276869
   -0.012906    0.0829621    0.0717841    0.0552543
  -0.0391542    0.0832788    -0.030826    -0.121461
   -0.135908     0.124828    0.0450935   -0.0761768
   0.0274259   -0.0518153    -0.116073    0.0893651
    0.192281     -0.16153     0.120591    0.0680817
   -0.011725   -0.0462528    0.0651096       0.1501
  -0.0284109 -0.000148433     0.156888     -0.03039
  0.00883887    0.0226663   -0.0208157    0.0390255
  -0.0628095     0.217532    -0.091667    -0.141044
  -0.0118081   -0.0206114     0.281162   -0.0422903
  -0.0562369    0.0287949     0.138981  -0.00425487
  -0.0144415    0.0691223     0.123558   -0.0695819
   0.0200549  -0.00559042    0.0558548      0.08455
   -0.070531     0.063272     0.131624   -0.0627775
   0.0439003  -0.00266433     0.205538   -0.0479665
   0.0536731   -0.0162233    0.0111862      0.02895
  -0.0116902   -0.0548349  -0.00431746     0.154147
   0.0378072    -0.029009     0.128724     0.110823
   0.0127132   -0.0466163    0.0888929     0.157873
   0.0367678   -0.0380234    0.0612408     0.272853
  -0.0164821   -0.0505073    -0.114619    0.0695302
   0.0749342     0.101422   0.00190264    -0.092676
  0.00546672   -0.0290658    0.0159771   0.00315163
   0.0924462    -0.176567    0.0986318      0.10539
  -0.0237448   0.00302371     0.331349    -0.120376
    0.204822    -0.160195   -0.0590177     0.114662
 -0.00626024   -0.0224337    0.0565686    0.0638518
  -0.0260403    0.0278173    0.0755012    -0.110275
   0.0548087    -0.163478     0.171371    0.0432389
    0.119559   -0.0979255   -0.0315514     0.138095
 -0.00763367    0.0112105   -0.0196471  -0.00540511
     0.04034    0.0113081   -0.0247412    0.0263558
   0.0868656    -0.041257    0.0655482    0.0526147
  -0.0255163     -0.12039    0.0980091   0.00846731
  -0.0506438      0.26541    -0.122266     -0.06071
   0.0211798   -0.0266094    0.0173876   -0.0515867
    0.129276   -0.0607033   -0.0048685     0.109643
   0.0451866    -0.113054      0.21599    0.0222052
  0.00628767    0.0187102    -0.120504    0.0604196
   -0.069951    0.0961648    0.0422811    -0.109066
   0.0306217  -0.00914514     0.113321   -0.0905884
   0.0757515   -0.0656962   -0.0343224     0.082422
   0.0891673    -0.153482    0.0714993      0.11791
   0.0475332   -0.0495352    -0.111904     0.181115
  -0.0462386    0.0809751  -0.00674533    0.0299018
   0.0126991   -0.0966704    0.0595736     0.091828
   -0.112997     0.219437    -0.240979    -0.120795
   0.0548231    0.0690333 -0.000104668    0.0047964
  -0.0486391   -0.0397551    0.0039656    0.0722355
  -0.0108745    0.0867269    -0.160106   -0.0557519
   0.0280263    0.0730683   -0.0358101    0.0233848
   -0.196473     0.333083    -0.122826    -0.133167
  -0.0135003  -0.00214495     0.174062    0.0262794
  -0.0921784    0.0757473    -0.183722   0.00156999
   0.0267781   0.00665254   0.00601091     0.078806
     0.02132    0.0741968    0.0415673  -0.00415726
  -0.0229089    -0.104173   -0.0858374   0.00127078
  -0.0696493    0.0353662    0.0145515   -0.0738917
   -0.090668   0.00911225    0.0909656    -0.122362
  -0.0160821   -0.0112054    0.0571814    -0.126378
   0.0211212    -0.067471    0.0174391   -0.0615028
  -0.0717147    0.0629397   -0.0784593   -0.0578449
   -0.033559    -0.105967    0.0750427    0.0170626
   0.0425454   -0.0815079     0.217898   -0.0159115
  -0.0657909     0.106464   -0.0917133   0.00969014
    0.137616    -0.111894    0.0918353    -0.082877
   0.0488834    0.0345165   -0.0346632    0.0206042
  -0.0399303  2.46233e-05   -0.0246184   -0.0592263
   -0.112937    0.0935491    0.0324145   -0.0545884
   0.0210514    -0.037873    0.0492726    0.0377746
  -0.0399057    0.0718473    -0.226308    0.0262807
    0.122855   -0.0658789     0.120808    0.0637911
    0.127226    0.0288976   -0.0498871    0.0374103
  -0.0464187    0.0198115    0.0671041     0.031189
   0.0686735    -0.187022    0.0148861    0.0544127
  -0.0547692    0.0298471   -0.0786454  -0.00117047
     0.14933    -0.107631     0.297437    0.0378142
    0.136082    0.0160421     0.128801  -0.00447089
    -0.04083    0.0631818   -0.0149041     0.034938
    0.101058   -0.0275444    -0.123889    0.0425034
  -0.0465121     0.125734   -0.0740758   -0.0302103
   0.0849089  -0.00270901    0.0243265   -0.0601825
   -0.040795   -0.0362024    0.0607148    0.0931524
    0.156553    -0.165238  -0.00159423     0.133026
    0.122506    -0.102937     0.248039   -0.0126036
  -0.0342922    0.0139143  -0.00907795    -0.160427
     0.12882    0.0424304   -0.0756501   -0.0104612
    0.119642   -0.0340297    0.0638118     0.123769
     0.07939    -0.117991     0.114811  -0.00320067
   0.0226917    0.0211684   -0.0573272   -0.0996113
    0.118295    -0.113847     0.101504    0.0871512
  0.00212905   -0.0416017   -0.0252305   -0.0818949
   0.0100779    0.0879127    -0.118384    0.0228159
   0.0790718  -0.00956463     0.161677   -0.0638378
    0.155146    -0.126095     0.229291     0.123243
   0.0237886    -0.102332     0.122304     0.134133
  -0.0616551    0.0726427   -0.0815032    0.0142791
   0.0300082    0.0483058       0.1023   -0.0144745
  -0.0926599    0.0189709    0.0636076    -0.058534
   0.0198691    0.0437096     0.152364    0.0868586
    0.174553    -0.151075     0.095915     0.140449
   0.0111177     0.104219    -0.121135    -0.040705
  0.00206774    0.0718074    -0.058324   -0.0523133
    0.139348    0.0526352     0.113107   -0.0958622
  -0.0333969    0.0367065     0.126319     0.184949
   0.0232037    0.0214254      0.20315    0.0262026
   0.0718758   0.00397292   0.00395997   0.00900291
   0.0105578    0.0309564   -0.0914075   -0.0863462
  -0.0373514    0.0977562   -0.0637235    0.0574888
  -0.0316251    0.0140807    0.0389422    -0.124272
   0.0357149    0.0545362    0.0658916   -0.0917988
    0.103598    -0.164929    0.0474358    0.0603202
 -0.00689853    -0.124487    0.0121766   -0.0524299
  -0.0483878    0.0216369   -0.0328644    0.0792544
   0.0143458    0.0414803    -0.144014   0.00982045
    0.116608   -0.0482013  -0.00028543    0.0626837
   0.0447917  -0.00479753   -0.0346686    0.0702654
   -0.147377      0.10934    0.0138115   -0.0874819
  -0.0109443     0.121747   -0.0613362   -0.0126812
   0.0287617    0.0148354   -0.0816649    -0.130675
  -0.0252915    0.0691922     0.134412    0.0684843
   0.0899532    -0.127694    0.0835682   -0.0761472
   0.0983305    0.0241018   -0.0523966    0.0568289
    0.134659    -0.126702    0.0343124   -0.0572361
   0.0500395    0.0183416   -0.0215234   -0.0325065
  0.00525662    0.0325464    -0.107932   -0.0226049
 -0.00538348    0.0817123   -0.0913103  -0.00298815
  -0.0315673 -6.83902e-05    0.0540234   -0.0668713
  -0.0496655   -0.0509979    0.0288352    0.0742502
  -0.0630934   0.00508975    0.0895007   -0.0190418
   0.0853201   -0.0197505    -0.013983    0.0171186
   0.0902014   -0.0379853     0.109633   -0.0748686
    0.116717   -0.0271361     0.114384   -0.0791381
   -0.134263    0.0503541    -0.106768   -0.0964584
    0.221761    -0.239916   -0.0708839     0.184257
   0.0877281    -0.239572    0.0621626       0.1516
    0.104365     -0.10117    -0.038522     0.112142
   0.0701221    0.0403553   -0.0978584   -0.0287337
   0.0981124   -0.0105438     0.134844    0.0610149
    0.123719    -0.127754      0.11918    0.0360948
    0.126884    -0.029689   -0.0151377     0.104593
   0.0543335   0.00370126    0.0416279   -0.0446958
   0.0656236   -0.0451106     0.183407   -0.0679463
 -0.00503674    0.0750507    0.0147105    -0.047911
    0.103509   -0.0304852    0.0339155    0.0129007
  -0.0247328    0.0329673   -0.0150736   -0.0415646
    0.105634   -0.0276667   -0.0761512   -0.0498293
  -0.0716366    0.0760655   -0.0673394   -0.0918939
  -0.0156022    0.0432355   -0.0696823     0.013646
   0.0554411   -0.0198986  -0.00733518    0.0267293
    0.163108   -0.0569625   -0.0976581     0.110978
   0.0427997    -0.162112     0.183787     0.142961
  0.00237395    0.0645576    0.0477594   -0.0403923
    0.110277     0.104043   -0.0367363   -0.0327007
   0.0908053  -0.00575791   -0.0159819    -0.174336
   0.0465031     0.152518    -0.121319   -0.0189855
  -0.0766176    0.0734399    -0.147371   -0.0110319
   0.0282243   -0.0465556    0.0458757     -0.10895
    0.102514   -0.0132229   0.00323847   -0.0471896
    0.015311    0.0310816    0.0580709     0.018204
    0.239183    -0.218002    0.0697326     0.165912
   0.0618872   -0.0425745     0.137817    0.0522971
  -0.0196818    0.0499621   -0.0369478    -0.086464
  -0.0291613    0.0355155   -0.0950712    0.0017962
   0.0733212    0.0181676   -0.0418762    0.0540995
   0.0534503    -0.184369   -0.0512148     0.300018
     0.03712   -0.0453559   0.00456514    0.0258312
  -0.0162479    0.0485802    0.0467106   0.00985749
    0.178436  -0.00179099     0.112767   -0.0387907
   0.0389136   0.00492556    0.0675044    0.0422921
  -0.0503633   -0.0390292    0.0442308    0.0950692
   -0.102898    0.0526834    0.0356539   -0.0455733
  -0.0398114   -0.0319124     0.208057    0.0136489
  -0.0570581    -0.018114    0.0790121    0.0630028
   0.0403541    -0.124675    0.0618577    0.0407493
 -0.00312632    -0.102365    0.0504865    0.0521752
  -0.0432978   -0.0113467   -0.0166253    0.0614377
  0.00398122    0.0262364     -0.12766    0.0478219
  0.00240651   -0.0112358    0.0747583   -0.0182571
   0.0130268    0.0835974    0.0571537   -0.0192086
    0.146414   -0.0293436   -0.0328044    -0.151049
  -0.0271221   -0.0167625   -0.0643096   -0.0104282
  -0.0159048   0.00333774    -0.129743    -0.010046
  0.00628632    0.0846646   -0.0538965  -0.00585789
   0.0233168    -0.135454   -0.0420073    0.0908747
   0.0364702   -0.0430095   -0.0926689      0.06781
   -0.017829   0.00612209    0.0944859    0.0532804
 -0.00305623     0.093094    -0.170226    0.0169057
     0.10382   -0.0025569     0.046122   -0.0979858
   0.0445664    -0.045142   -0.0703215   -0.0643193
  -0.0944571     0.102855    -0.069462    -0.156924
    0.108546   -0.0764141   -0.0405968   -0.0487751
   0.0154755    0.0379389     0.069125    0.0927773
  -0.0554607     0.206196    -0.251491   -0.0258383
    0.147927   -0.0546678    0.0315771    0.0381524
   0.0170229    0.0996911  -0.00367505    -0.127811
   0.0489702    -0.140386    0.0373992     0.105785
   0.0524182    0.0129051    0.0774444   -0.0586502
  0.00634939    0.0276018    0.0084394    0.0566735
    0.139121   -0.0852673    -0.130387    0.0604934
  -0.0914319    0.0483159   -0.0752839   -0.0514355
   0.0582749    0.0024594   -0.0298224   -0.0515853
  -0.0298981  -0.00541922     0.105574   -0.0303049
 -0.00578975   -0.0354825   -0.0350021     0.057984
  -0.0129511    0.0380015   -0.0902896   0.00747193
    0.111972   -0.0262678     0.129393    -0.124321
  -0.0295415   -0.0698872   -0.0388767    0.0467149
  -0.0257438    0.0341376   -0.0374909    0.0734208
  -0.0304145   -0.0978629     0.122061    0.0913216
   0.0197383    0.0746978   -0.0867204    0.0285356
  -0.0543208    0.0396676   0.00063862   -0.0393444
    0.182911    -0.200254   0.00880116     0.113139
   0.0357724   -0.0172897   -0.0119031   -0.0472242
    0.116805   0.00146022    -0.115675   -0.0131028
   0.0772741    -0.100078   -0.0309902     0.068509
    0.118895     -0.16433   -0.0940057    0.0369601
   -0.078336     0.143354    0.0605932  -0.00801682
    0.171371    0.0619435    0.0622882    -0.198778
   0.0966599    0.0833872    0.0974214   -0.0428608
  -0.0817723    0.0376781    -0.048874   -0.0182599
  -0.0765486    0.0861975   0.00174905    0.0517426
  -0.0154156   -0.0790857    0.0908687    0.0254465
  0.00620436    0.0838701    0.0127079    -0.169339
  -0.0667982    -0.134387      0.19391     0.193501
     0.12519   -0.0524423     0.105277     0.154906
   0.0448149    -0.115458   -0.0316199    0.0723913
   0.0817375    -0.103669  0.000789658    0.0698667
   0.0961299    0.0296629   -0.0170218     0.051348
  -0.0517561    0.0296733   -0.0149023   -0.0471908
  -0.0517806    0.0976317    -0.088349   -0.0067376
   0.0264477    -0.151871     0.190494     0.156278
   -0.123916  -0.00646051     0.115322    0.0966048
  -0.0605937      0.01947   -0.0752499   -0.0511992
  0.00566793   -0.0117948     0.165374  -0.00393575
    0.108854    -0.161045     0.138213   0.00701216
  -0.0509631   -0.0097963     0.184859   -0.0462959
  -0.0563655   -0.0103751    -0.123408    0.0270919
   0.0429942     0.018612   -0.0501369    0.0652637
   -0.121159     0.156174    -0.145184   -0.0833161
   0.0551797   -0.0308008    -0.157016   -0.0153941
     0.11028   0.00301155    0.0384076    0.0776037
  -0.0382733     0.120018    0.0636213    -0.128738
  -0.0584398     0.122721     0.046248    -0.117741
  -0.0575379     0.129756   -0.0387826     0.015272
     0.12593    0.0916791   -0.0350231    -0.121873
  0.00133307     0.108455    -0.188845    0.0822949
  -0.0440916     0.152534   -0.0808911    0.0605072
  -0.0276861    0.0337878     0.115258    0.0579063
    0.189334    -0.177052    0.0997107   0.00406446
    0.119221   -0.0395694     0.036081    0.0683709
    0.154334    0.0246307      0.14066    -0.041973
    0.104139   -0.0511326     0.028951    -0.076943
   0.0115181    0.0115088   -0.0646979    0.0147948
   0.0104314   0.00026589    -0.195901    0.0997386
  -0.0368532    0.0464706    -0.113029   -0.0927838
   0.0715507   -0.0204149    0.0754663    0.0470977
   0.0971003    0.0577457     0.100628    -0.049267
   0.0165362    0.0315818    -0.201773   -0.0425259
 -0.00322708    0.0418423  -0.00175445     0.079894
   -0.116068      0.20491     -0.11182     -0.21629
   0.0275067  -0.00893595    0.0176061    0.0472628
  -0.0145742    0.0874977     -0.18757   -0.0618177
  -0.0644711    0.0211432    -0.069786    0.0692616
 -0.00526033    0.0869269  -0.00743994   -0.0107702
  -0.0456183     0.232509    -0.147722    -0.149779
  -0.0305058   -0.0701026    0.0406842    0.0328688
   0.0677698     0.116463   0.00830364    -0.128509
 0.000626078    -0.197941     0.395778     0.173914
  0.00418759    0.0930424   -0.0401716   0.00665506
    0.108445    -0.239887      0.27805    0.0184508
  -0.0542133     0.107644    -0.057067   -0.0919099
   0.0397618   -0.0423882     0.217656     0.073297
  -0.0165429   -0.0262326    0.0740138   -0.0199926
   0.0892279    0.0372148    0.0631306   -0.0812345
  -0.0155822  0.000183121    0.0903184    -0.079823
    0.256388    -0.242351    0.0445846     0.346151
   -0.028248    0.0499135   -0.0274884    -0.149935
    0.117962    -0.156598     0.210011   -0.0164188
  -0.0249394    0.0353463     0.138635    0.0647235
  -0.0508503    0.0026206    -0.048171   -0.0248845
   0.0107601     0.109171   -0.0546814    -0.123319
   0.0498324    0.0418869  -0.00814058   -0.0332252
  -0.0309573   -0.0813857     0.100128    0.0480413
  -0.0225835   -0.0592542   -0.0420416   -0.0020456
   0.0174357    0.0869632    -0.172294  -0.00227441
 -0.00329496    0.0460142     0.187115    -0.120376
   0.0302698    -0.121801   -0.0731309    0.0531319
    0.126161    0.0517014   0.00560968    0.0422454
  -0.0736938     0.175567   -0.0545786    -0.128564
  -0.0903699     0.136715   -0.0874111     0.018015
    0.112147    -0.110399     0.035588    0.0653142
   0.0677558    0.0557976     0.047944   -0.0391031
    0.072656    -0.114741   -0.0435339    0.0321451
    0.105576    -0.104116    0.0373778    -0.021361
  -0.0286943    0.0188377   -0.0903932    -0.112376
  0.00596533    -0.152892     0.142068     0.122399
    -0.15912     0.166792   -0.0910309    -0.113393
   0.0350285    0.0686288   -0.0679392  -0.00396384
 -0.00904574  -0.00610455    0.0447767    -0.142931
  -0.0364315   -0.0620216     0.048915    0.0692945
    0.109823     0.091004   -0.0642869   -0.0610503
    0.142169    -0.189458   -0.0146414   0.00785048
  0.00398016    0.0881013   -0.0888226    -0.133844
   0.0918166   -0.0534528    0.0186933   0.00714073
  -0.0240238    0.0923729   -0.0741028   -0.0109973
   0.0601402   -0.0947739   -0.0822439    0.0130578
-0.000623229     0.122325     0.128251   -0.0732035
 0.000434762    0.0712118   -0.0551089    0.0152747
  -0.0326579    -0.110242     0.311164    0.0227847
  -0.0742009   0.00582356   -0.0494126    0.0786402
    0.070348    0.0409415    0.0413283    -0.148407
   -0.127936    0.0263907     0.023937    0.0219993
   -0.017011   -0.0139007   -0.0796868   -0.0199952
   0.0247703     0.141784  -0.00679249    -0.104015
 -0.00502159   -0.0471424     0.149785    0.0744634
  -0.0320645   -0.0573621    -0.118709     0.125437
   -0.102341     0.155533   -0.0276424    -0.146918
  0.00257369     0.100791    0.0232762    0.0817486
    -0.01926   0.00355048   -0.0683443  -0.00431595
    0.120225   -0.0317467     0.172553   0.00187144
  -0.0377437   0.00946052     0.105901    0.0746902
    0.103471  -0.00571758     0.159402      0.02973
      0.1783    -0.245829     0.102984      0.19684
   0.0456396    0.0578406   -0.0409048    0.0209256
   0.0108401     0.161693    -0.125215   -0.0632286
   0.0339363    0.0997243    -0.142666   -0.0360616
   -0.038918     0.167475    -0.183804   -0.0972736
    -0.10744    0.0105419     0.116789    -0.102395
   0.0137886     0.113926   -0.0628703    -0.040709
    0.058458   0.00597936   -0.0519087   -0.0899164
   0.0142847   -0.0778685    0.0286625     0.194642
  -0.0468181       0.0569   -0.0557332   -0.0239877
  -0.0153388   -0.0299922    0.0170456   -0.0426026
   -0.067914   -0.0146289   -0.0244051    0.0889312
   0.0641428    0.0621636   -0.0680092   -0.0273855
    0.225305    0.0136075    0.0161982    -0.237149
   0.0401985   -0.0285102   -0.0278562     0.045793
   0.0946846    0.0870169   -0.0654247   -0.0177991
    0.061778    -0.120654     0.279061    0.0129538
  0.00348891    0.0473413   -0.0899556   -0.0822012
    0.144172    -0.132448    -0.166506  -0.00424957
  -0.0358424     0.073481   -0.0690663   -0.0816837
   0.0229127     0.103431   -0.0114684   -0.0610778
   0.0730451    0.0322242    0.0696826   -0.0670673
  -0.0589991    0.0026067   -0.0813798   -0.0421764
  -0.0171921   -0.0142387    0.0417448     0.023027
   0.0101867   -0.0661259    0.0601538    0.0327578
  -0.0619909     0.093432    -0.260793    0.0651109
   0.0327391    0.0337568   -0.0283619   -0.0455607
  -0.0364516   0.00900158   -0.0709492   -0.0184726
   -0.048844    0.0438598    -0.046231  0.000709166
    0.155402     -0.17829     0.036028     -0.03314
  -0.0598131     0.128972    -0.107807 -0.000189889
    0.104055    0.0195219    0.0641911     0.125523
  -0.0438705    0.0770763    0.0667791  -0.00767603
   0.0377356    0.0182568    0.0109323     0.103905
   0.0166434   -0.0650454    -0.108247    0.0679232
 -0.00350317  -0.00387289    -0.029712   -0.0130745
   0.0746956   -0.0497548    0.0365731   -0.0295483
   0.0561627   -0.0228742    -0.123854   -0.0812367
  -0.0267646    0.0221112   -0.0407528    0.0629206
    0.049762  -0.00887573   -0.0625951    -0.142579
    0.158464    -0.203275    0.0985816     0.172389
   0.0701005    0.0523932    0.0767885     0.029967
   0.0546446  -0.00493417    0.0207659     0.100623
   0.0229888   -0.0940986    0.0321436     0.179113
  0.00150159    -0.227376     0.164634    0.0330848
    0.130915    -0.176052  -0.00416164     0.100069
   0.0233686   -0.0158185     0.108974    0.0909374
   0.0386252     0.108422    -0.121866   -0.0194855
   0.0368501   -0.0992071   -0.0679801    0.0927794
   0.0287342    -0.070285     0.189965   -0.0440709
   0.0690618   -0.0456046   -0.0080919    0.0112224
   -0.017577   -0.0594699     0.082614     0.141825
  -0.0695681    0.0373137    -0.138799    0.0597513
  -0.0125851     -0.10996    0.0742917    0.0769469
   0.0416612   -0.0549109   0.00837537    0.0834507
 -0.00659495    0.0919093    0.0970934    0.0702924
  0.00320783     0.020259   -0.0189686   -0.0739712
   0.0400419   -0.0740253    -0.219537     0.024696
    0.054211    0.0169892     0.029967    0.0314334
    0.211933     -0.17258   0.00386111    0.0668093
   0.0267887   -0.0163178    0.0278079    0.0141736
   0.0382908    0.0501705    0.0105109   -0.0516159
  -0.0212959    0.0279806    0.0318885   -0.0239813
  -0.0602932      0.06267   -0.0161693   -0.0456806
   0.0437818    0.0723553   -0.0776105    -0.109152
   0.0166366    0.0245093   -0.0799739     0.037663
   0.0539291    0.0537697   -0.0263066     0.105035
   0.0149987    0.0458916    0.0228979   -0.0351914
    0.119399   -0.0738474     0.152393     0.267957
   -0.013928     0.244823    -0.138208     -0.13489
    0.161936   -0.0794103     0.126087   -0.0860138
    0.079184   -0.0747201     0.118564   -0.0827576
   0.0196063   -0.0340146     0.213532   0.00602354
     0.10424   -0.0300723   -0.0328803     -0.13146
  -0.0469324    0.0212558   -0.0891865   -0.0637016
    0.102343    -0.276743    0.0783064     0.197752
    0.146545    -0.196476     0.175746     0.112532
    0.050153   -0.0497663     0.268495    0.0412745
  0.00187748    0.0452207    -0.101313    0.0281804
   0.0259232    -0.101585    0.0237846    0.0459062
   0.0412957    0.0134957   -0.0410189    0.0473277
  -0.0300108     0.193966   -0.0316392    -0.129083
  -0.0854263    0.0764365     -0.12998    0.0398143
     -0.1144      0.21299   -0.0186659    -0.171753
    0.245735      -0.2685     0.143442     0.184158
  -0.0399227   -0.0817984     0.078069   -0.0662714
  -0.0108447    0.0048865    0.0804304    -0.096181
  -0.0229409    0.0463621    -0.146719    -0.056321
   0.0644526   -0.0157059   -0.0198498   -0.0225122
    0.193399    -0.127726     0.120031     0.232544
 -0.00833967    0.0437927    -0.182999    -0.122455
   0.0691473    -0.109554  -0.00685777   -0.0594065
   0.0741557   -0.0772945     0.167767    0.0198829
   0.0856395    -0.148969     0.119462    0.0172576
   -0.019718     0.130718   -0.0632658     0.214471
  -0.0652054     0.154752    -0.154454   -0.0922239
  -0.0409946    0.0564288    -0.025074    0.0572765
  0.00673942    -0.093272    0.0434583    0.0746944
    0.100572   -0.0860791   -0.0474875    0.0949854
   0.0296066   -0.0128307   -0.0592571    0.0684806
 -0.00330157    0.0109698   -0.0238297   -0.0645982
    0.183772   -0.0290546    -0.033291    -0.065504
    0.117501    -0.077254      0.16172    0.0427334
   0.0440736    0.0045953  -0.00202336    0.0935713
    0.143591    -0.229568     0.227259    0.0331945
   0.0525434     0.134281     -0.28226   0.00409276
   -0.103725    0.0537319   -0.0317167   -0.0317972
   -0.116497    0.0622767   -0.0565789    0.0712636
     0.03438    0.0146288    0.0665481  -0.00440359
  -0.0954156     0.088218     0.017383    -0.100927
  -0.0349433    0.0806304   -0.0173102   -0.0224198
  -0.0678323    0.0862998   -0.0337242    -0.147126
    0.170814      -0.2393     0.179792     0.162742
  -0.0211076    0.0469726    -0.113074   0.00918617
   0.0503393    -0.128978     0.117466    0.0950251
  0.00587068    0.0240768   -0.0318778  -0.00753789
   0.0334773    0.0991223    -0.100735     0.015714
  0.00489629     0.212497   -0.0393272    -0.240736
    0.029223    0.0869457   -0.0019123   -0.0685206
   0.0869768     -0.03389     0.226126   -0.0771781
   0.0115078    0.0802796    0.0380897    0.0636403
 -0.00205738     0.191714   -0.0211646  -0.00588294
  0.00273814    0.0677117    0.0165215   -0.0119562
-0.000306115   -0.0440508   -0.0210764   -0.0680317
    0.122858    -0.142451    0.0142318     0.171231
  -0.0394584   -0.0248148    -0.013404     0.150582
  -0.0634264    0.0975696   -0.0754451    0.0136316
 -0.00501163    0.0546237    -0.111453    0.0278757
   0.0148246     0.125502    0.0439996   -0.0684365
  -0.0557295     0.114618    0.0268717   -0.0214756
  -0.0287389    0.0666755    -0.035016    0.0054815
 -0.00629132   -0.0726656     0.221572    -0.101736
    0.142138    -0.108637     0.109513    0.0764025
   0.0149639    -0.150687    0.0911388     0.105604
  -0.0261524    0.0137142    0.0250938  -0.00800267
  0.00367989   0.00624033    0.0508124    0.0471299
  -0.0212406   -0.0589715   -0.0185125      0.15158
   0.0151099     0.143021     -0.18368    -0.141964
  0.00813407   -0.0298766     -0.10453   -0.0641892
   0.0843744   -0.0529579   -0.0168315    0.0182613
  0.00449298    0.0780331    0.0246615   -0.0411834
   0.0323849   -0.0477026    -0.034088    -0.100651
    0.107898   -0.0201713   -0.0266359   -0.0965029
  -0.0177533    0.0941473   -0.0279506    -0.163365
  -0.0947447    0.0123358     0.129429   0.00946112
  -0.0475349    0.0790635    -0.028261    -0.113336
   0.0782424   -0.0582577     0.084443    0.0742578
    0.061598   -0.0699227    0.0235635    0.0351596
   0.0195662    0.0494844   -0.0312277    -0.109466
  -0.0159219    0.0951286   -0.0388528    0.0188094
 -0.00278098    0.0850421   -0.0473878    -0.119743
  -0.0387686   -0.0897274  -0.00608903    0.0317419
   0.0361926   -0.0761241    0.0818263   -0.0657757
  -0.0494201   0.00101612     0.038243     0.116559
    0.094408    -0.171991    0.0798174     0.179724
   0.0973953    -0.183665       0.1056     0.195781
 -0.00554882   0.00475655   -0.0387188   -0.0566218
   0.0816481    -0.146292    0.0535978     0.138152
   0.0219027   0.00102745    -0.010151     0.057008
    0.109261     0.144387   -0.0609101    -0.147881
   0.0576763    0.0178222    0.0144269    0.0347892
    0.144977   -0.0718076    -0.153456     0.250214
   0.0192737    -0.100117    0.0072731    0.0460762
   0.0885013    0.0257165   -0.0461895    0.0338959
  -0.0273579   -0.0514146     0.025603   -0.0709291
    0.106437    -0.156348     0.158133     0.098177
   0.0102359   -0.0737858    0.0523144      0.10242
  -0.0906903   -0.0702957     0.225696    0.0354328
  -0.0329305     0.038444     0.143827     0.131526
   0.0163419    0.0420501    0.0170078    0.0366474
    0.257567    -0.138652     0.106817  -0.00573641
   -0.101394     0.018465    0.0082426    0.0825055
  -0.0254626    0.0678695    0.0792411   -0.0250944