   0.0858175
   0.0715352
   0.0288218
   0.0557784
   -0.105932
  -0.0778809
    0.032438
  -0.0856297
   -0.105926
    0.286242
   0.0448891
    0.038127
 -0.00974235
  -0.0192094
    0.146429
   0.0679577
  -0.0195182
    0.219001
   0.0448909
   0.0430084
  -0.0353434
   -0.231266
  -0.0658901
   0.0894313
  -0.0866165
   0.0285802
  -0.0112286
  -0.0955065
  -0.0885815
    0.189873
   -0.113855
  -0.0496282
   0.0133212
    0.151146
    0.119384
    0.106496
  -0.0312354
   0.0168614
  -0.0755156
   0.0308278
  0.00193845
    0.161288
   -0.168862
  -0.0409993
  -0.0865756
   0.0726207
    0.155457
    0.199805
   0.0101596
  -0.0871125
   0.0668141
  0.00999923
   0.0288137
   0.0385382
   0.0667605
   0.0682513
  -0.0288908
 -0.00798074
    0.071745
   0.0531712
   0.0819114
  0.00377372
   0.0571442
    0.131791
  -0.0988947
    0.136107
  -0.0387283
   0.0594266
    -0.13316
    0.213092
   0.0730366
  -0.0966837
  -0.0448567
  -0.0100343
   0.0222404
    0.181912
   0.0982934
  -0.0176262
   0.0712573
   0.0265822
     0.14611
    0.129154
    -0.14825
    0.011335
  -0.0953493
    0.207391
   0.0693981
    -0.22706
   -0.006592
   -0.114452
  -0.0623159
   0.0908841
  -0.0460889
  -0.0935181
   0.0606167
  0.00798477
  -0.0371239
  -0.0875563
   -0.151242
   0.0861912
    0.192088
     0.14811
  -0.0454796
  -0.0450458
  -0.0159078
   -0.146409
   -0.046795
   -0.187964
    0.135677
    0.102013
  -0.0746893
    0.142875
   0.0472248
 -0.00714594
      0.1945
  -0.0110473
   0.0443518
    0.273944
   0.0535748
    0.131389
   0.0417883
   0.0860113
  -0.0465578
   0.0323073
    0.173394
   0.0152409
   0.0657669
 -0.00636693
  -0.0740595
  0.00570348
    0.108707
    0.130493
  -0.0509149
  -0.0395532
   -0.194841
   0.0552364
   0.0519124
     0.16452
  -0.0227558
   0.0392811
  -0.0617898
    0.200705
  -0.0148041
    0.127101
    0.189571
   0.0486122
  -0.0784127
    0.118289
   0.0132069
  -0.0570593
    0.319812
  0.00491728
    0.223247
   0.0506906
    0.018393
   0.0146562
-0.000753582
   0.0161936
     0.22868
   0.0770596
    0.138228
  -0.0556065
    0.148013
    0.114713
    0.105696
    0.135111
   0.0976568
  -0.0278579
   0.0107372
    0.019277
  -0.0681278
  -0.0832324
   -0.119212
   0.0284932
  -0.0297688
   -0.111703
   0.0612308
  -0.0465397
   -0.094157
  -0.0822507
   0.0630173
    0.171799
  0.00304262
  -0.0261437
  0.00664764
  -0.0649195
    0.149221
    0.167846
  -0.0864638
    0.102432
  -0.0776749
    0.224543
    0.105293
    0.238019
    0.106929
    0.021118
    0.136708
   -0.111007
     0.01873
   0.0100246
   0.0820671
   0.0871625
   0.0429061
   -0.177476
   -0.082898
   0.0586162
  -0.0195756
    -0.10138
     0.15315
    0.176124
   -0.032919
   0.0233663
  -0.0575496
    0.207561
   -0.105112
  -0.0513268
   0.0479465
  -0.0113017
    -0.02088
   0.0573194
   0.0495104
    0.130382
   0.0111262
   0.0248247
    0.049174
   -0.161754
    0.051009
  -0.0980962
  -0.0442273
   -0.179077
    0.037835
   0.0766037
   -0.161419
    0.163801
    -0.19453
   -0.286471
    0.120202
    0.122182
   0.0780728
  0.00199916
   0.0537969
    0.174351
    0.112304
   -0.176634
  -0.0253166
   0.0687793
  0.00973495
    0.238424
   -0.070267
  -0.0799212
    0.112787
    0.014141
   0.0159942
    0.170535
    0.105281
  -0.0952949
   -0.113098
  -0.0523294
 -0.00192071
   0.0500898
    0.100305
   -0.322014
  -0.0154749
    0.189524
    0.105733
   -0.101307
  -0.0909469
   -0.134703
  -0.0469375
 -0.00902047
   0.0256491
 -0.00294235
   -0.261796
  -0.0516668
   -0.146466
    0.127382
   0.0374307
   0.0414509
   -0.188644
   -0.109039
 -0.00849046
   -0.213254
  -0.0298414
   0.0307128
  0.00594858
    0.148508
    0.149182
  -0.0471096
    0.121285
  -0.0608314
  -0.0907821
   0.0371634
  -0.0208214
   0.0993367
  -0.0302532
    0.043631
    0.100286
    0.029391
   0.0248311
  -0.0368791
     0.18401
    0.154413
  -0.0408401
  -0.0698278
    0.292679
  -0.0010767
  -0.0731781
 -0.00493956
  -0.0572542
    0.147705
   0.0737305
 -0.00162603
    0.219551
  -0.0873184
   0.0740966
  -0.0286922
    0.121636
   -0.106449
   0.0490291
  -0.0186772
  -0.0803019
  -0.0495313
   0.0168044
   -0.309747
    0.047359
    0.103082
    0.034245
   0.0122439
   0.0415443
   0.0138266
   0.0451543
    0.039954
    -0.11982
    0.116917
   0.0806386
 -0.00189987
   0.0788746
   0.0865103
   0.0446988
   0.0181548
   0.0407044
   0.0551297
  -0.0357556
   0.0485084
   0.0342599
  -0.0689419
  0.00468165
    0.116835
  0.00550151
  -0.0507076
   -0.105505
  -0.0137351
   -0.489678
   -0.118679
   -0.166072
    0.100156
    0.173935
    0.256172
    0.206006
   0.0101856
    0.118378
   0.0459707
    0.240399
    0.108362
  0.00532682
  -0.0954314
  -0.0891339
   -0.178685
     0.05639
  0.00919699
  -0.0464492
  -0.0925443
    0.143916
   -0.187066
   0.0681979
    0.175878
  -0.0824734
  -0.0429687
   -0.137756
   0.0105214
   0.0354945
   -0.156446
   0.0113542
  -0.0799278
   0.0384171
    0.103224
  -0.0144713
 -0.00237628
    0.149459
    0.126189
    0.133328
   -0.044594
    0.121745
  0.00247278
   0.0563358
   0.0227101
    0.019499
    0.151095
   0.0667065
   0.0186261
   0.0123802
  -0.0240384
    0.197198
     -0.1402
   -0.160328
   0.0613891
   0.0534593
   0.0673859
    0.204726
   0.0837195
  -0.0251914
  -0.0114889
  -0.0394427
   0.0689566
    0.219508
   0.0816773
   0.0408921
  -0.0110674
  -0.0206707
   0.0558663
   -0.107727
    0.133921
    0.189265
   0.0149345
   -0.298077
  -0.0190685
    0.142597
   0.0910256
  -0.0716939
   0.0745544
  -0.0396857
    0.166295
    0.103802
 -0.00352339
  -0.0348775
  -0.0179601
  -0.0124819
  -0.0886769
   0.0825695
   0.0604966
   -0.300884
  -0.0584976
   0.0190011
   0.0326774
   0.0771207
    0.153978
  -0.0516888
   0.0136458
  -0.0319613
   0.0253684
    0.134586
    0.209106
   0.0577341
   -0.139801
    -0.17986
   -0.121912
   -0.136626
  -0.0362227
  -0.0885917
    0.103336
   -0.216045
  -0.0169753
  -0.0532837
    0.311604
     0.10074
   0.0358005
   0.0770601
  -0.0299944
  -0.0948212
    0.113435
    0.172784
   -0.122584
    0.203847
    0.121883
   0.0718456
    0.219709
   -0.036502
 -0.00799696
  -0.0482031
   0.0845209
   -0.217865
   -0.117193
   0.0891574
    0.110413
    0.058944
  -0.0820702
  -0.0260069
  -0.0129694
    0.106506
   -0.114437
 -0.00231706
   0.0102332
   0.0560101
   0.0825183
 -0.00356267
   0.0429216
   -0.072596
   0.0908411
    -0.27742
    0.148997
    0.112536
   0.0279377
    0.120181
    0.103362
  -0.0212541
     0.12925
    0.054245
   0.0172579
   0.0228266
  -0.0584917
    0.138336
 -0.00151404