   -0.165176    0.0515288   -0.0775019     0.016867
   -0.261782   -0.0896797    -0.113539   -0.0842666
   -0.205388    0.0316252     -0.14513   -0.0528437
   -0.094151    0.0979347   -0.0716369    0.0719076
  -0.0102468    0.0493578   -0.0243928     -0.10509
    0.217933    0.0469382     0.209697   -0.0954346
    0.076566   -0.0380855 -0.000260202    0.0167505
  -0.0959715     0.106557     -0.18969     0.138619
    0.163708    0.0063294    0.0901907      0.27023
  -0.0170866  -0.00817201    -0.031371    0.0961264
    0.293669   -0.0371243     0.127985    0.0118298
   0.0304139    0.0289527    0.0299809    0.0228729
  0.00723149     -0.01889    0.0655823   0.00828494
   -0.193459   -0.0561226   -0.0833907    -0.150384
   0.0545286    -0.075652    0.0805404     0.166634
    0.223638   -0.0390839     0.201656    -0.066205
     0.33658  -0.00913626     0.164762   -0.0295675
    0.138118    0.0512538    0.0362422    0.0239294
   0.0252194   -0.0117262    0.0827747   -0.0983532
   -0.135917 -0.000730116   -0.0633308   -0.0852489
   0.0726678   -0.0809489    0.0647175   -0.0464137
    0.157335    0.0537352    0.0764515   -0.0750964
    0.191194  -0.00760191    0.0777772   -0.0185316
    0.108406    0.0463483    0.0140154      0.24251
  0.00961481  -0.00386302   -0.0670626      0.23623
    0.228525    0.0594731     0.132475    0.0293393
   -0.130291    0.0466552    -0.129119   -0.0880115
    0.278012    0.0398501     0.202037     0.145964
  -0.0557597   -0.0648996    0.0158531    -0.139908
  -0.0325773    0.0191138   0.00221409   -0.0520138
   -0.138294    -0.059217   -0.0429309      -0.1377
   0.0500564    0.0739707    0.0229286   -0.0776685
   0.0827659   -0.0245759   -0.0315038     0.109992
  0.00782859     0.088804    0.0155577  -0.00844164
   0.0891593      0.10111    -0.111536     0.260271
   0.0115645   -0.0226835   -0.0164092    0.0297252
  -0.0601582   -0.0634482   -0.0375813    -0.162405
    0.164676    0.0339091     0.133005    -0.045217
 -0.00166725   -0.0169663    0.0192362   -0.0397942
   0.0303238     0.106653   -0.0181562    0.0605245
  -0.0188793      0.13986    -0.125476     0.334546
   0.0610437    -0.115409       0.1757    -0.157296
  -0.0403766    -0.111033  0.000297362    -0.116766
  -0.0372924     0.116639   -0.0699958   -0.0487923
  0.00465188    0.0266798   -0.0266638    -0.124301
    0.105531   -0.0709347     0.119538    0.0746782
     0.23114   -0.0190108     0.141266  0.000632563
  -0.0711203     0.132976   -0.0862393    0.0822369
    0.140102    0.0518651     0.171582    -0.117422
   0.0538944   0.00868716    -0.024449    -0.036613
    0.138808    0.0772364   -0.0221148    0.0610787
   0.0243402    0.0407849   -0.0108765   -0.0576335
    0.028505   0.00991678    0.0262617   -0.0129886
  -0.0561693    0.0423145   -0.0375403    -0.100221
   -0.101776    0.0169001   -0.0662797    -0.023257
    0.085634    0.0412787   0.00545207    0.0229917
   0.0904617    0.0121181     0.121502   -0.0866651
   -0.077027   -0.0275071    0.0151398    0.0521345
   0.0399957    0.0249077    0.0604401   -0.0102582
   -0.193571     0.103488     -0.12056   0.00593035
  -0.0781864    0.0149557    -0.106655    0.0349981
   0.0495308   -0.0625291    0.0033059   -0.0400049
   0.0472344    0.0279719    0.0371204     0.157509
    0.399163   0.00474916     0.177196      0.12595
   0.0739954     0.100545   0.00599007     0.210191
  -0.0567628   -0.0439299    0.0552205   -0.0645144
   0.0814113   -0.0170636   0.00201406     0.018445
   0.0663896   -0.0357959     0.128787    -0.165403
   0.0426903    0.0312965   -0.0222484    0.0400675
   -0.107251    0.0147039   0.00485779     -0.10571
   -0.144143   -0.0158222    -0.132335   -0.0503032
       0.222   -0.0252739     0.162792    0.0530893
    0.186816    0.0246677     0.101703   -0.0277979
   0.0165504   -0.0327938    -0.055111   0.00849781
    0.179967    -0.042546     0.129638    0.0225939
   0.0230431    -0.033482     0.105041    -0.144133
   0.0917259   0.00438893    0.0726425    0.0385795
    0.072989  -0.00298821    0.0176012      0.16835
   0.0182004   -0.0195979   -0.0214997  0.000285394
   0.0395933   -0.0290462    0.0642891   0.00548351
    0.258762    0.0643482      0.09174    0.0249746
   0.0387424   -0.0147629    0.0189829   -0.0537359
  -0.0721454   -0.0250177   -0.0543279    -0.125872
 0.000488347   -0.0222105   -0.0663187     0.038381
    0.091475  -0.00888377    0.0430198     0.235869
   0.0656754     0.121551   0.00772855      0.03587
   0.0948447   -0.0011242    0.0917603    -0.254544
   0.0522944   -0.0498653     0.109762    -0.166422
  -0.0553763     -0.03221  -0.00396186    0.0108471
   0.0741611   -0.0343773    0.0490838    0.0388188
  0.00615238    0.0545723   -0.0390155    0.0889721
   0.0946109  0.000909148    0.0480606     0.111946
 -0.00371323   0.00534607   -0.0331759    -0.136554
  -0.0567208    0.0592613     -0.11363     0.114245
    0.119953   0.00676831  -0.00522965    0.0079144
   0.0984736   -0.0399232     0.175409   -0.0269566
   0.0271451   -0.0259334   -0.0428203  -0.00862827
  -0.0232877    0.0449234   -0.0266595   -0.0366716
  -0.0193274    0.0409724   -0.0189584   0.00973958
  -0.0862406    0.0402913   -0.0364383 -6.01595e-05
  -0.0101936    0.0684812   -0.0765263    0.0218499
  -0.0607397     0.015234   -0.0494333    0.0702844
  -0.0479761    0.0373141   -0.0895185    0.0331651
   -0.130082  -0.00816907   -0.0198197    -0.133035
  -0.0213716  -0.00556421  -0.00115574     0.107373
   0.0553138  9.95308e-05   -0.0031589   0.00614464
  -0.0537933    0.0978052   -0.0438978   -0.0135883
   -0.115964     0.070778   -0.0766937    0.0642375
   0.0237139   -0.0118156   -0.0350001     -0.10896
    0.101655    0.0118596    0.0167176   -0.0447246
  -0.0585371   -0.0201281    -0.103399   -0.0516874
  -0.0046217    -0.053433   -0.0230585     0.182437
    0.132286     0.017025     0.104807   -0.0155754
   0.0229821    0.0341126    0.0699597   -0.0553804
   0.0919628    0.0295461    0.0525355     0.033536
  0.00894744   0.00995221   -0.0137699    0.0910985
    0.031586   -0.0116276   -0.0551487   -0.0935556
    0.120908  -0.00502306    0.0930443    0.0913822
  -0.0314874   -0.0708464   -0.0219446    -0.059752
  -0.0031444   0.00634259   -0.0220817   -0.0314693
   -0.133819   -0.0606647   -0.0627388    -0.012288
    0.116751    0.0177309     0.100079   -0.0281532
   0.0507888   -0.0389937    0.0267402    -0.068806
  -0.0248153  -0.00345346   0.00347985    -0.145519
    0.177671   -0.0168116     0.172701   -0.0737828
   -0.078699  -0.00942457   -0.0920863     0.108776
   0.0814596   0.00107407    -0.081034     0.199335
  -0.0256774   0.00104696     0.027585    0.0461352
   0.0118439    0.0199268    0.0485728    0.0275832
  -0.0194796    0.0822372    0.0227151    0.0531903
   0.0238387   -0.0743932   -0.0444842   -0.0274083
    0.157595    0.0923836     0.082467     0.041073
    0.023505   -0.0491934    0.0354282   -0.0235707
   0.0138541     -0.00844    0.0457126    0.0484949
 0.000633144   -0.0552869    0.0146848   -0.0137964
  -0.0547176    0.0356959     0.060545   -0.0767663
   0.0384916    0.0346701   -0.0835539     0.222061
   -0.174038   -0.0517112   -0.0643091    -0.139822
   0.0258467   -0.0159624    0.0121859    0.0120897
  -0.0335445   -0.0867012     0.160498    -0.336146
  -0.0593964  -0.00710977    0.0261798   -0.0171025
  -0.0340206    0.0882545 -0.000871676     0.105163
   0.0517814     0.011692    0.0127807    0.0689043
  -0.0287167    0.0602871    0.0112144   -0.0757069
    0.121206  0.000361656    0.0804949   -0.0419207
    0.133956    0.0381789     0.118094    -0.103315
   0.0832468   -0.0602867    0.0191718    0.0824983
   0.0581293    0.0785092    0.0272573    0.0832451
    0.163314    0.0822884    0.0255043     0.141938
   0.0159914    -0.036419    0.0157606   -0.0563509
   0.0080839  -0.00561261    0.0809449   -0.0200768
   0.0572545   -0.0244762    0.0667374   -0.0594688
     0.17134    0.0355094    0.0958518     0.140438
    0.091146    0.0112807     0.140967   -0.0196169
  -0.0484084    -0.105609   -0.0116972   -0.0635519
   -0.137929    0.0323442    -0.109821   -0.0334467
    0.222371    0.0425314    0.0233782     0.315515
   -0.177343   -0.0543496   -0.0583766   -0.0773832
  0.00280556    0.0404128   0.00684329     0.149533
   0.0790465    0.0426697     0.132484      0.03666
    0.112178   -0.0747754    0.0381615    0.0303547
   -0.163247   -0.0418843   -0.0439951   -0.0911689
   0.0756461    0.0723353    0.0333431    -0.105506
   0.0267628   -0.0330963    0.0318512    -0.083394
   -0.186787     0.113755   -0.0763691   0.00812483
   -0.207367   0.00884338   -0.0407928    0.0696484
  -0.0127567   0.00834822  -0.00137574   -0.0965295
    0.126492    0.0343491     0.176581   -0.0757118
    0.122971     -0.03926    0.0083908    0.0825852
   -0.029763    -0.016277    0.0731474    -0.131704
   0.0756837   -0.0438483    0.0982978    0.0367085
    0.192251    0.0436429   -0.0386073     0.293021
   0.0121466     0.122481   -0.0367991     0.154733
  -0.0388841     0.102598    -0.148536    0.0363098
   -0.149841   -0.0197058   -0.0123341   -0.0188022
    0.127221     0.021776    0.0651502     0.080968
   -0.108671   -0.0379891  -0.00443176     -0.15562
     0.13432    0.0620196    0.0774271     0.200214
    0.180705   -0.0988672     0.114603   -0.0526904
   0.0409872  0.000233359   -0.0751592     0.293521
    0.108596 -0.000627318    0.0537472   -0.0536266
  -0.0763739    0.0366069    -0.142819    0.0827765
  -0.0357171    0.0242212    -0.123981    0.0998694
   0.0903698   -0.0569784     0.070813   -0.0625721
    0.103554    0.0622777   -0.0281059   -0.0661172
   0.0613008    0.0423356    0.0077091    0.0362535
    0.105892     0.106163     0.120157   -0.0774053
  -0.0155479    0.0454258   -0.0552171    0.0621835
  -0.0730964    0.0512597   -0.0655041    0.0214116
   -0.112049   -0.0298826   -0.0113836     -0.16088
  -0.0752619  -0.00595443   0.00516551    -0.108935
    -0.11656     0.087803    -0.169338     0.103689
  -0.0443318    0.0733239    -0.102413    -0.015493
   0.0582921    0.0192354     0.014398    0.0944699
   -0.080021    0.0650158   -0.0869904   -0.0179294
  -0.0218721   -0.0123343   -0.0853596     0.134184
 -0.00671967    0.0350008    0.0150501    -0.075526
   0.0368823     0.026962    0.0113122   -0.0830094
  -0.0475051   0.00771063   -0.0771215    0.0100108
    0.185853     0.036417     0.169532    -0.101008
    0.152296    0.0994222    0.0884496    0.0302207
    0.149103    0.0266416     0.212553    -0.111279
   0.0655611 -0.000206195   -0.0274291   -0.0169395
    0.127724     0.017126   0.00517422    0.0378921
    0.172311  -0.00663064    0.0836203    0.0560473
  -0.0872311   -0.0261963   0.00695619    -0.192781
   0.0229178     0.072109  0.000174724     0.157046
    0.104373    0.0323084    0.0822308    0.0679658
   0.0155668     0.029856    0.0539324     0.214423
    0.232814     0.100543     0.219808   -0.0897368
   -0.114454   -0.0911971    -0.025304    -0.265927
   0.0375577   -0.0267152   -0.0267744    0.0765031
   0.0973343   -0.0312675     0.122398   -0.0840406
   0.0577257    0.0682303   -0.0142449   -0.0788271
    0.274136    0.0271073    0.0702736     0.287368
  -0.0390505     0.023194   -0.0500612     0.211518
  -0.0609952    0.0253058    -0.174925     0.166117
   0.0411591    -0.030883   -0.0322524   -0.0026519
  -0.0704615    0.0474556    -0.106464    0.0381234
   0.0539078   -0.0349285   -0.0400736   -0.0617704
   0.0524932    0.0121529   0.00520752    0.0731723
    0.192896   0.00694189    0.0248553    0.0802932
    0.128078   -0.0580357      0.12292    0.0127224
    0.229197    -0.079888    0.0874081     0.112285
   0.0508813     0.111442    0.0504473    0.0901442
    0.123871    0.0570719     0.193753    -0.129398
    0.137068   -0.0270322     0.141049   -0.0885759
  -0.0297938     0.044462    -0.114379     0.222842
   0.0641973  -0.00866662     0.116911    -0.160005
  -0.0178054    0.0905092   -0.0268787    0.0117251
   -0.111663     0.047202     -0.15138    0.0451689
  -0.0142138  -0.00861097    0.0580997   -0.0422151
    0.102239   -0.0690827     0.107242   -0.0235691
   0.0409366    0.0264019   -0.0894734     0.144784
   0.0636435     0.107899   -0.0572664    0.0358532
   0.0334567    0.0370308     0.045897   -0.0305215
    0.085062   0.00828046   -0.0242526    0.0319427
   0.0376977    0.0611467    0.0216963   -0.0748324
  -0.0901895   -0.0344689   -0.0442073    0.0607309
    0.151435    0.0879297    0.0181211    0.0694741
   0.0694655    0.0634342    0.0106094     0.176834
   0.0876548  -0.00182986     0.107722   -0.0610182
   0.0976281    0.0717999    0.0845515   -0.0858936
 -0.00938143   -0.0176547   -0.0986898     0.282383
   0.0464037   -0.0842449   -0.0257372    0.0592761
  -0.0345186   -0.0190946   -0.0593634    -0.161586
   0.0867275    0.0306163   0.00621653       -0.066
   -0.160808   0.00814816    -0.144123    0.0216173
  -0.0440319   -0.0356711   -0.0186236    -0.138923
    0.115551   -0.0284222   -0.0144906   0.00972782
  -0.0842164    0.0708473    -0.043838    0.0229651
  -0.0871564    0.0783146    -0.111248      0.15803
   -0.174622   -0.0186168    -0.128513   -0.0804349
  -0.0115617     0.103753    -0.116927     0.129882
  -0.0884061     0.100044    -0.166706    0.0498835
    0.261331    0.0317637     0.144644     0.245037
    0.124944    0.0714981    0.0103059     0.137206
   0.0535655   -0.0466047     0.104247   -0.0398089
   -0.180709   0.00330772   -0.0927134    -0.105661
-0.000309879     0.045891   -0.0357189    0.0266532
   -0.106653   -0.0172823   -0.0137857   -0.0460868
    0.128485    -0.044745    0.0809237     0.015194
  -0.0541064   0.00669041   -0.0174292    0.0355492
    0.105523    0.0690802   -0.0676344     0.188704
    0.243119    0.0995171     0.228345   -0.0583426
  -0.0465871    0.0220889   -0.0867767    0.0375665
   -0.201388    -0.012064    -0.177165   -0.0328799
  -0.0926789   -0.0609547    -0.109529     0.114582
  -0.0241515   -0.0355219   -0.0702713   -0.0285467
  -0.0296315    0.0394128   -0.0261233 -0.000992796
  0.00973619     0.109455   -0.0435723   -0.0025168
    0.105865    0.0636274    -0.029364    0.0749713
    0.234839    0.0276231       0.1813  -0.00966689
   0.0533286    0.0353508   -0.0207272   -0.0453587
    0.163667   -0.0418057    0.0705999     0.118799
  -0.0507403     0.049992    0.0974864   -0.0855071
   0.0966853    0.0336134   -0.0625221    0.0437839
    -0.03595    0.0447358   -0.0533343     0.113507
  -0.0224717   -0.0119524    -0.068266     0.107518
   0.0566529   0.00713061    0.0291396    0.0418716
     0.11489    0.0365946    0.0972377    0.0814756
  -0.0443907     0.090988    -0.137302   -0.0964771
    0.124516    0.0150006    0.0985912    -0.056811
  -0.0428677     0.103627    0.0510788    -0.296394
  -0.0754467   -0.0111697   0.00385084     -0.27778
    0.129031    0.0159769     0.140927    0.0633072
  -0.0304523  -0.00695727   -0.0877561    -0.133028
   0.0212692     0.046757   -0.0823373     0.150016
  -0.0297798    0.0269568   -0.0113746   -0.0336906
   0.0524689   -0.0116701   -0.0217961   -0.0462311
   0.0636514  -0.00423025    0.0271055    0.0700051
    -0.10148   -0.0123392    -0.121882     0.107941
  -0.0883787   -0.0455204  -0.00727426    0.0715247
   -0.217512   -0.0529128    -0.110028   -0.0852139
 -0.00649545   0.00714432   0.00209463    -0.110401
   0.0780571    0.0429137   0.00248254   -0.0337044
   0.0501101    0.0547432    0.0125504    0.0858251
   0.0655734    0.0925749    0.0763441    -0.140904
   -0.149757  -0.00477877   -0.0728513    0.0273756
   0.0597511     0.108328    0.0459964     0.128068
   0.0200389   0.00133698    0.0183341   -0.0446995
    0.144497   0.00578729    0.0605299     0.150634
   -0.109016    0.0780801   -0.0775107    0.0559896
  -0.0309963   -0.0626668    0.0245705   -0.0441252
  -0.0120854     0.190822   -0.0227236     0.189084
   -0.275247   -0.0392854    -0.158689    -0.267322
 -0.00815638    0.0154881    0.0398745    -0.108565
   -0.156158   -0.0637498   -0.0388868   -0.0715842
  -0.0176228     0.133892   -0.0362163     0.127303
    0.071981   -0.0399348    0.0209067   -0.0888425
  -0.0262049    0.0384215   -0.0405468   -0.0185574
    -0.06065     0.054219   -0.0101926   -0.0105215
   0.0928543   -0.0175037     0.034705   -0.0175117
   0.0769166   -0.0410988    0.0108842    0.0637873
    0.181018   -0.0456044     0.232028    -0.204844
 -0.00537501    0.0750495    0.0334567    0.0596012
 -0.00688699    0.0106893   -0.0490568     0.139627
   -0.136817    0.0605433   -0.0456806    0.0654949
    0.208824   -0.0172975     0.151655     0.184805
  -0.0232408   -0.0189898    -0.113265   -0.0935738
   0.0230963    0.0372317  -0.00376776   -0.0471093
  -0.0741356    0.0331121    -0.086614    0.0903322
    0.046838   -0.0397179   -0.0434258   -0.0349567
    0.164772    0.0173224     0.175853   -0.0539173
   0.0149692    0.0115683    0.0745694   -0.0235501
  0.00832081    0.0482131   -0.0845621   -0.0426964
   0.0604997    0.0301074   -0.0529018    0.0502248
   -0.176168    0.0106012   -0.0929363    0.0283077
  -0.0119139    0.0410741    0.0356601    0.0548596
   0.0499139     0.061249   -0.0289663      0.12874
  -0.0683348   -0.0472987    0.0573079   -0.0885838
   -0.030889     0.097313    -0.117918    0.0133707
    0.057289    -0.010326    0.0333235   0.00447257
  -0.0661791     0.101838   -0.0561839   -0.0108071
   0.0673926    0.0924429   -0.0557218    0.0604923
   0.0380391    0.0140881   -0.0714906    0.0932116
  -0.0209125   -0.0377072   -0.0566147   -0.0114165
  -0.0518939    0.0263412    -0.067263    0.0325964
     0.16031   0.00932131    0.0985583     0.163774
   0.0145542    0.0511653   -0.0516103     0.135404
   0.0701553     0.119829   -0.0429339     0.131069
   0.0205104    0.0914677     0.028105    -0.155498
   0.0754686    0.0389949    0.0498577     0.151786
   0.0362791    0.0290695     0.124645    -0.179122
    0.213387     0.107187     0.121418    0.0717709
    0.125573    0.0116843     0.117468      0.02089
   0.0398449    0.0028335    0.0676634    -0.104204
    0.373582    0.0617645     0.228955     0.179784
  -0.0297554  0.000208819   0.00857757    -0.155198
    0.168028    0.0511272     0.129662     0.112208
   0.0160722    0.0188082   0.00447664     0.130928
   0.0167944   -0.0569966     0.113801   -0.0775011
   0.0796359    0.0180403     0.120153   -0.0126713
   0.0843944    0.0463907   -0.0279952      0.17451
    0.165761  -0.00998325     0.124232    0.0348665
    0.115397   -0.0137543    0.0622834   -0.0694806
   0.0437617    0.0283588     0.016437   -0.0838587
   0.0298226   -0.0792261    0.0628548     0.070391
  -0.0123743    0.0114628   0.00390109    -0.131513
   0.0613205    0.0303347   -0.0905818    0.0909178
   0.0871559   -0.0611609   -0.0241866    0.0932474
  -0.0281661    0.0547573   -0.0868604    0.0349334
 -0.00231511   -0.0500288   -0.0022947   -0.0913724
  0.00106908    0.0171686    0.0101351    0.0819544
    0.305598    0.0724003     0.103231     0.262872
    0.176017   -0.0846493    0.0630889   -0.0203113
  -0.0146566    0.0225558   0.00690392   -0.0469934
     0.21504    0.0431736     0.186902   -0.0835142
  -0.0277259    0.0880268   -0.0832089    0.0735964
    0.243564   -0.0484818     0.176941   -0.0511645
  -0.0883761    0.0373084    0.0457883   -0.0726267
   0.0303359    0.0536465    0.0376554    0.0523242
    0.027318     0.129363  -0.00752378     0.061834
    0.187102    0.0624018     0.101284      0.19596
     0.15453    0.0856738    0.0427059    0.0370796
   0.0479773    0.0911012   -0.0275929   -0.0565495
   -0.178798    0.0607114   -0.0621698    -0.144307
   0.0474879   -0.0225842    0.0455915    0.0316217
  -0.0101116    0.0424422    -0.105906     0.140827
   0.0223963   -0.0446807    0.0246668    0.0797984
    0.101282   -0.0169346     0.137881   -0.0972058
    0.175208    0.0733558    0.0352303     0.200681
   -0.123406   -0.0331066   -0.0971764    0.0951246
    0.257472    0.0516461    0.0451836     0.257167
    0.142602   -0.0255738    0.0552707     0.118326
   0.0734004    0.0335657    0.0238304    0.0402226
   0.0538824   -0.0171423     0.100047    -0.107377
   0.0494686    0.0912942   -0.0210366     0.164235
    0.104136    0.0178233   -0.0214987     0.122631
   0.0533493    0.0267738   -0.0806152     0.057988
   -0.210953    0.0341546     -0.05247    -0.159402
   0.0253511    0.0571957   -0.0302171    -0.020149
   0.0806267   -0.0239726 -0.000928406   -0.0197847
  -0.0538409   -0.0285274    -0.015281   -0.0541484
    0.353529   -0.0327564     0.235611     0.140818
   0.0242128    0.0937074    0.0261384    0.0604679
   0.0595153    0.0187851    -0.052413  -0.00118514
 -0.00625041    0.0791502  -0.00200289   -0.0728115
    0.136842    0.0718498    0.0823814    0.0782845
   0.0121957    0.0862275   -0.0764315    0.0893922
   0.0577872    0.0964552    0.0402672    0.0278541
    0.203733   -0.0664774     0.113428    0.0995152
   -0.096683    0.0705277    0.0225056   -0.0841858
    0.106855    0.0548514    0.0309026     0.134881
    0.244411   -0.0251401     0.166686    0.0573408
  -0.0169281   -0.0018531   -0.0107096    -0.185584
  -0.0448314    0.0596085    -0.091565  -0.00663192
  -0.0826668     0.101086    -0.077514    -0.282757
   0.0972951    0.0890538   0.00277569    0.0678046
   -0.229414     0.139237    -0.237972     0.193492
   0.0434156    0.0657898    -0.036531    0.0285238
   -0.123932   -0.0364704    -0.146698    0.0635112
  -0.0787876    0.0543531   -0.0753404     0.142756
 -0.00848657   -0.0583866      0.10181   -0.0028226
   -0.104601    -0.056904   -0.0266741     -0.23081
  0.00443966    0.0729749 -0.000629101   -0.0362849
    0.218138    0.0718481      0.12715   -0.0201236
   -0.128964    0.0946756    -0.194661     0.138291
   0.0953039    0.0666474  -0.00540407     0.300332
   0.0715817    0.0281908   0.00629564   -0.0342256
   0.0461848   0.00673629    -0.105835     0.398264
   0.0109903     0.101506   -0.0769764    0.0699622
   -0.128815    0.0470942   -0.0845527     0.322629
  -0.0674037    0.0165553   -0.0968223    0.0154952
   -0.119272    0.0430614    0.0662693    -0.179854
 0.000399874    0.0459552   -0.0517947     0.119781
  -0.0923082  -0.00235237   -0.0366465   -0.0755296
    0.116775    0.0555097     0.120941   -0.0603343
    0.114688  -0.00563519    0.0878681    0.0484828
   0.0452357   -0.0689949    0.0272284    -0.181333
  -0.0528151    0.0679204   -0.0336137    -0.138039
    0.230932    0.0239447     0.109503     0.239093
    0.263586  -0.00228695     0.112469    0.0538996
  -0.0804669   -0.0359743    -0.123608    -0.117913
   0.0677113   -0.0305942     0.138793    -0.152305
    0.051536  -0.00233018   -0.0284632    0.0243355
 -0.00330479   -0.0523122   -0.0120252   0.00129781
  -0.0807992   -0.0865214    0.0187317   -0.0603914
  -0.0834404   -0.0411716   -0.0683618   -0.0235719
  -0.0292007    0.0922215   -0.0521068   0.00740686
    0.177839    0.0701582    0.0969361   -0.0558311
   -0.125858    0.0222399    -0.121514     0.138275
   0.0386674     0.129745    0.0191517   -0.0146425
   0.0708115   -0.0367782    0.0340623  -0.00376022
  -0.0280703    0.0669501   -0.0939647    0.0813138
  -0.0108077   -0.0102822     0.103199    -0.131527
   0.0325545   0.00415174   -0.0539213      0.06194
    0.140948    0.0393534    0.0954037    0.0631614
  -0.0421966    0.0778781   -0.0398427     0.184666
    0.118761   -0.0347132    0.0812493     0.011045
   0.0600102   -0.0127852    0.0452427    0.0290974
   -0.186447   0.00704763    -0.191545   -0.0750322
  -0.0144287    0.0816734     0.012747    0.0261976
  -0.0587509    0.0181991   -0.0107034     0.039356
   -0.110073   -0.0204759   -0.0132385  -0.00374381
  -0.0609702    0.0268483    0.0208371    -0.118096
  -0.0786886    0.0561548   -0.0716782    -0.108757
   0.0191468    0.0727561   -0.0454966   0.00464032
   0.0251256    0.0501178   -0.0595076     0.100134
   0.0162802   -0.0303452   -0.0342061     -0.12774
 -0.00181653    0.0558564    0.0401447    -0.162109
  -0.0214529   -0.0225719     0.045949   -0.0572176
   0.0334324    0.0117756    0.0802628    -0.117766
  -0.0686446    0.0516375   -0.0683804     0.164437
    0.161852   -0.0635835    0.0564735     0.227243
   -0.157226    0.0701297    -0.115174    0.0246072
  -0.0181341     0.099426     -0.16743     0.208518
    0.122208   -0.0932149    0.0510947    -0.166871
   -0.085599     0.120864    -0.134797   0.00761687
   0.0516777    0.0642322    0.0413628   -0.0391667
  -0.0204426   -0.0406342   -0.0376604     0.028563
 -0.00762454    0.0928914   -0.0671862     0.199204
    0.158803   -0.0467777     0.088316    0.0663685
   0.0207591        0.119   -0.0488647    0.0766446
   0.0208735   -0.0271375     0.162735    -0.162954
  -0.0725107     0.086443  -0.00669266  -0.00460251
   -0.152735    0.0573242    -0.202782    0.0550508
  -0.0150339    0.0850841   -0.0952897    0.0285678
   0.0180834   -0.0159428  -0.00886037     0.130383
   -0.112354   -0.0757285 -0.000301648    0.0255677
   0.0287263   -0.0324512    0.0493198    0.0336678
   -0.143916   -0.0685025  -0.00442938   -0.0164123
     0.22051    0.0631867     0.166702   0.00460726
   0.0211486    0.0738144    0.0347118   -0.0559678
  -0.0182878    0.0480332  -0.00563674   -0.0610857
   0.0737067    0.0278547   -0.0635768     0.140019
    0.149978   0.00678743   -0.0525119      0.14303
   0.0773512    0.0603132    0.0849884    -0.018828
  -0.0382809    0.0134781   -0.0725647     0.133533
   0.0788193   -0.0560827     0.037429    0.0276082
  -0.0860752   -0.0628828    0.0229578   -0.0908686
  -0.0263616   -0.0387248    0.0413553    -0.131544
  -0.0394403     0.101014    -0.181888    0.0615496
   0.0904976    0.0949213    0.0165809    0.0780773
  -0.0781994   -0.0227455    0.0204191   -0.0482775
  -0.0554532   -0.0493016   -0.0463065    0.0198272
   0.0699917     0.102091   -0.0529541     0.217619
   0.0813611    0.0595031     0.153876   -0.0706322
     0.02841   0.00359922    0.0538552   -0.0421446
   -0.181714    0.0226525   -0.0830613    -0.158847
  -0.0685691    0.0427615   -0.0884787   -0.0556358
   -0.144955    0.0148191    -0.122503   -0.0249723
  -0.0374074    0.0635694  -0.00190378    0.0178353
   -0.120821     0.015263    -0.180363     0.121795
   -0.015374   -0.0292433    0.0125385    -0.104873
   0.0833981   -0.0598954    0.0500803    0.0542295
   0.0199301     0.125194 -0.000646515    0.0976539
   -0.196968   0.00926827    -0.111021   -0.0479484
  0.00114859    -0.080471      0.09941   -0.0918848
    0.101579    0.0136088    0.0449005    0.0755539
 -0.00257054    0.0880629   -0.0150837  -0.00828089
    0.111961   -0.0474908    0.0727654    0.0689962