-0.346071
-0.408724
-0.331872
-0.616667
-0.444585
-0.548802
 -0.26195
-0.507608
-0.420017
-0.933291
-0.623318
-0.896506
-0.396762
-0.390965
-0.383018
-0.514569
-0.434525
-0.487194
-0.782864
 -0.48507
-0.474691
-0.607922
-0.472842
-0.341019
-0.545464
-0.654218
 -0.69871
-0.725388
-0.614993
-0.551798
-0.572237
-0.436687
-0.513207
-0.306153
-0.942586
-0.395871
-0.442914
-0.680845
-0.391819
-0.517727
-0.512773
-0.302816
-0.606637
-0.558075
-0.455568
-0.616817
 -0.77525
-0.671139
-0.443675
-0.274172
-0.382481
-0.450788
 -0.50723
 -0.36644
 -0.23078
-0.680652
-0.450693
-0.386546
-0.432063
-0.402767
-0.350591
-0.441135
-0.346193
-0.854129
-0.407238
-0.284978
-0.712407
-0.469298
 -1.01935
 -1.05115
-0.421635
-0.303868
-0.277217
-0.349067
-0.365703
-0.569327
-0.427938
-0.334011
-0.589905
-0.282518
-0.941333
-0.403647
  -0.1929
-0.443489
-0.645673
-0.624731
-0.502376
-0.632967
  -0.3494
-0.374208
-0.607215
-0.515363
-0.410176
-0.199381
-0.490782
  -0.6671
-0.469723
-0.870232
-0.206994
-0.448831
-0.847764
-0.561424
-0.514845
-0.472918
 -0.47199
-0.437609
-0.414295
-0.587791
 -0.44308
 -0.58342
 -0.35489
-0.483765
-0.411755
-0.546438
-0.449574
-0.257423
-0.534972
-0.575577
-0.287856
-0.416169
-0.552287
-0.281126
-0.654701
-0.316407
-0.316819
-0.541268
 -0.51078
-0.500964
-0.409634
 -0.39119
-0.571175
-0.578627
-0.584716
-0.372964
-0.738197
-0.259458
-0.692125
-0.492609
-0.430363
-0.647341
-0.493743
-0.359818
-0.315053
-0.441881
-0.267245
 -0.53357
-0.549582
-0.375386
 -0.54633
 -0.22491
-0.695649
-0.445995
 -0.42703
-0.541728
-0.319452
-0.622557
 -0.59275
-0.534398
 -0.31438
-0.425287
-0.569518
-0.492975
-0.621258
-0.421962
-0.452172
-0.387788
 -0.38029
-0.571271
-0.714347
-0.445573
-0.458519
-0.684138
-0.506996
-0.641428
-0.243198
-0.583483
 -0.54076
-0.844475
-0.282664
-0.749299
-0.489196
-0.369493
-0.320272
-0.243259
-0.415949
-0.284404
-0.352974
-0.546082
-0.434629
-0.365355
-0.226245
-0.297594
-0.282447
-0.539723
-0.486977
-0.369298
 -0.79995
-0.495138
-0.406117
-0.680221
-0.486787
 -0.45802
-0.522636
 -0.42661
-0.593725
-0.353172
-0.504316
-0.417405
-0.417815
 -0.77495
-0.588344
-0.310844
-0.611944
-0.720648
-0.992104
-0.273558
-0.376194
-0.420518
-0.324174
-0.260729
-0.452704
-0.643322
-0.303322
-0.541226
-0.531058
-0.339236
-0.352458
-0.548959
-0.403154
-0.511795
-0.518166
-0.368244
-0.388783
-0.588297
-0.531599
-0.312948
-0.642892
-0.374482
-0.373668
-0.447015
-0.480071
-0.376527
-0.300151
-0.297239
 -0.25827
-0.501925
-0.493466
-0.338434
-0.643623
-0.443092
-0.621848
-0.433357
 -0.52454
-0.773082
-0.426364
-0.751016
-0.561602
-0.336272
-0.555495
-0.433531
-0.577008
-0.908246
-0.854275
-0.680763
-0.913948
-0.617941
-0.347367
-0.530004
-0.227436
-0.322029
-0.459267
-0.449343
-0.915251
-0.280376
-0.487842
-0.473179
 -0.92108
-0.295577
-0.655357
-0.529053
-0.363486
-0.806795
 -0.34177
-0.492289
 -0.41237
 -0.45991
-0.492657
-0.520267
-0.280019
-0.328661
-0.358953
 -0.46675
-0.550243
-0.574063
-0.526327
-0.658225
-0.411378
 -1.03372
-0.450352
-0.745688
-0.429035
-0.534317
 -0.56215
-0.468114
-0.634519
-0.503328
-0.581385
-0.226372
-0.656723
-0.334248
-0.421581
-0.775603
-0.420729
-0.695119
-0.500994
-0.237532
 -0.54218
-0.425399
-0.733384
-0.252658
-0.553391
-0.764005
-0.381596
 -1.31101
-0.296718
-0.448012
-0.764043
-0.749629
-0.560218
 -0.67826
-0.342053
-0.485561
-0.348604
-0.377747
-0.405671
-0.674292
-0.251839
-0.570599
-0.375145
 -0.52922
-0.262738
-0.359631
-0.386588
-0.470381
-0.571226
-0.450996
-0.559614
-0.919521
-0.341232
-0.459676
-0.493208
-0.556387
-0.644699
-0.501194
-0.476637
-0.557416
-0.557228
 -0.28963
-0.664833
-0.631581
-0.363814
-0.353035
-0.508057
-0.438532
-0.654145
-0.500904
-0.165186
-0.864334
 -0.28934
-0.589787
-0.451548
-0.598104
-0.531751
-0.675765
-0.512261
-0.643874
-0.249802
-0.164733
-0.318258
-0.464279
-0.412055
-0.728545
 -0.38562
-0.569436
-0.496497
-0.574982
-0.480622
-0.570154
-0.410807
 -0.35993
-0.451842
-0.382012
-0.465625
-0.204825
-0.701059
-0.523535
-0.466504
-0.340155
-0.449062
-0.397405
-0.343528
-0.462865
-0.482789
 -0.35438
-0.687594
-0.376533
-0.905681
-0.692165
-0.790574
-0.549408
-0.207962
-0.513248
-0.339234
-0.253053
 -0.71352
-0.453459
-0.487507
-0.432361
-0.531644
-0.404834
-0.838075
-0.587695
-0.835632
 -1.06254
-0.938128
-0.663805
-0.332008
-0.317368
-0.544753
-0.542543
-0.570726
-0.333984
 -0.52985
   -0.635
-0.656614
-0.313262
  -0.2363
  -0.2934
-0.361918
-0.381804
 -1.10675
-0.503553
-0.886248
-0.463199
-0.652178
-0.403899
-0.449414
-0.471164
 -1.01289
-0.583172
-0.788515
-0.355914
-0.271271
 -0.51457
-0.371181
-0.250855
-0.607119
-0.372423
-0.227229
-0.621396
-0.421468
-0.497119
-0.732224
-0.527621
-0.336276
-0.798085
-0.538388
-0.375059
-0.401482
-0.452726
-0.518324
-0.376982
-0.411454
-0.623042
  -0.3824
 -0.60456
-0.486857
-0.404551
-0.365808
-0.437338
-0.568115
-0.455783
-0.636871
-0.299413
-0.244275
-0.464376
-0.194007
-0.544513
-0.537512
-0.312365
-0.349844
-0.441457
-0.561403
-0.389301
-0.536499
-0.416727
-0.421162
-0.461476
-0.591745
-0.618551
-0.655244
-0.358931
-0.415013
-0.450482
-0.278279
-0.359062
-0.503277
 -0.52605
-0.344225
-0.529522
-0.674249
-0.209949