 -0.00741354   -0.0437394     0.013446    0.0779574
   0.0587661   0.00618206    0.0616816  -0.00758692
  -0.0362447   -0.0443286     0.217843   0.00179846
  -0.0126166  -0.00116466     0.173992   -0.0611131
    0.147877   -0.0540316     0.122773   -0.0388412
   0.0438895      0.01439  -0.00459208    0.0464731
   0.0385639    0.0373821   -0.0736285   -0.0343254
   0.0136312    0.0329086    -0.104993   -0.0917552
    0.146746   -0.0180558     -0.12463    0.0597622
  -0.0180228    0.0306971    0.0138657      0.01895
   -0.106774    0.0927158     0.140475    -0.136011
   0.0111441    0.0765828   -0.0339502      0.11204
 -0.00972533  -0.00704516  -0.00565729   0.00808687
  -0.0179858   0.00481858     0.122382     0.038297
  -0.0641038  -0.00129054    -0.130279   -0.0669046
   0.0474425    -0.160975       -0.029     0.190283
   0.0407509    0.0169344     0.058393    0.0199915
   0.0716336    -0.128754    0.0545169     0.162643
   0.0167111   -0.0911467   -0.0326752    0.0291398
    0.053428   -0.0375152     0.091469    0.0644304
   0.0368522     0.113862    -0.153775      0.02169
    0.133782   -0.0280037    0.0831654     -0.11519
   0.0213125    0.0125941     0.137404    0.0204216
  -0.0638239     0.140527   -0.0379616    -0.114462
  -0.0791209   -0.0384157     0.140812   -0.0561982
   0.0697128   -0.0202417   -0.0676436    0.0157779
    0.229941    -0.253966     0.204647     0.241773
  -0.0236469     0.117515   0.00738076    -0.118274
   0.0457967   -0.0104741     0.170983    0.0308136
  -0.0631983     0.102054 -0.000977467     0.114322
    0.115515   -0.0461624    0.0142409   0.00598049
   0.0272011   -0.0440134  -0.00386087    0.0195821
   0.0172819     0.114448    -0.152312    0.0350101
  -0.0754292    0.0150552   -0.0266881   -0.0208839
  -0.0890063     0.299473    -0.357505   -0.0934901
 -0.00878696    0.0776538   -0.0862595    0.0335372
   0.0740955   -0.0621612   0.00517988    0.0844596
    0.116571    -0.131509   -0.0152633    0.0953995
   0.0360852    0.0759643     0.137154   -0.0455231
   0.0280798    -0.135218     0.186365  -0.00965467
   0.0194427   -0.0110653    0.0909803    0.0205209
    -0.15822    0.0902167   -0.0923647    0.0874289
    0.145101    0.0384484    0.0884768   -0.0491483
   -0.058923     0.111813   -0.0287943   -0.0286883
   0.0828069   -0.0200357     0.141912    0.0435716
  -0.0584201   -0.0826138     0.122566   0.00879216
   0.0367002    0.0333673    -0.101796     0.135404
  -0.0339127   -0.0971653   -0.0704903     0.121449
  -0.0658362  -0.00846616   0.00291698   -0.0401884
   0.0270702    0.0034271    0.0103254    -0.181972
  -0.0716523   -0.0896157   -0.0590414    0.0629517
  0.00599802   -0.0384939    -0.150537     0.101994
   0.0840307    -0.096345    -0.181642     0.201489
   0.0377091    0.0340651     -0.01811   -0.0485313
   0.0110294    0.0789137  -0.00635488     0.103251
  0.00978317   -0.0186686   -0.0946532    0.0746879
   0.0955726        0.026    0.0187201   -0.0440291
   0.0544303  -0.00176027    0.0512126    0.0911701
   0.0687013     0.068578    -0.121914   0.00702656
 -0.00047831    -0.117798     0.132626     0.089208
    -0.03069   0.00475331    0.0114583     0.102629
   0.0575969    0.0627631    0.0495699   -0.0470531
  -0.0525552    0.0661897    0.0171147    0.0155191
   -0.119595   -0.0314924     0.106164    -0.201301
    0.054285    0.0841799   -0.0200005   -0.0353199
   -0.120863    0.0539226    0.0177909    0.0235939
    0.021241    0.0107406   -0.0121966     0.126868
   0.0370929   -0.0120448    -0.156398    0.0634654
  -0.0010299     0.172385     0.027609   -0.0809068
   0.0317433   -0.0430369    -0.122147   -0.0234329
  -0.0790976    0.0087596   -0.0292157   0.00835313
   0.0572791     0.045295    0.0591692     0.136756
    0.083157   -0.0420585    -0.276506   -0.0728827
   0.0329022    0.0929821   -0.0048696   0.00748289
  -0.0615646    0.0179085    -0.139128    -0.021795
  -0.0123163    -0.111811    -0.174095      0.15599
  -0.0979806   -0.0672321    0.0596446    0.0685151
   0.0204206   -0.0882731    0.0307614     0.108033
  -0.0218129    0.0391379    -0.153104     0.047089
    0.022756     -0.08374    0.0247245     0.106767
  -0.0286725   0.00490762   -0.0933423    0.0451014
  -0.0171071  -0.00921873    0.0572551    0.0104295
   0.0559722    0.0711687    0.0495412   -0.0522023
 -0.00884041   -0.0251611   -0.0248079    0.0367687
    0.110592    -0.190815       0.2723    -0.032416
  -0.0371816    0.0894542   -0.0966175   -0.0765324
  -0.0563793    0.0449181    0.0414596    0.0573795
 -0.00855344    0.0337023    -0.104554    -0.108492
  -0.0928322   -0.0590006    0.0233333    -0.091132
   -0.109482     0.126167    -0.151744    -0.109212
  -0.0474025     0.101325    -0.176662   -0.0499648
  -0.0899645    0.0915447     -0.10247     0.103497
   -0.052671   -0.0360094   -0.0563715    0.0444442
   0.0498905    -0.041242   0.00297375   -0.0868387
   0.0178229   -0.0312776   -0.0866649   -0.0566526
   0.0415734     0.103396   -0.0610296    0.0175248
   0.0759565    0.0645546   -0.0186311   -0.0651111
    0.090539    0.0335188   -0.0803266   0.00515547
   0.0608567   -0.0421802   -0.0392506   -0.0852154
  -0.0183654   -0.0168198     0.126712    0.0514414
   0.0451912    -0.099916    0.0191707   -0.0361806
   0.0509332   -0.0302016   -0.0432894    -0.096447
   0.0187185    0.0249803   0.00518767    0.0560077
   0.0269245  -0.00322679    0.0406007     0.051643
  -0.0063608   -0.0447614   -0.0210715    0.0135325
    0.119086    0.0129903    0.0858264    0.0518474
  -0.0260687   0.00754871    -0.093594   -0.0414775
   0.0911038    0.0138815   -0.0627039   0.00826073
  -0.0863732   -0.0501453    0.0561621   0.00472876
    0.118393   -0.0343551    0.0100937    0.0659596
  -0.0334209    0.0556428     0.109172    0.0278052
  -0.0169219    0.0529703    -0.135645     0.084118
 -0.00898697   -0.0473271     -0.10471    -0.017846
   -0.101768   -0.0188648    0.0172997    -0.068851
   -0.104905    0.0838992    0.0743834   -0.0310814
  -0.0334003    0.0574482    -0.070034     0.124682
     0.12065    -0.107613    0.0245111      0.17413
  -0.0847499   0.00476831    -0.149339     0.064188
    0.059069      -0.1103    -0.167451    0.0512663
   0.0923139   -0.0649373   -0.0307433    0.0993481
   0.0190325     0.109266    0.0656942    -0.102771
  -0.0336365     0.100103    -0.108373    -0.164523
    0.055049   -0.0791531    0.0347129   -0.0337195
   0.0553371    0.0333568    0.0676306    0.0153754
  -0.0701717   -0.0408878    -0.227084    0.0799981
  -0.0496786   -0.0361296    0.0407886     0.106177
   0.0761338   -0.0162131    -0.151684    0.0344768
  -0.0042547     0.110864    0.0178092    -0.168308
   0.0213004   -0.0889167   -0.0733348   -0.0383886
  0.00284099    0.0417634    -0.107983    0.0384229
   -0.041701    0.0300516    -0.068239   0.00419486
    0.043294    0.0748639    -0.125857   -0.0423187
  -0.0543906   0.00171756    0.0514572   0.00898153
   -0.002517 -0.000557987    0.0362439    -0.127313
    0.126144    -0.022629     0.113835    0.0974524
   0.0106929    0.0495484   -0.0512209    0.0175478
   -0.132017    0.0687121   -0.0251426    -0.228512
   -0.113881    0.0130491    0.0793195     0.087536
   0.0463426    -0.036174    0.0813907   0.00916986
   0.0230976   -0.0940881    0.0832551    0.0610434
    0.148073   -0.0959972     -0.03698     0.109113
  -0.0529254   -0.0414986    0.0417993   -0.0320419
  -0.0121678  -0.00168252   -0.0148432    -0.039059
   -0.073451    0.0856782   0.00419442   -0.0753194
 -0.00536304   -0.0810768   0.00967461     0.117477
   0.0629108    0.0648738   -0.0812216    0.0425257
  -0.0651504       0.1442   -0.0410298   -0.0932094
  -0.0509082    0.0122832    0.0186633    0.0283729
 -0.00673719  -0.00201609     0.169811   0.00841803
    0.115766   -0.0108007   -0.0098262  -0.00343466
  -0.0104661    -0.112583    -0.102682   0.00996351
  -0.0724418  -0.00501982 -0.000966983      0.11433
 -0.00646253   -0.0795317    0.0994094     0.129987
   0.0613155   0.00539179    -0.137028    0.0902303
 -0.00390206   -0.0190019    0.0681105    -0.130749
 -0.00879482   -0.0783257     0.153515   -0.0167196
   0.0431933    0.0718799    -0.204731   -0.0845497
   0.0505135   -0.0929669     0.147855    0.0626022
   -0.118673    0.0813188    -0.215794    0.0685883
    0.128476   -0.0765704   -0.0260335    0.0456319
  -0.0172542   -0.0907359    0.0545241     0.267193
    0.144961   -0.0910016    0.0850659  -0.00334795
  -0.0112592    0.0343774    -0.245187    0.0897073
   0.0506132   -0.0349627   -0.0379421  -0.00102433
    -0.09882   -0.0835025     0.117874   -0.0364091
  -0.0194337    0.0658847    -0.129666    -0.037674
   0.0524988    0.0325191   -0.0493226    -0.032669
  -0.0324911   -0.0691011    0.0816781   0.00966365
  -0.0232628   -0.0567194     0.261381   -0.0757058
  -0.0134953   -0.0556659    0.0309213    -0.039277
   0.0848211   -0.0375806     0.127152   -0.0212928
  -0.0369064    0.0898989   0.00978235     -0.23868
  0.00311157   0.00423895   0.00480026   -0.0480349
   0.0107756   -0.0737126    0.0841103    -0.114627
   0.0557668   -0.0451022    -0.048508   -0.0950826
    0.116788   -0.0815713     0.349399    0.0104998
   0.0580757   -0.0561291     -0.14235    0.0871956
  -0.0266098     0.016048    0.0720522     0.178403
  -0.0421809    0.0172675    -0.124405   -0.0211788
   0.0855252  -0.00767239    0.0529644    0.0730772
   0.0636618   -0.0429098    0.0817393     0.215407
  -0.0834545   -0.0133222    0.0231436    0.0673095
   0.0455193   -0.0279657   -0.0393452 -0.000267734
  -0.0491284   -0.0213652    0.0192563    0.0776028
   -0.013504    0.0594011    -0.041105    0.0881942
     0.05506   -0.0068395     0.116272  -0.00898346
 -0.00735741   -0.0574637     0.101451    0.0757989
  0.00630955    0.0287984    -0.079455   -0.0594069
    0.169526   -0.0638625    -0.118642    0.0624541
  -0.0409963    -0.047155  -0.00723172    0.0485329
   -0.072174    0.0300604    0.0625711    -0.133558
  0.00141074   -0.0408008    -0.020574    0.0876207
  -0.0466236    -0.101808     0.104857     0.016089
  -0.0233081    0.0565671   -0.0760435   -0.0225293
  -0.0556773   -0.0117634    -0.122248    -0.098495
 -0.00519414   -0.0145497    -0.129018   -0.0713399
   0.0426292    -0.236293     0.169141     0.196506
   0.0628286   -0.0565065     0.179774   -0.0107459
  -0.0306817   -0.0291454    0.0759878   -0.0618361
   0.0787157   -0.0473895     0.128528  -0.00645153
   0.0153251    0.0821827   0.00694806    0.0431123
   0.0229241   -0.0392957    0.0138011   -0.0277108
  -0.0563812   -0.0598436   -0.0323606   -0.0508874
    0.118873   -0.0242903   -0.0929988   -0.0786349
  -0.0610634    0.0470797    0.0231154    0.0325547
   0.0713951   -0.0336563    0.0604831    0.0112285
   0.0269047     0.111918   -0.0348601   -0.0773422
   0.0974965   -0.0448454    0.0569783    0.0522046
   0.0261816   -0.0282659   -0.0735159     0.120198
  -0.0282114    0.0939202    0.0599017   -0.0253558
    0.201498    -0.148344   -0.0623894     0.227728
   0.0910402    -0.132579   -0.0130798     0.096243
  -0.0330469   -0.0746544    0.0737259     0.106751
  -0.0599837    0.0754212    -0.126119    0.0879759
   0.0306207   -0.0120879    0.0286817     0.141639
    0.112072   -0.0796601     0.184943    0.0358077
  -0.0140644  -0.00723598     -0.13126    0.0288951
  -0.0335674   -0.0407838    0.0175451   0.00494696
  -0.0395744    0.0619631   -0.0560178   -0.0850279
  -0.0376964    -0.124072     0.110271     -0.05511
   0.0450631    -0.112405    0.0881705   -0.0321247
   -0.161894     0.136952   -0.0832118   -0.0384345
   0.0558939    0.0347561   -0.0851785    0.0345509
  -0.0791263     0.114093   -0.0339652    0.0573575
  -0.0721974    0.0538082    -0.176519   0.00052188
   0.0491917  -0.00946118   -0.0168873    -0.043211
  -0.0264928    0.0575237     0.116541   -0.0269002
   0.0154429    0.0370927   -0.0720691   -0.0752462
   0.0571961    0.0208333   -0.0623006   -0.0850919
   0.0606972    0.0349504    0.0706108    0.0504464
    0.051951   -0.0100559    0.0370627   -0.0332379
 -0.00197755   -0.0478037   -0.0283298     0.140403
   0.0265568    -0.034739     0.191143    -0.190641
  -0.0375274   0.00905772   -0.0499635    0.0376014
   0.0144801    0.0748267    0.0813132   -0.0347895
   0.0924179   -0.0320845    0.0144849    0.0356691
    0.064017    -0.139925    0.0351292   -0.0586848
  -0.0817384   -0.0115693     0.108502   -0.0159152
  -0.0824514    0.0456134   -0.0365221   -0.0171826
  -0.0281471     0.123845   -0.0627255   0.00452214
  -0.0811527    0.0534235   -0.0528999   -0.0703496
  -0.0502872    0.0514587    -0.107592   -0.0216505
   0.0359347   0.00893615    -0.110782    0.0591846
  -0.0460216     0.141904  -0.00638362   -0.0560642
   0.0781582     0.105196    -0.142944    0.0912364
    0.086611    -0.103035    0.0565943   0.00294764
   0.0820056   -0.0148172    0.0171185  -0.00745504
   0.0328846    -0.086199    0.0563574    0.0975737
  -0.0603872   0.00441972   -0.0611488    0.0513965
  -0.0219959   -0.0541353     0.111675    0.0511976
   0.0603958   -0.0619447    0.0410442    0.0787567
 -0.00870881   -0.0357197     0.267396   -0.0160933
 -0.00477864     0.106173    0.0972238    0.0823195
   -0.113669    0.0351371   -0.0783755   -0.0133077
  -0.0612283   -0.0281712   -0.0564706   -0.0115073
  -0.0896457    0.0223533     0.141187    -0.115617
    0.110525   -0.0152785   -0.0346499    0.0138035
  -0.0110483    0.0238765    -0.056086   -0.0314279
  -0.0471409    0.0338172    0.0610254   -0.0663996
  0.00779608  -0.00908881  -0.00752074   0.00653952
   0.0501415    -0.144336     0.107327    0.0815968
    0.195739   -0.0346358     0.199614  -0.00940246
    0.177356    -0.185288     0.161358     0.122955
   0.0938296   -0.0304483    0.0959791    0.0472543
  -0.0382683    0.0118399    -0.169614    -0.033386
 0.000804906    0.0965544   -0.0488149    0.0372317
   0.0129005    0.0354872   0.00103287   -0.0519929
   0.0976118   -0.0732771   -0.0193983     0.054043
   0.0230794   -0.0572666   -0.0644484   -0.0834472
   0.0239759   -0.0651636    0.0593246    0.0111533
  -0.0293796    0.0438653  -0.00216492   -0.0023385
  -0.0240397     0.111948   -0.0567578    -0.114892
     0.14952    0.0812249   -0.0941962   -0.0856903
   0.0475631    0.0138224     0.124201   -0.0537017
   0.0602725    0.0470498   -0.0694086   -0.0757094
   0.0204686   0.00809882   -0.0562934   -0.0123571
   0.0618095    -0.221535     0.226365    0.0913397
   0.0178326   -0.0198426  -0.00504025   -0.0441795
   0.0665632    -0.041438    0.0568036    -0.101581
   0.0383412   0.00469353    0.0777621   -0.0219205
   0.0142723   -0.0108291    -0.133847   -0.0468859
    0.144845    -0.112387     0.158495    0.0878064
   0.0951982   -0.0116576   -0.0208711   -0.0519339
   0.0908868   -0.0489167    -0.191723   -0.0498224
 -0.00533577    0.0262808    0.0750712   -0.0479004
  0.00811229   -0.0996359    0.0319297     0.193404
   -0.136736     0.141392   -0.0865583     0.070268
   -0.131816     0.113681       0.0117   -0.0504329
   -0.109861    0.0181611   -0.0081889   -0.0763072
   0.0708083   -0.0679985   -0.0160263    0.0341026
   0.0732987    -0.108204     0.079059     0.131034
  -0.0559974     0.128815   -0.0255233   -0.0725034
  -0.0521871  0.000804832    0.0516378   -0.0111438
  -0.0105291    0.0155762    -0.127058    0.0487174
   0.0554729    -0.063851    0.0690394    0.0487058
   0.0113472     0.071111    0.0894055   -0.0943041
 -0.00943539   -0.0358422    0.0758046   -0.0227665
    0.246311    -0.211451     0.139582      0.24433
  -0.0618419   -0.0911388    0.0696389  -0.00166957
  -0.0245417   -0.0214099   -0.0245315   -0.0235083
   -0.107019    0.0337153    -0.082848   -0.0687043
    -0.16019     0.112887   -0.0181975   -0.0607961
   0.0779873   -0.0975882   -0.0814344    0.0362354
  -0.0159194   -0.0208897    0.0936446   -0.0425465
  -0.0269066   -0.0284398     0.133679    0.0152108
   0.0881583   -0.0657648   -0.0431183    0.0574294
   0.0755269   -0.0775896    0.0859175    0.0699102
   0.0654408    0.0917194   -0.0486238   -0.0100785
  -0.0169983    0.0514895    0.0552328   -0.0661059
  -0.0210587  -0.00220659   -0.0497687   -0.0508066
  -0.0273861    0.0122429    0.0667248     0.098704
   0.0480452    -0.041465     0.159734     0.085107
  -0.0574757    0.0435505    -0.176035    0.0355869
  -0.0923103     0.148905    0.0129669   -0.0767601
  -0.0215314    0.0498065     0.130415   0.00528267
   0.0988109   -0.0108105     0.106567     0.164426
   -0.118511   0.00374489   0.00126439    0.0411757
   0.0472217     0.123984     0.169897    -0.209076
   0.0996117   -0.0253094   -0.0787925     0.116549
   0.0235704   -0.0338206     0.111827    0.0585555
   0.0765938     0.036993     0.130638    0.0966125
   0.0803348    -0.122216     0.170247    0.0193156
   -0.071994     0.120521   -0.0616691   -0.0893805
   -0.010373     0.381672    -0.305436    -0.367928
   0.0148961   -0.0417554    0.0692807     0.125559
  -0.0699751    -0.143757    0.0912089     0.145122
   -0.062654    0.0208355   -0.0748754   -0.0520217
   0.0506467   -0.0946572   -0.0430588    0.0941364
  -0.0574784   -0.0568123   -0.0679641   -0.0422984
  -0.0772413     0.140971    0.0543606   -0.0856824
   0.0401906   -0.0391341   -0.0266827  -0.00821011
  -0.0304171    0.0365226   0.00163432   -0.0457776
   0.0714124    0.0512923    0.0347949    0.0470462
   0.0316657   -0.0410183   -0.0818571   -0.0557712
   0.0110524    0.0213103   -0.0937837   0.00386311
  -0.0574769      0.10622   0.00429696   -0.0525317
   -0.102844     0.193944   -0.0860209    -0.158188
  -0.0224993    0.0360812    -0.126748     0.154015
  -0.0557526    0.0593579     0.141366   -0.0285091
   0.0585872    0.0499369    0.0435305   -0.0715415
  -0.0414099   0.00247538  -0.00376094    0.0790935
  0.00853059    0.0238721    0.0576498    0.0340772
   0.0153089    0.0332675    0.0201633   -0.0827659
   0.0350084   -0.0541615    0.0543695  -0.00286927
   0.0195467    -0.112984     0.224467    0.0633267
  -0.0474759    0.0397586   -0.0315498   -0.0229274
  -0.0720322   -0.0323277     0.153602    0.0191283
   -0.022689   -0.0521912     0.103508     0.220143
   0.0227139   -0.0213229   -0.0073522   -0.0715235
   0.0246195    0.0710878  -0.00428161   -0.0187894
   0.0614115     0.110598   -0.0837343  -0.00909388
   0.0322743   -0.0248523   -0.0627456    -0.013097
    0.155236     0.102279     0.146676   -0.0836521
  -0.0151284   0.00836054    0.0693292   -0.0359237
   0.0740675     0.102555    0.0450738   -0.0655279
   -0.108432    0.0794593   -0.0673425    0.0760101
   0.0246474    -0.062939  -0.00442946     0.121456
   -0.146634    0.0141065      0.04106     0.132492
    -0.02509     0.020293    0.0287973     0.033013
    0.122766    -0.115497     0.107213    0.0627757
  0.00146838   -0.0255662    0.0592716   0.00376559
  -0.0294088    0.0498671   -0.0636683   -0.0136416
  -0.0681637   -0.0696232     0.182402     0.111762
  -0.0187948    -0.099696    -0.076995     0.037561
   0.0550141   -0.0855613     0.100845    0.0381509
  -0.0434957    0.0245582     0.214855      0.12763
  -0.0198338    0.0544945   -0.0809097     0.098021
   0.0889621    -0.113232      0.30315   -0.0200179
  0.00510213   -0.0457432   -0.0145667    0.0575536
   0.0544336   0.00321198    -0.058431   -0.0254055
   0.0610613     0.024615    -0.121953    -0.118517
   0.0584931    0.0552535    0.0184907   -0.0840079
  -0.0970626    0.0105732   -0.0589168    0.0396526
    0.103428    -0.123721     0.172521   -0.0877056
  -0.0456537     0.139995   -0.0291987    0.0053209
   -0.140031    0.0822914    -0.121118    -0.107893
   0.0979958   -0.0321126     0.075587   -0.0574249
   0.0872283   -0.0387672   0.00922371   -0.0429882
 -0.00489086    0.0922748    0.0305005   -0.0466056
   0.0206137   -0.0238087    -0.228511     0.124508
  0.00238116     0.128694   -0.0430927   -0.0656856
 -0.00448236   -0.0155276     0.174663    -0.032769
  -0.0231909   -0.0571555   -0.0856844   -0.0302981
 -0.00597246    0.0193932  -0.00398549     0.042373
  -0.0489313    0.0809477     0.111729   -0.0407424
    0.041372    -0.104055     0.198962    0.0715462
   0.0612323    0.0315146   -0.0197111    -0.120384
   0.0788687    0.0231515  -0.00841054    0.0491399
  -0.0541457     0.129955   -0.0873954    0.0684222
   0.0891724   -0.0703366  -0.00880906     0.143912
   -0.166066     0.081838    0.0620189    -0.023257
  0.00177496    0.0399864    0.0663595   -0.0571217
   -0.016821    -0.114797     -0.07807     0.111913
  -0.0336701     0.101861    0.0374102   0.00279184
  0.00308381    0.0168954     0.174218   -0.0700553
 -0.00213368    0.0667563    0.0513607   -0.0188687
 -0.00300906    0.0188449    0.0626516    0.0463021
  -0.0379553   -0.0721136     0.194868    0.0345818
  -0.0970953    0.0854999   -0.0221594    0.0482718
  -0.0756961    0.0487263   -0.0451117   -0.0611216
   0.0384291   -0.0561167      0.21082   0.00487456
   0.0129382    -0.146157     0.293517    0.0393454
  -0.0360828    0.0260706   0.00871302   -0.0247359
   0.0183805    0.0835454   -0.0669953    -0.105879
   0.0720634   -0.0070592   -0.0280808   -0.0803173
   0.0296941   -0.0136459    0.0167337    -0.137895
   0.0192675   -0.0720342     0.103452   -0.0517996
   -0.138709    0.0998077    -0.100558   -0.0968012
  -0.0725792    -0.059672    0.0267083    0.0352252
   0.0314807    0.0358356    0.0383539     0.130261
 -0.00302191    0.0142873   -0.0208202   -0.0608038
  -0.0654307    0.0787422    -0.084903   -0.0332678
  -0.0193558    0.0799493     0.025217   -0.0170816
  -0.0268345     0.136007    -0.135077    -0.147762
   0.0147844    0.0747442     0.182639     -0.01289
  -0.0261431   -0.0302506   -0.0507525     0.117093
  -0.0667135    0.0782122    0.0278795   -0.0165519
  -0.0400879    0.0414297    0.0843663  -0.00399281
 -0.00290797    0.0659658    0.0961114    -0.134489
   0.0487321    -0.156259   -0.0446833    0.0502587
    0.149333      -0.1296     0.131827    -0.063333
  -0.0271948    -0.121075    0.0124847    0.0407429
   0.0330479    0.0517061    0.0178946    0.0838412
  -0.0539526    0.0727196    0.0493858  -0.00949269
   0.0806787    0.0362425  -0.00566704    -0.169629
  -0.0414784   -0.0139262    0.0366712    -0.038792
   0.0232257  -0.00289496    0.0456665     0.115215
   0.0356862   -0.0189433    0.0509233    0.0913571
   0.0653034    0.0356296    0.0597271   -0.0265787
   0.0744859     -0.13031   -0.0142758    0.0565891
  -0.0503582    0.0419151  -0.00203186    -0.105378
   0.0189234   -0.0984655    0.0120003      0.12341
   -0.124831     0.037813    -0.151225   -0.0738432
    0.134585    -0.166201    0.0386965     0.164668
   0.0313662     0.031468    -0.130036   -0.0385593
   0.0128555  -0.00793223     0.113296   0.00141616
   0.0762797    -0.065112     0.109558     0.155891
   0.0468456   -0.0154222    0.0887542    0.0155414
   0.0205923    0.0226686    0.0577968    0.0352685
  -0.0759892  -0.00826592   -0.0876652   -0.0122547
    0.115412    0.0694783     0.204993    -0.124153
  -0.0763686    0.0488737   -0.0135732   -0.0797825
   0.0127066   -0.0103294     0.010735    0.0471923
   0.0301739    0.0487923   -0.0611538  0.000773255
   0.0709091    -0.017251    0.0273613     0.106909
   0.0147505   -0.0356931     0.100646    0.0338923
    0.144699    0.0576008    -0.224528   -0.0394414
  -0.0586834     0.122428    -0.123134     -0.05515
  -0.0919475     0.258866    -0.104631    -0.192236
   0.0798692    0.0720846   -0.0491787    0.0772096
   0.0498559    -0.073346   -0.0496888     0.132091
   0.0670892    -0.142144    0.0493529    0.0487672
   0.0349727   -0.0570973   -0.0287574   -0.0429922
 -0.00553008   -0.0276743     0.136603   -0.0703058
    0.109344    0.0124248   0.00233278    -0.197644
  0.00615233    0.0583992    0.0932245    -0.146875
   0.0909428   -0.0173596    0.0692971    0.0585916
   0.0434646    0.0750631    0.0425823   -0.0951508
    0.135967    -0.025065   -0.0250998   -0.0953002
   -0.118686    0.0775532    0.0375344     0.113941
 -0.00149331    -0.055942  -0.00842361   -0.0967899
   0.0990727   -0.0645552    -0.020348     0.141796
   0.0700302   -0.0408449    0.0542522    -0.117924
  -0.0396113     -0.13756    0.0508367     0.176303
  -0.0352043   -0.0465957    -0.119628    0.0999033
   0.0570258   -0.0193339   -0.0251198     0.141237
    -0.07878     0.134009    -0.115025   -0.0293469
   0.0799174    0.0167491    0.0707156    -0.029488
  -0.0319436     0.040607   -0.0483887    0.0190092
   0.0882413   -0.0557944   -0.0229092    0.0615262
  -0.0182359   -0.0483793   0.00634455     0.146946
    0.109144   -0.0616723   -0.0280278   -0.0629856
  -0.0838031   -0.0338065    0.0047913     0.055665
   0.0342277   -0.0416717    0.0333403     0.142388
   0.0429349     0.090749   -0.0398137    0.0189427
  -0.0637637   -0.0391294  7.34263e-05    0.0790238
   0.0456259    0.0787979   0.00511196    -0.180917
   0.0834675   -0.0733091  -0.00940941  -0.00151749
  0.00346945    0.0565125   -0.0788881    -0.141241
  -0.0131393    0.0994787    -0.116467     0.073365
   0.0737612    0.0808127   -0.0161451    -0.131586
    0.149985     -0.11742     0.107737  -0.00806813
    0.116275   -0.0483184     0.103212    0.0713894
 -0.00403365    0.0015677    -0.149569   -0.0424075
 -0.00567881   -0.0725681     0.120556    0.0125352
   0.0643355   -0.0920962    0.0368367    0.0350557
    -0.06964    0.0521175    0.0128532   -0.0598821
   0.0722117   -0.0993229   -0.0554354     0.124035
  -0.0394918    0.0384286      0.13946   -0.0826086
  -0.0291205    0.0187246     0.101093    0.0506748
   0.0949173   -0.0342744   -0.0111956    0.0666233
   0.0249316    0.0118766    0.0686094   0.00110441
 -0.00176702    0.0239686    -0.148282   -0.0547213
  0.00285357    -0.158534    0.0824359   -0.0385237
   -0.158613    0.0781526    0.0137541   -0.0958299
  -0.0439685     0.131778     0.110752    -0.112107
   0.0721299   -0.0207652     0.142249     0.120403
   -0.104166    -0.217916     0.228592     0.113193
    0.104149   -0.0431574  -0.00266265  -0.00815837
  -0.0500664   -0.0273804     0.128966   -0.0233141
    0.041498    0.0179728  -0.00769814    0.0860592
  -0.0447577   -0.0470014    0.0663994  0.000497619
   0.0200632    0.0593674   -0.0119098    0.0229326
  -0.0691594    0.0021304    -0.146508    0.0828171
   0.0526307   -0.0777179     0.111601    0.0172841
   0.0103984    0.0327709     0.043761     -0.11452
  -0.0292386   -0.0690018    0.0950479    0.0832945
 -0.00841205    -0.100128    0.0269083     0.195399
    0.042053   -0.0460322   -0.0929411 -0.000407708
  -0.0233482      0.10882   -0.0249703    0.0394759
   -0.112308    0.0817498     0.102035    0.0431042
   0.0500192   -0.0111309    0.0302544    -0.119197