    0.110875    0.0233256    -0.146533    0.0617595
     0.23781    -0.215871   -0.0666224     0.114374
   0.0529224   -0.0977731      0.14176    0.0506709
    0.186878   -0.0604239    -0.146522    0.0514302
   -0.133571     0.128353     0.139064 -0.000659963
   0.0629357    0.0137679    0.0510032    0.0231248
  -0.0523229     0.131011     0.101236    -0.090823
  -0.0298688     0.134794     0.138087  -0.00394633
    0.129461   -0.0151983   -0.0792115  0.000450355
    0.062152      0.08464   -0.0434016    0.0403898
   -0.086179     0.086725   -0.0360904   -0.0867045
    0.128765   -0.0731135    0.0375858    0.0949315
-0.000796206   -0.0861468    0.0507141    0.0549062
   -0.206757    0.0840865     0.292491   -0.0848281
  -0.0964489      0.12883      0.11449   -0.0888193
   0.0370027  -0.00912489    -0.156355   -0.0513204
    0.194567    -0.135291   -0.0451963     0.086018
    0.126056   -0.0152106    -0.191046    0.0412225
   0.0493597   -0.0423068   -0.0900464    0.0189356
   0.0208274   -0.0493185    -0.072895    0.0763361
   0.0903064    -0.011173  -0.00216085   -0.0297075
   0.0731732   -0.0693111 -0.000957883    0.0135372
    0.218824   -0.0235691      -0.0875    0.0510392
   0.0172181   -0.0869978   -0.0713893    0.0586111
  -0.0407362     0.133579   0.00941632   0.00382891
    0.184004    -0.214134     0.203401    0.0863815
   0.0653155    -0.040004     0.065766   0.00455609
  -0.0149521   -0.0936542    0.0294919    0.0369782
   0.0790581    0.0333142  -0.00777424    0.0745119
    0.146337    -0.175113   0.00627965    0.0954416
   0.0710996    -0.116923      0.11947  -0.00545614
   0.0664668   -0.0606855   -0.0414576    0.0429576
  -0.0240847   -0.0116088   -0.0228761    0.0266032
   0.0924098    -0.012645    -0.019746   -0.0650944
 -0.00803805    0.0146539    0.0470928    0.0230592
   -0.281907     0.229403     0.170659    -0.034189
   -0.062476     0.100931   -0.0384716  -0.00927349
    0.041178   0.00284885   -0.0246297    0.0207712
 -0.00979061    0.0972527    0.0420172    0.0615017
  -0.0624439   -0.0784899     0.139008   -0.0669692
  -0.0303477    0.0393289     0.024939  -0.00523823
  -0.0646449    0.0681963     0.128096    0.0703974
   -0.142287     0.125945     0.151374    -0.088349
   0.0653218   -0.0681758     0.136762  -0.00999807
  0.00975166    0.0213841     -0.17623   -0.0215677
    0.215261   -0.0461564  -0.00347544  -0.00176207
    0.128055    0.0837946   -0.0403881    0.0138482
  0.00507547    0.0552805    0.0231332   -0.0675333
  0.00561806    0.0605166    0.0177181    0.0409251
    0.081117   -0.0280123    -0.103686      0.04927
    0.085033     -0.12111   -0.0256939   -0.0424584
   -0.172648    0.0468642    0.0868539   -0.0660349
   -0.136248   -0.0193816     0.330399   -0.0607649
   0.0754158    0.0378961   -0.0900411    0.0229065
  -0.0494645    0.0145505    0.0767013    0.0411543
   0.0982226    -0.106554   0.00773724   0.00448067
   0.0425103    0.0389477    0.0441556    -0.037175
   0.0671551   -0.0158728     0.077419   -0.0223662
 -0.00379138    0.0412368    0.0478442    0.0304648
   0.0945059   -0.0908931   -0.0301621   -0.0156083
  -0.0379423    0.0162735   -0.0785133  -0.00501858
   -0.311738     0.239024     0.195787    -0.143881
  -0.0579687   -0.0121297   0.00150079    0.0389694
   -0.047519    0.0587821 -0.000408302    0.0304583
   0.0909933    0.0127205    0.0836638   -0.0331805
   -0.183646    0.0771638     0.107029   -0.0821028
    0.039443    0.0121713   -0.0660886   -0.0124551
   0.0977202   -0.0669099    -0.028027   -0.0278049
   0.0188116   -0.0012541     0.051095   -0.0228434
    0.260597  0.000596177    -0.392164    0.0748545
   0.0468464    0.0506668    0.0357408   -0.0171989
   -0.109034    0.0378262     0.201955    0.0189611
   0.0322102    0.0728657   0.00573516  0.000239683
    -0.10259    0.0684896    0.0658794   -0.0332187
    0.040441   0.00768377   0.00305613    -0.064476
   0.0214141   -0.0393996   -0.0348625     0.020947
   -0.182813       0.1893     0.167954   -0.0336806
   -0.183025    0.0793461     0.247355   -0.0385814
    0.133609   -0.0850238    -0.159274    0.0602191
    0.111079   -0.0275255    0.0505486    0.0184304
   0.0987048    0.0398362     -0.13111   0.00778002
   0.0832647    -0.132916    0.0299998    0.0891572
   0.0205344   -0.0176138    0.0185927    0.0499564
    0.150648   -0.0578452      -0.1136     0.052024
   0.0284321   -0.0490494    -0.122228   -0.0157927
    0.123654    -0.111779    0.0341951    0.0587687
    0.209621   -0.0508536     -0.11949    0.0582248
   0.0710392   0.00485523   -0.0431501   -0.0030145
  -0.0697269    0.0363996     0.139028    0.0424382
  0.00107491    0.0365464   -0.0564657   -0.0216174
  -0.0279865    0.0267764     0.155284   0.00965187
   0.0675525    0.0220238  -0.00837774   -0.0343387
    0.413487    -0.250445    -0.248837    0.0838372
  -0.0727637   -0.0193051     0.159728   -0.0212499
   0.0552101   -0.0331789   -0.0155982   -0.0708077
    0.199406   -0.0817604   -0.0128373    0.0646847
    0.121422    -0.125369     0.148854    0.0930586
    0.120317   -0.0654107    0.0353741   0.00547911
 -0.00852877   -0.0443337    0.0365738   0.00389184
    0.126272    -0.173994    0.0584766    0.0501732
    0.102787   -0.0180295    0.0958681    0.0527355
   0.0848715   -0.0301137   -0.0553926     0.111135
    0.203101    -0.182677     0.200798    0.0286366
   0.0949483     0.102207   -0.0319897   -0.0470502
   0.0404307   -0.0172952     0.065186   -0.0171406
   0.0607509   -0.0164829   -0.0505939    0.0064275
    0.151217    -0.068794    0.0752315    0.0555292
    0.201402    -0.176956   -0.0198504       0.1239
    0.101864   -0.0759876    0.0534707    -0.022008
   0.0820339     -0.10751     0.155648    0.0375953
  -0.0668722     0.100942      0.17592   -0.0270935
  -0.0239139    0.0223913    0.0410925   -0.0264085
    -0.05715    0.0776775   -0.0340456   -0.0405828
   0.0535039    0.0819579    0.0335522   -0.0495761
   0.0341742    0.0224465    0.0530163   -0.0479192
   -0.123827    0.0522109     0.123267  -0.00880741
    0.250976    -0.138649    -0.103205    0.0536469
    0.162143    -0.104395     0.101025   -0.0406751
    0.179616   -0.0735545  -0.00649161   -0.0229771
  -0.0138935    -0.071047    0.0914997    0.0144004
   -0.224586     0.100148     0.150482    -0.073248
   0.0998141   -0.0180055    -0.018305    0.0428022
  -0.0154631     0.153838    -0.109606   0.00307233
   0.0220018    0.0121785    0.0880262    0.0761631
    0.184801    -0.107834     0.172515  -0.00588456
   0.0269419   -0.0700471   -0.0509229    0.0716545
   0.0282965   -0.0673374   -0.0431731 -0.000314012
    -0.28829      0.15676     0.163082   -0.0301942
   0.0694968   -0.0238702   -0.0490358  -0.00796448
    -0.23503     0.142472     0.232439   -0.0180277
    0.204324   -0.0369756    -0.138136    0.0671915
    0.230112     0.018594   -0.0577483    0.0135904
  -0.0587472  -0.00220464   -0.0570387    0.0354581
   0.0566094   -0.0292209    0.0826778   -0.0582179
   0.0484293    0.0258666    0.0788683   -0.0132271
    0.108608   -0.0307243   -0.0315796     -0.01174
    0.109644   -0.0209131    0.0584045    0.0427229
  -0.0568234    0.0490669   -0.0264153   -0.0283001
   0.0262279     0.061452   -0.0510115   -0.0253302
   0.0917439   -0.0286538    -0.112653    0.0357588
   0.0289577   -0.0417858   -0.0135164     0.064091
  -0.0239904     0.041042  -0.00621976    0.0174685
   0.0300436   -0.0365009    0.0833599  -0.00413301
   0.0981481   -0.0631207    0.0784464   -0.0522407
  -0.0324951    0.0597298    0.0876996    0.0363117
 -0.00161378    0.0326073    0.0523066    0.0355172
   0.0293087   -0.0524422    0.0872366    0.0323926
    0.113731    0.0538971   -0.0455549   0.00517379
   0.0117738     0.044167    0.0470448    0.0582566
   0.0803095    -0.108213    0.0967178    0.0710918
  -0.0332586    0.0870616     0.243999   -0.0722827
  -0.0847728     0.123178    0.0734428   -0.0431827
  -0.0876538     0.109189    0.0612199   -0.0229594
   -0.101277     0.115496     0.120595    0.0302767
   -0.016013   -0.0252272     0.101572   -0.0385465
    0.149921    -0.147484   -0.0159059    0.0494564
 -0.00668469    0.0167299   -0.0266943   0.00193555
    0.177401    -0.173402    -0.119977    0.0278898
   0.0475645    0.0613233     0.116067    0.0104796
   0.0122575     0.079361    0.0344047   -0.0733123
   0.0282615    0.0439404      0.13167   -0.0400627
    0.177516    -0.143819   -0.0486174  -0.00480733
    0.103146   0.00729573    -0.159926   -0.0078426
  -0.0799253    0.0456757   -0.0238834   -0.0632125
   0.0632261   -0.0705658     0.112782   -0.0366743
   0.0539498   -0.0945027   0.00201099    0.0451831
   0.0504773     0.058801    -0.108542   -0.0494654
    0.035227    0.0526974    -0.107098    0.0349271
    0.120587   -0.0385802    0.0333999    0.0490004
   0.0110746   -0.0638308    0.0233915      0.02344
   0.0203287   -0.0305617     0.123306    0.0512228
   0.0220179    0.0190891   -0.0043572     0.027115
   -0.146832     0.148853     0.215588   -0.0634292
    0.217665    -0.120333    -0.105554    0.0147554
    0.102373    0.0589729   -0.0376954    0.0314939
     0.23319    -0.154466   -0.0766589    0.0185577
  -0.0183521   -0.0606421   -0.0585293   -0.0336103
 -0.00491899     0.107594   -0.0277796   -0.0598927
   -0.112193    0.0269511     0.116144    0.0500892
   0.0430752     0.103605    -0.108877   -0.0604398
  -0.0811918    0.0848841     0.130179   -0.0701849
  -0.0335763   -0.0651259    0.0811844   -0.0380404
  -0.0135227     0.125103    0.0633272   -0.0535652
    0.140969   -0.0362441   -0.0212079    0.0676718
   -0.239401     0.238812     0.255771   -0.0137102
   -0.077128    0.0270963    0.0980831   -0.0322337
   -0.117714     0.136277     0.121807   -0.0247042
    0.199801    -0.126157    -0.232295    0.0935747
   -0.122256    0.0297552     0.190291  -0.00458801
  -0.0860147    0.0460637     0.100707    0.0342797
  -0.0793121    0.0717773  4.33257e-05    0.0624838
   0.0528179   -0.0503149     0.114341    0.0740875
   0.0419331   -0.0972377     0.171903   -0.0436838
   -0.164197      0.15682   0.00891067   -0.0699358
    0.134327    0.0281621    0.0758675    0.0758648
  0.00710539    0.0649147   -0.0735792   -0.0388673
   0.0478611    0.0295628     0.070787      0.04354
   0.0997571  -0.00533432    -0.051283   -0.0104397
   -0.146948     0.129297  -0.00418832   -0.0779612
    0.202528    -0.136607     -0.17967     0.100429
   0.0374088   -0.0636536    0.0129775    0.0584155
   0.0497317   -0.0259801    0.0512409    0.0380661
   0.0189578   -0.0438785    0.0620985    0.0198493
    0.106114    0.0519918   -0.0358644   -0.0291828
    0.104736    0.0425903   -0.0186893   -0.0200671
  -0.0162893   -0.0264752    0.0581047   -0.0479738
   0.0207916    0.0268472     -0.13636   0.00481207
   0.0714365    0.0363599  -0.00676908   -0.0100417
 -0.00947138    0.0508177   0.00506791    0.0220981
    0.216399    -0.123156     -0.11369    0.0340567
   0.0603229     0.020925    -0.072409    0.0106995
  -0.0346894     0.132299    0.0792921    0.0134824
   -0.225743     0.121613    0.0988938   -0.0744209
   0.0677506   0.00180426    0.0397621    0.0477401
    0.115912    -0.242889     0.336795    0.0659014
  -0.0336441    0.0386573    0.0185449   -0.0206587
    0.107068    -0.101515   -0.0342673  -0.00742005
   0.0455356   -0.0199135    -0.024607   -0.0385609
   -0.110201    0.0422943     0.158216   -0.0504132
  -0.0640247    0.0612857     0.098381   -0.0774762
   -0.041594    0.0202459     0.152147    -0.044371
   0.0880684    -0.127202    0.0363435   0.00207152
   0.0536743    0.0565069    0.0673822    0.0594706
  -0.0640281   0.00277211     0.162661   -0.0700335
   0.0236666    0.0737951   -0.0133754   -0.0238975
  0.00949504    0.0210813  -0.00434172     0.055286
   -0.330692     0.195289     0.219016   -0.0819736
   -0.141593    0.0836855     0.245615   -0.0790259
  -0.0507662    0.0133147    0.0697184   -0.0467104
   0.0575396    -0.085803    0.0407768    0.0370037
    0.126359   -0.0706933   -0.0869551    0.0805572
    0.251848    -0.283248    0.0968245   0.00522529
  -0.0245265  -0.00834428   -0.0199976   0.00996573
    0.068043    -0.010533    -0.104339   0.00235434
   0.0799213    0.0701919    -0.156296  -0.00047573
    0.104499   -0.0510783    -0.127795    0.0612453
   0.0338386    0.0309137    0.0740629  -0.00814113
    0.183058   -0.0736805    -0.158048    0.0798827
   0.0369551   -0.0138663    0.0110707  -0.00861633
  -0.0636247    0.0997978     0.134502   -0.0823642
  -0.0450548    0.0364078     0.106444    -0.011196
    0.140356   -0.0850463   -0.0837748     0.127511
   -0.125404      0.11486   0.00730848    0.0238464
    0.071902   -0.0919371     0.142153    0.0672199
  -0.0174113    0.0667107      0.12223    0.0656244
  -0.0573708     0.184463   -0.0462835   -0.0259394
   -0.202445     0.108528     0.245457   -0.0709755
   -0.185645      0.16023     0.151399   -0.0652556
   0.0959762    -0.108415   -0.0402616    0.0543165
  -0.0382308     0.133835     0.143089   0.00438699
   -0.109742     0.126389     0.099809    -0.101435
  -0.0012693   0.00199499      -0.1409    0.0361485
   -0.158604    0.0424624    0.0157524   0.00957228
  0.00151201   -0.0201059     0.145212   -0.0674478
 -0.00404648   -0.0680072     0.111146   -0.0702797
  -0.0135501         0.02     0.099357   -0.0815422
  -0.0267538    0.0566925    -0.111385    -0.046832
   -0.242866     0.239049     0.146764   -0.0706412
   -0.116549    0.0651033     0.122707   -0.0798828
    0.162655    -0.177821   -0.0789525    0.0298849
   -0.059256    0.0592695   0.00957737   -0.0720816
    0.116878    -0.154776   -0.0800053   -0.0245864
    0.146766   -0.0536341     -0.12535     0.019254
     0.18803   -0.0292494   -0.0474568    0.0606332
   -0.250368     0.172696     0.207755   -0.0493996
    0.225355    -0.243037   -0.0332426     0.103268
   -0.137371     0.119904     0.192384   -0.0298802
   0.0515239   -0.0271889     0.109943    0.0520846
   -0.174925    0.0504043     0.117312  -0.00732783
  -0.0279271   0.00996884   -0.0618955    0.0622751
   -0.126659    0.0205367    0.0995565   -0.0911358
   -0.135511    0.0602463    0.0339084   -0.0631103
   0.0503783    0.0205491    -0.051969    0.0337772
    0.085507    0.0269281    -0.042157    0.0591292
  -0.0172352    0.0952028   -0.0473683   -0.0665657
    0.131904    -0.117655 -0.000364801    0.0974769
   0.0526985   -0.0287478    0.0259491   0.00184416
   -0.127349     0.149099    0.0258244   -0.0478182
     0.10735   -0.0471569    -0.052569   -0.0476447
    0.028864   0.00168725     0.130242   -0.0289421
  -0.0295662    0.0648393   -0.0638646   -0.0513223
   0.0300803   -0.0140431     0.101931    0.0107306
 -0.00870199    0.0314051    0.0252774   -0.0560024
  -0.0316703   -0.0824341    0.0699882    0.0417901
  -0.0951184   -0.0447501     0.294322   0.00894525
   0.0146204     0.076147    0.0323941   -0.0534789
  -0.0616137    0.0188202   -0.0742535    0.0408265
  -0.0989712    0.0334617     0.138443    0.0210883
  -0.0271448     0.103399   -0.0807775    0.0432167
  -0.0203477   -0.0173883    0.0156452   -0.0590624
   -0.192983     0.187009      0.11747    -0.112848
    0.148574  -0.00459042    -0.133073    0.0833159
    0.220874    -0.237159     0.104096    0.0626701
  0.00517837  -0.00192554     0.136834    0.0152481
    0.142544    -0.150544    0.0859738     0.058597
    0.338574    -0.182981    -0.215237     0.120363
    0.111628    0.0162106    0.0410746    0.0341135
    0.266884    -0.133011    0.0332112     0.045793
   0.0405358    0.0573189    -0.166636    0.0270614
   -0.055966    0.0107898    0.0160102   -0.0210855
   0.0257141    -0.114431      0.14652   -0.0499664
   -0.109968    0.0842237     0.163731   -0.0111213
  -0.0319782 -7.91978e-05   -0.0255124  -0.00694945
   0.0255571    0.0730381   -0.0174666    -0.068316
  -0.0519608    0.0422308   -0.0348543    0.0228468
  -0.0950123    0.0142142    0.0258349  -0.00739018
   0.0267146   -0.0146287     0.160445      0.03643
   0.0845364    0.0101443    -0.133018   -0.0300066
   0.0364889   -0.0524686   -0.0423621    -0.050969
   0.0398813   -0.0445331   -0.0107641   -0.0370378
   -0.162312    0.0593381     0.198627   -0.0544601
   0.0321224     0.157393    0.0203043   -0.0633384
   -0.196059    0.0977248    0.0949844    -0.035426
    0.162671     -0.22438     0.248482     0.026937
    0.126934    -0.142622     0.274779   -0.0510324
   0.0536822    -0.072449    0.0255915    -0.018809
   0.0357096   -0.0651829   -0.0104125    0.0171906
   -0.195808     0.136599     0.146361    0.0180829
    0.103357   -0.0908851     0.107096  -0.00370538
   0.0755622   -0.0145457     0.137447   -0.0235412
    0.215938    -0.260638     0.047847   0.00849654
    0.026206     0.144075    -0.221489   -0.0460526
   0.0627926   0.00802037   -0.0460441   -0.0115894
   0.0151001     0.154145    0.0211486   -0.0621343
   -0.140017     0.155883    0.0450063    -0.114135
  -0.0926709     0.134005   0.00832515   -0.0654444
    0.137616   -0.0860943   -0.0271527    0.0573636
   0.0484418     0.023055    -0.175839    0.0138488
  -0.0877822    0.0138291    0.0600472   -0.0135008
   -0.175739     0.101246     0.250304   -0.0247567
   0.0314961   -0.0374425    0.0248195   -0.0529783
   0.0447559   -0.0051959   -0.0137031  -0.00951937
   -0.135086    0.0941109     0.157782   -0.0782739
   0.0328114   -0.0013807   -0.0735967    0.0255139
  -0.0310964  -0.00805259      -0.0417    0.0123434
   0.0624404   -0.0647631   -0.0439123    0.0269526
   -0.156845     0.115034      0.18529    -0.100008
  -0.0981367     0.153546     0.152105   -0.0698603
  -0.0213136    0.0938011    0.0898918    0.0548237
   0.0614068    -0.003915      0.13722    -0.055814
 -0.00706352   -0.0500279     0.104857   -0.0117425
   0.0975107    -0.101867    0.0409275  -0.00984665
    -0.11686    0.0938664    0.0586916   -0.0536243
  0.00633905   -0.0165824    0.0638225     0.082761
  -0.0586335    0.0472066   -0.0659663  0.000377366
      0.1011    -0.104505    -0.116899    0.0064989
    0.218997    -0.054627   -0.0900163    0.0199074
    0.255388    -0.145645    0.0321734    0.0378566
 -0.00459708     0.041797    0.0489451   -0.0178783
   -0.146728    0.0667774    0.0429604   -0.0622024
    0.157983   -0.0794717   -0.0691377    0.0487434
   0.0298765    0.0579592    0.0279584   -0.0335526
   -0.172508     0.159049     0.137583   -0.0271195
   -0.025029    0.0355614    0.0915969   -0.0432928
   0.0222849    0.0795595    0.0423128   0.00222732
   0.0694123   -0.0376708   -0.0158722     0.088362
   0.0720168   0.00231323  -0.00727899   -0.0473339
  -0.0676525    0.0819236   -0.0979804    0.0315443
   0.0501194    0.0859953   -0.0528758    0.0142896
  -0.0768015   -0.0657323     0.206034   -0.0131943
   -0.086396    0.0426279    0.0883858   -0.0829753
  -0.0103364   -0.0203631      0.13622   0.00394628
    0.102391    0.0308291    -0.157294    0.0787625
    0.102148   -0.0677892     0.179154   -0.0417343
  -0.0449812    0.0811254     0.165746   -0.0583787
     0.12099   -0.0376517     0.113943    0.0242781
   0.0912909    -0.146328    0.0807273    0.0978107
    0.160413   -0.0686897   -0.0626906    0.0319804
  -0.0392519    0.0235929    0.0460259     0.041074
   0.0885047    -0.191935     0.319497    0.0599616
   0.0904061  -0.00843622  0.000515863    0.0152377
    0.098467    -0.011073    0.0475701   -0.0224087
    0.112358    0.0772436   -0.0305455    0.0654813
   0.0879002   -0.0634581   -0.0679013    0.0917737
 -0.00788125    0.0562468    0.0421548   -0.0459255
  -0.0411777    0.0285106  0.000116531   0.00292198
    0.221799    -0.113624    -0.141061     0.028894
  -0.0507583    0.0130317   -0.0332958  -0.00606848
  -0.0666835    0.0280174   -0.0200602    0.0297417
     0.19664   -0.0507319    -0.200216    0.0424247
  0.00320263    0.0149571    0.0745939    0.0816571
   0.0816642    -0.130481     0.234901    0.0306242
   -0.165961     0.203758    0.0492583     -0.11684
    0.124328   -0.0917246  -0.00488218    0.0598481
    0.032324   -0.0557236   -0.0151422    0.0330819
   0.0985676    0.0118941     -0.17183     0.020781
  -0.0202742    0.0621564    -0.183149  -0.00150701
    0.128193   -0.0693115     0.115448    0.0353683
   0.0372298   -0.0428615     0.123599   -0.0405752
   0.0945696    -0.127184    -0.120974   0.00411693
    0.345668     -0.27772    -0.035179    0.0208703
    0.168983    -0.180304     0.101077  -0.00328581
   0.0209314    -0.129066     0.109427   -0.0397398
   0.0113335   -0.0185106    0.0777871    0.0640961
   0.0851013    0.0393765    -0.151691   0.00988333
   0.0204196    0.0129931    0.0229888   -0.0324167
    0.124369   0.00529476    0.0323926   -0.0233891
   -0.118143     0.107385    0.0561072   -0.0270323
   0.0194782    0.0774706  -0.00895684   0.00120213
   -0.122165    0.0751838    0.0324286    -0.113596
   0.0773988    0.0361937     0.133085   -0.0290808
   0.0384603   -0.0318101   -0.0755609   -0.0314473
    0.163095    -0.120667    0.0358166    0.0222642
   -0.134822     0.137537     0.213522   -0.0968221
   0.0962894    0.0548413   0.00832558   -0.0720326
   0.0840365   -0.0775422     0.191771    0.0260632
  -0.0105324    0.0900218   -0.0758542    0.0266801
   -0.127385     0.210734    0.0262363   -0.0555358
   -0.103944    0.0683829     0.170646   -0.0730827
    0.259897    -0.174179   -0.0300105    0.0673288
   -0.152255    0.0703325    0.0893508   -0.0869977
   0.0870713  -0.00170438   0.00420867    0.0869179
   -0.156389     0.192712     0.141273    -0.109887
    0.094287  3.30028e-05   -0.0672844  -0.00572289
   0.0722306    -0.111635   -0.0481843    0.0813054
   0.0141324   -0.0329934    -0.046263     0.020189
  -0.0654831    0.0507562     0.093209    0.0223465
  -0.0249107    -0.087969     0.177799    -0.017326
  -0.0366945   -0.0681203    0.0160412   -0.0407225
   0.0967096   -0.0287833    -0.062111   -0.0474235
   0.0331265   -0.0133053   0.00999315    0.0441844
    0.155794    -0.132202    0.0342226   -0.0201845
  -0.0473384     0.035223     0.155853   -0.0513474
   0.0453805   -0.0210145  -0.00478116    0.0582073
  -0.0945821     0.107785     0.100764   -0.0989663
   -0.238902     0.228083     0.181947   -0.0322778
    0.163563   -0.0672855    -0.107066   -0.0355379
   0.0315707   -0.0370475    0.0247787  -0.00432181
   0.0296049   -0.0183208    -0.140816   -0.0321049
    0.152063   -0.0166204    -0.133825    0.0538821
    0.224746   -0.0768596   -0.0738346    0.0122025
  -0.0973379  -0.00485776    0.0966589  -0.00323131
   -0.044653    0.0780469     0.233762    0.0319985
   -0.200115    0.0856013    0.0448102   -0.0535138
    0.127793    0.0442203     -0.12578    0.0954862
  0.00605829   0.00285208    0.0906572   -0.0696934
   -0.102839    0.0117961   0.00620156   -0.0540751
   0.0519952    0.0981224    0.0207097    0.0171714
   0.0609038   -0.0395656    -0.131729    0.0453349
   0.0427252   -0.0984854    0.0570894    -0.011143
    0.204644   -0.0533051      -0.2908  -0.00430519
    0.239587     -0.13577    -0.156681     0.111138
   0.0173585    0.0951753    0.0135379   -0.0439226
  -0.0872189    0.0709416    0.0906715   -0.0104462
   -0.013246    0.0101219     0.079899   -0.0964989
   -0.377515     0.297618    0.0577799    -0.135469
  -0.0170689   -0.0195872     0.033688   -0.0441324
    0.023738    0.0395357     0.164039    0.0289465
    0.183548     -0.18625   -0.0973462    0.0474275
   -0.105357    0.0768503     0.141878   -0.0543253
    0.215665   -0.0872958    -0.119547     0.116559
    0.121925   -0.0599851    -0.197386  -0.00358092
   -0.191765    0.0696706     0.206958   -0.0623113
  -0.0603057    0.0338013   -0.0377525   -0.0693635
  -0.0132625   -0.0386032    0.0450491   -0.0738183
   0.0306261    0.0200971    0.0299221 -0.000911615
   0.0384051     -0.13695     0.169747   -0.0142228
  -0.0543866    0.0683131     0.134997   -0.0706887
    0.133695   -0.0965301   -0.0180538    0.0657584
  -0.0760932     0.102886   -0.0186357  -0.00611248
    0.143298   -0.0987946   -0.0337548    0.0564547
   0.0461788    0.0330748   -0.0457337   -0.0325456
  -0.0101699     0.142559    -0.087242   -0.0707875
    0.148254     -0.10113   -0.0470274    0.0579002
   -0.198296     0.207115     0.220742   0.00645211
     0.19655    -0.118302    0.0448576   -0.0194667
  -0.0150538   0.00900017    0.0436826    0.0122342
    0.034648    0.0158543   -0.0462753   -0.0464076
    0.104398    -0.076862     0.107759    0.0470801
    0.222169    -0.148169    0.0329965     0.074886
    0.162998   -0.0957069    -0.116058    0.0583582
   -0.295528     0.175192     0.252388    -0.108158
  -0.0174784    0.0961072   -0.0175108   -0.0361481
  -0.0693716     0.101365    -0.027785    0.0141487
  -0.0755793      0.13682     0.152623   -0.0051996
   0.0555683   -0.0788468   -0.0972359  -0.00171634
   0.0248224    0.0165567    0.0348965    0.0529865
   0.0630409   -0.0296874   -0.0449981    0.0413485
   0.0485888    0.0112665    0.0694639   -0.0390244
  0.00952593    0.0394659   -0.0298118   -0.0270771
   0.0102325    0.0602237   -0.0245002    0.0365788
   -0.124401     0.121653     0.042608   -0.0730254
   0.0822306   -0.0740562    0.0769407   0.00471855
   -0.132524    0.0987094    0.0510505   -0.0710311
   -0.079045    0.0852495    0.0935869   -0.0223338
    0.180579   -0.0932881    0.0169378     0.047595
   -0.108032  -0.00993518     0.167555    0.0108808
  -0.0962063  0.000892367     0.170222  -0.00292974
    0.215256    -0.193876   -0.0921412     0.101176
  -0.0218436   -0.0243605   -0.0219793    0.0404354
   0.0758125    -0.052438    0.0984782   -0.0546447
   0.0370466    -0.136211    0.0593275    0.0218115
   0.0307485   -0.0621063    0.0911763    0.0577124
   0.0194761    0.0333402   -0.0351608   -0.0112863
    0.218249    -0.124118    -0.179628   0.00638096
   0.0491367    0.0473561   -0.0355571    0.0519893
  0.00665548    -0.053213    0.0697768  -0.00313428
   -0.184257     0.154183     0.191758    -0.122229
  -0.0303861    0.0541619     0.004103   -0.0856194
  -0.0437323    0.0731767   -0.0675537   -0.0396014
   0.0794844     -0.14147    -0.138129    0.0583506
    0.101429   -0.0401745   -0.0951488    0.0397918
  -0.0939337     0.110845    0.0514615   -0.0217999
   0.0783331    0.0130091   -0.0565004   -0.0222957
   0.0928732   -0.0610615    0.0386197  -0.00664615
   0.0756557    0.0433121   -0.0975292   -0.0398941
    0.209578   0.00539351   -0.0953131    0.0295724
    0.162262   -0.0847052   0.00894229  -0.00426195
   -0.250027    0.0355945     0.364435   -0.0199527
  -0.0307099   -0.0244894     0.272977    0.0326727
  -0.0548913    0.0487894   -0.0349109   -0.0227188
   0.0256316     0.119866    0.0898684     0.017121