  -0.0855563    0.0365111     0.112384    0.0207897
   0.0840674    -0.215153     0.416305   -0.0132759
   -0.199155    0.0841752     0.229778     -0.04404
   -0.172471     0.109116     0.180636   -0.0142321
     0.15966   -0.0440061     -0.17515    0.0113504
    0.215949   -0.0374658    -0.186539    0.0800563
   0.0294594     -0.10155   -0.0250173    0.0150338
   -0.160529     0.167812    0.0419445   -0.0479979
    0.130793   -0.0210217    -0.154773    0.0127611
    0.116609   -0.0643809   -0.0877907   -0.0495159
     0.11456   -0.0511541     -0.12617   -0.0301195
    0.116294    0.0416062   -0.0294094     0.048848
    0.218525    -0.137488    0.0733687    0.0731789
    0.136286   -0.0367649      0.18371    0.0396171
    -0.14637     0.132214     0.144538   -0.0966416
   0.0885641   -0.0414538     0.125854    0.0771938
  -0.0872494    0.0908852    0.0242795   -0.0355631
   0.0869279    0.0317195    -0.107074     0.046218
   0.0037387    0.0624694   -0.0990957    0.0213753
    0.278143    -0.161328    -0.245662     0.124571
  0.00801991    0.0159154   -0.0425571    0.0569781
   0.0429175    0.0571553    0.0526049   0.00237896
-0.000259914    -0.055438    -0.041054   -0.0838836
   -0.107502  -0.00199105     0.099493    -0.032188
   0.0524623    0.0254212   -0.0263328    0.0552659
    0.291252    -0.115228    -0.361641     0.127668
  -0.0855051    0.0522606     0.212696   -0.0640564
   0.0752033    0.0411127    -0.204092   -0.0233221
    0.118331   -0.0211241    -0.104345   0.00715946
  -0.0358834  0.000106307   0.00171732   0.00268369
    0.121648   -0.0553393    0.0935889    0.0590937
  -0.0175569    0.0869662    0.0496866    0.0355155
   0.0729284   -0.0311057    0.0222387    0.0437449
    0.103491  0.000365817   -0.0518015   -0.0177577
   0.0825051   -0.0877706    0.0265595    0.0645239
   0.0395509    0.0493845   0.00432913   -0.0566252
    0.189073    -0.163431    -0.061244    0.0115473
   0.0468296    -0.037999   -0.0502463   0.00339216
    0.122834  -0.00640611   -0.0786377    0.0781345
   0.0732603   -0.0294448   -0.0943321    0.0495177
   -0.042767    0.0739032     0.147877   -0.0117634
    0.148031     0.052927   -0.0669811    0.0591592
  -0.0455608     0.138777     0.120046   -0.0454841
  -0.0300287    0.0250219   -0.0700775   -0.0818468
     0.19358   -0.0895727    0.0284707     0.044108
   0.0658958     -0.10796   -0.0138548    0.0448456
   -0.170297      0.12172      0.16523    -0.121397
    0.133853    -0.018322    -0.186983    0.0532219
  -0.0696434     0.039408     0.117291   -0.0151352
   0.0217988    0.0241808    0.0177299    0.0147261
  -0.0595525    0.0289784     0.121263    -0.014468
    0.252118     -0.17969    -0.319814     0.100975
    0.232085    -0.122612    -0.247031     0.134503
   0.0302528   -0.0218923     0.101686    0.0547973
  -0.0774792   -0.0405298    0.0201684    0.0608772
   0.0537295   -0.0145581    -0.236113    0.0673924
    0.146021    0.0319382    -0.151385    0.0308755
    0.145048 -0.000864523    0.0181007   -0.0198225
    -0.18836    0.0644345      0.26526    -0.131172
   -0.387697     0.229935      0.33421    -0.084305
  -0.0718902    0.0386784  -0.00194287    0.0426105
    0.156687    0.0204068    -0.113615    0.0776557
  -0.0368275    0.0283436     0.044313   -0.0308329
     0.14876    -0.117617    -0.109378    0.0156579
   0.0957255    -0.100619    0.0132638   -0.0322308
  0.00613231   0.00680915    -0.053567   -0.0194528
      0.1416   -0.0543908    -0.232905    0.0488098
  -0.0173786  -0.00369256   -0.0111858    0.0115643
    0.419884    -0.199654    -0.445332     0.130545
   -0.197809   -0.0459746     0.622056   -0.0539242
   0.0548385    0.0513877   0.00138939    0.0147359
    0.173227    -0.107265   -0.0312668  -0.00668087
  -0.0684945   0.00167431    0.0480276    0.0455783
   -0.092117   0.00367273    0.0978802   0.00607517
  -0.0308168    0.0594441   -0.0324079   -0.0273482
  -0.0707539     0.132152   -0.0529817   -0.0319537
    0.201495   -0.0699686    -0.169832    0.0186985
   0.0517738   -0.0919643      0.15954   -0.0248325
   0.0843161     -0.08021   -0.0808282  -0.00510974
  -0.0470827    0.0109871    0.0548276    0.0616974
   -0.356812     0.280671     0.360497   -0.0374165
    0.246172   -0.0573197    -0.142824     0.106903
   0.0965432   -0.0717103    0.0163152    0.0256865
    0.115983  -0.00972759   -0.0439524    0.0786978
  -0.0145764   -0.0356742     0.137874    0.0349088
    0.127452   -0.0116939   -0.0992163   0.00806265
  -0.0784085    0.0433195   0.00399463    0.0148848
   0.0824975   -0.0699352    -0.206604   -0.0257944
   0.0253947   -0.0073343     0.141103    0.0236139
   0.0255868     0.020905   -0.0129262    0.0513141
    0.158326   -0.0667319    -0.170406    0.0399899
  -0.0726312    0.0599733      0.30822   -0.0927985
  -0.0722203    0.0376114    0.0228843    0.0079158
  -0.0106202     0.109504     0.176531   -0.0536414
   0.0311648   -0.0361939    -0.104733    0.0806291
  -0.0011458    0.0177117     0.036941   0.00523023
   -0.034434    0.0597557    -0.156416   -0.0464039
    0.144922   0.00883466    -0.135436  -0.00357585
  -0.0128664    0.0715972     0.053242   -0.0313159
   0.0708978    0.0523784   -0.0357671   -0.0866471
  -0.0122977    0.0582071    0.0435525    0.0508746
   0.0253037   -0.0228386    0.0996552    0.0286617
    0.351322    -0.112176    -0.258224    0.0526972
    0.105825   -0.0376826    0.0208051     0.076944
  -0.0220281     0.108922  -0.00635959   -0.0268291
   -0.170921   0.00386374     0.226019  0.000605207
    -0.12447    0.0803817      0.02271   -0.0720615
 -0.00862877   -0.0232569     0.200694     0.057375
    0.167633   -0.0378625   -0.0555319    0.0911418
  0.00346164     0.039307    -0.128143    -0.025347
    0.143187   -0.0800542    0.0338939    0.0894575
    0.143731   -0.0371227    -0.108882     0.143019
   -0.100641    0.0618834   -0.0271938   -0.0314876
   0.0078834   -0.0367168   -0.0688536   -0.0546967
    0.359438    -0.191416    -0.277616     0.110549
   0.0410585   -0.0256506   -0.0828234    0.0607715
  -0.0847141    0.0873527     0.145548   -0.0371278
  -0.0890311   -0.0107317     0.262748   -0.0354686
     0.15394   0.00283375    -0.208639   -0.0212006
  -0.0630842  -0.00789452     0.109113     -0.10447
    0.141109   -0.0155301    -0.082468    0.0308881
   0.0451837   -0.0252316    0.0145124    0.0427744
    0.128231   -0.0611222     0.166303   0.00499993
    -0.18274     0.122571     0.177053   -0.0247133
   0.0475874   -0.0995583   -0.0387489    0.0351539
  -0.0717308    0.0907804    -0.046492   -0.0417937
    0.202635   -0.0927694    -0.186289     0.105135
  -0.0798142   -0.0132024     0.145176   -0.0478576
  -0.0797096   0.00647773     0.177081  0.000638577
  -0.0962812    0.0892173     0.226401   -0.0779457
   0.0801171    0.0451492   -0.0842691   -0.0154131
   0.0525901    0.0357901    -0.116473   0.00262857
   0.0651599  -0.00533008    0.0473969    0.0589217
   0.0635734  -0.00444281   -0.0939567   -0.0176812
    0.236033   -0.0727965    -0.260105    0.0253236
   0.0474637   -0.0372795    0.0177441   -0.0497314
   0.0889812    0.0568143    -0.132001    0.0773936
  -0.0915358   -0.0526784     0.315419   -0.0068095
  -0.0266479    0.0568359    0.0250974   -0.0375919
    0.245109      -0.1117    -0.211956    0.0923087
  -0.0270845   0.00138788      0.36854    0.0565045
    0.132106   -0.0789381    -0.160412   -0.0349761
   0.0632445    -0.141424   -0.0515426    0.0411546
    0.218666    -0.114114    -0.324068    0.0349816
  -0.0100908  -0.00698209    0.0392841   -0.0390807
  -0.0576766   -0.0171321    0.0513365   -0.0333108
  -0.0700968   -0.0244421  -0.00596566    -0.062748
   0.0155949    0.0567898    0.0246916     0.022711
    0.137534   -0.0696918    -0.121107    0.0963573
   0.0637196    -0.101252   0.00543897    0.0220084
   0.0333208     0.044028     0.045372    0.0379696
   -0.144083    0.0737475     0.289462    -0.112976
  -0.0851845 -0.000919379     0.330415    -0.127903
  -0.0592397     0.115555     0.107051   -0.0790009
    0.181136    -0.109271    -0.151766     0.128548
  -0.0512262    0.0221284     0.157438    0.0127111
  -0.0479559    0.0613316     0.165214   -0.0460894
  0.00148587   -0.0109264     0.198805   0.00808025
   -0.130666    0.0801765    0.0598272    0.0217161
  -0.0625454   -0.0173675     0.235879   -0.0623809
     0.13722    0.0229657   -0.0754682    0.0784253
  -0.0592123     0.140439     0.144527    -0.061593
   0.0313139   -0.0667679     0.152263    0.0498419
  -0.0469656    0.0341275    0.0606454    0.0150722
   0.0288481    0.0299622   -0.0859035   -0.0132564
   0.0458536   -0.0895128     0.133863    -0.096942
      0.1148   -0.0565273   -0.0516344   -0.0391418
   0.0112457     0.120944   -0.0732201    -0.010725
   -0.148019     0.112657    0.0840531   -0.0155022
    0.139212    0.0104789   -0.0102059   0.00845661
   0.0979607    0.0130253   -0.0403717    0.0228727
    0.151765    0.0182234   -0.0677453     0.039559
    0.175338    -0.059173    0.0129304    0.0354388
    0.231151    -0.079663    -0.062995   -0.0417136
  0.00982341   -0.0555194   -0.0207189    0.0540519
   0.0276965   -0.0639972   -0.0453745     0.029067
    0.118896   -0.0443462    -0.169374    0.0667996
   -0.022482   -0.0865311      0.19412    0.0723694
   -0.271847     0.195712       0.2946    -0.109469
    0.235959    -0.126715    -0.129859     0.083964
   0.0287042    -0.065332    -0.109364   -0.0404182
   0.0193272    0.0480281   -0.0237462    0.0782951
   -0.190073    0.0474248     0.220601   -0.0558697
  -0.0620624     0.033403    0.0553706   -0.0299733
     0.24267     -0.17781    -0.107426     0.028467
    0.148603   -0.0166837     0.135508    0.0856663
    0.014773   -0.0234425    -0.046591   -0.0527031
  -0.0778394   -0.0567114   -0.0176223    -0.033773
     0.13314   -0.0205351    -0.124113   -0.0619757
   0.0814924    0.0351334    -0.114581   -0.0614455
  -0.0283995   -0.0489922    0.0887344  -0.00840698
     0.15347    -0.199232     0.211325   -0.0457619
  -0.0950092    0.0397544   -0.0401386   -0.0492907
   0.0214797    -0.064471     0.234799   -0.0334091
   0.0390609    0.0160076    -0.218667    0.0515024
  -0.0978315    0.0727738   0.00152182    0.0328661
   0.0227787   -0.0309975   -0.0746943    -0.016679
     0.18848   0.00683521   -0.0187085    0.0115761
    0.139748   -0.0578776   -0.0502651    0.0128814
    0.022432    0.0681988   -0.0565097   -0.0577686
     0.11406  0.000492462   -0.0427257  -0.00239151
 -0.00345585    -0.108026    0.0382884    0.0180161
    0.183806   -0.0140293    -0.192552    0.0569037
 -0.00472318  0.000359641    0.0745645    0.0324518
    0.287743   -0.0892591    -0.267514    0.0743667
    0.153811  -0.00936126    -0.011466    0.0358092
    0.195325   -0.0680918   -0.0169832    0.0485057
     0.23254   -0.0337665    -0.157058   0.00842274
  0.00240978   0.00244976       0.1481   -0.0309237
   0.0863946   -0.0802665   -0.0991023    0.0299659
    0.418861    -0.149608    -0.374731     0.139268
  -0.0254899   0.00449479     0.199986    -0.021761
    0.105992   -0.0605226    -0.087114    0.0348267
  0.00237744    -0.088661   -0.0449511   -0.0664237
   0.0372782    0.0435272    -0.191803    0.0748909
    0.106084    0.0200961    -0.073656    0.0572099
   -0.159594     0.142533     0.277506   -0.0562051
    0.104428    0.0306459   -0.0810044     0.047635
 0.000439281    0.0331135    -0.096325   -0.0106271
   0.0701032   -0.0117457      0.10387    0.0336762
 -0.00677619    0.0294599     0.083754    0.0519979
    0.195563   -0.0388194    -0.144683      0.07405
    0.160672   -0.0824472     0.140356     0.103282
  -0.0714005   -0.0379296    0.0627818    0.0507577
    0.161501    -0.102163      -0.1734  -0.00188751
   0.0473902    0.0743129   0.00296992     0.013751
   0.0734493    -0.128346   -0.0509577    0.0560412
    0.233373   -0.0824983    -0.181117      0.04599
  -0.0100004    0.0679442    -0.002741    0.0367511
    0.112052   -0.0121511    -0.111363    0.0533103
   0.0391437   -0.0131849    0.0176222    0.0444967
   -0.111006     0.111927     0.113657   -0.0693065
   0.0357384   -0.0815726    0.0774843   0.00562453
   0.0723915   -0.0160822   -0.0383254  -0.00221042
    0.208254     -0.11993     0.006625    0.0637973
    0.190361    0.0325725   -0.0436795    0.0556978
 -0.00277295   -0.0472037   -0.0187027  -0.00859677
    0.156227   -0.0785048    -0.123222    0.0357737
  -0.0440339   0.00420189     0.229268   -0.0604025
    0.109387  -0.00146046  -0.00617302    0.0686474
   -0.200034     0.150398    0.0941048    -0.117579
  -0.0961474   -0.0373829     0.195965    0.0206769
    0.073833   -0.0223665   0.00790251   -0.0390886
    -0.10362     0.140392     0.114011    0.0165335
    0.050719 -0.000417038    -0.132092     0.107079
   0.0824257   -0.0497505     0.204938     0.068182
   0.0578238   -0.0574592  0.000114052     0.026614
  -0.0136026   0.00239088    0.0891984  -0.00832502
   0.0902581  -0.00717615   -0.0663322  -0.00288065
   0.0949779   -0.0755331   -0.0687273    0.0619556
  -0.0614222     0.132945     0.070547    -0.100459
   -0.109571    0.0690715    0.0898038   0.00613319
   -0.105201   -0.0123386     0.147867   -0.0265352
  -0.0439905   0.00604544  0.000377293    0.0482877
    0.149628    0.0138031   -0.0836899    0.0215181
    0.277971    -0.041995    -0.352564    0.0881023
   0.0387799     0.038904    0.0526822    0.0145066
   0.0482644    0.0972015    0.0890273    -0.065993
    0.329147    -0.115241    -0.413146    0.0456968
   0.0906865   0.00576463    -0.128966    0.0185092
    0.151208 -0.000489592    -0.118066    0.0854916
    0.263677    -0.121524    0.0651465     0.139886
   0.0957805   -0.0349237    -0.197369    0.0500229
    0.197914   -0.0140809    -0.260742    0.0162746
  -0.0044693    0.0239386    -0.225336   -0.0469112
   -0.255646      0.10818     0.304224   -0.0257839
    0.209439    -0.131328   0.00826058    0.0820695
-0.000174486    0.0628691     0.112985    0.0557646
    0.104732   -0.0506016    -0.110578    0.0442739
   0.0248458    0.0270547    0.0709554    0.0675473
   -0.103456    0.0379188   -0.0118321    -0.022169
    0.325653    -0.132423  -0.00568481     0.108683
   0.0160624   -0.0921695     0.195005    0.0323955
   0.0532417    -0.101698      0.10312    0.0842239
   0.0754717    0.0227964   -0.0294151    0.0413969
    0.151291  -0.00281264    -0.112019    0.0383372
    0.135245    -0.126931    -0.117762    0.0616065
  0.00705224   -0.0534376     0.153217   -0.0163424
    0.137893    -0.054488    -0.116109     0.104933
   0.0693392   -0.0300536   -0.0835966    0.0103371
   0.0552542    0.0293035    0.0204087   -0.0639904
    0.298228    -0.110609    -0.415718    0.0111307
  -0.0362164    -0.015441    0.0262817    0.0591542
    0.146804   -0.0680203   -0.0475425     0.086253
   0.0267978    0.0432253     0.110854   -0.0791728
    0.105087   -0.0576553    -0.141107   -0.0264127
   -0.191411   -0.0580139     0.317431   -0.0776208
    0.240669    -0.119567    -0.202478    0.0516837
    0.142563    -0.127308      0.01018    0.0258261
 -0.00336502    0.0659631   -0.0810808   -0.0226524
   0.0949767    0.0405011   -0.0290878    0.0241544
   0.0639833    0.0440947     0.157505   -0.0277678
   -0.202468     0.118663     0.273233   -0.0816658
   0.0630277   -0.0730394       0.1263    -0.077269
  -0.0512191    0.0059177     0.354922    0.0367707
   0.0635472  -0.00448254  -0.00900572   -0.0146705
   0.0775822   -0.0461111   -0.0945069   -0.0172783
    0.208606   -0.0361497     -0.21029    0.0434293
  -0.0568571    0.0582799     0.135157      0.04773
 -0.00567884    0.0418536    0.0321508   0.00157079
   0.0490859   -0.0356875   -0.0416281  -0.00773066
    0.232051     -0.11751    -0.111727    0.0267224
    0.090118   0.00931397    0.0435431   0.00337827
    0.084144   -0.0504028   -0.0790104   -0.0524084
  -0.0300477    0.0955527    0.0928996   -0.0815477
    0.203342   -0.0268014    -0.257174    0.0193194
    0.167405    -0.175453   -0.0554209    0.0480818
   -0.114365  -0.00487737     0.124278     0.055785
    0.209619    0.0410057    -0.210256     0.040101
   0.0859098   -0.0288787    -0.195441    0.0205922
  -0.0530447    0.0204476     0.124719    -0.044051
   0.0124002    0.0391363    -0.100842   -0.0667295
   0.0675294    0.0403133   -0.0256379    0.0130736
     0.44733    -0.124144    -0.594409     0.117725
    0.145721    0.0861616    -0.121717    0.0392832
  -0.0576888    0.0897316     0.025067 -0.000394059
   0.0326155    0.0724307    -0.040555    0.0145277
    0.245552    -0.118277     -0.11463   0.00980133
 -0.00846171    0.0722773    0.0211624   -0.0173743
   0.0678887   -0.0109697   -0.0313101   -0.0231552
     0.25994     -0.14075      0.08484      0.11844
    0.134115   -0.0421928     0.040194    0.0553009
  -0.0149338    0.0121392    0.0786563    0.0533765
    0.298408   -0.0638173   -0.0722053     0.117441
    0.184513   -0.0422562    -0.285998    0.0803851
    0.142528   -0.0942559   -0.0874771     0.078009
   0.0779531    -0.074849    -0.164445   -0.0569127
   0.0267129   -0.0404067     0.227226   -0.0667091
  -0.0488843    0.0968969    0.0305776   -0.0586201
   0.0767929     0.040232    0.0380398    -0.022261
    0.140603 -0.000618448    -0.108786    0.0621019
   0.0469109    -0.118311    0.0996742    0.0332443
  -0.0537721   -0.0257418    0.0362827   -0.0261589
   0.0884532   -0.0146701    -0.125957   -0.0424219
    0.106253   0.00779266    0.0212411    0.0437446
    0.162634    -0.102522   -0.0371748    0.0386522
  -0.0944686    0.0957392    -0.091684   -0.0656028
  -0.0814257   0.00647585   -0.0253469    -0.044262
   -0.138442    0.0727976     0.170245   0.00966243
   -0.301055     0.179773     0.527637    -0.143896
    0.053109   -0.0335938   -0.0169312      0.10426
   0.0740667   -0.0601447   -0.0694491    0.0745147
    0.207807    -0.151621    -0.175976    0.0658341
    0.199681   -0.0487711     -0.11788    0.0647883
  -0.0214488    0.0148607     0.110229   -0.0558701
    0.301134    -0.190967    -0.248812     0.103986
  -0.0261487     0.103248    0.0449491   -0.0178418
   -0.352503     -0.04697     0.807685     -0.18026
    0.134658    -0.125828   -0.0848961    0.0489412
  -0.0965908     0.121194      0.10295  -0.00425482
    0.187966    -0.137896    -0.126978    0.0146639
    0.185806    -0.120873    -0.148328     0.017392
    0.243205   -0.0648739   -0.0121518     0.123545
   0.0401492   0.00663943   -0.0127319   -0.0135247
    0.169962    0.0146113    -0.082038  -0.00731261
  -0.0912488     0.156992    0.0264126   -0.0358157
   0.0730736   -0.0230558   -0.0223031    0.0496088
  -0.0994239   -0.0558775   -0.0368971   -0.0440622
      -0.169     0.165607     0.140568   -0.0671329
     0.24175   -0.0437666    -0.215376    0.0428212
   0.0784256    0.0448513  0.000970082    0.0178058
   0.0739006   -0.0389999     -0.02026     0.003137
   -0.111525    0.0210895   -0.0717162   -0.0417402
   0.0184767   -0.0600307    0.0263266   -0.0448669
   0.0213609   -0.0913069    0.0439246   -0.0401923
   0.0603944    0.0652942   -0.0493451    0.0238866
    0.318887    -0.189837    -0.233589      0.12934
    0.190249   -0.0673618    -0.197925    0.0346383
  -0.0166975     0.115887     0.077704    0.0228228
    0.166221   -0.0710664    -0.177915    0.0166219
    0.111259   -0.0468226     0.015297    0.0776738
   0.0531774   -0.0176112   -0.0752447     0.080546
  -0.0960583    0.0352321    0.0474778   -0.0390892
   -0.129321    0.0391836  -0.00262442   -0.0329521
  0.00822683    -0.120581    0.0309834   0.00353212
    0.089547   -0.0175361  -0.00469537    0.0710179
   0.0853495    0.0187259   0.00376044   -0.0206976
   0.0976229    0.0329158   -0.0739107    0.0673302
  -0.0711741    0.0202938    0.0270485    0.0417433
  -0.0318161   -0.0029817     0.251659    0.0204405
    0.209665     -0.11761   -0.0353118    0.0968604
  -0.0423226    0.0671766   0.00759858   -0.0552003
  -0.0157608    0.0278775     0.115242   -0.0345499
   -0.192774     0.151443     0.102544     -0.11016
  -0.0614141   0.00976546     0.236986    -0.032898
   0.0744551   -0.0836323     0.263052  -0.00485113
    0.108204   -0.0151021   -0.0467953    0.0465772
   0.0560821   -0.0884333    0.0253088   -0.0117317
   0.0993436   -0.0429864     0.109128   -0.0471535
     0.13313   -0.0357829   -0.0225673  5.66868e-05
  -0.0297783    0.0508989     0.234572   -0.0597727
    0.229665    -0.030206    -0.202833    0.0482012
   -0.138375    0.0794682     0.115405    0.0136608
  -0.0868878    0.0723369     0.193532   -0.0618924
  0.00173041    0.0665998  -0.00486107    0.0364016
    0.196376    -0.120334    -0.117958   0.00644941
  -0.0206968    0.0205697    -0.108343    0.0280746
    0.103005   -0.0319231    -0.133874   0.00707535
 -0.00406317   -0.0149363    0.0574141    0.0128651
   -0.112527    0.0546783     0.139481   -0.0108231
 -0.00498052    0.0661574    -0.121005    0.0454705
   0.0285826   -0.0548075   -0.0785072    0.0367607
    0.126958    -0.109194   -0.0950642    0.0415053
   0.0414329   -0.0724213    0.0799677   -0.0372467
    0.210709   -0.0253171    -0.137706   -0.0439542
   0.0203023    0.0568597    -0.225344   -0.0282927
     0.26995    -0.103082   -0.0794643     0.107539
   -0.188241     0.117158     0.256559   -0.0939274
    0.141002    -0.049329   -0.0941862    0.0865884
  -0.0372138   0.00541811    0.0233772   0.00911116
   0.0662836    0.0317401   -0.0458982    0.0176116
    -0.11206    0.0978869  -0.00177232   -0.0533653
   0.0841178     0.162178   -0.0239959    0.0391199
     0.15749   -0.0447997    -0.120726    0.0304326
   -0.190028    0.0886854     0.260727   -0.0671955
   -0.104565     0.112165     0.136114    0.0324375
  -0.0711975    -0.041682     0.194818   -0.0678051
    0.141173    -0.093786    -0.115377    0.0111108
    0.231439    -0.159324   -0.0551966  0.000288018
    0.201867  -0.00672793    -0.095051  -0.00509012
    0.288804   -0.0956336    -0.243606     0.137015
    0.147437   -0.0580641    -0.217123   0.00156557
   0.0534105    0.0268643    -0.131055    0.0664611
   -0.644824     0.293267     0.995512    -0.176919
   -0.147727    0.0368536     0.154022   -0.0300281
   0.0933381   -0.0941077   -0.0402627  -0.00190052
    0.182008   -0.0263823    -0.222481    0.0466708
   0.0880373   0.00439373   -0.0540557   -0.0143881
    -0.18948    0.0591844     0.529536   -0.0229548
    0.229717   -0.0034417    -0.204345    0.0361884
   -0.136682    0.0351795     0.419584    0.0133028
  0.00244185    -0.071564   -0.0910666    0.0661429
  -0.0794475     0.127403     0.232118    -0.102717
  -0.0235923   0.00779568   -0.0854885   -0.0160699
    0.112343   0.00788147   -0.0533178   -0.0868243
   0.0609899  -0.00197701     -0.08977   -0.0158291
  0.00938394   0.00214181   -0.0366247   0.00666088
  -0.0744153    0.0531246     0.171898    0.0435086
   0.0348182    0.0121039     0.139888    0.0245905
    0.150953   -0.0133941    -0.179957     0.028403
    0.264737   -0.0368298    0.0115282    0.0718354
    0.122766   -0.0238133   -0.0656857     0.107323
    0.144984    0.0186288    -0.199544    0.0485295
   -0.057218   -0.0401104     0.231544  -0.00255834
   0.0904458   -0.0512442    -0.212308 -0.000264997
    0.142735    -0.118327   -0.0545846    0.0331635
  -0.0626897  -0.00867807   -0.0520634   -0.0618836
   0.0975238   -0.0269883   -0.0328725  -0.00291229
    0.276595    -0.123037   -0.0843952  -0.00763459
   -0.102737    0.0716956      0.10957   -0.0354782
     0.20015    -0.129763    -0.104968    0.0607287
   -0.233207     0.227706     0.357383   -0.0298666
    0.116467     -0.13286   -0.0633272    0.0726407
    0.144733   -0.0456553   -0.0329445    0.0298766
    0.156125    -0.105647  0.000682789    0.0771031
   0.0124097  -0.00698068   -0.0049747    -0.013833
     0.27345    -0.168549    -0.308922     0.169293
   0.0848575    0.0206178    -0.026668    0.0209997
   0.0754972    0.0189388     0.167598    0.0485729
  -0.0595705    0.0890662     0.157835    0.0228824
   0.0870893   -0.0852566    -0.184665    0.0796297
    0.171732  -0.00500903   -0.0973604    0.0538306
     0.04886    -0.096194    0.0614177    0.0281943
   0.0397476    0.0111107   -0.0702662   -0.0815411
    0.150108   -0.0979635    -0.168219 -0.000150808
     0.10653    0.0348937    -0.115895    0.0513049
    0.120713    0.0396679    -0.115717   -0.0345665
    0.187945    -0.176205    0.0141117    0.0969965
    0.182095    -0.031764    -0.111646    0.0978382
   0.0614476    -0.106224    0.0158156   -0.0257706
    0.142057    -0.168775    -0.119774     0.093058
  -0.0105267    0.0116363    0.0785751  0.000200632
   0.0539797    -0.102627     0.068478    0.0222611
   0.0863586    0.0578014    0.0402846    0.0365731
   0.0867949    -0.111157    0.0238941    0.0558562
    0.100821   -0.0787539    -0.104614     0.013937
    0.162432   -0.0837127    -0.165755  0.000956964
     0.13219   -0.0197119  -0.00515772    0.0830358
   0.0864749   -0.0540407     0.145536   -0.0205498
    0.158036   -0.0933852    -0.196716    0.0179894
   -0.176844    0.0150152    0.0126006   -0.0618651
    0.166234    0.0101653   -0.0935188     0.132142
   0.0939639   -0.0871147   -0.0928416   -0.0171339
  -0.0328309   -0.0437981    0.0209411   -0.0656568
    0.214095   -0.0944479    -0.241096    0.0107515
    -0.13286    0.0427237     0.188057    0.0200722
  -0.0706708   -0.0560802     0.144693   -0.0196748
       0.218  0.000376152     -0.12014    0.0117248
   0.0440299   -0.0810763   -0.0942686   -0.0416087
 -0.00199467   -0.0172743  -0.00326883  -0.00273951
  -0.0578658     0.073511    0.0717157    -0.078439
  -0.0375303   -0.0607593     0.253844   -0.0639097
    0.181623    -0.122691    -0.127403     0.106539
   0.0412896    -0.136491    0.0918438    0.0786127
  -0.0834793    0.0764684     0.161022   -0.0832182
    0.245247    -0.172909   -0.0388782  -0.00234452
  -0.0340321     0.100823    0.0837291    0.0185233
   -0.150934    0.0999932     0.134073   -0.0577289
    0.254516     -0.11046   -0.0610499    0.0947529
  -0.0343412   -0.0441145    0.0958818    0.0160908
   -0.191783    0.0171229     0.282453   -0.0730781
   0.0539127   -0.0808206     0.244304    0.0219057
    0.176753    -0.162583     0.157289  -0.00910321
   0.0498297     0.059684   -0.0593045   -0.0221449
   0.0147804   -0.0480679    0.0874931   -0.0260782
   -0.155339    0.0849108     0.104523     0.047727
   -0.250021    0.0343394     0.292272   -0.0593031
  0.00577514   -0.0474325    0.0545512  -0.00751323
    0.150125    -0.128116   -0.0511422    0.0570684
  -0.0227527    0.0621333      0.17461    0.0517792
  -0.0157208    0.0870853    0.0232762    -0.022505
  -0.0867199   -0.0140849     0.018262   -0.0211216