   0.0498129    -0.123471    0.0572785   -0.0544929
    0.012552   -0.0173364    0.0045086     -0.10141
  -0.0248364   -0.0236134     0.077744   -0.0545077
   0.0497265   -0.0878279   -0.0479392    0.0224418
    0.114963    0.0296455    0.0188762    0.0137929
    0.117936    -0.118417   -0.0568699    0.0915958
    0.135625    0.0399877   -0.0898214    0.0572995
    0.122792   -0.0549516    -0.190045     0.024978
  -0.0223806   -0.0235698     0.134981    0.0408216
   0.0672003   -0.0857437   -0.0567416   -0.0608632
  -0.0896119     0.126822   -0.0484793   -0.0739496
      -0.169     0.124685   -0.0271209   -0.0904954
  -0.0376873    -0.119812     0.109123   -0.0807962
   -0.153266     0.127928     0.134485   -0.0953015
   0.0732864   -0.0615785    -0.137966   -0.0145399
  -0.0762129     0.101999     0.154401    -0.112363
   0.0989621     -0.14022    0.0907127   -0.0326235
  -0.0226249   -0.0568314  -0.00180614   0.00870557
   -0.101537    0.0158847     0.177717    -0.103834
   -0.139785     0.137836     0.118907   -0.0496988
   0.0727889   -0.0784671     0.164405   -0.0196317
   0.0768024    0.0329241     0.146028    0.0389156
   -0.131496    0.0393871   -0.0188513    -0.025811
  -0.0757367   -0.0225556     0.068504    0.0423739
   0.0886216    0.0135581    -0.183731    0.0272163
    0.158266    0.0549144   -0.0936936    0.0460437
   -0.250022     0.123572     0.224339    -0.061326
  0.00639172    0.0872597     0.107347   -0.0303283
   -0.003776    0.0685123     0.032931    0.0729841
    0.129613    -0.110577   -0.0166078   -0.0742056
  -0.0732024    0.0152523     0.192452    0.0196711
    -0.10409   0.00353215    0.0803144   -0.0996341
   0.0247109     0.141042   -0.0468206   -0.0302171
   -0.143673    0.0984396    0.0414094   0.00143392
    0.287527   -0.0507531    -0.523345    0.0351231
   0.0063144   -0.0326449    0.0286431    0.0256415
  -0.0505348   -0.0465424      0.08439    0.0275799
     0.11176    -0.149164    0.0977045    0.0170667
    0.222533   -0.0690357    0.0519344     0.107864
  0.00987482   -0.0794396    0.0513644    0.0504244
  0.00486284    0.0286646   -0.0289149   0.00983829
 -0.00444205  0.000169946    -0.087178   -0.0739962
   0.0235751    0.0429367    0.0286688  -0.00938851
    0.224557    -0.115494    -0.168435    0.0803005
   -0.161159     0.107889     0.157554   -0.0305675
   0.0850663   0.00350842     0.198408   -0.0264835
    -0.20594    0.0859241     0.209541   -0.0567499
    0.189279   -0.0423716    -0.146644  -0.00063417
   0.0190473   -0.0618439   -0.0323207   -0.0171933
   -0.096475    0.0750362     0.142092    0.0469041
  -0.0305122   -0.0359135    0.0227353   -0.0812478
    0.112501   -0.0646872  -0.00892083    0.0261878
    0.234354    -0.231807    -0.172848    0.0870691
   0.0450778   -0.0160304   -0.0766213  0.000175758
   0.0738664    0.0616668  -0.00660738   -0.0171325
  -0.0527425     0.056631    0.0193453   -0.0724031
    0.266099    -0.185176    -0.142193    0.0457858
  -0.0191762   -0.0776554     0.105916   -0.0590485
    0.115004   -0.0996814    0.0752135    0.0253634
   -0.187633     0.115178    0.0198102   -0.0780649
   -0.162281    0.0613988    0.0783468   -0.0503428
  -0.0335923     0.113793   -0.0658976   -0.0242235
   0.0845751   -0.0251788    -0.115205   -0.0349323
   0.0305509   -0.0567344     0.141449  8.83732e-05
    0.127327   -0.0173944   -0.0959018   0.00196441
   -0.323221     0.101084     0.161462   -0.0606761
  0.00220275    0.0672591   -0.0162038   -0.0105988
  -0.0355395    0.0462782     0.101495   -0.0346831
    0.107768      0.15448    -0.355448    0.0058364
  -0.0689481   0.00635052     0.131683   -0.0363294
   0.0188756   -0.0653343  -0.00657941    -0.069286
   -0.120274    0.0809032     0.130419    0.0137256
  -0.0368392     0.121012    0.0563534  -0.00763113
  -0.0454751    0.0063485    0.0572874   -0.0472728
   0.0657816    -0.121084    -0.100181    0.0233416
   0.0297632    0.0134417    0.0756152   -0.0870222
  -0.0758959   0.00582252   -0.0602948   -0.0439355
   0.0474551   -0.0255221   0.00826468   -0.0330688
    0.135633  -0.00711351    -0.144699    0.0193973
   -0.118875     0.090037    0.0877755   -0.0110306
   0.0295855   -0.0216882    0.0194161   -0.0937542
   0.0472773    -0.107761    -0.100081    0.0276352
    0.108802    -0.116793  -0.00957973    0.0176005
    0.137449   -0.0803164    -0.091861    0.0511972
    0.182318    -0.131868        0.178  -0.00858935
  -0.0842053     0.039924   -0.0315737   -0.0347245
   -0.126186     0.052028   -0.0656958    0.0145958
     0.14213   0.00758687    -0.134406    0.0784948
   0.0192696   -0.0151214    0.0274119    0.0211902
    0.172665   -0.0471133    -0.173395    0.0444202
    0.214332   -0.0629615   -0.0859221    0.0608087
   0.0844092    0.0178967   -0.0106626    0.0465074
   -0.139625    0.0628996     0.352257   -0.0324579
  0.00487187   -0.0259167    0.0435726    0.0504779
  -0.0767542    0.0160595    0.0644193   -0.0158498
  0.00238292   0.00655161    0.0224463    0.0404414
   -0.110193    0.0593478     0.269402   -0.0192057
  -0.0411937    0.0584326   -0.0579146   -0.0523501
  -0.0504345  -0.00497532    0.0124732   -0.0121546
  -0.0421649   -0.0764767    0.0988302   -0.0401761
  -0.0763186   0.00437442     0.179181   -0.0619881
    0.194882    -0.136441   0.00163042   0.00719544
    0.122451   -0.0673848     0.109653  -0.00492019
  -0.0335545   -0.0287257     0.140385   -0.0291903
  -0.0421525    0.0711229    -0.146706   -0.0343039
   0.0272925    0.0285942     0.221847    0.0666993
 -0.00172676    -0.100748    0.0167505   -0.0164749
  -0.0390008    0.0167499    0.0458158    0.0457335
  -0.0396908  -0.00282421    -0.165201   -0.0815538
  -0.0146641    0.0432842     0.139943    0.0290738
   0.0948365   -0.0675546   -0.0515515     0.006636
  -0.0112475    0.0184923    0.0188818   -0.0941224
   0.0102788    0.0450927    0.0959252   -0.0218539
   0.0453824   -0.0117806   -0.0156987    0.0129552
    0.138932   -0.0936999    0.0139093    0.0406958
  -0.0319569   -0.0125646     0.111295   -0.0450543
  -0.0109797    0.0627821     0.115057   -0.0855013
   -0.199597      0.04175    0.0876958   -0.0709634
  0.00456598   -0.0327523   -0.0272869    0.0440228
   -0.156636    0.0500683    0.0129225   -0.0267454
    0.108216    0.0277403   -0.0742762   -0.0295521
  -0.0188876    0.0707738    -0.188894   -0.0148268
   0.0558204    0.0480983    0.0914753   -0.0116835
   0.0124878    0.0536541   0.00493752    0.0367301
    0.157168  -0.00156102    -0.165825   -0.0251136
   0.0807926   -0.0415988   -0.0246989   0.00658855
  -0.0885353     0.111986     0.115923   0.00401804
   -0.054323  -0.00294682  -0.00340477    0.0397713
  -0.0430518    0.0664175     0.236153   -0.0169418
   -0.127917   -0.0111767     0.139879    -0.105566
  -0.0748584  -0.00398673    0.0585567   -0.0722811
  -0.0471122    0.0703362   -0.0317812   -0.0955242
    0.029768   -0.0792345     0.166371   -0.0165327
   0.0384774   -0.0168642     0.101642    0.0010835
    0.145722   -0.0791361    0.0243481    0.0302765
   0.0523914   -0.0795061   -0.0706286  -0.00311481
   0.0395347   -0.0619841   -0.0570817   0.00289621
    0.130828   -0.0716631     -0.14555      0.01614
   -0.093241    0.0993249     0.141682    -0.055041
   -0.129079    0.0577218     0.165995   -0.0640352
    0.234502    -0.147225    -0.136798    0.0367762
   0.0189045    0.0254096    -0.137396   0.00306278
  -0.0234009    0.0792427  -0.00222898    0.0147319
  -0.0076242   -0.0678125    0.0731203    0.0350696
  0.00667566    0.0144887   -0.0741714   -0.0518649
  -0.0941138    0.0864796     0.042819   -0.0390433
  0.00399824   -0.0303054  -0.00958349  -0.00268794
    0.117453     -0.17192    0.0305933   0.00258135
   0.0966282  -0.00118412    0.0182421  -0.00904417
    0.207622    -0.137064   -0.0707032    0.0429766
    -0.17009     0.141909    -0.172411    -0.159094
  -0.0262038    0.0169887   0.00887056   0.00137494
   -0.176435     0.151395   -0.0493734     -0.15011
  -0.0947625    0.0709824   -0.0574868   0.00180792
   -0.164237    0.0206083    0.0573799   -0.0666851
    -0.11063     0.110288     0.139786    -0.110061
    0.214467    -0.165784   -0.0987344     0.116404
   -0.116552    0.0142353     0.314597    -0.109547
  -0.0251227    0.0690132    -0.172629    -0.125916
   -0.114196   0.00814562     0.120094    -0.037709
   -0.073996    0.0035217    -0.140304   -0.0888228
  -0.0613064   -0.0137114     0.207898   -0.0131024
    0.180054    -0.103954    -0.133134    0.0214365
    0.117477  -0.00111281    -0.146389   -0.0257288
  -0.0524181    0.0536246  -0.00802951   -0.0180687
  -0.0245593    0.0588915     -0.15568    0.0306831
   0.0374417   -0.0349931   0.00559924    0.0556757
   0.0271258   -0.0766427  0.000984447  0.000589561
  -0.0915382    -0.036717     0.089938    -0.028846
  -0.0147412    0.0369141    0.0717302    -0.055314
    0.102236  -0.00369097   -0.0267599   -0.0163608
     0.09859   -0.0319897   0.00559363   -0.0564103
   0.0803165    0.0994761      -0.1051    0.0491837
   0.0533535   -0.0302649     -0.11606    0.0443885
   0.0964116    -0.113412    0.0618722    -0.053655
   0.0995734    -0.049951   -0.0451389   0.00119719
   0.0490346    0.0362694    0.0135423  -0.00673071
    0.086207  -0.00174557    -0.193729    0.0321591
    0.063233    0.0264967    -0.124984    0.0190426
   0.0149878    0.0406655   -0.0807156     0.066358
  -0.0766422    0.0260734    0.0903403    0.0261062
  -0.0925721    0.0716084     0.181137   -0.0272059
-0.000198869    -0.109382     0.210989   -0.0330491
     0.10237   -0.0218019   -0.0170741    0.0844382
   0.0343889   -0.0566584   -0.0884075   -0.0481773
   0.0240513    0.0390877     0.103238    0.0241001
 -0.00548531   -0.0224957   -0.0461587    -0.067221
   0.0391832    0.0142176     -0.15981   -0.0324461
    -0.14079     0.133437      0.18985  -0.00514723
   -0.120892     0.096282   0.00339151   -0.0865508
  -0.0888879    0.0317011   -0.0540955    0.0125674
    0.186508   -0.0574839   -0.0859403     0.052899
   -0.173717     0.109079    0.0779206   -0.0187895
   -0.206485    0.0897329   -0.0922505   -0.0417382
   -0.128038    0.0179765     0.278693    -0.102086
 -0.00923016   -0.0124418   -0.0625938   0.00923431
  -0.0564171   -0.0896999     0.216795   -0.0817277
  -0.0458846   -0.0588986     0.215809   -0.0398579
   0.0996698   -0.0809452    0.0335598   -0.0139382
   0.0431606   -0.0897879     0.116504   0.00352803
    0.171425    -0.146999   -0.0104236   -0.0010843
   -0.113017     0.149692     0.124093    -0.121339
    0.202946    -0.118662   -0.0576553    0.0674512
    0.123549  -0.00933124    0.0235916   0.00973069
   0.0977339   -0.0916915   -0.0997845   0.00306288
    -0.13415    0.0633793      0.24469    0.0206325
    0.168548   -0.0295557   -0.0949861    0.0198512
 -0.00794947    0.0603819   -0.0312119    0.0222048
  -0.0503592    -0.101263   -0.0495881   -0.0443679
   -0.143368   -0.0423146    0.0726846    0.0205314
    0.182926    -0.185333     0.226791    0.0641686
   0.0306721    0.0350233     0.110913   -0.0245612
   0.0175248   -0.0442727     0.153084   -0.0123314
   0.0175527  0.000536332    -0.124381   -0.0229093
    0.289356    -0.189723    -0.135152    0.0731199
   -0.102681    0.0155476     0.171913    0.0207088
   0.0241377    0.0499174    -0.057117    -0.031871
    0.114478    0.0171685   -0.0031682     0.035647
  -0.0100387    0.0418153    -0.113479     0.039599
    -0.14884   0.00564284     0.108264   -0.0991404
   0.0133919   -0.0314123     0.147373   0.00689882
   -0.029912     0.124122   -0.0716497   -0.0694295
 -0.00268537    -0.112007     0.156191    0.0592881
   0.0934558   -0.0115183     -0.21209    0.0116107
   0.0326849   0.00994634     -0.14237    0.0271915
    0.128078   -0.0553684   -0.0496726 -0.000475224
    0.123142   -0.0660336    -0.105478    0.0649325
   0.0602827    0.0550127    0.0706585    0.0507857
  -0.0308366   -0.0081256     0.168463   -0.0443905
    0.161618   -0.0397834   -0.0163204   -0.0310382
   -0.123414     0.150949    0.0667924   -0.0494411
  -0.0130078  -0.00445474    -0.101978   -0.0126073
   0.0394211   -0.0324954    0.0837708    0.0226469
    0.187914    -0.231811    0.0622346     0.023745
    -0.12419    0.0603696    0.0622251    0.0476777
   0.0322204    0.0027149     0.110856    0.0122555
    0.100283    0.0639946    -0.191532   -0.0434541
    0.211061   -0.0950856   -0.0556821  -0.00105583
    0.148507    -0.195561    0.0611113    0.0802828
     0.13849    -0.193709    -0.206048    0.0908788
   0.0194679    0.0194236   0.00770121   -0.0175256
    0.156605   -0.0237694    -0.147399   -0.0209765
    0.123768   0.00993914    0.0111475   -0.0608414
    0.209694    -0.227111     0.068069    0.0893665
    0.121385   -0.0947274    0.0907168   0.00514984
  -0.0171605  -0.00254379   -0.0267131    -0.037919
    0.057445    0.0750995   -0.0606904  -0.00296988
   -0.189096    0.0253833      0.10068   -0.0338435
   0.0374323   -0.0232321   -0.0286521    0.0288952
   0.0444841    -0.117582    0.0642403   -0.0528237
  -0.0700624   -0.0261408    0.0338576   0.00185075
  -0.0826728     0.110856     0.145804    -0.030036
   0.0731423   -0.0838786   -0.0603576    0.0394131
    0.185412    -0.126813    -0.382795    0.0481947
  0.00740412    0.0457286   -0.0759901    0.0517246
   0.0720234   0.00837439   -0.0696809   -0.0363884
    0.083818   0.00474751   -0.0593611    0.0603817
    0.110223    0.0638262    -0.109047    0.0702433
    0.081628   -0.0276481   -0.0234294    0.0694341
   0.0411896    0.0989045   -0.0616593    0.0522381
   0.0481924   -0.0864464    0.0835007    0.0512474
    0.191206    -0.105128     0.122519    0.0659121
   -0.167304    0.0429809     0.265386   -0.0194085
   -0.187988     0.168831    0.0802149    -0.113444
   -0.070503     0.165344    0.0601366    -0.023961
   0.0861114   -0.0130482   -0.0392089   0.00348801
  -0.0230915   -0.0382894    0.0363135    0.0149054
  0.00625436    0.0311018    0.0534391    0.0839129
   -0.116002    0.0361782     0.119351   0.00147788
   -0.128383    0.0318836     0.155472   -0.0293955
  -0.0165069    0.0860407    0.0186963     0.011637
 -0.00579924    0.0507451    -0.170641    0.0699873
    0.189198   -0.0361976   -0.0595122     0.108165
   0.0872049   0.00925343    0.0322935    0.0460699
   -0.129127    0.0084018     0.227103  -0.00103928
    0.016208   -0.0712385   -0.0193258   -0.0600603
    0.172945    -0.159331   -0.0669885    0.0840216
  -0.0439636    -0.067293   -0.0115765    0.0583565
  -0.0921851    0.0248626    0.0613463    0.0538758
    0.141378   -0.0442226   -0.0551983    0.0742202
   -0.055502   -0.0527625   -0.0179102    0.0492038
   0.0856678    0.0212822    -0.204541    0.0921575
  -0.0796528     0.014314    0.0648044   -0.0276983
   0.0321386     0.036836   -0.0791241 -0.000317301
  -0.0385245   -0.0148487    0.0201059   -0.0153449
  -0.0708805  -0.00945205   -0.0255179   -0.0806859
   -0.176057    0.0829914     0.116873   -0.0446027
    0.213774   -0.0630364    -0.237299   0.00132492
   0.0547624    0.0124013    -0.160851   -0.0530177
   0.0838269   -0.0760617     0.029485    0.0168305
  0.00583249   -0.0466282    0.0549946   -0.0372741
    0.231404    -0.207948    0.0261266   -0.0250407
   0.0057764   -0.0881765     0.173765    -0.031304
    0.226954   -0.0860007    -0.145275    0.0434663
   0.0287553    0.0610028     0.055267   -0.0421912
   0.0705567    0.0928957    -0.121927    -0.047499
    0.204824    -0.101216   -0.0476091    0.0136265
   -0.389474     0.236567       0.3842     -0.17921
  -0.0574904   -0.0028589     0.113165   -0.0588015
    0.148143   -0.0591263    -0.204941   -0.0549495
   0.0367506   -0.0478126    -0.185553  -0.00715697
    0.102145    0.0423884    -0.168188    0.0406706
    0.118353   -0.0252254    -0.233681     0.083003
  -0.0340309  -0.00842365     0.129456    0.0460012
  -0.0676741    0.0032022     0.116162   -0.0465121
    0.185624    -0.166922   -0.0617239    0.0463737
    0.119785    0.0321449    0.0519913    0.0492187
    -0.21071      0.13862   -0.0299716    -0.041307
    0.098311    -0.100827  0.000613243     0.021092
   0.0833823    -0.184508   -0.0681353    0.0644628
    0.038266   -0.0775629  -0.00637479   -0.0678734
    0.102223   -0.0710391     0.049443   -0.0315461
  -0.0785832    0.0238803    0.0840185   -0.0481859
    0.243242   -0.0802272    -0.150873    0.0363012
  -0.0800656  -0.00911834    0.0221241  0.000205988
   0.0304168    0.0727555    0.0049078    0.0462059
   0.0549631    -0.121525   -0.0113781    0.0246996
   0.0532566   -0.0497866   -0.0820501  -0.00197731
   0.0534666   -0.0586502   -0.0372741   -0.0204488
   0.0339745  -0.00913859    0.0642316     0.045186
     0.15844    -0.112314   -0.0100454    0.0220371
    0.163801    -0.103339   -0.0361156   0.00590538
 -0.00827402    0.0262684    0.0518162   -0.0545947
    0.351693    -0.156314    -0.314057    0.0791121
  -0.0886623    0.0892843     0.142832     -0.10097
  -0.0943093    0.0517576     0.110997   -0.0444936
   -0.136265     0.167358     -0.11295   -0.0983607
     0.34615    -0.236077   -0.0827226     0.083707
  -0.0181325    0.0140475   -0.0486819    0.0324654
    0.363405    -0.247406    -0.092777     0.107516
   -0.117653    0.0256664    0.0801698    -0.029809
   0.0940349   -0.0625891   -0.0140096   -0.0345966
  -0.0630626    0.0215317    0.0758141   -0.0320801
   0.0546284     0.026879    0.0370515   -0.0234949
  -0.0173344    0.0193141  -0.00952279  -0.00140586
  -0.0804939     0.155388    0.0964974   -0.0308659
   0.0902343   -0.0315406     -0.26601    0.0650608
  0.00816421   -0.0636419     0.047815  -0.00317522
   0.0116418    0.0510842    -0.125939   -0.0565696
  -0.0135579   -0.0416958     0.246077   -0.0196192
   0.0342333   -0.0367719   -0.0322628   -0.0308188
    0.156801   -0.0552009    -0.271177    -0.015536
    0.239222    -0.101838    -0.223732     0.095162
  0.00966744   0.00337117    0.0512861   -0.0100535
    -0.11245  -0.00214688     0.163708   -0.0167337
   0.0904625    0.0444975   -0.0784425    0.0358247
   0.0379334   0.00953112    -0.110054   -0.0066263
   -0.198994     0.164401    0.0339511   -0.0934677
   -0.194166     0.105525    0.0395029   -0.0240192
  -0.0935826   0.00159259   -0.0838195    0.0130833
  -0.0339414   -0.0460469    0.0212353  -0.00803718
    0.115136    -0.034601    -0.116789    -0.047662
    0.178356   -0.0129957    0.0560523     0.155208
   0.0416194    0.0205615 -0.000828116    0.0279961
    0.175885    -0.112656    -0.050127    0.0263286
    0.245161    -0.124704    -0.292704   -0.0191894
  -0.0858514    0.0310458    -0.039335    0.0249157
    0.206951    -0.111663    -0.109814    0.0273323
    0.476995    -0.355617    -0.160635     0.101971
    0.262423   -0.0509347    -0.101087    0.0359359
   0.0769648    -0.114118    -0.109495    0.0638274
    0.084847   0.00136411    -0.144205    0.0533829
  -0.0099819  -0.00304649    -0.222367   -0.0363949
   -0.122447    0.0227812   -0.0481121   -0.0779624
  -0.0172622    0.0728862   -0.0522474   -0.0260811
  -0.0613239    0.0603495  -0.00263368   -0.0174067
  -0.0236506    0.0259683    0.0790119    0.0406162
    0.203645   -0.0247451    0.0700568    0.0371798
   0.0697535    -0.143637    0.0153135    0.0308121
    0.212482   -0.0249999    -0.190443   -0.0222467
    0.155759   -0.0265216   -0.0970902    0.0556569
   0.0725649  -0.00641565    -0.143944     0.100337
   0.0867646    -0.128615    -0.123244   -0.0325377
  -0.0271157    0.0347907   -0.0213075    0.0204457
    0.113789   -0.0262053    -0.134193    0.0259867
    0.157894    -0.145157   -0.0598247    0.0656823
 -0.00297935    0.0750383    -0.108076    0.0832996
     0.12028    0.0356927   -0.0399589    0.0869409
   0.0694193   -0.0178479   -0.0697683    0.0433292
  -0.0130424     0.119447   -0.0697156  -0.00780886
   0.0459808    0.0967952   -0.0678222   -0.0200125
  -0.0521577   -0.0368939   -0.0789825    0.0558485
   -0.143544     0.126818    0.0778483    0.0197578
    0.270267    -0.196253   -0.0614837    0.0747151
   0.0406274  -0.00413321     0.130693   -0.0479858
    0.168199   -0.0583861     0.193018   -0.0473993
  -0.0721059     0.070332    0.0749966  -0.00368589
    0.163419    -0.108239    -0.180645     0.098136
    0.149165   -0.0142906    -0.139099    0.0256591
    0.133519   -0.0155695   -0.0788286    -0.052307
    0.082659    0.0326358    -0.108393   -0.0317191
  -0.0238715   0.00115929   -0.0126313  -0.00258004
   0.0329974   -0.0337747    0.0199823    0.0333571
    0.103238    -0.115407    -0.207327   -0.0182529
  -0.0587799    0.0416194     0.168192    0.0066864
   0.0250395    0.0166393   0.00689149   -0.0435694
    0.139401    -0.133651   -0.0343263    0.0112609
  -0.0278314    0.0520736  -0.00873128  -0.00864427
   -0.115901    0.0259767    0.0376917    -0.049135
    0.231123    -0.107524   -0.0753014   -0.0173173
   -0.189387     0.113734     0.142256  -0.00785081
   0.0928086   -0.0650222      0.13483    -0.027867
   -0.058059    0.0238321    0.0438151   0.00156579
    0.201204    0.0282735    -0.224987    0.0167662
     0.14597    0.0274271   -0.0762112    0.0600501
   -0.123545    0.0609168     0.143241    -0.113637
    -0.29578      0.13684     0.207775    -0.110617
   0.0940141    0.0148339   -0.0824944    0.0376745
  -0.0247853   -0.0226522    -0.140512   -0.0940176
  -0.0132537   -0.0362451   -0.0235513   -0.0363045
    0.098851   -0.0567175   -0.0749474  0.000364326
   0.0288192  -0.00983496    0.0566194    0.0355979
    0.105424   -0.0921264    0.0392565   -0.0348819
    0.255513    -0.203754     0.109132  -0.00197322
    0.153523    -0.174163    0.0897578   -0.0193922
   0.0948686   -0.0225657     0.125388   -0.0179945
   0.0195177   0.00138733   -0.0321273   -0.0428916
  -0.0749289    0.0897651    0.0113245   -0.0051612
      0.1348      0.01515     -0.20591   0.00428002
   -0.103543    0.0833657     0.119819  -0.00405677
   0.0816895      0.12416   -0.0709905    0.0338014
  -0.0320198    0.0878706   -0.0439721  -0.00136151
    0.178727    -0.128464     -0.13015   -0.0100373
   0.0388546    -0.065361   -0.0473727    0.0204116
    0.101967    -0.049475    0.0837912    0.0865039
   -0.067698   -0.0254594    0.0139344    -0.069311
   0.0359999    -0.100131     -0.12177    0.0301642
   0.0810579  -0.00042274   -0.0842457   -0.0833306
   0.0758605    -0.115932   -0.0370612     0.086928
   0.0396844   -0.0670031    -0.121224   -0.0395641
   0.0278475     0.103446   -0.0150537   -0.0645144
  -0.0177767    0.0896939    -0.135068    0.0131696
   -0.128522    0.0564802    -0.149981   -0.0216454
   -0.174718    0.0603862     0.209021    -0.140315
   -0.101688     0.159179    -0.117761    -0.068987
    0.133203     0.028134    -0.103753   -0.0437024
   -0.199644    0.0951965    0.0888651   -0.0697812
  0.00996712    0.0725227  -0.00451522   -0.0151774
   0.0289627   0.00775786   0.00197358   0.00290407
    0.068642   -0.0154482    0.0359859  -0.00576401
   0.0370846     0.116101     0.232249    0.0695313
 -0.00758345   -0.0267032     0.167789   -0.0666536
    0.203243   -0.0310257    -0.145888   -0.0515414
   0.0132682   -0.0409402   -0.0613202  -0.00303999
  -0.0777784    0.0615868   0.00568747   -0.0779913
  -0.0317618    0.0992043     0.114328   -0.0778616
   0.0709327    0.0749955   -0.0366445     0.010961
    0.147681    0.0210716    -0.224382   0.00948677
    0.482288     -0.25199    -0.400582     0.158434
   0.0649428    0.0571263    0.0299239      0.06129
   -0.232839    -0.024653      0.28067   -0.0917742
  -0.0269283    0.0306318    0.0659897   -0.0950667
  -0.0468064    0.0986454    0.0947847   -0.0358364
    0.171896   -0.0694202    0.0343077    0.0395109
   0.0962083   -0.0257056     0.117307    0.0911709
   0.0614341    0.0477976   -0.0286534    0.0329657
   0.0847183      0.10421    0.0828739    0.0287561
   0.0162292    0.0644589    0.0114361    0.0232967
   0.0875796    -0.048032   -0.0331124     0.048486
    -0.18379    0.0706931    0.0382471   -0.0638329
 -0.00105281    0.0182793    0.0427206     0.057391
   -0.310768     0.154923     0.243106   -0.0309655
   0.0331288    0.0641616   -0.0606126     0.013899
   0.0453002   -0.0344738    -0.165389   -0.0568959
  -0.0456848    0.0647278    -0.165079    0.0130786
   -0.223551     0.118429      0.19417   -0.0886179
   0.0449305    -0.083198     0.026593  -0.00775945
   0.0210355   -0.0243566    0.0542805   -0.0392485
   0.0185732    0.0431612    0.0731293    0.0480735
   -0.102625    0.0398316     0.207933   -0.0777018
   0.0556628  -0.00621876    -0.288213   -0.0353303
    0.030748    0.0447636    0.0399815    0.0381958
  0.00385011   0.00461932    -0.106483   -0.0726953
    0.215283    -0.055877    -0.156657  -0.00409944
 0.000304809   0.00164225    0.0178982   -0.0859271
   -0.121292    0.0437318   -0.0392069    -0.045602
 -0.00748858    0.0780754    0.0935162   -0.0340676
  -0.0688408   -0.0517343     0.164712   0.00528435
    0.107995    0.0454581    -0.123241    0.0430743
   0.0782338   -0.0897214    -0.132706   -0.0145406
     0.20692   -0.0519371    -0.184552    0.0702109
    0.111129   -0.0370904     0.146742   -0.0275661
  -0.0344766   -0.0368999     0.184188  -0.00380927
   0.0631655    -0.158276   -0.0434564   -0.0501681
  -0.0329703   -0.0190678    0.0784635   -0.0177247
   0.0707717   -0.0270334    0.0854764   -0.0109464
    0.014016    0.0361028   -0.0375654    0.0187653
   0.0898309   -0.0744907    -0.097568   -0.0460504
   -0.356609     0.142728      0.32732    -0.163779
   0.0901571    -0.131716     0.192281   -0.0221773
  -0.0555553   -0.0318155     0.056972    0.0437954
   0.0364964    0.0408416   -0.0333683    0.0423937
   0.0576384  -0.00220404    0.0332982   -0.0834781
   -0.308535     0.149719     0.209712    -0.142481
  -0.0231445     0.108231    0.0280224   -0.0548639
  -0.0141792      0.12468   -0.0976907     0.035963
    0.117561  -0.00632409    -0.118867     0.090279
     -0.2543   0.00111479     0.557327     -0.08708
   0.0189492    0.0487512     0.179685     0.077618
   -0.171667    0.0855179    0.0438773   -0.0319982
  -0.0432414    0.0779129   -0.0943323    -0.107137
   -0.130044   -0.0462255     0.121118   -0.0366627
   0.0104914    0.0101443   -0.0217601   -0.0466881
   0.0176174    0.0523525   -0.0466208   -0.0266783
    0.163856    -0.128366    0.0229154    0.0878897
   0.0380055   -0.0945562     0.123433  -0.00947595
    0.083824 -0.000459303      -0.0661    0.0374889
   0.0119553    0.0718126    0.0170349   -0.0392329
 -0.00741189     0.044199    0.0448344    -0.068019
  -0.0636527    0.0603222   0.00669785  -0.00644868
    0.110647    0.0254838    -0.161059    0.0162795
 -0.00287974    0.0349075     0.048974    0.0245275