   0.0265589    0.0456605    0.0410265    -0.224427
   -0.141806    0.0538773    -0.143146    0.0225174
    0.132061   -0.0626798    0.0898685    0.0514556
 -0.00309631    0.0635035  0.000749315      0.10905
  -0.0720561    0.0087745   -0.0372484    0.0311166
    0.019056    0.0830554    0.0014236     0.155477
   0.0684435   -0.0230824     0.118178   -0.0594795
   -0.126911    0.0848203   -0.0920943     0.159115
    0.136994     0.075498   -0.0119712     0.127407
  -0.0402275    0.0534028   -0.0491472   -0.0358723
  -0.0653212    0.0320859   -0.0789411   -0.0516046
  -0.0165645     0.104437      -0.1087     0.200333
   0.0347423  -0.00204085    0.0185689    -0.106732
    0.203208    0.0331759    0.0364464    0.0505618
   0.0888726    0.0905463   -0.0758424     0.127973
   -0.107754    -0.011085   -0.0450925   -0.0420635
   0.0485604    0.0271483   -0.0888655    0.0654457
   -0.170443   -0.0372286     -0.11402    -0.150663
   0.0308836  -0.00832987    -0.100169     0.060287
  -0.0180954   -0.0553668    0.0868368   -0.0217873
   0.0601363   -0.0110579    0.0427415   -0.0222738
   -0.174752    0.0391818   -0.0541984    0.0205896
  -0.0850782   0.00671985   -0.0959866    0.0548736
  -0.0254598    0.0725221    -0.151734     0.106041
   -0.182294   -0.0457242    -0.107178   -0.0583361
  -0.0791559    0.0293786    -0.151669   -0.0288035
    0.131396    0.0386236      0.11721    0.0521352
  -0.0451771    -0.045864   0.00902532   -0.0394347
    0.054432    0.0521955    -0.079219     0.125194
  -0.0280054  -0.00821735   0.00695631    0.0168117
   0.0543362    0.0445691     0.121832   -0.0970473
   0.0649356  -0.00429896     0.019166  -0.00603461
   0.0506723   -0.0740019     0.119551   -0.0849651
    0.040341   -0.0501561  -0.00849773   -0.0407588
    0.215162   0.00217748    0.0012836       0.1271
       0.172    0.0141957    0.0543667   -0.0366139
  -0.0720497   -0.0235801    -0.017821    0.0534698
    -0.16846   -0.0710579   -0.0891708    -0.122485
    0.133903    0.0713143    0.0974658    0.0489597
    0.138899     0.026656  0.000350717    0.0469354
  -0.0250098    0.0584249   -0.0854919   -0.0254775
   -0.130653    0.0708274    -0.219898      0.27256
    0.286163  -0.00459586     0.125205      0.16811
   0.0949577    0.0269618   -0.0262614     0.111833
   0.0752292   -0.0653603  -0.00206669    0.0314716
   0.0535942     0.123114   -0.0979192     0.146029
   -0.205604     0.048942   -0.0615572   -0.0917075
    0.059782    0.0254671    0.0385534    0.0193319
   0.0400568     0.115954   -0.0922198     0.172827
 -0.00872251   -0.0522835     0.035169    0.0256971
    0.123321    0.0465638   0.00910547    0.0384827
 -0.00999447   -0.0562726   -0.0218365     0.154035
  0.00684087     0.122436   -0.0445251     0.238903
  -0.0327367   -0.0520696  -0.00311444     0.011647
   0.0111355    0.0911702    0.0584633    0.0906377
    -0.06018    0.0477086    -0.123576   -0.0043222
   0.0719025   -0.0187978     0.115786    0.0449149
   0.0900578    0.0274948    0.0685074    -0.135514
    0.150181   -0.0472928     0.119433     0.023138
   -0.168282    0.0135653    -0.153699    0.0331076
  -0.0392449  -0.00538706   -0.0190719   0.00731006
  -0.0557868   -0.0163873   -0.0242106     0.115979
   0.0804726    0.0514561     0.150604   -0.0615374
    0.039427    0.0104028   -0.0144769    -0.151943
  -0.0593804   -0.0359465   -0.0407871    0.0140403
  -0.0871926      0.10446   -0.0794786    0.0661781
  -0.0121061  -0.00558954     0.045615    0.0244727
  -0.0496444    0.0173197    0.0449855    -0.116964
   -0.083054   0.00923128    -0.122647     0.173685
   0.0517969    0.0882739   0.00260735    0.0916382
    0.051402   -0.0144266    0.0855939    0.0423695
    0.135913   -0.0837786    0.0413724    0.0951016
  -0.0155534    0.0237789     -0.02967   -0.0502624
  -0.0581473   -0.0122955    -0.070448     0.047417
  0.00241344    0.0192416   0.00351406     0.042493
   -0.225181    0.0287045   -0.0987358   -0.0984957
    0.119309    0.0977191    0.0331072    0.0530771
    0.188853    0.0517553    0.0540393    0.0504362
  -0.0725403    0.0436536  -0.00965485    -0.174954
   0.0363215    0.0652211    0.0255616   0.00583127
  -0.0746599    0.0397436   -0.0197905    -0.180336
  -0.0770796    0.0239895    0.0381857    -0.140417
   0.0256238    0.0736737    0.0527122   -0.0476688
  -0.0420825 -0.000284307   -0.0391372    0.0399479
  -0.0784799   -0.0037372   -0.0290856    -0.131079
  -0.0391537     0.125715   -0.0811606    0.0646384
   -0.160103   -0.0712456    -0.100429   -0.0846515
   0.0627942  9.11187e-05  -0.00957838     0.128919
  -0.0110548    0.0224689    0.0528709   -0.0514695
  -0.0525193   0.00450839   -0.0339611    -0.119873
  -0.0951629     0.125507   -0.0993115     0.134142
  -0.0392858    0.0564328   -0.0349301   -0.0159105
   -0.100128   -0.0125833   0.00725553     -0.10277
   0.0483733    0.0674988    0.0193139    0.0944227
   -0.106999   -0.0194476   -0.0625181  -0.00996666
   -0.155913    0.0679631    -0.130315    0.0652385
    0.255909    0.0400632     0.198288     0.121557
   -0.078567   -0.0323321   -0.0461593    0.0499817
 -0.00315915    -0.032945   0.00236319     0.108688
   -0.110816    0.0227619     -0.07099      0.08202
    0.113306     0.137737   -0.0178287     0.102866
   0.0344322  -0.00379829   -0.0107768  -0.00294169
    0.262251     0.137436     0.166659    0.0846864
  -0.0366536   -0.0232903   -0.0369446   -0.0452291
    0.148088   0.00610576     0.107958     0.025373
   0.0592617    -0.011845    0.0698978  -0.00818262
  -0.0295433    0.0435334    0.0152391   -0.0527283
   -0.172775    0.0710102    -0.059304    0.0858049
  -0.0947525    0.0166061    -0.117003   0.00691085
  -0.0768616    0.0811517   -0.0912677    0.0666427
    0.124159  -0.00955265    0.0280801    0.0791973
  -0.0201718    0.0418344   -0.0311733    0.0483956
   0.0298485    0.0137469   -0.0424225  -0.00282089
   0.0758077  -0.00839902    0.0724411   -0.0124525
     0.10079   -0.0347598    0.0739642  -0.00707633
  -0.0345036   -0.0141278  -0.00109574     0.076095
 -0.00704501  -0.00939061    0.0104283   -0.0556113
  -0.0475696    0.0555691    -0.177342     0.240261
  -0.0189788   -0.0115365   -0.0389069   -0.0100353
    0.195043      0.10584     0.124034     0.279414
   0.0720347    0.0350316  -0.00324218    0.0116608
   -0.240867   -0.0445152    -0.175563     0.037813
    0.148589    0.0368168    0.0644473   -0.0335108
    0.248085   -0.0261303     0.183311      0.16071
  -0.0331945    0.0574718    -0.050617     0.100785
    0.147345   -0.0459646    0.0291538     0.125542
  -0.0552825    0.0645905  -0.00549759   -0.0764657
  -0.0129545    0.0283648   -0.0467266     0.214922
  0.00679255   -0.0710526    0.0207438   -0.0676611
    0.025718     0.115129    0.0395277    0.0298417
  -0.0684093   -0.0350358   0.00569812   -0.0261618
   -0.013461    0.0129295   -0.0568526   0.00745534
   0.0575049   -0.0177598   -0.0343383   0.00996139
  -0.0892646   -0.0287711   0.00327109   -0.0326175
   0.0406697    0.0120228   -0.0225812    0.0668172
    0.105234    0.0537077    0.0553192  -0.00226698
   0.0313925     0.113713   -0.0715882    0.0593168
    0.133887   -0.0010714    0.0488088   -0.0487924
   0.0253505    0.0332388     -0.06704   -0.0041436
   0.0983502     0.059102     0.126499   -0.0154714
   0.0449952   -0.0836053    0.0653537    -0.129707
   0.0414706   -0.0457703     0.052391    -0.064269
 -0.00534642    0.0400501   -0.0500775    0.0572484
 -0.00546101    0.0262653   -0.0799715     0.125516
  -0.0136895  -0.00886111  -0.00568252    0.0775181
   0.0435832    0.0488423    0.0564624      0.31201
   0.0554268    -0.019575    0.0577401  0.000389072
 -0.00791552    0.0399686    0.0299827   -0.0683585
  -0.0183217   -0.0767413    0.0730967  -0.00257983
  -0.0129511    0.0949466     -0.04747     0.054914
     0.17563    0.0574502    0.0579646    0.0584342
  -0.0229054    0.0625176    -0.116781     0.149554
   -0.106706     0.122369    -0.156466     0.214904
    0.123703    -0.031673     0.090247    -0.104516
   0.0861119     0.062371    0.0310664     0.163797
  -0.0996845  -0.00817851   -0.0216199    -0.157273
   0.0645366    0.0248056  -0.00192314   0.00688445
    0.141044    0.0509004   0.00602633   -0.0728974
   0.0746039    0.0779853    0.0419096     0.132806
    0.133415    0.0342812    0.0549402   -0.0120481
    0.104286    0.0296093    0.0113791     0.122137
  -0.0158227    0.0132205   -0.0227022    0.0342329
    0.024013   -0.0105085     0.052777   -0.0398577
  -0.0308414    0.0672751   0.00837177   -0.0199025
  -0.0173965     0.110149   -0.0427079     0.123589
   -0.144675    0.0155434    -0.117964    0.0646142
    -0.10722    0.0661978   -0.0764522    0.0425766
    0.167503   0.00882109     0.101753    0.0386664
-0.000440388    0.0605663   -0.0574809   -0.0492841
   0.0120036  -0.00234954   -0.0697908     0.135033
   0.0188541  -0.00916412   0.00946641    0.0236744
   0.0311583    0.0868847   -0.0227495    0.0723722
   0.0726604   -0.0154905    0.0123493   -0.0773452
   -0.112928    0.0263291   -0.0577723    0.0521106
  -0.0267554   -0.0226374    0.0194956   -0.0325444
   0.0871959    0.0582915    0.0532918   -0.0643128
  -0.0958105   0.00118089   -0.0538857   -0.0088522
   0.0460994    0.0554698   -0.0566575    0.0730737
   0.0694864    0.0496753   -0.0199856     0.120566
  -0.0559527    0.0925327   -0.0928241   -0.0306111
    0.119614    0.0286777    0.0356845   -0.0491432
  0.00189045  -0.00152134   -0.0433655     0.071205
   0.0674688   -0.0444865    0.0513452    -0.049617
  -0.0930721   -0.0137548    -0.002858   0.00758107
   0.0844032    0.0261063     0.086451    0.0406019
  -0.0463148   0.00472703    -0.082758     0.181101
   0.0140464     0.081974    0.0691767     0.080433
   -0.192686    0.0350484  -0.00722849   -0.0947314
    0.156972    0.0580936   -0.0103345    0.0447206
    0.157235    0.0392995     0.102349   -0.0336634
  0.00819148    0.0593458    0.0179676    0.0120857
  -0.0127113    0.0140829    -0.153007    0.0818705
  -0.0219068    0.0277246   -0.0487537    0.0484903
 -0.00714562    0.0588207    -0.130991     0.174822
  -0.0171758     0.115421   0.00923368    0.0840662
   0.0852984    0.0687391   -0.0125944    0.0256174
    0.307567    0.0601351     0.107308     0.162899
   0.0294876    0.0344435   -0.0438161   0.00309102
    0.121824   -0.0186322    0.0367014   -0.0525935
    0.155944    0.0498898    0.0389545     0.101312
    0.123746    0.0815208    0.0974448   0.00688781
    0.157695    0.0142583     0.067656    0.0270419
  -0.0121461   0.00483461   -0.0986938    0.0800871
   0.0932884   -0.0191639     0.067294    0.0220841
    0.059381  -0.00763705   0.00572985    0.0358398
  -0.0781991     0.044398    -0.117376    -0.066124
   0.0859567     0.101681   -0.0173081    0.0767911
  -0.0422564    0.0912316   -0.0364851   -0.0758084
  -0.0167846    0.0290947   -0.0368748    0.0793289
  -0.0777037   -0.0224387    0.0713436    -0.202525
   0.0573722    0.0230289    -0.032275    0.0238296
   0.0593337    0.0301461     0.111439    -0.104195
     0.25174    0.0149559     0.192317   -0.0818398
  -0.0182718    0.0351418   -0.0380435   -0.0205398
     0.11306      0.11969    -0.010711     0.276268
    0.095737    0.0144495    0.0410599     0.145998
  -0.0167491  -0.00365285    0.0138193   -0.0921907
 -0.00546591    0.0106394   -0.0304379   -0.0443806
  0.00427577    0.0194226   -0.0640433     0.103508
   0.0865168    0.0226018     0.105864   -0.0577503
    0.158367    0.0657476     0.114049   0.00412538
    0.214545   -0.0503307     0.118989     0.159046
  -0.0388396    0.0831073   -0.0321804     0.145761
    0.107508  -0.00301798     0.112527     0.160887
  -0.0888479    0.0217178   -0.0398262    -0.110623
  0.00564044   -0.0366904    0.0441427   -0.0852231
    0.138196    0.0670939    0.0295784  -0.00662674
    0.180418    0.0645131    0.0173591    0.0975428
  -0.0549472   -0.0377079    0.0796916    0.0460828
   0.0375866   -0.0520636    0.0374789    -0.069729
  0.00613084    0.0456066   -0.0462881   -0.0640099
   0.0587113   -0.0393067    0.0804461    -0.142373
  -0.0861879    0.0464006    -0.114653    0.0253132
   -0.130353   -0.0413274   -0.0943057    0.0720647
   -0.029879   -0.0189537  -0.00396872   -0.0971671
  -0.0480637     0.051422   -0.0350966   -0.0695086
    0.108801    0.0940131    0.0386193    0.0993983
  -0.0470863 -6.60446e-05   -0.0737182    0.0773791
  -0.0697948    0.0521358    0.0390676   -0.0122129
  -0.0217259    0.0245563    0.0677556    0.0359633
   -0.122032  -0.00566103     -0.10071    -0.155125
  0.00683534   -0.0183072    0.0513435    -0.068129
   0.0304296    0.0190043    0.0469944    0.0721808
    0.125348   -0.0252422   0.00611951    0.0421157
   0.0677813   -0.0298126    0.0367965     0.142944
   -0.125598    -0.012954   -0.0676626    0.0786974
    0.166155    0.0704576     0.152438    0.0606158
    0.100555     0.046379   -0.0660931    0.0445212
  -0.0496068     0.024518    0.0562705    0.0672775
    0.126395   -0.0398906     0.176841   -0.0787995
  -0.0294972    0.0484401    0.0350901    -0.103468
   0.0529917   0.00341961  -0.00424167   -0.0449713
    0.046745   -0.0465282  -0.00458386    0.0228474
    0.113981    0.0114387    0.0812195     0.272735
  0.00628184    0.0645644   -0.0498646    0.0285525
    0.183502    0.0518065     0.175661    0.0255736
  -0.0558926    0.0958044    -0.108397      0.07822
    0.108952    0.0482189    0.0272473    0.0442475
   0.0884654   -0.0472242    0.0356757     0.163869
   -0.103797   -0.0486328   -0.0326747   -0.0140013
   0.0495113    0.0655304    0.0276513   -0.0529783
    0.125269    0.0666385     0.100509   -0.0420036
   0.0265009   -0.0160283   -0.0484524   -0.0280351
    0.120744    0.0175972    0.0763345    -0.075563
  -0.0369442    0.0474449   -0.0620424     0.133624
  -0.0578082    0.0968062    -0.059851     0.132852
   0.0423954    0.0289756    0.0577606      0.13488
   0.0595155    0.0642679   -0.0027563    0.0535968
    0.161907    0.0590808     0.123121    0.0382497
   0.0790385   -0.0237103    0.0628818     0.102823
   0.0524461    0.0257972   -0.0579183     0.113677
    0.158286   -0.0118259     0.144486    0.0237141
  -0.0193891   -0.0406152     0.101899    -0.112028
   0.0445986   -0.0693118   9.0384e-06   -0.0832636
   0.0969827   -0.0269789      0.15754  -0.00120716
  0.00390809    0.0212497   -0.0692062    -0.013641
    0.102032    0.0565604    0.0422568      0.11608
   -0.166941    0.0712082   -0.0960637    0.0406508
     0.10347 -0.000796225    0.0858585    0.0456447
   0.0622328   -0.0799625   0.00779079   -0.0146259
   0.0460442     0.077651    -0.044546    0.0468059
    0.100693     0.202157  -0.00973986     0.293199
  -0.0704963    0.0328511   0.00491502    -0.040695
  -0.0901446    -0.026868    -0.147218     0.109465
    0.108595    0.0752999   -0.0318307       0.2572
   0.0324046   -0.0124199    0.0219159   -0.0105857
  -0.0331335    0.0509933    0.0377562    -0.195206
  -0.0645552   -0.0439811   0.00846656  -0.00396491
   -0.106403    0.0978974    -0.110353    0.0691358
   0.0304348    0.0948482    -0.107289     0.159469
  -0.0683109   -0.0843227    -0.046836    0.0457385
   0.0494772    0.0451033    0.0532081   -0.0181438
   0.0869942    0.0771926     0.042485    0.0174934
    0.184265    0.0540679   -0.0199315     0.254992
  -0.0310538    0.0200488    -0.079613     0.185884
   0.0388462    0.0818257    0.0309303    -0.124783
   0.0629125    0.0670156     0.127208    0.0291657
   0.0863358    0.0262479    0.0944301   -0.0933848
   0.0307734    0.0488187    0.0898802     0.101723
   0.0532456    0.0259065  -0.00699582     0.137777
   0.0748408    0.0718158   -0.0465089       0.1402
   0.0327696    0.0786276   0.00482542   -0.0145333
  -0.0757109    0.0187155   -0.0683023    0.0702599
    0.155728   -0.0504193     0.122243   -0.0399326
   0.0371378     0.115158    -0.042853     0.058093
   -0.015076    0.0262497     -0.07198     0.196229
    0.252656     0.033627     0.131135     0.162288
  -0.0430402   -0.0787285   -0.0478183    -0.128479
   0.0198003   -0.0491867    0.0698002   0.00782652
 -0.00131116   -0.0632826      0.06038    0.0177953
    0.026472    0.0388158   -0.0233841    0.0314739
     0.14083   -0.0135451    0.0483156    0.0473998
   0.0211054    0.0286665    0.0581919    0.0575759
   0.0950098     0.169476    0.0644431    0.0561595
  0.00675743  -0.00628743   -0.0102949    0.0881705
  -0.0610019    0.0299148  -0.00205595     0.042941
   0.0972776   -0.0939191    0.0810739   -0.0543213
   -0.189643   0.00773486    -0.118469   -0.0188593
   0.0843257    0.0304751     0.050902    0.0695756
  -0.0908589    0.0108862   -0.0925778    0.0398513
    0.206668   -0.0440401    0.0286397     0.108656
    0.194132    0.0410698    0.0557443     0.167658
    0.111397    0.0587326 -0.000861415     0.069528
  -0.0742324    0.0420827    0.0351823   -0.0603188
  -0.0124907    0.0841958    -0.179852      0.24146
   0.0737826   -0.0461302     0.070594     0.109779
  -0.0131788     0.035799    0.0264918   -0.0399321
   0.0358293   0.00290255    0.0477914   -0.0715878
  -0.0631814    0.0917733    -0.111393   -0.0552194
-0.000303549   -0.0383483   -0.0182483    0.0626887
    0.180661  -0.00220825    0.0755413     0.108102
     0.23649     0.051235      0.19269     0.110226
  -0.0135538   -0.0452704   -0.0167199    0.0589895
  -0.0648329  -0.00722335   -0.0294685   -0.0669479
   0.0740939    0.0780521    0.0515322     0.074384
   0.0764691    0.0818465    0.0134744   -0.0169951
    0.170492    0.0477786     0.182583    -0.111626
  -0.0328792    0.0582309   -0.0733691    0.0165853
   -0.154778   0.00530871    -0.197268    0.0801417
   0.0968619   -0.0166501    0.0153373     0.108646
  -0.0680135    0.0613968   -0.0687242   -0.0473258
    0.108675    0.0299708    0.0926989    0.0933002
    0.020057   -0.0153758    -0.022945    0.0592292
    0.013437   -0.0832715   -0.0269988   -0.0998933
   0.0395669   -0.0194917    0.0721973    -0.092934
   -0.109745    0.0330307    -0.007068   -0.0696732
  -0.0162258   0.00896507    -0.031665   -0.0502495
  -0.0638049    0.0424499   -0.0434424    0.0720014
  -0.0185681     0.100852    0.0324748    0.0124578
   0.0816767    0.0454065     0.010251     0.213836
  -0.0903069    0.0551136    0.0359451    -0.143478
  0.00175641    0.0860345   -0.0490868    0.0852208
    0.070931     0.034638    0.0441929    0.0249088
  -0.0545489    0.0428504     0.140099    -0.324893
   0.0300651    0.0543904   -0.0890577    0.0455221
  -0.0755601  -0.00267351   -0.0776293     0.169666
  -0.0211168   -0.0388282    0.0346379    0.0254506
   0.0947939   -0.0445676     0.134471    -0.180155
   0.0581567     0.115598    0.0287547     0.120422
   0.0389215   -0.0240828    0.0723819    0.0372796
    0.121055   0.00206697     0.115739   -0.0140956
   -0.106471     0.118711    -0.143141     0.171064
    0.102416    0.0616094    0.0356986    0.0686206
 -0.00687732    0.0111196   0.00882082   -0.0816382
   0.0861512   -0.0144888    0.0649802    0.0403172
    0.118876     0.072858    0.0281719    0.0400209
   0.0321472    -0.019289    0.0261693   -0.0651888
    0.178671    0.0202508    0.0936842    0.0513249
  -0.0673509    0.0139379    -0.019253    0.0719897
   0.0267225     0.114077   -0.0412944   0.00464535
   0.0842951  -0.00770799   -0.0755521     0.173049
   0.0509062   0.00324887     0.101067   -0.0809916
  0.00541457   -0.0360213   -0.0391478    0.0687592
    0.109095    0.0173425     0.137735     -0.11184
    0.154566   0.00652716    0.0863929    0.0451994
   0.0926474    0.0530182    0.0310234  -0.00717664
    -0.13032   -0.0493484    -0.020417    -0.154495
   0.0224297    0.0700359    0.0200886    0.0649257
   0.0260439   -0.0203764   -0.0765348    0.0120394
  -0.0126729      0.10175    -0.104636     0.127632
    0.113615     0.022064    0.0826032    0.0317411
    0.254195   0.00708568    0.0813967     0.210514
    0.073262    0.0617409   -0.0207559     0.129702
    0.151719   -0.0475379     0.227483   -0.0545939
  -0.0150807    0.0392981     0.063056   -0.0933511
    0.123855  -0.00827128    0.0932111   -0.0463779
  -0.0299744    0.0148973   -0.0303827   -0.0680377
    0.143456   -0.0583729    0.0534727    0.0132231
   0.0303437    0.0994962   -0.0220461     0.111189
   -0.102048   -0.0444362   -0.0537572    0.0170252
  -0.0742782    0.0319635    -0.103094     0.148354
    0.200478     0.067858 -0.000216963     0.131904
    0.137133   -0.0831551    0.0758328   0.00919346
    0.142252    0.0854139    0.0933572    0.0123275
   -0.151624    0.0310822   -0.0328859   -0.0588497
   -0.154597  -0.00402851   -0.0483028    -0.144178
   0.0350568    0.0403679   -0.0107061    0.0291353
      0.1041    0.0200235    0.0778306     0.072684
  -0.0837581   0.00943137   -0.0687682   -0.0626144
  -0.0747095      0.12134    -0.108555     0.177793
    0.131846   -0.0402994    0.0497271   -0.0590313
   0.0262478    0.0366247   -0.0631923   -0.0712468
   0.0259074   -0.0234775   -0.0768255     0.111769
   -0.127529 -0.000561201    -0.045789   -0.0887981
   0.0848939    0.0363691    0.0739257    0.0314671
  -0.0284801   0.00541251    0.0628199   -0.0709173
  -0.0172072    -0.110646   0.00921276   -0.0185644
   0.0905288    0.0354839     0.104613  0.000235945
  -0.0666961    0.0647493  -0.00557629  -0.00667418
   0.0817874   0.00783488    -0.019439    0.0553357
   0.0688028    0.0661962    0.0164667     0.146623
    0.179221    0.0414059   0.00494249     0.264278
   0.0564038    0.0249489   -0.0825149    0.0252981
   0.0281821 -0.000220244   -0.0177226   -0.0553045
    0.108359    0.0260247    -0.019676    0.0944485
    0.111218   -0.0245843     0.104152   -0.0998607
  -0.0430657   -0.0559791    0.0160709   -0.0142792
   0.0464285     0.140964    0.0493111       0.1213
  -0.0408147     0.013939     -0.11673     0.016133
  -0.0446709    0.0916151    -0.133683    0.0776446
  -0.0949309   -0.0627567    -0.121843     0.058999
   0.0619144    0.0262372   -0.0013028    0.0530008
    0.160256    0.0724072    0.0128117      0.16457
    0.131946   -0.0250799    0.0213797    0.0670984
   0.0924838      0.03933   -0.0382246    0.0747059
    0.241627   -0.0603612     0.165539    0.0192309
   0.0169788    0.0226498   -0.0107942  -0.00274275
 -0.00807853    0.0777274    0.0273622   -0.0539717
    0.148088   -0.0212265    0.0161153    -0.106013
  -0.0414026    0.0538147    0.0112441    -0.154684
   -0.018608    0.0657075    0.0761363    -0.049759
  -0.0567658    0.0493906   -0.0208051   -0.0882449
  -0.0499755    0.0150401   -0.0190699   -0.0833631
    0.035304    0.0159446    0.0625959   -0.0253581
  -0.0664765    0.0165898    -0.120713    -0.062628
   0.0226467    -0.020929   -0.0120762   -0.0513755
    0.129096    0.0100305    0.0862295    0.0507178
    -0.13289   0.00996139   -0.0736605    0.0764559
  -0.0852683   -0.0359894   -0.0759892     0.115772
  -0.0331404    0.0853158    0.0253852     0.130203
  -0.0931929    0.0594975    0.0232794    0.0260219
   -0.125039   0.00366475   -0.0457045    -0.100765
   0.0101632   -0.0219081   -0.0411326    -0.090262
   0.0655574   -0.0469824    0.0281522    0.0473777
    0.049798   0.00746139   -0.0445143     0.169541
   0.0489926     0.121604   -0.0359937   -0.0428986
    0.143656   -0.0109363    0.0774572    -0.154671
   0.0670649    0.0204526    0.0426635   -0.0148223
  -0.0674854    0.0507378   -0.0955072   -0.0212774
   0.0536153   -0.0145857   -0.0376818     0.186691
   0.0921217    0.0476617    0.0202143      0.30263
    0.194742    0.0643072    0.0102181    0.0869257
  -0.0847125    0.0994817   -0.0496827     0.108787
   0.0246123    0.0241706   -0.0912188    0.0802941
  -0.0528831    0.0574413   -0.0191514   -0.0214464
    0.114592   -0.0240653    0.0655178     0.111741
 -0.00964054     0.106805   -0.0273951     0.191426
  -0.0442239   -0.0372327   -0.0698047     0.130261
  -0.0279221     0.105889   -0.0170002     0.165599
   0.0194534    0.0242263    0.0496339    0.0464567
   -0.109064   -0.0731117   -0.0377767   0.00396255
   0.0190495    0.0419276  -0.00673312    0.0562539
  -0.0582254    0.0558895    -0.143351    0.0956674
  -0.0474791    0.0299404    0.0172494    -0.196573
  -0.0305403    0.0634957    -0.064814    0.0963184
    0.155162     0.103063    0.0524096   -0.0664427
 -0.00810367   -0.0482111    0.0172426    -0.139569
   -0.161783   -0.0450981    -0.129992     0.075675
    0.108135  0.000813905  -0.00530931     0.151465
  -0.0729333    -0.043305  -0.00281835  0.000346682
   -0.130195   -0.0378982    -0.020905   -0.0649904
    0.232844      0.13302    0.0634536    0.0352887
 0.000275812    0.0591788    0.0424954    -0.126741
    0.184448   -0.0286594     0.159284   -0.0589061
   0.0188828   -0.0398097    0.0551173    0.0406516
   0.0478785   -0.0210434    0.0115778   -0.0678023
   0.0555472   -0.0924702    0.0703642    -0.122146
   0.0453866    0.0147756   -0.0104472   0.00347717
   0.0130436   0.00430416    0.0664903    -0.089826
   -0.063506      0.02045    -0.106981  -0.00670622
   0.0774174    0.0645042    0.0559901     0.108401
  -0.0957946    0.0637847    -0.059418    0.0940348
   0.0589648     0.105024   -0.0576256     0.215786
   0.0497403   -0.0178821    0.0725078    -0.076449
   0.0693844   -0.0454512     0.152585    0.0191254
  -0.0722216   0.00648703    -0.169526     0.060341
   0.0815924    0.0165984    0.0476418  -0.00504745
  -0.0945438   0.00925779     -0.12793     0.120508
   0.0608482   -0.0110875  -0.00117588    -0.100504
   -0.067299   0.00104562    0.0345033   -0.0747004
    0.117691    0.0660509    0.0885711      0.14195
   0.0567761    0.0220477   -0.0473376     0.115437
 -0.00298856   -0.0178936    -0.109016     0.170919
-0.000186927  -0.00704529    0.0580411    0.0555325
    0.165113   -0.0671992     0.122635    -0.126072
   -0.009374    0.0581923   -0.0566864   -0.0305931
    0.126792   -0.0111335     0.115244    -0.103584
   -0.114624  -0.00610793  -0.00900856    0.0261275
    0.136545   -0.0249133    0.0811502    0.0931297
   0.0408996     0.047063   0.00989793   -0.0376481
   0.0550024   0.00467753    0.0171242    0.0384505
    0.138576   -0.0262195    0.0979237    -0.185238
  -0.0709988    0.0611032   -0.0519788    0.0351881
 -0.00925886   -0.0107987    0.0263076  -0.00135213
   0.0872099    0.0524534   0.00882553   -0.0134751
    -0.08685    0.0103141    0.0243451    -0.233137
 -0.00777323    0.0378307   -0.0427966    0.0816389
   0.0611633    0.0980472   0.00478608    0.0183539
   0.0882408    0.0241951   0.00179579    0.0719911
    0.118951  -0.00549175    0.0900337    0.0598593
  -0.0440799      0.10755   -0.0928058    0.0803625
   -0.163136   -0.0485777   -0.0826191    0.0105163