  -0.193231
   0.831594
   0.732272
   0.331601
   0.561473
 -0.0491695
  -0.146575
 0.00696318
   0.484353
 -0.0802377
   0.683716
-0.00195068
 -0.0139029
  -0.129041
   0.476254
 -0.0550366
   -0.14554
   0.433892
    0.14157
  -0.121354
   0.135486
 0.00387139
  0.0718274
  -0.112968
 0.00567152
   -0.05852
   0.376886
   0.500348
 -0.0963509
  -0.188039
 -0.0521291
  -0.119367
  -0.100598
  -0.104303
 -0.0538375
 -0.0574287
  -0.188398
 0.00845236
  -0.119881
  -0.141969
  -0.101555
 -0.0920634
 -0.0567426
 -0.0460557
  -0.126102
  -0.137337
 -0.0233733
  -0.110607
  -0.210596
 -0.0908285
  -0.108632
 -0.0546746
  -0.101742
  -0.168844
 0.00281115
 -0.0779087
  0.0265168
  0.0126138
   0.637008
 -0.0177127
 -0.0513269
  0.0821558
   0.077064
   0.313917
 -0.0647774
 -0.0960924
 -0.0449381
  -0.140716
 -0.0639864
 -0.0955475
  0.0533707
  -0.231283
 -0.0618365
 -0.0275068
 -0.0881377
 -0.0627743
 -0.0647544
   -0.06986
   -0.11712
 -0.0860216
  -0.120867
 -0.0228988
  -0.124234
  -0.100013
  -0.119588
  -0.068978
 -0.0552919
  -0.206346
 -0.0940939
 -0.0905812
  -0.112668
 -0.0886178
  -0.096274
  -0.086698
 -0.0998179
 -0.0200655
  -0.107798
  -0.117467
 -0.0598902
   -0.17145
   0.389855
   0.683526
   0.524799
    0.33678
   0.821745
   0.990924
    0.75589
   0.260315
  -0.231702
  0.0789558
 -0.0287137
   0.210494
  -0.306611
  0.0395188
  -0.265701
  0.0703804
   0.246343
 -0.0827682
  -0.256572
  -0.220655
   0.274941
 -0.0997492
 -0.0521292
  -0.188767
  -0.104103
   0.126195
   0.278266
   -0.11643
 -0.0611217
  -0.208291
 -0.0540574
  -0.160633
 -0.0497397
  -0.120344
 -0.0744444
  -0.172247
  -0.183151
  -0.166322
  -0.200753
  0.0181924
  -0.222906
  -0.247927
  -0.143717
  -0.126024
  -0.144546
 -0.0453822
  -0.144073
  -0.187466
  -0.252344
  -0.136337
 -0.0733521
 -0.0642753
  -0.113331
  -0.156987
  -0.114496
  -0.145987
  -0.189731