   0.0764643     0.182278    0.0410909    0.0254062
   0.0832276    0.0597351    0.0353862    -0.036653
    -0.04518    0.0567977  -0.00616808   -0.0765895
   0.0224036    0.0471872    0.0393516   -0.0585528
   0.0206438   -0.0261614    0.0126747   -0.0642527
   0.0485241   -0.0932991    0.0630349   0.00589723
    0.151823   -0.0350079   -0.0229523    0.0908925
   0.0861868     0.186913    0.0467859    -0.113194
   0.0027441   -0.0441571    0.0631396   -0.0552331
     0.03653    0.0358541    -0.044136     0.132002
   0.0600736  0.000322594    0.0631844   -0.0140533
   0.0956963    -0.216537   -0.0994518    0.0520392
  -0.0570468   -0.0610992    0.0366858    0.0525402
  -0.0622685  -0.00457439    -0.071917  -0.00722607
  -0.0971316    -0.103515   -0.0272203     0.103764
   -0.110482    -0.215807   -0.0191243    0.0133673
   0.0752639    0.0163467    0.0553585   -0.0789299
  0.00889029   -0.0339811    -0.115412    0.0597078
  -0.0588565    0.0202037     0.131123   -0.0233592
  -0.0580126   0.00864191    0.0211106    0.0421034
    0.164124   -0.0750178    0.0402651   -0.0690592
  0.00393976    -0.155156      0.12266    0.0530972
    0.172555   -0.0433433   -0.0343029     0.245593
   0.0506487   -0.0237432   -0.0147275    0.0575983
   -0.174319    -0.121118   -0.0263488    0.0694072
   -0.087321   -0.0429845     -0.11427    0.0542607
    0.138561    0.0247572    0.0573964    0.0837647
   -0.148874   -0.0714589    0.0920212     0.119207
   -0.123489   -0.0525919    -0.051652    -0.052726
   0.0288081    0.0592478    0.0720237    0.0345722
    0.138392   -0.0445493   -0.0942365    0.0682736
   0.0367068    -0.135429    -0.056005    0.0287227
   0.0508169    -0.142611   -0.0559632     0.167291
  -0.0387394     0.242455    0.0634021   -0.0523846
    0.154892     0.142819    -0.023927    0.0442212
   -0.121289   -0.0515344  -0.00980061    0.0556205
 -0.00302197     -0.10542   -0.0964243     0.063336
    0.134491    -0.216543    0.0549541    -0.135191
    0.120611   -0.0501343     0.109991    0.0380276
    0.147116    -0.246192  -0.00949958     0.167141
    0.187731    -0.236251   -0.0397985     0.103493
   -0.062891    0.0332694     0.139198   -0.0489337
   0.0303115   -0.0475931     0.183827      0.15956
   -0.202952   -0.0908059    0.0150621   -0.0826237
  -0.0149881   -0.0374596  -0.00174575    0.0486678
   0.0551101   -0.0574272    -0.108984    -0.114096
  -0.0375475   -0.0869531    0.0109256    0.0861014
   0.0245355   -0.0256657  -0.00165841     0.080038
    0.124411     0.109391   -0.0207816    0.0108031
  -0.0166141   -0.0511143   -0.0263206   -0.0578132
   0.0471673    0.0605926   -0.0676426    0.0292734
  -0.0872241   -0.0960698   -0.0134638   0.00863057
   0.0508861    0.0860913    -0.024584    0.0753207
  0.00952177   -0.0415564    0.0503078   -0.0643916
    0.218352    0.0847057    -0.120815     0.271083
  -0.0191118   -0.0504459   -0.0142364    0.0367014
     0.27844    0.0249285   -0.0063488    0.0433024
    0.149249   -0.0121287    0.0670713     0.166144
   0.0591507    0.0599254    0.0270452      -0.0827
   -0.156367   -0.0836799     0.189181    -0.088505
    0.168618     0.274194     0.120636     0.144224
    0.166855     0.255167   -0.0208015     0.141256
   -0.070399    0.0336395     0.189472    0.0107923
   -0.142243      -0.1495   -0.0575791   -0.0177611
    0.034901     0.050985   -0.0411202   -0.0164881
  -0.0152618   0.00115499    0.0742702   -0.0292797
    0.315419     0.334679   -0.0503507     0.226691
   0.0408314   -0.0978024    0.0976082    0.0114332
    0.153327    -0.100343   -0.0269335     0.170664
 -0.00936078    0.0137071    0.0286813   -0.0252108
   0.0630777   -0.0351441    0.0159392    0.0666518
    0.023303    0.0908621     0.321696   -0.0517165
   0.0304077    -0.121126   -0.0204174    0.0500122
   0.0373246     0.100185   -0.0192475   -0.0130427
   -0.090365    -0.031424    -0.069909  -0.00544289
  -0.0607212    -0.103389   -0.0846552   0.00684492
    0.127116    0.0698356  -0.00393538      0.05974
   -0.141653     0.187374    0.0110769     0.110697
  -0.0122292     0.191234   -0.0011803    0.0708429
  0.00573057   -0.0263158     0.030018    0.0351495
  -0.0447105    0.0638924    0.0265603    0.0662407
   0.0245235    0.0657272   0.00926316     0.090787
   0.0521488    -0.012614     0.060916    0.0472137
   0.0993529    -0.213914    0.0908186   -0.0636128
  -0.0286779    0.0288475    -0.104469    0.0128687
   0.0739727    -0.163521    0.0238605    0.0412231
    0.030319     0.120383    -0.050227    0.0728783
   0.0769068    -0.044041    -0.149702    0.0251344
  -0.0259199     -0.17411    -0.053638   -0.0761673
   -0.150254   -0.0982804     0.112175     -0.20858
   0.0235327   -0.0932775   -0.0237899    0.0265478
   0.0448826    0.0243035    -0.104085    0.0905294
   -0.115492    -0.205408    0.0216712     -0.05495
  -0.0457525   -0.0520946   0.00911539   0.00625441
   0.0573017    0.0399766    -0.093572    0.0661351
    0.077407     0.143661    0.0266222    0.0739779
  -0.0416797   -0.0267341   -0.0499884   -0.0312359
   0.0737912   0.00681626   -0.0178605     0.147229
  0.00159236   -0.0591209   -0.0185488   0.00874093
   0.0126351   -0.0892532    0.0966733    0.0744125
   0.0548794     0.177446   0.00767496   -0.0247009
    0.134607    0.0413322      0.10891    0.0504608
    0.081846    0.0262866    0.0129466     0.100405
   0.0119665   0.00179032   -0.0304324    0.0898647
   0.0179688    -0.203906    -0.126768    0.0591335
    0.121806     0.092916   -0.0414172     0.131055
  -0.0609183    0.0104568    0.0795081     0.128573
     0.14964   -0.0237596    0.0196161    0.0653446
     -0.1172   -0.0177492    0.0256729    0.0200371
   0.0161697    -0.046051   -0.0414733     0.103106
  -0.0592147   0.00847501     0.108993    0.0556652
   -0.157794    0.0374517    0.0419347    -0.100221
  -0.0523502     0.012609   -0.0307768     0.104179
  -0.0111273     0.190489     0.119285   -0.0852041
  -0.0802516     0.229464     0.158337    -0.330001
  -0.0592617    0.0386854     0.107404     -0.03087
  -0.0637597   -0.0177568   -0.0979365   -0.0112166
   0.0834778     0.150771    0.0134143    0.0198755
  -0.0540616   -0.0225077    0.0487238    0.0272047
    0.108915     0.019275    0.0146055   -0.0334098
   0.0821767    0.0321746    0.0336088   0.00735046
 -0.00913424   -0.0463985   -0.0088655    0.0411353
    0.159929     0.162581    0.0783157   -0.0343031
    0.148902      0.12006  -0.00526672   -0.0273807
  -0.0477522   -0.0176634   -0.0801535    0.0396005
   0.0533394    0.0662819  -0.00489135     0.112308
  -0.0117064    0.0800518   -0.0655147    0.0466379
    0.131299     0.316119   -0.0391713   -0.0104688
   -0.033117   -0.0598713  -0.00818159   0.00151294
   0.0641611    0.0651926   -0.0844603      0.11079
  -0.0863017   -0.0148658      0.03787    0.0530158
  -0.0785074    0.0310297    0.0316434    0.0230463
   -0.168969    -0.150919     0.140371   -0.0392614
    0.122422   -0.0442175    -0.169635    0.0937786
   0.0500601   -0.0249198    0.0153826   -0.0127936
   0.0418254     0.066197    0.0778039     0.177268
   0.0856116    -0.156234    -0.125682    0.0353091
    0.249321     0.209454   -0.0191393     0.290062
   0.0496241     0.274421    0.0953334   -0.0700343
    0.070886   0.00106821   -0.0205667     0.134402
    0.115117   -0.0377508   -0.0098097    0.0367201
    0.086395   -0.0452263   -0.0489298   -0.0287811
    0.105558   -0.0506428   -0.0107602    0.0826667
  -0.0965524   -0.0198342     0.109012   0.00250026
   -0.064695   -0.0313836   -0.0398857   -0.0687326
   0.0493938    0.0564996    0.0936971    -0.070487
  -0.0205404   -0.0385022     0.131971     -0.10027
  -0.0110809   -0.0194957     0.040962   -0.0793527
 -0.00428251   -0.0337688    0.0783619   -0.0466419
    0.201185    0.0756521   -0.0750313    0.0471332
   -0.106393    0.0952075     0.118492    0.0258564
    -0.13877   -0.0431825    -0.141218    0.0212534
    0.161068     0.135795     0.145623    0.0441636
    0.005278   -0.0945649  -0.00922688     0.109851
    0.200306    0.0483331    0.0638594    -0.157283
  -0.0877908    -0.106105   0.00949369   -0.0402622
   0.0605081     0.030424    0.0412539    -0.118972
   0.0235033    0.0276067   -0.0928311     0.136521
  -0.0407497   -0.0297695    0.0320276      0.03579
    0.155353   0.00913298   -0.0296957    0.0511488
   -0.078149   -0.0439692     0.167855    -0.036881
   0.0542491     0.024944   -0.0105923   -0.0221361
   -0.104938   -0.0531948    0.0794544  -0.00316784
   0.0721568   -0.0437404 -0.000264306    0.0393732
  -0.0786529    -0.105686   -0.0577878     0.206488
   0.0188825    0.0330466   -0.0224792    0.0301222
   0.0627847   -0.0831397    0.0908749    0.0281983
   0.0754589   -0.0778134       0.0442     0.261186
  -0.0278292    -0.105101   -0.0398892    0.0293396
  -0.0668298     0.186778   -0.0773266    0.0723218
   0.0395287    -0.138619   -0.0314674    0.0257532
   -0.066523   -0.0727388     0.117592    -0.105724
  -0.0381733   0.00643331   -0.0519469    0.0399975
  -0.0608058   -0.0727512   0.00189253    0.0595394
   0.0764698    -0.142778   -0.0615926    0.0136486
   0.0076243    0.0358584     0.146083   -0.0871584
  -0.0876973    -0.104799    0.0562046   -0.0853228
   -0.064698    0.0142748   -0.0886045     0.146778
   -0.086333    -0.218377   -0.0548506    0.0239038
   0.0484582   -0.0247676   -0.0898038    0.0171755
  0.00359499   -0.0260153   -0.0369342     0.107455
   -0.063582    0.0202147    -0.112284     0.156546
    0.089986    0.0103116    0.0103495   -0.0216095
    -0.13711    -0.102383    0.0206211   -0.0651462
 -0.00298056   -0.0292864  0.000866623    0.0643386
   0.0389066     0.119294   -0.0284423     0.108368
  -0.0332978    -0.184486   -0.0424952    0.0335637
    -0.20872    -0.219023   -0.0877926    0.0868403
   0.0227869    0.0659294   -0.0414068   -0.0707032
  -0.0212474   -0.0659879   -0.0878276    0.0801735
   -0.117044    -0.149457    0.0996192    0.0394896
  -0.0762424  -0.00238363   0.00404258  0.000737843
  -0.0617027   -0.0145588     0.070154     0.124233
   0.0424366    0.0311488    0.0667454   -0.0738661
    0.182393     0.159366   -0.0758403    0.0535897
   0.0274439    0.0973354   -0.0291743    0.0438155
   -0.167128    0.0116779      0.11135    -0.126324
  -0.0431815   -0.0764947     0.070837    0.0393326
   0.0702375   -0.0639166     -0.15506    0.0764955
   0.0152312    0.0263622    0.0614641   -0.0845429
    0.069109    0.0986486     0.149133    0.0550569
    0.037802    0.0579529    0.0901431  -0.00865796
   -0.111059    -0.090362   -0.0499273    -0.070106
    0.183238    0.0520062   -0.0848752  -0.00447415
   -0.147647    -0.137505   -0.0152034    0.0556003
   0.0123033      0.14398  -0.00198109   -0.0930815
   0.0245193    0.0552287   -0.0278531    0.0238687
   0.0214975    -0.148533     0.200769   -0.0763825
    0.268082   -0.0774273   -0.0258752     0.145623
   0.0903686    0.0645518   -0.0218929  -0.00528182
   0.0305335    0.0179416    0.0125723     0.121371
   0.0942002   -0.0597742   -0.0213033    0.0676603
   -0.130564   -0.0121646    0.0949916    0.0633127
   -0.146604    0.0729145     0.141965   0.00897511
  -0.0265894   -0.0327578    0.0143511    0.0135546
  -0.0509098     -0.02681    0.0360704    -0.128366
   0.0266695   -0.0126647    0.0356837    0.0525782
   -0.118537   -0.0970077   -0.0945061   -0.0375132
   0.0219779    -0.159255    0.0711267   -0.0281194
   0.0657038    -0.118009  -0.00109986    0.0475071
   -0.020421   -0.0767785    0.0414889   -0.0700098
    0.058955     0.128714   -0.0550742    0.0938006
     0.07505    0.0118121   -0.0273871    0.0588461
   0.0209361    0.0302977   -0.0665143     0.115014
   0.0303454    0.0773634  -0.00994986    0.0761352
  -0.0701022     0.105933  -0.00688819   -0.0578963
   0.0502863    0.0225798    0.0386299    0.0652165
   0.0341993    0.0667749   0.00677834    0.0326626
   0.0649419   -0.0172686    0.0585433   -0.0421653
   0.0296244    -0.108964    0.0737459    0.0923153
   0.0921479   -0.0291062   -0.0345802    0.0285257
  -0.0642536   -0.0931333    0.0433922  -0.00998742
  -0.0249381   -0.0788068    0.0516748   -0.0699687
    0.127184   0.00733899     0.156592   -0.0697884
    0.206812     0.112174    -0.033612     0.177322
   0.0808781   -0.0550001    0.0545694     0.147355
     0.13746    -0.132912 -0.000330126   -0.0541314
  -0.0632251    -0.029503   -0.0596692   -0.0197135
  -0.0679635   -0.0325811    0.0202636   -0.0945647
   0.0654779    0.0128035    0.0584314    0.0805446
  -0.0284368    0.0624749    0.0335679   -0.0683014
      0.1816    0.0817838    0.0719772     0.178857
    -0.10889     0.181815 -0.000461238   -0.0230032
  -0.0170944    0.0373982    0.0223596   -0.0545612
   0.0745395     0.118269   0.00540703    0.0961912
    0.111053    0.0703384    0.0377957   -0.0546226
  -0.0742308   0.00166123      0.09451   -0.0888672
   0.0730463   -0.0886848    0.0287239    0.0639167
   -0.124211   -0.0882363    -0.019927    0.0185606
   0.0129856   -0.0162511  -0.00422679     0.115672
   0.0412067   -0.0934971    0.0928985     -0.10732
   0.0818204    0.0476465    0.0510896    0.0075412
    0.058194    0.0695512     0.114999    0.0517484
   0.0535093   -0.0965426    -0.102495    0.0592779
  -0.0334585   -0.0360393   -0.0223588  -0.00472098
   -0.115188    -0.151907    0.0788611    0.0284159
   0.0279427    -0.154913   -0.0187788    0.0645394
  -0.0439223   -0.0865662    0.0748571   -0.0822835
  0.00937652   -0.0634977   -0.0127497     0.168495
  -0.0848558     0.101053     0.107327    -0.173923
  0.00179872    -0.166379   -0.0228167   -0.0460645
    0.141771     0.209221    -0.088572     0.158847
  0.00649714    -0.216317   0.00310629     0.121725
   0.0807095   0.00777364     0.165201    -0.102485
   0.0303805    -0.194491  -0.00659982     0.085955
  -0.0450179    0.0873919   -0.0319849     0.161089
   0.0145764    0.0659631   -0.0578787   -0.0718637
  -0.0678256     -0.10423    0.0494503     -0.05489
   0.0934055   -0.0660142    0.0452571    -0.196192
  0.00659155     0.305828    0.0980755    -0.244802
   0.0451364     0.285193      0.16422   -0.0837744
   0.0103899    0.0154526    0.0165143   -0.0871976
   0.0407341   0.00281887    -0.138441    0.0325822
   -0.048878   -0.0494818    0.0136527   -0.0133147
    0.086899    0.0165587  -0.00800467    0.0653629
  -0.0224038    0.0718373    0.0113328    -0.053787
  -0.0856332    -0.169192    -0.101673     0.133344
   0.0974325   0.00672519    0.0468746   -0.0739086
   0.0465067   -0.0104349   -0.0202525     0.025001
   0.0179596   -0.0246636     0.101667   -0.0377995
   0.0413714    0.0718276    0.0674193   -0.0736459
   -0.051067   -0.0054911     0.150404   -0.0281794
   0.0399617    0.0593392    0.0658746   -0.0815604
  -0.0646503   -0.0960469   -0.0964716  -0.00161643
   -0.022368   -0.0393855    0.0703316    -0.173477
   -0.128322    -0.182883    -0.116544     0.140244
  -0.0672553     0.160096  -0.00232443   -0.0656879
 -0.00459384     0.108992    0.0727529    -0.191028
 -0.00526679   -0.0933126    0.0180093    0.0269009
   0.0359885  -0.00275236   0.00592896    0.0787345
   0.0803839   -0.0856302    0.0167092   0.00412452
    0.115695    0.0537364   -0.0440893    0.0794785
    -0.11112     0.115203    0.0867032   -0.0454529
 -0.00768376    -0.044086   0.00200842   -0.0948124
   0.0976916     0.138896    0.0273511   -0.0375327
    0.104837    0.0588278    0.0723839    0.0856711
    0.093147    -0.130621   -0.0171837     0.111826
   0.0165182    0.0614592    0.0352948     0.049821
  -0.0246616    0.0594793     0.122574    -0.130437
 0.000540715     0.134796    0.0416311  -0.00628805
   0.0692736   -0.0187886    0.0122521   0.00977101
  -0.0909859   -0.0496354   0.00421118   -0.0428458
    0.074903     -0.08598   -0.0371792     0.152194
  -0.0390049   -0.0542301   -0.0108987    0.0947091
   0.0645782    0.0561361   -0.0219736     0.103869
  -0.0226835    -0.102779    0.0191801   -0.0509756
  0.00191423   -0.0452383      0.18434   -0.0255199
    0.108399   0.00652487    -0.151738    0.0412796
    0.103379    0.0373776  -0.00466617    0.0351316
   0.0804192   -0.0694553    0.0698442    0.0527547
   0.0423764    0.0139378   -0.0520243     0.113386
    0.101321   -0.0483802    0.0526384    0.0899737
  -0.0418801    0.0223011    0.0940575    0.0698583
   0.0564131     0.232218     0.170301   -0.0638325
   0.0223353    0.0948908     0.114522    0.0302127
  0.00921363   -0.0382669    0.0703324   -0.0132123
    0.236375   0.00340131   -0.0387777     0.057526
     0.15989    0.0769746   -0.0603963   -0.0211415
   0.0250484    -0.101958    -0.131644     0.164444
   0.0109835   -0.0242718    -0.029806    -0.011272
    0.112341    0.0173826   -0.0337257    0.0352465
   -0.114482   0.00188167    0.0826533   0.00777901
   0.0227307     0.214944    0.0198266    0.0906143
   0.0673603    0.0834764    0.0256923    -0.107925
   0.0935137    -0.206228    -0.131439     0.470632
   0.0213458   -0.0542799   -0.0234316    0.0176262
  -0.0350576    -0.107163     0.118553    -0.015204
   0.0691326    -0.103592   -0.0682867    0.0865739
  0.00319381   -0.0174215    0.0697832     0.133057
  -0.0200899     0.116019    0.0748526    0.0111447
  -0.0161081   -0.0516673    -0.135395   -0.0298132
   -0.103137    0.0225584    0.0691281   -0.0252925
   0.0785967    0.0161311    0.0686546    0.0744189
   0.0586342    0.0434636   -0.0526547   -0.0450625
    0.100934  -0.00537814    -0.105836     0.101801
   0.0207482     0.031096    0.0954889    0.0861902
   0.0837776    0.0643915   -0.0406021   -0.0973915
    -0.11902   -0.0456004   0.00566388    0.0737235
  -0.0902267    -0.035937      0.15965    -0.215933
   0.0669872     0.226658    0.0555937  -0.00393994
 -0.00359253     0.144755   -0.0965897     0.126653
   0.0332646   -0.0609539    0.0269906    0.0511069
   0.0781127   -0.0233302   -0.0587072      0.12078
  0.00601887   -0.0283868    0.0270415    0.0363847
  -0.0583358   -0.0962888    0.0202047     0.055457
   -0.215403    -0.171674    0.0663859    -0.116503
  -0.0148202   -0.0765325  -0.00382476    0.0766162
  -0.0591422   -0.0129112     0.139783    0.0393558
    0.101248   -0.0396576   -0.0836985    0.0639164
   0.0395161   0.00844933    0.0258764    0.0793843
    0.036968   -0.0627451    0.0151799   -0.0224406
  -0.0250653    0.0249128     0.155628  6.51923e-05
    0.194127    -0.094119    0.0721598   -0.0334459
 0.000557548    -0.130583    -0.107672    0.0679125
   0.0296756    0.0424617     0.115586   -0.0313832
  -0.0804485   -0.0873067   -0.0630608     0.030161
  -0.0436344    0.0332697    0.0169489   -0.0663664
  0.00929465   -0.0471537   0.00378674    0.0602345
   0.0101753   -0.0184121    0.0726589   -0.0853699
  -0.0976294    0.0994979     0.161148   -0.0760071
  0.00448606     0.016284    0.0230729     0.029098
  -0.0216672     0.104083    0.0242195   -0.0555512
    0.117618    -0.010551   -0.0326673    0.0841317
 -0.00773236    -0.137497   -0.0920654   -0.0614799
   0.0670621   0.00166202    0.0951664    0.0888383
  -0.0278041     0.146899   0.00190072   -0.0230414
    0.021082     0.107362   -0.0807002     0.158442
 -0.00946652    -0.147587   -0.0413511   -0.0273624
    0.130455     0.124811    0.0195086    0.0571501
  0.00297095    -0.182809    -0.188293    0.0507785
  -0.0295183    0.0226917    0.0692447   -0.0874021
   0.0399674     0.110427   0.00843003   0.00121294
  -0.0731937     0.083243     0.132361    0.0173742
   0.0293069   -0.0280173   0.00892022   0.00664587
   0.0493831     0.212596    0.0508039   0.00873218
 -0.00671111   0.00844537    0.0638123    -0.105707
   0.0188128   -0.0641908    0.0470397   -0.0557235
  -0.0653699    -0.245935    0.0567966 -0.000320862
  0.00761499   -0.0422165   -0.0254109   -0.0690935
  -0.0360913    -0.125048    -0.145644    0.0624146
   0.0768894     0.102358     0.165056    0.0440182
   0.0593527    0.0393883    0.0187174    0.0247903
  -0.0728782   -0.0247382   -0.0184415  -0.00914441
   -0.165384   -0.0258161     0.188145   -0.0721901
    -0.14162    -0.180728    0.0100097    0.0619277
  -0.0642027    -0.106194    0.0295226    -0.112641
  -0.0396591     0.158392     0.108895   -0.0622976
   0.0190671    -0.179763      0.12995   -0.0524451
   -0.184529     -0.13532     0.050022     0.137856
  -0.0218357     0.226285    0.0855218   -0.0130343
   0.0159927    -0.148426   -0.0608829   -0.0367414
   0.0800802   -0.0175687    0.0770818   -0.0725422
   0.0979887    -0.279268    -0.215293     0.285688
   0.0708637   0.00710066     0.162742   -0.0823457
   0.0307548   -0.0824497    0.0531912   -0.0154893
   0.0788519     0.157263     0.194502   -0.0633234
   0.0891148     0.025738    0.0116905    0.0288402
   0.0826444   -0.0267683   -0.0347455    0.0395335
  0.00693127   0.00915873    0.0577558   -0.0109071
  -0.0611075   -0.0755806   0.00917437   -0.0502505
  0.00206634   -0.0704158    0.0407365     0.105052
   -0.128917     -0.01792    -0.094298     0.142894
   0.0704246   0.00946611    0.0250803   -0.0529709
    -0.12759   -0.0482159    0.0633879   -0.0154971
 0.000877871   -0.0372631    0.0226553    0.0556512
   0.0105442   -0.0955358     0.038763   -0.0591433
   0.0880918    0.0326028    0.0126162   -0.0228416
    0.106411     0.069419    0.0701467     0.107168
  -0.0472551   -0.0650146   -0.0150103    0.0936348
   0.0491148    0.0930136     0.109657   -0.0565224
   -0.134258   -0.0179437     0.105677    -0.128694
    0.127843    0.0367542   -0.0697408    0.0925966
  -0.0539069    0.0484846    0.0694769    0.0177509
   0.0575688  -0.00677245    -0.079306   -0.0117322
   0.0156302  -0.00464723    0.0246895   -0.0168551
  -0.0510373     0.062539  -0.00431688    0.0521348
   0.0640467    0.0376965    0.0336013   -0.0450668
  -0.0677071     0.135759   -0.0383115     0.131549
 -0.00197619     0.010184     0.104399    -0.098527
  -0.0125874    0.0621758    -0.090617  -0.00979952
    0.032658   -0.0414903   -0.0987344   0.00302002
  -0.0125899     0.186547    0.0304993   -0.0754763
   -0.010383 -0.000924162   -0.0286349    0.0403113
  -0.0354563    0.0471356    0.0432159   0.00661931
   0.0373312    -0.167847    0.0341419   -0.0140048
   -0.101094    0.0206857    0.0223824   -0.0244282
    0.234747    -0.229769    -0.132743      0.19777
   0.0681103    -0.100771   -0.0267245      0.17182
    0.157269    0.0505023   0.00739786    0.0254293
   -0.019296    -0.147763    0.0392312   -0.0414683
   0.0228446    0.0560546    0.0211932    0.0104188
    0.149156    0.0785434  -0.00119334    0.0790393
   -0.101075  -0.00167996  -0.00875484   -0.0162424
   0.0534894    -0.170895   0.00906881    0.0663849
     -0.0815    -0.110982     0.175508    -0.243411
   0.0676965   -0.0469423    -0.014051   -0.0571088
    -0.21045    0.0418274     0.213445   -0.0304308
    0.121247    -0.117456   -0.0142382    0.0798927
   0.0803043     0.115785    0.0501094   -0.0455392
    -0.12275    0.0495328   -0.0652554    0.0769241
    0.016008     0.154008    0.0669095    0.0243645
   0.0240639   0.00336666    0.0406746    0.0677899
   0.0291613     0.154139   -0.0464056  -0.00694922
    0.165428   -0.0150914   -0.0847143    0.0901309
    0.128104    0.0614268    -0.058887     0.162186
   0.0321536    0.0797525   -0.0509848    -0.045316
    0.074289    0.0959745    0.0420749    0.0561706
    0.254433   -0.0722341   -0.0602488    0.0178129
   0.0597682    -0.028705    0.0545395     0.114163
   0.0381994   0.00899528    -0.016459    0.0471819
   0.0374397     0.014635   -0.0625016  -0.00119025
   0.0318972   -0.0486513    0.0425033    0.0178222
  -0.0643513    0.0543814    0.0955164  -0.00997859
  0.00879294    0.0780716     0.110098   -0.0792854
   0.0269214   -0.0528054  -0.00844071    -0.101035
   0.0202826     0.173254    0.0751531 -0.000414743
   0.0793621   -0.0341283   -0.0191529    0.0690934
   -0.123351  -0.00634677   -0.0127626  -0.00875057
   0.0499722  0.000262229    0.0129436   -0.0937234
  -0.0348717     0.018792    0.0480672    0.0612955
   -0.100652     0.083039    0.0427306   -0.0659393
   -0.115168   -0.0591241   -0.0417609   0.00546229
  0.00767333    -0.288577   -0.0105668    0.0698834
  -0.0721591   -0.0716835   -0.0934928    0.0504841
   0.0660668    -0.135344   -0.0474847    0.0985132
   0.0463057   -0.0528303   -0.0761517      0.17235
   -0.125697   -0.0122691  -0.00185558     -0.12519
  -0.0628099     0.114818    0.0688187  -0.00418491
  0.00406476    0.0166675   -0.0791814   -0.0424399
  -0.0248752    -0.152144    0.0898161   -0.0100145
   0.0195609   -0.0436065    0.0541784    -0.035043
    0.135352    0.0386666    0.0268642    -0.031281
  -0.0606023   -0.0582875    0.0350008  -0.00886449
    0.143158   -0.0217098     0.137676   -0.0104793
   0.0301674    0.0137124     0.122303    0.0290442
  -0.0165264    0.0259637   -0.0493106    -0.034386
    0.114142     0.244739    0.0915388    -0.127057
    0.170627    0.0270593    0.0158734   -0.0430186
   -0.080006   -0.0166358   -0.0235864  -0.00342704
   0.0102804    0.0412129    0.0651818    0.0622906
   0.0771098     -0.00603     0.090668    -0.185931
   0.0601257   -0.0796018    0.0743122    -0.157259
  -0.0385297    0.0505273    0.0275467   -0.0408576
  -0.0716487   -0.0422275      0.13523   -0.0924772
  -0.0453129    0.0971677     0.185166    -0.135853
   0.0539894    -0.145602   -0.0171661     0.109006
     -0.1277   -0.0903904    0.0561155    0.0346274
  -0.0812084    0.0795664    0.0169281   -0.0285381
    0.141429      0.23786    0.0716734   0.00142207
  -0.0304556    0.0478855    0.0125465   0.00532524
   0.0149585    -0.164338     0.042187    0.0442076
   0.0551888     0.147746    0.0945547   -0.0329909
 -0.00187385     0.114735    0.0414879    -0.145736
    0.174634    0.0233603     0.138658   -0.0601894
   -0.072335    -0.121152      0.02197   0.00716448
   -0.154688     0.175494     0.177515    -0.142727
    0.149435     -0.10396    -0.100617     0.177391
  -0.0932036     -0.14701   -0.0792427     0.168759
  -0.0637197    0.0985195   -0.0353344    0.0168283
  -0.0297709    -0.106675     0.128451    0.0343463
   0.0713918      0.11125     0.178541   -0.0241073
  -0.0109942    -0.157267    0.0378383   -0.0480443
    0.156196    0.0014157   -0.0699245    0.0555943
   -0.110566   -0.0348348   -0.0909636    -0.011593
  0.00428691   -0.0196282    0.0333811  -0.00045578
   0.0850731   -0.0779105   -0.0104191   -0.0449998
  -0.0947406   -0.0723534     0.138764   -0.0925351
   0.0896036    -0.111079   -0.0383012    0.0116235
   0.0291231    0.0719228   -0.0469783    0.0627941
   0.0727052     0.132716    0.0439458    0.0210114
  -0.0381441     0.177112   -0.0539774   -0.0486275
    0.145838    0.0186509    0.0397175   -0.0191517