  -0.0293729    0.0789066    0.0385217    0.0894739
   -0.141984    0.0321405     0.110371  -0.00609106
   0.0710484    0.0731037   -0.0396282     0.119958
   0.0798931    0.0529769   -0.0632641    0.0737216
 0.000714532    0.0936584   -0.0727816    0.0769888
   -0.188963    0.0842462    0.0257338    -0.056173
   0.0067129    -0.139265 -0.000365941     0.127876
    0.100458     0.120158     0.110402    0.0352382
    0.119754    -0.159267     0.026842   -0.0966814
  -0.0615712   -0.0181711   -0.0163099    0.0485491
  -0.0503285   -0.0167337  -0.00169273   -0.0537306
  -0.0598595     0.161129     0.139076    -0.148802
    0.204617   -0.0302769    0.0544801    0.0844344
   0.0192215    0.0336757    0.0179965   -0.0436575
  -0.0669909    0.0366109   -0.0333807   -0.0567467
  -0.0498738    0.0384475    0.0240907    0.0489635
  -0.0437493   -0.0099248     0.139283    0.0694442
   -0.122801     0.132384  -0.00704152    0.0882301
    0.134821     0.137428    -0.176588    0.0210801
  -0.0916521     0.125742   -0.0851807   -0.0834813
  -0.0827732    0.0708726   0.00472036   -0.0328601
  -0.0320831    -0.176857      0.15621   -0.0307341
  -0.0621995   -0.0299483    0.0123317     0.019757
   0.0646956  -0.00806892     0.114124    0.0227356
  -0.0737837     0.111242    0.0867277   -0.0894913
   0.0206598    0.0348361   0.00514504  -0.00473577
    0.106027  -0.00833403   -0.0875237    0.0711835
   -0.312003   -0.0430839   -0.0109659   -0.0680792
   0.0391313     0.130558    0.0364966 -0.000732437
   0.0279746     0.114432   -0.0550176   -0.0332176
  -0.0846663    -0.100226    0.0884147   -0.0838513
   -0.213112    -0.092555    0.0105548   -0.0151194
  -0.0914286     -0.15976 -0.000206663   -0.0833712
  -0.0733335   -0.0928114   -0.0542633    -0.104682
   0.0523286   -0.0271821    -0.010199    0.0763852
  -0.0879594    0.0463929   -0.0121414    0.0816984
  -0.0100509    -0.094234   -0.0531309     0.134666
    0.094425   0.00415141   -0.0251702  -0.00271594
    0.162794   -0.0434572    0.0241497    0.0485584
   0.0704092    0.0625748  -0.00010574    0.0853792
  -0.0165025    -0.134301     0.063629   -0.0829716
   -0.051058   -0.0329615   -0.0118075    -0.116753
   0.0184696    0.0442109   -0.0697704     0.157437
    0.130659    0.0210325    0.0296123  -0.00820744
   -0.116324     0.026331     0.149204   -0.0201538
   0.0206755    0.0922868   -0.0151441   -0.0226145
   0.0178675   -0.0810007    0.0653154    0.0446157
    0.224702   -0.0381187    0.0494333    -0.053469
    0.183727    0.0823329     0.110585   0.00310021
  -0.0391609  -0.00781157    -0.031578    0.0484196
    0.118635     0.211532    0.0921678   -0.0286235
   0.0182578   -0.0284796  0.000870328    0.0157223
  0.00466248     0.109751   -0.0875159   -0.0227209
 -0.00169708    0.0252848     0.171068   -0.0734181
   0.0148781    -0.169283   -0.0292672      0.12409
  -0.0488164    0.0563988      0.13003    -0.140007
  0.00588807     0.205214     0.147307    -0.122236
   0.0728174    0.0915372   -0.0460711    0.0115433
  -0.0317873   -0.0389503   -0.0735848    0.0656846
    0.125399    0.0821491    0.0127968   -0.0243708
  -0.0310507    0.0110804    0.0449834    0.0908255
   0.0197856   -0.0333679    0.0579107    -0.133271
  -0.0182306   -0.0189699    0.0476331   0.00789985
   0.0372612    0.0416627   -0.0625958    0.0271368
    0.003738     0.107285    0.0900401   0.00791873
  -0.0653124    0.0937698   0.00761134   -0.0327584
 -0.00607702    -0.128848    0.0561388     -0.12318
     0.11012     0.141476   -0.0233048    0.0768476
    0.172328   0.00723556   -0.0846427   -0.0937777
   0.0738311    0.0386276    0.0354538 -0.000463746
   0.0469991   0.00854307    0.0462141  -0.00681558
   0.0305304   -0.0140011      0.01257   0.00716635
 -0.00871718    -0.149773    0.0683043    0.0325552
   0.0273155    0.0583481    0.0236191   -0.0275701
   0.0534556    -0.139489     0.082311     0.152244
   0.0223084    0.0751662    0.0520085   -0.0595687
   -0.199155    -0.150904   -0.0135311    -0.146851
   -0.150012   -0.0131193     0.193557   -0.0649122
   -0.121779    -0.143188     0.167675  0.000585098
    0.100993    0.0914995   -0.0285727   -0.0668146
  -0.0465513   -0.0992653   -0.0945458    0.0404084
   0.0365273   -0.0658548   -0.0487075 -0.000150837
   0.0641954      0.10378    0.0315491    0.0410518
 -0.00970676  -0.00627619   -0.0726859   -0.0368385
  -0.0819809    -0.120045   -0.0221916    0.0516327
   0.0954972    0.0101017    0.0957299    -0.159716
   0.0400289   -0.0294993    0.0249204   -0.0941861
  -0.0185321   -0.0824009   -0.0434031   -0.0566447
  -0.0186773     0.190569    0.0803574   -0.0911801
  -0.0921226    0.0566883    0.0255791   -0.0784871
   0.0165385   -0.0495477    0.0492024   0.00569012
 -0.00890584     0.101614    0.0322308   -0.0118012
   0.0737614     0.129379    0.0898001    0.0181281
    0.118648     0.116391      0.16542   -0.0488344
    -0.16534  -0.00374669    0.0905173    0.0206879
   -0.155393   -0.0615962    0.0202447    0.0868572
    0.113131     0.175461    0.0232908    0.0297575
  -0.0199539   -0.0312385  -0.00726598    0.0891143
   0.0288549   -0.0335013    0.0747763    0.0633195
   0.0831504     0.182639    0.0224298    0.0932689
   0.0109105    0.0248765   -0.0342499    0.0179591
   0.0168943    0.0207074      0.10442   -0.0823431
  -0.0495109     0.172689      0.02954    -0.080211
 -0.00536739    -0.068419   -0.0157635    -0.102701
   -0.119479    0.0432418    0.0850051   -0.0881432
   0.0388115     0.181741     0.149824  -0.00164989
   0.0342692     0.172439   -0.0154874  -0.00363967
   0.0885304    0.0704199    0.0127659  -0.00448618
  -0.0234332    0.0402931    0.0319211     0.050096
   -0.142654    0.0434298     0.139681    -0.167808
     0.04988     0.044335    0.0829486     0.030461
   0.0267859   0.00303871      0.11165  -0.00705287
   -0.136803   -0.0260091    0.0380763    0.0261813
    -0.24743    0.0683382    0.0275195   -0.0203772
   -0.113277   -0.0146477   -0.0325383   -0.0456208
   0.0463435    -0.124589    0.0724084    0.0309233
    0.037312    0.0389936   -0.0155548    -0.047345
   0.0572788   0.00512844    0.0265634    -0.117317
  -0.0250061    -0.145094   -0.0870035   -0.0340013
  -0.0676854    0.0232464    0.0191762    0.0529584
   -0.124382    0.0466398    0.0569862    0.0125162
  -0.0518457   -0.0415016   -0.0172339    0.0515532
   0.0378004    0.0309049    0.0419668     0.128879
   0.0172808      -0.1879    0.0294137     0.139117
   0.0508021   -0.0719654    0.0770183  -0.00831658
     0.21749    0.0257582     0.113388     0.102551
    0.137045    0.0272661    0.0287982   -0.0369216
   0.0739733   -0.0239191    -0.048964    0.0343909
 -0.00294101      0.10883   -0.0428249   -0.0525856
  -0.0842114    0.0237299  -0.00423686    -0.116849
   0.0658796    0.0883426     -0.15666    -0.112672
    -0.11435    0.0239655     0.018832     0.014676
   0.0141603     0.218865   -0.0185033    0.0981502
     0.21181    0.0651165   -0.0964254    0.0784111
   0.0156023    0.0885416    0.0309856  -0.00952803
    0.134994     0.158283  -0.00742413    0.0705965
   -0.024314    0.0202926    -0.049744    -0.087567
    0.175794     0.169401     0.106679   -0.0522869
  -0.0596028    -0.126507    -0.147292   -0.0339904
  -0.0326706    -0.104617   0.00314623    -0.076308
   0.0127757 -0.000227389    0.0737647     0.139996
   0.0915745   -0.0447493    0.0986839    0.0373577
   0.0892765    -0.163308    0.0659666    0.0288349
   0.0635019     0.133908   -0.0471557    0.0216061
    0.085823   0.00639751    -0.104016   -0.0645135
    0.161869    0.0236921    0.0212041     0.114851
   0.0759098    -0.143653    -0.036014     0.108665
   0.0652339    0.0571639    0.0543534    0.0317516
   0.0460022   -0.0875558    -0.137267     0.097689
    0.181007     0.112975   -0.0484761   -0.0505986
   -0.131117   -0.0194174   -0.0832566    0.0969044
   0.0408718     -0.15107     0.072767    -0.123329
  -0.0547342    0.0407967   -0.0363866  -0.00169256
 -0.00388754    -0.191301   -0.0961039    0.0177969
    0.147483    0.0217842     0.040009    0.0910069
  0.00215783    0.0170128    0.0365383   -0.0660594
    0.128456    -0.041756 -0.000179748     0.103487
   0.0159073   -0.0591601    0.0316852   -0.0291624
    0.114637   -0.0300454   -0.0401915    0.0216033
  0.00762631   -0.0108671    0.0655982   -0.0263251
   0.0820225   -0.0207697    -0.183892     0.131939
   0.0799856    -0.128536   -0.0309545    0.0560261
  -0.0841363     0.039127     0.110175   -0.0580582
  -0.0740157  -0.00597341   -0.0306298  -0.00719033
  -0.0359221    0.0349507   -0.0375698    -0.157205
  -0.0267286    0.0689834    0.0719277     0.125616
   0.0283301   -0.0234126     0.010782    0.0696185
   0.0211151    -0.034775    -0.101279   -0.0132904
  -0.0437937    0.0464643    0.0293818   -0.0191287
    -0.14333    -0.101247   -0.0230512  -0.00543973
   -0.104429    -0.166859    0.0661763   -0.0213972
    0.184908     0.123858   -0.0031234    0.0723743
   0.0668628   -0.0681314    0.0304768   -0.0288044
   0.0382275   -0.0552684     0.021919   -0.0846456
   -0.118456    -0.118961   -0.0928874    0.0745326
     0.12836   -0.0537914    -0.104801     0.102364
    0.041047   -0.0940608   -0.0728734    0.0621235
  0.00406322    -0.116935   -0.0689146     0.116628
   0.0809191    0.0341618    0.0434874     0.107465
  -0.0200494    0.0554921    0.0312437    0.0321945
   0.0464475   -0.0439873     0.115096    0.0282401
  -0.0441259   -0.0525464  0.000762494    -0.079923
    0.142828     0.108044     0.055036  0.000105208
   -0.101396   -0.0906576   -0.0524586    -0.120443
    0.101488      0.12348    0.0779167   -0.0131166
   0.0544122   -0.0915391    0.0666459     0.063497
   0.0106906      0.12331  -0.00241985    0.0124336
  -0.0660555    0.0614309     0.133242    -0.100053
  -0.0113039    -0.115597    0.0379255    0.0841425
   0.0300859   -0.0959865    0.0549884  -0.00781713
  -0.0917778     0.157101    0.0704455   -0.0154999
  -0.0859374    0.0556653   -0.0197206   -0.0141563
   0.0176009    -0.110052    0.0130621    0.0412488
  -0.0205274    0.0191892   -0.0566462    -0.115237
   0.0390122    0.0051683       0.1641    -0.031273
  -0.0168267    0.0816455    0.0595998   -0.0250011
    0.114701    -0.106523   -0.0883112   -0.0314537
  -0.0393521   -0.0101464   -0.0588382   -0.0429694
  -0.0459747   -0.0277522   -0.0501703     0.103947
 -0.00843537    0.0454284    0.0226941    0.0336767
  -0.0269754    0.0427654     0.166058    -0.116232
    -0.15341     0.025122    0.0688006     0.049019
  -0.0476981     0.046938  -0.00322339     -0.10087
  -0.0472257   -0.0259407   -0.0364706    0.0357254
  -0.0425948     0.159102   -0.0934905    -0.181765
   0.0173076   -0.0771246     0.046095     0.170115
-5.13416e-05    -0.105581   0.00769155   -0.0110164
   0.0124558     0.027385   -0.0252402    0.0849898
   0.0977526     0.158112   -0.0865331     0.150604
    0.103656    0.0609872   -0.0654795   -0.0243976
   -0.165118   -0.0045694     0.134073   -0.0802453
    0.111405     0.127085     0.027022    0.0106693
    0.128667    0.0557995  0.000207809    0.0745832
   -0.136963     0.129553    0.0503501    0.0539504
 -0.00503964     0.010039    0.0590016     0.028501
     0.12647    0.0618816   -0.0609462   -0.0593361
  -0.0191232    0.0972551    0.0601246   -0.0160745
  -0.0303426   -0.0844028   -0.0817261    0.0589357
  -0.0132535   -0.0423141     0.015694   -0.0290167
   0.0394044    0.0586481    -0.105029     0.104078
  -0.0948714   -0.0999803   -0.0024413  -0.00475561
   0.0787042    0.0459812   -0.0126412   -0.0273875
    0.155265   -0.0630884   -0.0694605    0.0745216
  -0.0387861    0.0658249   -0.0206066     0.034158
 -0.00280979  0.000391526   -0.0228729    0.0297684
  -0.0386914   0.00146406   0.00174834    -0.115181
   0.0688527  -0.00141173 -9.52394e-05  -0.00537249
   0.0158812    0.0366521   -0.0560653   -0.0361134
  -0.0325901   -0.0876614   -0.0205853   -0.0722348
  -0.0399423    0.0565046   -0.0135455    -0.164564
  -0.0288149   -0.0409344    -0.105636    0.0668631
   0.0938307    -0.039054   -0.0593573    0.0748237
  0.00103374    0.0654516    0.0687639    0.0572619
    0.154552     0.240833    -0.132101    0.0670683
   0.0699361     0.102994     0.104416    -0.041221
    -0.14338   -0.0394625    0.0155816  -0.00524235
   0.0203457   -0.0798797     0.118215   -0.0538436
  -0.0218225    0.0546054    0.0505154     0.054636
   -0.135254     0.047279    0.0251671 -0.000965626
   -0.208052    0.0496995     0.051524   -0.0572018
  0.00356224      0.10439   -0.0733436   -0.0550844
   0.0305007   -0.0294112    -0.039391    -0.152353
   -0.092601   0.00530519    0.0829371    0.0467231
   -0.058964    0.0914236    0.0236388   -0.0309294
  -0.0322475     0.032546    0.0429895    0.0312586
  0.00111892   -0.0795476    0.0364444   0.00789133
   0.0176907   -0.0459286   -0.0735379      0.10647
  -0.0654065    0.0640609   -0.0604829    0.0598136
   -0.153785   -0.0474478     0.034659   -0.0521437
  -0.0102355     0.096299   -0.0864738   -0.0190886
   -0.100564    -0.108433   -0.0689551   0.00142759
  -0.0888058   0.00672967    0.0890234   -0.0606228
   0.0336805    0.0123103    0.0794389   -0.0625671
   0.0235719    0.0850181   -0.0453789   -0.0932367
   0.0230399   -0.0519988     0.011563    0.0704404
   0.0177384     -0.13844    0.0660014   -0.0195819
   0.0116666   -0.0434907   -0.0241625    0.0578962
    0.160338   -0.0338965    0.0364395   -0.0506403
     0.06674    0.0123816   -0.0404065     0.160797
    0.106794   -0.0345336    0.0239414     0.164644
  -0.0278967    0.0235026     0.043354  -0.00321465
   0.0988361   -0.0657924   -0.0832339     0.076479
   -0.107952    0.0321407    0.0661286   -0.0546949
   -0.128526   -0.0753665    0.0435214   0.00579057
  0.00582559   -0.0105358    0.0183811     0.043001
   0.0556377      0.03416   -0.0321344    0.0267953
    0.062939   -0.0455402      0.09272    0.0321269
   0.0197946    -0.131465   -0.0388686    0.0178139
   0.0305942   -0.0218236   -0.0163381    0.0180969
  -0.0680948     0.029262   0.00623073   -0.0113101
  -0.0924217     0.199601    0.0195732   -0.0467986
   0.0161758   -0.0855196    0.0497175    0.0374427
  -0.0133121    0.0546978    0.0218158   -0.0797053
  -0.0860557   -0.0208204    0.0104087  -0.00215048
  0.00338751   -0.0710418    -0.106336   -0.0455989
   0.0762895    0.0508876   -0.0477313    0.0344269
   0.0440535     0.039788     0.155449    -0.116745
  -0.0165039    0.0201362   -0.0557126   -0.0617815
   0.0394202     0.105595   0.00818816   0.00205971
   0.0819583   -0.0610486   -0.0308795     0.107721
  -0.0471696     0.122433    0.0299559    -0.105851
   -0.105471    0.0675673    0.0538887   -0.0496494
   0.0374977    0.0760557  -0.00589978    0.0545886
  -0.0464038     0.220446    0.0505144    -0.102444
    -0.11323   -0.0298844   -0.0823499   -0.0116972
   0.0412672    0.0209173    -0.103895    0.0535867
   -0.134237    0.0685979    0.0813122   -0.0464792
  -0.0184555    0.0329756    0.0200118    -0.120866
  -0.0399548  -0.00998131    0.0961032   -0.0310494
    0.199642    -0.126005    -0.085737   0.00860011
    0.140557   -0.0709933   -0.0520322    0.0216004
  -0.0856894  -0.00491331     0.117516    -0.115581
  -0.0570282     0.127461  -0.00714892   0.00652296
  -0.0372889    0.0225963     -0.05871    0.0167401
   -0.128419   -0.0119865   -0.0889274   -0.0315628
    0.105236   -0.0715148    0.0144046  -0.00261449
  -0.0853359   -0.0672294    0.0116822    -0.040669
   -0.025365   -0.0420807   -0.0360478   -0.0226317
  -0.0975657   0.00619142     0.113034    0.0820588
   0.0410607  -0.00255016   -0.0236255   0.00310095
  -0.0322425    0.0438141   -0.0275553   -0.0785544
  -0.0740409   -0.0589267   -0.0403439   -0.0197019
   0.0216705    -0.137049   -0.0646392    0.0599787
   0.0271556   -0.0506925   -0.0778544   -0.0400177
   0.0777503    0.0641582   0.00510602    0.0674896
  -0.0292358    0.0255591    0.0346596   -0.0855303
   0.0108983    0.0963263   -0.0179899    0.0487599
   0.0216274   -0.0279784   -0.0454824   0.00489252
   -0.107635   -0.0194246    0.0368131   -0.0416191
   0.0401555   -0.0804497    0.0511182    0.0853745
   0.0120501    0.0412576      0.07006   -0.0112973
   0.0628486 -0.000147846    -0.059711    0.0191256
   0.0760221   -0.0695949    0.0211314     0.123426
   -0.198141    0.0358773    0.0630276    0.0735341
  0.00438442   -0.0319427    0.0481832   -0.0823629
   -0.109388   -0.0462565   0.00964654  -0.00362285
    0.143854    0.0372789   -0.0591222   0.00765102
   -0.160832   -0.0802569    0.0613346   -0.0996354
    0.124608    0.0688723   -0.0520264    -0.115128
   0.0789811    0.0891864    0.0714045    0.0628068
    0.147612  -0.00910092    0.0446894    0.0651233
   0.0439466   -0.0998235     0.120749   -0.0258214
  -0.0964778    0.0165235    0.0402223    0.0289918
  -0.0617988    0.0214243   -0.0408133    0.0242586
    0.067604    0.0213915   -0.0466455    0.0542972
  -0.0737523     0.104335    0.0230767   -0.0313644
   0.0565887   -0.0949694       0.1253    -0.025162
   0.0489603   0.00571711     0.067113    0.0150189
    0.218086     0.159256    -0.103268     0.235766
   0.0203754   -0.0626423    -0.162854   -0.0399254
  -0.0898515    0.0776982    0.0997194    -0.123927
   0.0359374   -0.0254284     0.133424   -0.0149642
   0.0762185     0.273381    0.0884038    0.0579128
  -0.0510377    -0.110713     -0.10118    0.0118389
    0.142202    -0.113627   -0.0905799   -0.0644985
   0.0630195   -0.0589912    0.0408063    0.0306819
  -0.0864195     0.203062    0.0239844   -0.0127665
  -0.0137681   -0.0983625    0.0525942   -0.0280193
   -0.110578   -0.0616018    0.0527363     0.156164
  -0.0179755   -0.0119309    -0.066434 -0.000140606
   0.0976248    0.0394484    0.0582483    0.0709687
  -0.0741308    0.0968449   -0.0838061   -0.0519016
   0.0257853   -0.0369945 -0.000933323   -0.0139952
   0.0250727   -0.0598574   -0.0204511   -0.0526808
   0.0852174   -0.0251244    0.0891633    0.0253623
  0.00409195    0.0022832     0.111481   0.00249484
  -0.0134015    0.0580647    0.0347838   0.00323811
  0.00734901    -0.123173    -0.116133   -0.0235446
   0.0984153    0.0899373  -0.00927123   -0.0952406
   0.0408929     0.119783   -0.0618216   -0.0463823
  -0.0532094     0.127043     0.035737   -0.0407687
   0.0303315   0.00631346    0.0811829    -0.030896
  -0.0839787    -0.105457     0.142808    0.0372743
 -0.00296782     0.020417    0.0478034   -0.0430005
    0.130232     0.179929    0.0222901   -0.0802299
   -0.142927     0.111138     0.114839   -0.0359595
  0.00470221    -0.163598   -0.0451316    -0.043028
    0.123879    0.0620357    0.0763579    0.0360097
  -0.0708668    -0.182927    0.0600738    -0.151864
    0.046314     -0.16654     0.160403     0.124235
   0.0135812   -0.0790192     0.013248    0.0545667
  -0.0341884     0.120758    0.0539745   -0.0442022
   0.0445311     -0.12154   -0.0336939     0.089975
  -0.0671007   -0.0474949    0.0873286   -0.0857521
   0.0343645   -0.0932551   -0.0238603     0.073532
   0.0931208    -0.058287   -0.0752683    -0.043383
   -0.119811    -0.217116   -0.0632668    0.0143808
   0.0248658   -0.0289136   -0.0848133    0.0669407
   0.0681565   -0.0708955   -0.0412235    0.0690052
  -0.0340946    0.0348616   -0.0356651   -0.0839658
  -0.0586639    -0.130931    0.0162401   -0.0230725
  -0.0173016    0.0451202   -0.0698162   -0.0217043
    0.037141  -0.00321652   -0.0359645   -0.0184297
   0.0746438    0.0305017   -0.0290858   -0.0694801
   0.0239421   -0.0139115   -0.0239586    0.0954192
   0.0706944    0.0139859   -0.0263082    0.0204374
   0.0228032   -0.0131581    0.0323953    0.0386154
   0.0480078   -0.0584555     0.159914   0.00176133
  -0.0314587    0.0742039   -0.0563882   -0.0152333
    0.122813     0.129446  -0.00380149   -0.0158043
  -0.0162879     0.114174     0.122968  -0.00883709
    0.106149    0.0807632    0.0167561  -0.00588152
  -0.0130312  -0.00567605     0.101655    0.0373699
 -0.00345385     0.100966    0.0690292   -0.0668014
   0.0313163    -0.041832    0.0561175    0.0593635
  -0.0953364   -0.0257049   -0.0640109   -0.0564164
 0.000969883    0.0226974     0.068152    0.0201366
   0.0434908  -0.00905409  -0.00592841  -0.00756884
   0.0540476   -0.0676618    -0.281897    0.0838867
   -0.130499   -0.0541761    0.0489376   -0.0284141
  -0.0606243    0.0719477    -0.105719      0.02415
  -0.0961222    0.0779485   -0.0118109   -0.0466243
    0.106333   -0.0221342  -0.00464068    0.0795898
   0.0629038    0.0531825   -0.0335697     0.144037
  -0.0246408     0.127907    0.0934126    -0.154886
   0.0872005   -0.0394801     0.050072    0.0327818
  -0.0570756      0.09191   -0.0923538   -0.0993046
    0.051514     0.123607   -0.0754414     -0.01471
   -0.129061    -0.118747    0.0263294    -0.130888
   -0.072502  -0.00698248    -0.078686    0.0324803
   -0.120462     0.071513    0.0514537   -0.0539312
    0.121028   -0.0124251    0.0301073    0.0839507
  -0.0714807   0.00671739   -0.0754427     0.163208
 -0.00138486    0.0344179    0.0163178    -0.106879
 0.000118964  -0.00311126    0.0372126   -0.0473912
   0.0682054   -0.0590391   -0.0201502  -0.00231026
   0.0167859    0.0776533     0.119229    -0.124583
  -0.0427525    0.0789149    0.0589596  -0.00725965
  -0.0297328     0.140296   0.00979102    -0.105881
  -0.0280592   -0.0127575   -0.0412364    0.0986955
   0.0227674    0.0323293  -0.00996575     0.057406
  -0.0849159    0.0331874   -0.0141521   -0.0160952
  -0.0157389     0.168028    0.0797265   -0.0180284
    0.114852   -0.0102341    -0.140721    -0.002811
 -0.00647074    0.0689273    0.0692535    -0.152557
   0.0159656   -0.0108338    0.0484636   -0.0545303
   0.0833615    0.0641593    -0.016555    0.0120023
  -0.0926916   -0.0349302   -0.0170861    -0.126139
  -0.0735818    -0.179617      0.17185   -0.0828887
   0.0819435    0.0799967    0.0190679     0.103371
   0.0446966   -0.0913106  0.000892545    0.0483028
  0.00366733     0.028359   -0.0560251    -0.035144
 -0.00547216     0.123445    0.0836667   -0.0173298
   0.0586719    0.0722686   -0.0542481   -0.0208371
    0.106164    0.0232578   0.00475688    -0.131317
   0.0041616 -4.15834e-05   0.00517876  -0.00692088
   -0.108816     0.050175    0.0297131    0.0154662
  -0.0855184   0.00845075    0.0666575   -0.0943195
   0.0256818     0.147245   -0.0287287   -0.0677937
  -0.0160491    0.0953165   0.00543281    0.0500089
   0.0751511    0.0704423     0.123805    0.0487745
     0.10871   -0.0217652    0.0324539    0.0564976
   0.0367131    0.0137317   -0.0541196    0.0781594
   0.0189211    -0.053588    0.0558779   -0.0342348
   0.0835131    0.0596585    0.0373949  -0.00672827
  -0.0922997   -0.0175536     0.146742   0.00993626
   0.0132796    -0.068747    0.0585223   -0.0128964
  -0.0455447    0.0633758   0.00780974    -0.126727
  -0.0793434     0.201966    0.0281288   -0.0399785
  -0.0503511    -0.115694     0.015959   -0.0133306
    0.130839     0.078088    0.0236127     0.014171
  -0.0854071    0.0950845     0.135369    0.0177701
   0.0124737   -0.0229851     0.095558    0.0163767
  0.00228371     0.111239   0.00650673   -0.0886297
  -0.0376447    0.0326301   -0.0969506   -0.0633257
  -0.0666096    0.0201643   -0.0361833     0.081237
   0.0308635   -0.0970297   -0.0644948    0.0195152
    0.123587     0.160068     0.191369    -0.207288
  -0.0452991    0.0125033    0.0586793    0.0324747
  -0.0486289    0.0248596   -0.0414722    0.0794603
   0.0692695    -0.037044  -0.00130497   -0.0353328
    0.129471    0.0402151    -0.126007    0.0252208
  -0.0130065   -0.0519885    0.0624274    -0.139539
  -0.0299671     0.143526    0.0327012    -0.147547
  -0.0746898     0.023187    -0.016296   -0.0481677
   0.0191561     0.243112   -0.0228182    -0.115555
  -0.0582096   -0.0360414     0.044254   -0.0759209
  -0.0789115    0.0700073   -0.0211536   -0.0645605
  -0.0908438     0.109863    -0.115061    0.0374391
   0.0431931     0.123489    0.0164613    -0.013565
   0.0540259    -0.017811    0.0537904   -0.0118838
   0.0519771  -0.00273399    0.0999031    0.0369463
  -0.0417399   -0.0419816    0.0331104   -0.0386955
   0.0588679   -0.0162076    0.0350357    0.0232103
   0.0196652   -0.0199499   -0.0586526    0.0179742
   0.0650488   -0.0186423    0.0368964   -0.0100128
 -0.00718198   -0.0331488   -0.0523048    0.0412164
   -0.122933  -0.00940936    -0.078674    0.0528964
  -0.0380621     0.106272    0.0270444    0.0440892
  -0.0244726     0.147226   -0.0455663     0.110807
 -0.00985609    0.0562503     0.019545    0.0356798
    0.146098    0.0424638    -0.077282     0.110844
  -0.0780183    0.0483964   -0.0322831   -0.0671901
 -0.00156224   -0.0739734   -0.0695715    -0.100265
   0.0646605    -0.073019    -0.121243    0.0175305
   0.0760423   -0.0937938   -0.0211633     0.078614
  0.00196579   -0.0353858     0.149335   -0.0221141
    0.019485    -0.111372     0.201901   0.00546482
 -0.00826014    0.0136784     0.060617   -0.0308265
  0.00299014    0.0565114    0.0818183   -0.0123446
  -0.0565421    0.0298401    0.0527989     0.108938
    0.144298     0.151128    0.0103649   -0.0126805
 0.000685233    0.0287107   0.00204853   -0.0462232
   0.0328956    -0.150147    0.0886374     0.181403
  -0.0124898     0.201673    0.0369843    0.0361328
   0.0852202 -0.000779427    0.0823275   -0.0192075
   0.0193097     0.041903     0.069638   -0.0307242
    0.206207   0.00216848   -0.0432479    0.0842859
   0.0922328   -0.0124378   -0.0191758    0.0806837
  -0.0492478   -0.0527155   -0.0623463     0.128786
   -0.156007   -0.0761717   -0.0457283   0.00614749
  -0.0375592   -0.0113831     0.111505   -0.0822349
  -0.0198957    -0.122041   -0.0472632    0.0515909
    0.136454     0.194896   -0.0317576     0.126848
   0.0134961    0.0431124    0.0526883   0.00200061
  -0.0816738     0.121207    0.0586197     0.023656
   -0.140559    0.0105385   -0.0856363    -0.076644
   0.0717743   -0.0748894   -0.0701125  -0.00698094
   0.0532932    0.0466628    0.0641346   -0.0900717
   0.0883408    0.0139969   -0.0287385    0.0325085
   0.0479347   -0.0454701    0.0261504   -0.0720427
   0.0030795   -0.0374382   -0.0537346    0.0435593
   0.0877549     0.134253    -0.113424    0.0136275
  -0.0642521     0.052947  0.000458458    0.0387399
   0.0161157    0.0274749    0.0114744   -0.0734516
   0.0207956   -0.0047535   -0.0318639     0.132893
   0.0674773   -0.0312806   -0.0454239    0.0706391
   0.0452733   -0.0730235     0.067723   0.00399828
 -0.00495766   -0.0191786    -0.035984    0.0541678
  0.00698852  -0.00273456  -0.00526969   0.00996771
  -0.0261045   -0.0550659   -0.0409656  -0.00712564
   -0.034723    -0.148723   -0.0161684   -0.0508193