  -0.0785251    -0.178005    0.0663054    0.0600566
  -0.0750607     0.128511    -0.157214    0.0136762
  -0.0964654     0.157052   -0.0858611     0.191025
   0.0145648    -0.220508      0.06528    0.0387188
     0.06118    0.0140586    0.0784764      0.11033
    0.105017    -0.183022    0.0731047    0.0613184
   0.0728805    0.0199148    -0.024888    0.0961906
   0.0092153   -0.0176435   -0.0349156    0.0385972
    0.206662   -0.0486172    -0.153414     0.101497
    0.143817   -0.0721943    0.0205855    -0.100454
    -0.10979   -0.0372219    0.0797383     0.130761
  -0.0189126     0.105605   -0.0454411   -0.0607352
   -0.111506     0.164205    -0.074489     0.174711
   0.0551022    0.0406132     0.139068    -0.117868
   0.0387593    -0.128344   -0.0457201   -0.0656641
   0.0899308   -0.0712144   -0.0651189    0.0673158
   -0.113207   -0.0120666   -0.0285381   -0.0954867
    0.203872    -0.116889   -0.0482104      0.18178
  -0.0504741   -0.0366744     0.165599   -0.0611341
    0.105874     0.301672     0.115813   -0.0755439
  -0.0550501   -0.0639379     0.029014    0.0398563
   -0.114648    -0.202616    -0.010774   0.00669239
 -0.00992543    0.0138666   -0.0538316    0.0622939
   0.0172639   -0.0984688   -0.0902601    0.0221711
   -0.138236   -0.0445829   -0.0880635    0.0842367
  -0.0300083     0.022638    0.0749408   -0.0926262
  -0.0467976     0.042435    -0.103081   -0.0530134
    0.108549   -0.0234256      0.12678    0.0884857
  -0.0586204    0.0336272     0.174591    -0.114615
  -0.0917749    0.0399688    0.0171012    0.0784127
   -0.172718    -0.193591    0.0177814   -0.0340905
  -0.0722338    0.0227159  -0.00437695    -0.125321
    0.111231    -0.100733    0.0704594    -0.143329
   -0.174347   0.00302697    0.0249534     0.176701
  0.00476088   -0.0360498  -0.00131687    0.0620184
   -0.118576     0.140497   -0.0299358    0.0592397
  -0.0353349    -0.047432    -0.130528     0.166727
  -0.0690397    -0.097361   -0.0899579   -0.0706489
    0.126374      0.01824    -0.174826   0.00866147
  -0.0268803  -0.00794533     0.258213    0.0431823
   -0.038779    0.0841718    -0.195906     0.196833
  -0.0981987     -0.13618    0.0996606   -0.0534242
     0.15561     -0.04843   -0.0228933    0.0977489
   -0.078516    0.0142676     0.062344   0.00100513
   -0.028416    0.0590307    0.0779948    -0.163782
   0.0991623   -0.0126884     0.135616   -0.0450184
  -0.0687227    0.0940339   0.00124852    0.0995665
  -0.0206654    0.0550375    -0.112568   0.00757881
  -0.0602096   -0.0643774    0.0384559     0.179572
  0.00744868   -0.0838147     0.107539       0.2204
    0.046685   -0.0249201     -0.13239    -0.149134
  0.00167211   -0.0301217    0.0214285    -0.159887
  -0.0318018    0.0847234    0.0353368    0.0639705
  -0.0635722     0.082244 -0.000318561     0.111912
   -0.028446    -0.175312     0.117498    0.0481502
    0.179589  -0.00617826    -0.106909    -0.157552
    0.313342    -0.190684    0.0267299    -0.609996
   -0.077957  -0.00910567     0.065463    0.0251053
  -0.0166059  -0.00294387    0.0233708    0.0306556
   -0.114766    0.0934586   -0.0508091    0.0875278
    0.100812  -0.00307389    0.0133501   -0.0351596
 -0.00199305    -0.213697    0.0275797    0.0480537
  -0.0626759    0.0167997   -0.0100867     0.141959
   0.0137623   -0.0178525    0.0296583    0.0225528
  -0.0184731  0.000389238   -0.0151181     0.141682
   -0.094079   -0.0444102   -0.0408124    0.0167485
  -0.0734922    -0.132859    0.0642508     -0.01753
   0.0792791     0.120263    -0.164299    0.0458299
  -0.0511958    0.0747117   -0.0411687    0.0111445
   0.0223341     0.136726   -0.0584777   -0.0769149
   0.0188925   -0.0127579    -0.123544   -0.0482478
    0.175659    -0.105371   -0.0534992    0.0436974
     0.11796     0.152553    -0.100815     0.102842
   0.0117104    -0.029307    0.0037891   -0.0428622
   0.0912905    0.0477186    -0.141892   -0.0329167
    -0.21879   -0.0573146   -0.0204997    0.0691617
    0.203601      0.19194     0.143643    -0.159855
   0.0464617     0.123607   -0.0523887  0.000226544
  -0.0333834    -0.200211    -0.139844    0.0121871
   0.0473704    -0.158478   -0.0782952   -0.0822415
    0.113999    0.0475127    0.0918477    -0.152515
   -0.132267   -0.0515719   -0.0838015    0.0441762
   0.0776281   -0.0291196    -0.138704   -0.0224295
   -0.176877    0.0273278    -0.072111     0.118282
   -0.147172      0.08507  -0.00670946    0.0874796
     0.23104    -0.187502    -0.117068    -0.131179
  0.00521046    0.0667118   -0.0554422    0.0472766
   -0.190932    0.0185737    -0.131695    0.0822859
   0.0293832   -0.0378342    -0.111983   0.00447122
  -0.0280188     0.133316   -0.0301511    0.0658665
   0.0768818     0.127145   -0.0942404  -0.00850349
   0.0219603     -0.14469   -0.0773441   -0.0577705
    0.131199   -0.0577371    0.0197902   -0.0261849
    0.110916    -0.249578   -0.0556713    0.0326214
   0.0518452     0.054609    0.0535879  -0.00998346
   0.0211949  -0.00299205    0.0630215    0.0346023
   -0.143937     0.187999    -0.194012    0.0238414
  -0.0297588     0.204676   -0.0952135   0.00413599
  -0.0378107   -0.0561159    0.0874964   -0.0772322
   0.0245382    -0.208973    0.0149923   -0.0843458
    0.348626    -0.046162    0.0510718     -0.25614
    0.214896    -0.171889    0.0792047    -0.107612
    -0.17119    0.0304321   -0.0677445    0.0697328
   0.0366354   -0.0263445    0.0414429    -0.193476
    0.161009   -0.0738919    0.0312154   -0.0395315
   0.0105247    -0.161487   -0.0812591    -0.175057
  -0.0575892    0.0180959     0.032005   -0.0223135
   -0.041535    -0.037788    -0.102826   -0.0469757
  -0.0574232    0.0375724    0.0160768   -0.0392128
  -0.0141067    -0.134142   -0.0882198     0.212655
  -0.0564556    -0.118205    0.0350008   -0.0143694
  -0.0130634    -0.183002      0.08499    0.0252816
   -0.152993   -0.0850136    0.0988517    0.0430055
   0.0751046   -0.0705953    -0.110289    0.0770458
     0.13377    -0.244411     0.161463    -0.417902
  -0.0349922    0.0445995  -0.00665175    -0.159241
  -0.0693418     0.190538   -0.0868429   -0.0284545
   -0.141354    0.0543084    0.0560194     0.265598
   0.0177451     0.049609    -0.109894   -0.0567302
   0.0370842    0.0691105    0.0754846    0.0176701
   0.0385136     0.214634    -0.058513     0.058633
   0.0642109    0.0493856     0.148687    0.0197371
   -0.109408    0.0192035    0.0030272    0.0466411
   -0.020591    0.0346925    -0.227484    0.0832275
   0.0404981    0.0376669   -0.0078665   -0.0582592
    0.178115   -0.0619485   0.00403131   -0.0217183
  -0.0102524  -0.00989997    0.0198045   -0.0331493
   0.0643997    -0.144468   -0.0486476   -0.0390377
    0.180345    0.0257622   -0.0407762   -0.0602353
   -0.103915   -0.0402117   -0.0213388   -0.0235958
   -0.171998     0.103805    0.0288617     0.105104
  -0.0158995 -0.000853921     0.169735     0.174624
    0.111169    0.0936727    -0.269848   0.00966555
    -0.13954   -0.0393377   -0.0676977     0.285575
   0.0733696   -0.0359769     0.121353   -0.0687243
    0.163431    0.0653671   -0.0124789     -0.10444
  -0.0706278    -0.203745    0.0358994    0.0152798
   0.0172429    -0.259875   -0.0866883   -0.0514648
   -0.243869    0.0310679     0.222146   -0.0787949
   0.0602206   -0.0330707   -0.0279618    0.0900859
  -0.0499852   -0.0127761    -0.109429   -0.0637451
  0.00337992    0.0113647   -0.0287206     0.072655
   0.0691482     0.113105    -0.123846    0.0626276
    0.186724   -0.0637605   -0.0518253    -0.125453
   -0.149771    0.0663534     0.148224     0.115987
  -0.0695147   -0.0879845   -0.0306354    0.0430381
   0.0270432   -0.0175398     0.036894    -0.121773
   -0.106597    0.0228049    0.0587044    0.0987457
    0.115204    -0.145935    0.0385141   -0.0774886
   0.0436874  -0.00203104   -0.0303633  0.000506065
  -0.0945621   -0.0555929     0.164888   -0.0735721
  -0.0576025     0.127002    0.0178413     0.289055
  -0.0636703  -0.00532564    0.0252541    -0.256664
   0.0441876   -0.0542131    0.0384042   0.00684261
   0.0598575    -0.127528     0.185647   -0.0948254
   0.0178428    0.0314956   0.00288801    0.0220363
    0.129943    0.0625041  -0.00832077    -0.084777
  -0.0737394    -0.224897    0.0354875   -0.0154873
   0.0866296  -0.00759833    -0.127543     0.130605
   0.0761357    -0.150879  -0.00166021   -0.0301719
   0.0281673     0.110408      0.01874    0.0889752
   0.0852006    0.0139224   -0.0679663    0.0346496
   -0.079185    -0.117029 -0.000577795    0.0246925
  -0.0110808  -0.00772495    -0.112719   0.00924174
  -0.0942529   -0.0725989    -0.071558   -0.0100646
  -0.0729436   -0.0294125   -0.0651038    -0.073097
  -0.0152568    -0.134186       -0.035      0.10065
  -0.0385243   -0.0903333    0.0240075     0.055076
  -0.0318228     -0.10052  -0.00060647    0.0537631
   0.0103069    0.0183847    0.0976328    0.0841524
  0.00477323      0.12797    -0.146751      0.15164
   0.0623397     0.121708   -0.0514172    0.0280955
  -0.0225715    0.0747258   0.00209332   -0.0711305
   0.0606453    0.0664296     0.106462    0.0179321
  -0.0266811   -0.0139908   -0.0735327   -0.0590986
    0.195737    -0.112109   0.00945261    0.0969246
   0.0415794    -0.100498   -0.0914661    0.0601298
  0.00662502    -0.212986   -0.0838737     0.190149
  -0.0238032 -0.000408819    0.0334569     0.166427
   0.0602899    -0.117482    -0.066319    0.0202255
   -0.102024      0.13408    0.0494283   -0.0306399
  -0.0920423  -0.00189349    -0.021909   -0.0333183
    0.123321   -0.0425347   -0.0861766     -0.12428
   -0.161387   -0.0204144     0.155409      0.16638
   0.0156701    0.0201021   -0.0144115    0.0523128
   0.0677582    0.0316666    -0.189595   -0.0674467
  -0.0691258    0.0520518    0.0941149        0.165
    0.210877   -0.0877975   -0.0168513    0.0527015
   0.0345021    0.0294474     0.219593   -0.0920501
    0.012469     0.056391   -0.0183134    0.0489824
    0.207474   0.00775786    0.0543788   -0.0767018
   0.0374121    -0.077361    0.0881211  -0.00740249
  -0.0734968   0.00413207     0.143432   -0.0353649
   0.0264175    -0.268052  -0.00304491   -0.0144738
   0.0589576    0.0691578    -0.121765    0.0535983
  -0.0476804  0.000330728    0.0779425    -0.103867
  -0.0350942     0.192852    0.0360786    0.0100573
   0.0588071   -0.0780098     0.049999    -0.262828
   -0.114924    0.0503221  -0.00303165     0.126409
  -0.0482771   -0.0104292     0.183739  -0.00616863
    0.164427    0.0375213    -0.153001    -0.184708
  -0.0691622     0.127826   -0.0647414    0.0415012
  -0.0589847    -0.211767    -0.246189     0.040021
   -0.139607     0.132709    0.0934557    0.0915143
     0.10925     0.191686   -0.0489417   -0.0154269
   -0.175101     0.210083    -0.223597     0.220567
  -0.0832418    -0.122106    0.0472343   -0.0766136
  -0.0342718     0.144655    -0.177519  -0.00350681
   0.0625181    -0.159984   -0.0670369   -0.0783497
  -0.0140274    0.0983298    0.0291733     0.116733
    0.125706     -0.15026   -0.0655129   -0.0542607
   0.0716948   -0.0212742     0.143228    -0.163009
   0.0387654   -0.0235625    0.0529485   -0.0908698
   0.0600319     0.165726    0.0214788     -0.13016
  -0.0780205   -0.0102241   -0.0671566    0.0412818
   0.0426795     0.189407  -0.00627477   -0.0546316
   0.0917866    0.0270191    0.0262734  -0.00749416
  -0.0149564   -0.0630548      0.21185    0.0438555
    0.144169   -0.0297175     0.223812   -0.0656364
  -0.0756165    -0.096481     0.200852     0.158803
   0.0888311    -0.228565     -0.14828    0.0500445
   0.0865903    0.0279994   -0.0563149   -0.0328145
   0.0176325    0.0745681    0.0055847   -0.0866759
  -0.0425896  -0.00844693   -0.0662109   0.00638469
  -0.0471719     0.143999  -0.00898478    0.0848686
  -0.0483121    -0.111116     0.113448   -0.0711303
   -0.111498     0.295135    -0.278825    0.0599442
   -0.125045    -0.105357     0.131181     0.113809
   0.0145163   -0.0877017    -0.035507    0.0630991
  -0.0331309    0.0514589   -0.0801447     0.141683
   0.0411001    -0.022303    0.0600965   -0.0133775
  -0.0689771    -0.141326     0.046087   -0.0840887
   0.0964478    -0.162362   -0.0958141   -0.0211526
  -0.0792627   -0.0803212    0.0335475     0.137031
    0.227654   -0.0713536    0.0296297    -0.129019
   0.0154536   -0.0568295    -0.055433   -0.0101968
 -0.00339818   -0.0453739    0.0525154     0.170516
   -0.110507    0.0623276    0.0985827     0.107629
  -0.0137854   -0.0445555    0.0707403   0.00178866
  -0.0956325     0.185101   -0.0617005    0.0566717
    0.061026    0.0305155    0.0269225   -0.0971368
   -0.385347    0.0165446    -0.101773      0.56862
   0.0538885   -0.0280621  -0.00894133    0.0102246
   0.0872293   -0.0114794    0.0138673    0.0970708
   0.0897103    0.0549543    0.0657345     0.106223
  -0.0650047      0.26944     -0.19386   -0.0211452
 -0.00705956    -0.231537     0.102205 -0.000256562
   -0.266913    0.0290997     0.153157    0.0540524
  -0.0641237    0.0274201    0.0175648   0.00254528
   -0.119876   -0.0218232    0.0438679    0.0463825
   -0.109634    0.0242056   -0.0323838     0.205597
  -0.0033033   -0.0381176   -0.0382255   -0.0473773
    0.080296     0.103057    -0.115936    0.0816238
   0.0399215   -0.0429009  -0.00785533    0.0612913
  0.00900936    0.0186435    -0.057182    0.0588844
 -0.00937547     0.105952   -0.0091022     0.127065
  -0.0833047   0.00650439   -0.0403914    -0.040514
    0.111007     0.141919    -0.159691    0.0340583
  -0.0659495   -0.0875901   -0.0704475     0.210529
   -0.165972     0.126381   -0.0182322    0.0420194
  0.00644683    0.0529204     0.040926    -0.110225
  -0.0529998    -0.129993   0.00989844   0.00204995
   0.0255724    0.0927687    0.0162912     0.106378
  -0.0864273     0.168626   -0.0810575     0.105234
    0.199012    -0.125313     0.138625   0.00112891
   -0.030735   -0.0561574     0.230411   -0.0611158
    0.136077    0.0325893    -0.153534    -0.114282
    0.183027   -0.0179208   -0.0269407     0.156514
   0.0616873     -0.15571    -0.145834   -0.0132008
  -0.0762681     0.184708    -0.106391    0.0931336
   -0.069074     0.188437   -0.0815919    -0.111521
   0.0889789    0.0224631   -0.0423479   -0.0871042
   -0.070405     0.163292     0.124419    0.0864474
      0.1009   0.00042557   -0.0071987    0.0662498
   -0.169974    0.0727436    -0.048346     0.100864
  -0.0435297  -0.00617949    0.0665734    -0.139697
 -0.00343673    0.0118571   -0.0606815   -0.0399689
   -0.324933    0.0599407    0.0341294     0.269034
  0.00411401   0.00715031    0.0460024   -0.0577747
  -0.0775823     0.118686  -0.00119366   -0.0712386
   0.0411286   -0.0130489    0.0881117   -0.0734818
    0.174831    0.0275056    -0.144355    0.0287542
   -0.101149    0.0223028   -0.0176604    -0.150575
  -0.0434549   -0.0584496  -0.00292029    -0.229767
    -0.23829     0.140877     0.132116     0.212375
   0.0436166   -0.0185793   -0.0631763   -0.0799065
    0.120576   -0.0603456    0.0603824    0.0324177
  -0.0190495  -0.00168597   -0.0300867    -0.156947
   0.0852738    -0.127657   -0.0511157    0.0847614
   0.0375011     0.040748   -0.0369051    0.0992569
  -0.0545347   0.00993157   -0.0274802   -0.0125563
    0.038883    0.0293892    0.0170576    -0.148296
   0.0328998     0.147433   -0.0926687    0.0516996
   -0.148951    0.0559387    0.0655673    0.0298381
  -0.0329513   -0.0141414      0.36251    -0.192042
    0.130984    -0.107858     0.175916    -0.116362
   -0.103518   -0.0843022    0.0581844     0.082045
  -0.0489164  -0.00416434    0.0433863    0.0837987
  -0.0710314    0.0645243   -0.0636021   -0.0503606
   -0.222483    0.0745106    0.0787851    0.0757549
 -0.00480984   -0.0336063     0.177206   0.00536841
   0.0524874     0.155877    -0.161114    0.0467171
   0.0485398    -0.195186    0.0210821    0.0719938
  0.00873613   -0.0433292   -0.0387474   -0.0332841
    0.185629   -0.0263774    0.0609152    -0.184222
    0.020423    0.0874647    -0.144543     0.115605
  -0.0230237   -0.0182767    0.0864024   -0.0265026
 -0.00248632   -0.0851534   -0.0230376     0.112954
  -0.0225742    -0.248525    0.0840872    0.0140572
    0.281022    -0.139621   -0.0152206   -0.0464732
   0.0491571    -0.112847   -0.0854085    -0.041792
    0.116633   -0.0547992   -0.0116828    -0.155938
  -0.0374299    -0.154993    0.0112476     0.149324
   -0.117302     0.058134    -0.081752    -0.050398
 -0.00425876   0.00540399    0.0449357    0.0147638
   0.0412772    0.0176814   -0.0464919   -0.0520841
 -0.00142504   -0.0206979   -0.0672439    0.0127906
    0.102923 -0.000703365   -0.0341782    0.0412419
    0.081363    0.0569141 -0.000641064    -0.132982
   0.0199653   -0.0493215   -0.0359648    -0.100446
   -0.118384    0.0233592  0.000214749    0.0608647
   0.0052854    0.0470747    -0.023823    -0.127921
   -0.168807     -0.16355    -0.027104  -0.00034029
  -0.0921949  -0.00769662    0.0872178     0.152377
  -0.0303987     0.127393   -0.0414575    0.0567829
  -0.0426665    0.0217133    -0.149475   0.00973588
 -0.00630249    -0.121636   -0.0333831   -0.0665932
  -0.0175857    0.0175796    0.0948225    0.0164948
  -0.0103536  -0.00331534   -0.0808475   -0.0158568
   -0.110959    -0.117281   0.00458156    0.0111325
    0.118091     0.165802    0.0460982   -0.0874836
    0.117997    0.0236505    -0.224571    0.0394475
  0.00451975    -0.132137    -0.259654    0.0113508
  -0.0793885   -0.0292075     0.143671    -0.117668
   -0.119741     0.158566   -0.0768811     0.154509
  -0.0358603    0.0870963    -0.181059   -0.0149446
    0.114772    0.0532655     0.092721    0.0409096
   -0.142063    0.0765068    0.0191973    0.0659244
   0.0612658    -0.111902   0.00515085   -0.0031362
   0.0590781    -0.152871     0.100625     0.103488
   0.0313657    0.0512869    -0.129079   -0.0033045
  -0.0374241    0.0809955     0.175795     0.134044
    0.101467   -0.0171484   -0.0157838  -0.00937591
  -0.0518801    0.0800616    0.0997474    0.0432093
   0.0797786  -0.00258437   -0.0769846    0.0552649
   0.0580831    -0.133281    -0.286922   -0.0491188
   0.0674092  -0.00190289  -0.00180284    0.0356615
   -0.210954     0.116821   -0.0260619     0.147992
  -0.0472659  -0.00868572    0.0628282    -0.132139
   -0.102362    -0.127289   -0.0908845     0.167416
  -0.0394948   -0.0338326    -0.207615    -0.141739
   -0.132952      -0.1062     -0.05588   -0.0716556
  -0.0433194     0.118818    -0.192671   -0.0110076
    0.052947   -0.0444454    0.0480312     -0.15287
    0.115069   -0.0910831   -0.0148747   -0.0842385
  0.00702515   -0.0657712   -0.0859551     0.167079
   -0.113557    -0.228786    0.0369216     0.203152
    0.163528   -0.0355913    0.0961222    -0.189841
      0.0023     0.144368    -0.112172   -0.0546421
  -0.0766999     0.376364    -0.313244    -0.060721
    0.133839     0.212515   -0.0230592  -0.00189053
   -0.117047    0.0127978    -0.135228    0.0229969
   0.0097108   -0.0836372    -0.205915  -0.00633509
  -0.0669823   -0.0259037   -0.0763116   -0.0579018
   -0.013523   -0.0128721   -0.0493448   -0.0160854
   -0.230834    -0.071084    0.0180274     0.164642
  -0.0908655   -0.0953283    0.0528332     0.199843
  -0.0849902   -0.0323618     0.122515    -0.137294
  0.00782354    0.0967006    0.0900074     0.029612
   0.0709862    0.0216596    -0.151925   0.00197982
  -0.0550364   0.00897396     0.169131    0.0614142
  0.00374847   -0.0579848     0.131823  -0.00350362
  -0.0461918    0.0223633    0.0591189     0.112548
  -0.0583066    0.0456563    0.0783979   -0.0178484
    0.162325    0.0391324    0.0115662    -0.157094
    0.104564   -0.0516491    0.0140948    -0.136526
  -0.0152965    0.0046962   -0.0542543   -0.0434745
  -0.0143328     0.118005    -0.095228    -0.111039
  -0.0985204    0.0946426    0.0412474   -0.0874381
   0.0534945    0.0251713    0.0337876     0.143646
    -0.11758    0.0704133   -0.0315328    -0.114898
   0.0517502    0.0890638   -0.0750635     0.136403
   0.0101692   -0.0693198    0.0689279   -0.0322128
  -0.0418603   -0.0749831    0.0352114   -0.0751278
    0.223278    -0.146708    -0.143208   -0.0107005
   -0.155122    0.0308037    -0.158104   0.00499266
   0.0624691     0.236345    -0.193912   -0.0839825
  -0.0204208     0.223139    -0.101832    0.0880328
   -0.250681      0.21379   -0.0571681      0.43105
    0.026696    0.0415425    0.0616512    0.0664013
  -0.0654641    -0.115857   0.00329724    0.0849818
    0.018168     0.114206    -0.132907   -0.0171924
  -0.0168445    -0.131029   -0.0167834    -0.180667
 -0.00218941    0.0794349    -0.102375    -0.108681
   -0.138734   -0.0766691    -0.209526     0.172807
   0.0587465    0.0405305     -0.20294    -0.115948
  -0.0605526    -0.213923    0.0279706     0.054533
   -0.025914   -0.0267591    0.0223575   -0.0828528
   0.0168733    0.0286034    -0.130299      -0.1112
  -0.0471818    0.0869647    0.0500013   -0.0528557
  -0.0250331     0.147902   -0.0486739  -0.00855421
  -0.0930503    -0.172493   0.00503907    -0.168938
   -0.164665    0.0780083     0.059232  -0.00342794
    0.101786    0.0779341   -0.0648245    0.0207274
   0.0814141    -0.161743     0.103811    0.0561554
   -0.006901   -0.0349741     0.207921    0.0818294
  -0.0382671     0.186139    -0.228978    0.0172862
    0.127172    0.0748178     0.105012     0.105566
   0.0281935   -0.0441657   0.00249727   -0.0488458
    0.109767   -0.0603897    0.0784428   -0.0446097
   -0.132156     -0.10069    0.0181909    0.0530177
  -0.0446336    0.0801127     0.144288    -0.051685
   0.0552196   -0.0211518   -0.0415644    -0.126237
   -0.145748    0.0877025   -0.0917833     0.178781
   0.0741783   -0.0766154   -0.0047106    -0.182031
   0.0220719   -0.0940668    0.0975173    0.0348351
   -0.175114    0.0770338     0.137967     0.125137
    -0.07459   -0.0543872  -0.00121599    0.0249397
    0.118367   -0.0223858  -0.00340752   -0.0463029
   0.0574175    -0.129628   -0.0454031    0.0827316
   0.0878475     0.132808    0.0948937     0.105544
   -0.155429  -0.00985829   -0.0717851    0.0451664
  -0.0340593    0.0718186   -0.0848016   -0.0681175
   0.0326524  -0.00284553   0.00821456    0.0520113
   0.0411963  0.000883772    -0.136751    -0.222807
   0.0790567  -0.00203549     0.156172   -0.0554566
   0.0999394  -0.00764924    -0.230808   -0.0533477
  0.00578884     0.021383    -0.114228     0.146571
   0.0717807   -0.0119188   -0.0110522    0.0953958
   0.0366527     0.011254   -0.0448149     0.152136
    0.138768    -0.371272    0.0183269    -0.162073
  -0.0422047     0.162207    0.0206539   -0.0438792
  -0.0219809     0.130513   0.00368802    -0.127603
 -0.00656434      0.13827   -0.0603011    -0.108879
    0.192641    0.0408875   -0.0625141    0.0651513
  -0.0113536     0.121241    -0.249344   -0.0265668
 -0.00324508      0.19982    0.0851592    -0.106594
    0.187976   -0.0842031    0.0120779    0.0224306
   0.0377567     0.192985    -0.014093   -0.0387537
    0.175651   -0.0877536     0.169432    -0.130645
  -0.0170577    0.0554853    -0.131111   -0.0750737
   0.0666549    -0.146122    0.0212637    -0.070572
   0.0650346   0.00599681   -0.0166052  -0.00137508
  -0.0444765      0.03152    0.0355591    0.0252739
  -0.0195866    0.0325073   -0.0278771     0.190381
  -0.0413517    0.0066589    0.0992248    0.0293384
   -0.180974   -0.0615172     0.151976    0.0640526
     0.16096    -0.105288    -0.308173     0.038987
   -0.058659   -0.0553309   -0.0811517    0.0404194
  -0.0554988    0.0121397   0.00467981    0.0141061
   0.0304297    -0.164396    -0.159271    0.0317942
   0.0264803    -0.156018   -0.0293199   -0.0354991
   -0.067074    -0.112609   -0.0941022    0.0668113
    0.119565    -0.039049    0.0642495   -0.0643912
   0.0270477    0.0112007    0.0217925    0.0298941
  -0.0726792   0.00896042    -0.243886     0.112663
  -0.0121221    0.0636341     0.053359     0.135432
    0.224123    0.0841078   -0.0327206  -0.00359097
   -0.311003     0.322666   -0.0021007    0.0355014
     0.10401   -0.0375617    0.0726601    -0.174346
   0.0364537   0.00977634   -0.0268962    0.0350544
   0.0417384     0.136501   -0.0442473   -0.0476417
   0.0421153   0.00150754    0.0188873     0.041002
  -0.0669387     0.175887    -0.222608     0.148957
   -0.139347     0.137921    0.0523829    0.0897399
  -0.0381487  -0.00307067   -0.0802374    0.0370554
   0.0552969  -0.00515428     0.158594    0.0317913
   -0.067863    0.0908701    0.0765665    0.0410949
  -0.0821288     0.155245   -0.0439184   0.00537142
    0.003189     0.139402   -0.0892854   -0.0577332
  -0.0580548    0.0547328    -0.122657   -0.0673205
  0.00843359   -0.0336779    0.0484719    0.0257881
   -0.148713     0.117602   -0.0377158    0.0557906
   -0.165989     0.134917   0.00205824    0.0590622
   0.0632966   -0.0269068    0.0465026    0.0398836
  -0.0205341    -0.160624    0.0592713    -0.135153
   0.0881221     0.103665     -0.11378    -0.256464
  -0.0850857     0.375929    -0.452442    -0.135809
  -0.0296119   -0.0262777   -0.0266758     0.105662
   0.0472109   -0.0430808     0.138774    -0.022405
   0.0440691     -0.07411    0.0559927     -0.15851
  0.00539247     0.107084    -0.206595    -0.116962
   0.0151592    -0.058707    0.0895045   -0.0787359
  -0.0385639   0.00785927   -0.0693634     0.159173
   0.0890028    -0.147144     0.153727     -0.10674
  0.00222956   -0.0772855    -0.145069     0.257515
    0.179207   -0.0883091    -0.203191    0.0596108
   0.0853067   -0.0965541    -0.291414  -0.00460601
  -0.0990625     0.223163    -0.066036   -0.0399559
   0.0298456    0.0682117    0.0759454   -0.0322503
  -0.0547483    -0.126213    0.0941429   -0.0703163
   0.0314786   0.00372722   -0.0101455    -0.140762
  -0.0177168    0.0465724   -0.0732036     0.078205
   -0.120702     0.318181    -0.338281   0.00989388
   0.0925408    -0.125238      0.13574    -0.122999
    0.084495    0.0550295   -0.0421689    -0.138891
    0.194722    0.0166428    0.0396946     0.192079
  -0.0740241   -0.0748206   -0.0733539    0.0593049
   0.0283726     0.018934      -0.1496    0.0943711
   0.0751054     0.088062   -0.0395978   -0.0205495
    0.019199    0.0333458   -0.0614229   -0.0604086
  -0.0426364    0.0570346    -0.188524     0.192945
   -0.110018    0.0645326    -0.122053     0.182605
  0.00775665    -0.120443    0.0743831   -0.0502107
    0.124262    -0.093419    0.0192276   0.00757163
   -0.102822  0.000892197   -0.0154268   -0.0182082
  -0.0917658   -0.0497846      0.14083   -0.0509599
  -0.0741041     0.232392   -0.0532321     0.177423
   -0.065072   0.00816712     0.162945     0.110968
  -0.0193254    0.0756836   -0.0577531    -0.047871
  -0.0208822   -0.0160665     -0.11634    0.0724353
  -0.0791978   -0.0542799    0.0719002   0.00177406