  -0.0427799   -0.0723229  0.000753528     0.026947
  -0.0114645    -0.126296   -0.0300181   -0.0576519
    0.110387     0.231395    0.0429758    -0.069871
  -0.0770002  -0.00784887    0.0542102   -0.0690272
   0.0348187    0.0079754    0.0144297    0.0889952
   0.0263395    0.0444144  -0.00697677    0.0443293
    0.101988    0.0492662    0.0147289    0.0545602
  -0.0538121     0.068421    0.0716854    -0.143612
  -0.0193741   -0.0356692    0.0395687   -0.0103595
   0.0588674    0.0149815   -0.0775773    0.0118903
 -0.00339952    -0.183818     0.079414    0.0295949
    0.181916    0.0903592   -0.0362226   -0.0391488
  -0.0018073    -0.026266    0.0679693    0.0227747
  -0.0497159    0.0521011    0.0565807    -0.023451
   -0.138796   -0.0238115    0.0317595  -0.00727588
  -0.0689614   -0.0472336    0.0170363    0.0408762
   -0.120953     0.143521    0.0233647   0.00839145
   0.0500717  -0.00655481   -0.0560451     0.109477
   0.0210702     0.159952    0.0795687   -0.0576368
   -0.143721     0.126792     0.233741   -0.0328938
   0.0841444    0.0575883   -0.0565947   0.00670994
    0.072226    -0.179227   -0.0219439     0.141071
   0.0134933   -0.0136045    0.0735773    0.0265787
   0.0181331     0.101325    0.0581771    -0.108547
   0.0142234   0.00710759     0.129502    0.0347539
   -0.113544     0.146698    0.0497334   -0.0723988
   0.0140247    0.0976113    0.0292479   -0.0515632
  0.00832334     0.125651  -0.00206167    0.0405387
   0.0359163    0.0717622   -0.0592053    0.0308367
  -0.0555004    0.0730312    0.0320337    0.0972107
  -0.0176185    0.0281556   -0.0779811    0.0452325
 -0.00260927    0.0224995   -0.0821173    0.0030915
   -0.028891    0.0960177   -0.0578491   -0.0234988
  -0.0759742   -0.0330083    0.0237417  -0.00938568
  0.00617351    0.0138204   0.00606093   0.00330835
    0.196108    0.0282573   -0.0763508    0.0625403
   0.0285413     0.128738    0.0210503   -0.0244906
    -0.12831    0.0457303     0.141741   -0.0842493
   0.0652408     0.197202    0.0698688    0.0114815
  -0.0190503    0.0118196    0.0173407    -0.149753
   0.0402265  -0.00219811    0.0382291  -0.00731725
   -0.064878    -0.105383   -0.0993032    0.0519555
   0.0923397    0.0173225    0.0765978   -0.0402043
  0.00812528   -0.0195222     0.123226  0.000115861
  -0.0784437     0.144148   -0.0525088   -0.0562478
    0.170588    0.0944129   -0.0620586    0.0685914
    0.100383   -0.0334507   -0.0135548    0.0493508
  -0.0282035     0.090242  -0.00181118     0.163042
   -0.168642   -0.0120826    0.0855006     0.109136
   0.0094055     0.107283    0.0621025     0.069213
    0.167195    0.0337729    0.0637562    0.0803936
 -0.00817371    0.0817416     0.021073   -0.0398528
     0.11975    0.0445172    0.0879189   -0.0875783
   0.0292641      0.03952    0.0468972    0.0346164
  -0.0895666   -0.0295077    -0.106192   0.00346053
    -0.11201     0.105693     0.127324     -0.10556
   0.0211194    -0.059403    0.0594149     0.025377
   0.0547976    -0.118079   -0.0427349    0.0131029
 -0.00753895     0.018138     0.079825   -0.0184601
   0.0859419     0.038504   -0.0831715    0.0107561
    0.210046   -0.0541373    -0.179704     0.134138
   -0.023699   -0.0599949    -0.120394    0.0896253
 -0.00129815   -0.0941102    0.0374636     0.165196
   0.0204616    0.0688153   -0.0340732   -0.0132518
    0.014355    0.0107101    0.0538895    0.0487636
   -0.050956    0.0375618  -0.00257418   -0.0368246
    0.172339    0.0918158     0.040853     0.140264
   0.0688063  -0.00235165      0.14738   -0.0393971
   -0.155186   -0.0263309   -0.0403458   -0.0247833
    0.114843     0.153874    0.0223815   -0.0396823
   0.0396532     0.025107    -0.116977    0.0663373
   0.0869367   -0.0515387    0.0178656    -0.112521
  -0.0572624    0.0741261    0.0351952    0.0154782
 -0.00594507   -0.0362056    0.0934817   -0.0575296
    0.114185     0.134821   -0.0305845    0.0434699
   0.0263888   -0.0141907   -0.0449242  -0.00762026
   0.0985188   0.00331638    -0.111559   -0.0694399
  -0.0685892      0.47293    0.0590043    -0.139499
  -0.0595094    0.0347056   -0.0686675   -0.0702874
  -0.0985954   -0.0172441   0.00968078    0.0496067
   0.0976063     0.281403    0.0588811   -0.0525083
   0.0161783    -0.048861   -0.0447641     0.060561
   0.0554639   -0.0217722   -0.0284443    0.0629022
   -0.016635   -0.0283067     0.120793    0.0139629
   0.0189538   -0.0531065   -0.0167065    0.0738415
  -0.0169225   -0.0105352    0.0083449   -0.0754746
  0.00524921    0.0771049   0.00265716   -0.0624518
   0.0112678    0.0658417    0.0736414    0.0299882
    0.131403     0.113182    0.0491436   -0.0369567
    0.142383   -0.0241965  -0.00106747    0.0940873
   0.0771154    0.0529725    0.0398498    0.0372012
   0.0494716   -0.0305332    0.0284526    0.0707588
  -0.0993479    0.0160588     0.164702    -0.083301
   0.0185591     0.159927    0.0430889   -0.0839816
   0.0627939    0.0597292    -0.111161    0.0193478
  -0.0387608   -0.0279604    0.0321515   -0.0294442
    0.169572    0.0319135    0.0406574    0.0458574
   0.0353858     0.220149   -0.0054959     0.176977
  -0.0494754    0.0735799    0.0382373   -0.0315668
-0.000866661   -0.0782996    0.0281694   -0.0148127
   -0.214681     0.128044    0.0309264    -0.126629
   -0.177118    -0.110974   -0.0924763     0.012378
   0.0999883    0.0718114    0.0515416    0.0626697
    0.126587   -0.0186477   -0.0216685    0.0796718
   0.0365077   -0.0008572     0.021589   -0.0206216
  -0.0496641     0.066767    0.0616686   -0.0257408
 -0.00547819  -0.00993505     0.107952    0.0881191
   0.0128018    0.0250569    0.0561517   -0.0776471
   -0.183557   -0.0888972     0.174853   -0.0144864
   0.0576226     0.183261     0.110156    0.0321726
   0.0130023     -0.16074   -0.0755127    0.0394347
    0.062255    0.0532225    0.0420807    0.0421326
   0.0726997    0.0246116   -0.0100745      0.10797
    0.203295   -0.0569232      0.14422   0.00896035
    0.135046    0.0579572    0.0780124    0.0519214
   -0.094905  -0.00788935     0.117354    0.0333132
    0.105569    0.0569615   -0.0100775     0.016084
    0.016556   0.00284142   -0.0205415     0.109049
  -0.0472334    0.0655424    0.0824968  -0.00199026
   0.0441229    0.0178939    0.0536503    -0.040672
  -0.0075778    0.0274892    -0.105459    0.0051108
 -0.00644808    0.0441293    0.0865142    0.0189941
  -0.0515179    -0.087155   0.00847995    -0.102067
  -0.0142861    0.0583336    -0.044659    0.0303229
   0.0326993   -0.0146264 -0.000603641   -0.0359646
   0.0621175    0.0627474   -0.0373024     0.127533
   0.0273266    0.0231854     0.028373   -0.0556804
   -0.043238    0.0895603   -0.0153194     0.084174
    0.215142     0.179213   -0.0490289  -0.00997813
 -0.00312459   -0.0532322     0.158846    0.0622219
  -0.0829355    0.0754291   0.00466867    0.0467758
    0.105113      0.17802     0.243666    -0.222725
    -0.05358    0.0777905    0.0566483    0.0836731
   0.0171849      0.14207     0.102971   -0.0278329
  -0.0202681   -0.0401814     0.128455    -0.032872
  0.00486047   -0.0113678  -0.00836472   -0.0306658
   0.0454339    0.0645965    0.0101548     0.131271
   0.0331662    -0.192363   -0.0623674    -0.015253
    0.115824   -0.0224465    0.0759265     0.169684
  -0.0675088     0.241284     0.078121   -0.0534854
   0.0630879    0.0715387   -0.0329454    0.0530227
  -0.0461929    0.0371772   -0.0201424   -0.0138532
    0.142078   -0.0299845     0.100499    0.0407346
  -0.0288215   -0.0406788    0.0165093    0.0475403
   0.0618131   -0.0212429    0.0713966    0.0288694
   0.0295708    0.0208767    0.0393634   -0.0166427
    0.158474   -0.0563251   -0.0636396     0.205285
    0.023554    0.0267123   -0.0402193    0.0462699
  -0.0113305    -0.251182    -0.033533   -0.0186049
  -0.0592465  -0.00689377   -0.0356444   -0.0576998
   0.0237247    0.0113537     0.139191   -0.0861837
  -0.0437189   -0.0795034     0.025863     0.017429
   0.0635017    0.0637644   0.00657775   -0.0869453
   -0.135179    -0.143102    0.0621794  -0.00303582
   -0.100179     0.208796     0.183412    -0.132698
  -0.0739811   -0.0469856    0.0834776    -0.118505
   0.0085073   -0.0212128  -0.00766568    0.0368041
    0.158481   -0.0732335   -0.0591931   -0.0346383
  -0.0181041    0.0284004    0.0193421    0.0168611
  -0.0554404   -0.0256835    0.0880037   -0.0205262
  -0.0130226      0.13819   0.00170102   0.00288642
 -0.00676674    0.0297856   0.00613824    0.0516682
   -0.151328   -0.0537503     0.110855   -0.0367845
   0.0214161   0.00783613    0.0624957    0.0705404
   0.0152437     0.174877   -0.0447208     0.120351
   0.0695726    0.0146088    0.0298722     0.045476
  -0.0141066    0.0755274 -0.000364968    0.0408013
 -0.00200297    0.0235777    0.0909143    -0.095265
  -0.0315514   -0.0146197    0.0356362   -0.0115387
   0.0561952   -0.0296515   0.00292015    0.0145742
   0.0160246  -0.00455328   -0.0955266    0.0810449
    0.185674    -0.196654  -0.00122394     0.163372
    -0.01579   -0.0676272   -0.0516169   -0.0397888
   0.0426473    -0.107007    0.0545278   -0.0143501
  -0.0644574    0.0171028     0.117173   -0.0986166
  -0.0421763    0.0248225    0.0575824   -0.0218698
  -0.0767717   -0.0091999      0.11831   -0.0219421
   0.0429875    0.0986242    0.0318352    0.0975188
    0.135781     0.148747     0.110184   -0.0317497
    0.110263    0.0512318   -0.0189532  -0.00948277
   0.0621916     0.028128   -0.0531459    0.0494609
 -0.00532317    0.0251667     0.034249    0.0350783
      0.1527    -0.127667    0.0127335    0.0158158
   0.0865796     0.170152    0.0539307   -0.0906223
   0.0588774   -0.0700386    0.0311504   -0.0439462
  0.00393018    0.0075305    0.0326439   -0.0195809
    0.054208    -0.113647  -0.00435011   -0.0150113
   -0.147104     0.168558      0.14685   -0.0658023
  -0.0482849   -0.0534394     0.148714   -0.0875924
   0.0422396    0.0932122    0.0550357   -0.0565489
  0.00464611   0.00261756   -0.0185817    0.0289592
  -0.0159866   -0.0440819   -0.0354539   -0.0736601
    0.101431     0.092072    0.0444615    -0.117544
  -0.0122645    -0.108641   -0.0633076    -0.031959
  -0.0170385    0.0234311   -0.0365037   0.00355681
   0.0160109  -0.00900225    0.0529134    0.0222264
    0.163092     0.045695      0.01645  -0.00452077
  -0.0516848  -0.00992303   -0.0820677    0.0223927
    0.122686   -0.0505778    0.0986429     0.132344
   0.0127221    0.0689577     0.022863    0.0636417
  -0.0569977   -0.0288519   -0.0913159    0.0923349
   -0.047649   -0.0309156    0.0036674     0.046371
   0.0503493     0.122366  -0.00291756   -0.0896066
   0.0521734    -0.105425    0.0889111   0.00493574
   0.0553042      0.07457     0.113143    0.0155376
   0.0784275    0.0202004    0.0996628    0.0417883
  -0.0113375   -0.0794935    0.0503809    0.0869961
   -0.130073    -0.118624   -0.0351165    0.0426168
   0.0437636     0.135111   -0.0407736    -0.125627
   0.0654544    0.0403462    0.0273096   -0.0612162
   0.0349518    0.0493892    0.0934024   -0.0591164
   -0.126971     0.072441    0.0368688    -0.131153
   -0.163178   0.00417724    0.0453407    -0.100915
  0.00634198   -0.0243037    0.0134648    0.0345575
    0.114385     0.025657    0.0399169    0.0258037
    0.140185    0.0364304    0.0672396    0.0402612
   0.0880521    -0.108849     0.123065    0.0346392
    0.022239    0.0914599   -0.0217513  -0.00413433
    0.107611   -0.0150127    0.0421734     0.159786
   0.0780324    0.0455677    0.0900299    0.0189186
   -0.034391    0.0199849   -0.0154737    0.0333204
  -0.0373318   -0.0840318   -0.0404231   -0.0612508
  -0.0299407      0.12855   -0.0661858     0.080342
   -0.043259   -0.0323006     0.014082    0.0572681
   -0.099308    0.0825942   0.00801219   -0.0380564
   0.0491694    0.0350397     0.013078    0.0879241
    0.109773    0.0738224   -0.0519634    0.0262428
   0.0665236    0.0230253   -0.0672167    0.0197219
   -0.066436   -0.0269657    0.0866201    0.0594538
     0.15142     0.213359  -0.00550286   -0.0114626
  -0.0505309    0.0716521    0.0428802   -0.0707456
  0.00107031     0.119617     0.153509    0.0375473
   0.0656938      -0.1165   -0.0317829   -0.0808429
    0.134992    0.0692061   -0.0631585   -0.0313787
   0.0126697    0.0154895     0.176254   -0.0413716
   -0.138946      0.04741    0.0701567    0.0480623
  -0.0928986    -0.102485    0.0712581    -0.123641
   0.0921143   -0.0557257   -0.0359022   -0.0119849
  -0.0445333  -0.00911588   -0.0128133    0.0464727
    0.298005     0.166659    -0.035273    0.0527258
   0.0133648     0.129767    0.0655405   -0.0648915
    0.135736    -0.066397   0.00523462    0.0587598
  -0.0170643   -0.0101455   -0.0232099    0.0153058
    0.177469     0.133256   -0.0303478    0.0554346
  -0.0153508   -0.0926555    0.0466848     0.026671
  -0.0175554     0.140511   -0.0155976    0.0180363
  -0.0714836    -0.154038   -0.0312866    0.0235785
   -0.103215    0.0314903    0.0770962    -0.063121
   0.0907511   -0.0848991     0.132353  -0.00919771
    0.106539    0.0797531    0.0366311    -0.126591
   0.0673042    0.0301303     0.061455    0.0319832
    0.011118   -0.0588974   -0.0188444    0.0356888
   0.0107022   -0.0572578  -0.00963993    0.0668316
   -0.100494    0.0771929     0.103539    -0.123604
    0.031534  -0.00981964    0.0137322    0.0687014
   0.0228682    0.0520541    0.0475362   -0.0516888
   0.0486632   -0.0599619   -0.0111712    0.0442094
  -0.0478873    0.0172914    0.0747503    0.0551174
   0.0543345   0.00505259     -0.09913   -0.0340425
   0.0596585    0.0361249    0.0257385   -0.0146114
   0.0973086 -0.000425437  -0.00765949    0.0389549
   0.0744511    0.0288046    0.0451138   -0.0367073
   0.0274698     0.103781     0.228046   -0.0506736
 -0.00930203    0.0626643   -0.0319314    0.0822243
   0.0324164   -0.0098224   -0.0252452    0.0566698
   -0.129835   -0.0453137   -0.0217049    0.0814274
  -0.0976599   -0.0695655     0.057965      0.11887
   0.0485372     0.179493    0.0393845   -0.0131015
    0.131634   -0.0557395   -0.0436382    0.0185939
    0.166177     0.142522    -0.151495    0.0879583
  -0.0226261    -0.124561    0.0276175    -0.066237
  -0.0799184    -0.108456   -0.0495285   -0.0116715
  0.00956348    0.0220098    0.0384138    -0.037037
   0.0718983    0.0582231    0.0367421   -0.0166322
  -0.0319098    0.0711905    0.0264307     0.082547
   -0.132212    -0.136642   -0.0962044    0.0655804
     0.13935     0.144667   -0.0442744    0.0261414
    0.032445     -0.11742      0.04672    0.0494677
 -0.00605374   -0.0859648    0.0107148   -0.0112494
 -0.00302542    -0.036107    -0.132326    0.0687815
  -0.0755348   -0.0039669   -0.0585072  -0.00312211
    0.110739     0.144112    0.0541311    0.0144644
   0.0505711    0.0794526   -0.0326139   0.00410859
    0.200456     0.166379     0.022561    -0.106559
  -0.0333178   0.00733644    0.0588662   -0.0612782
    -0.12155    -0.045307     0.103825   -0.0976668
  -0.0603871   -0.0355964    0.0271487   -0.0443957
   -0.176115   -0.0985445    0.0218455  -0.00117097
   0.0277899    0.0303281     0.102088   -0.0659043
  0.00194178   -0.0653533     0.182313     -0.13672
  -0.0213724   -0.0389309   -0.0507288   -0.0713858
    0.031399     0.076098   -0.0535632   -0.0590235
    0.121427    0.0486856    0.0647904    0.0189347
   0.0379628    0.0236226    0.0328353   -0.0455867
    0.105707  -0.00675256   -0.0301713   -0.0319949
 -0.00818251    0.0505206    0.0294323    0.0578022
   0.0101202   -0.0674253   0.00728528    0.0286064
   0.0066586    0.0780987    0.0124487    -0.147095
   0.0353165    -0.107919    -0.157313    0.0885626
  -0.0225623    0.0510414    0.0738607   -0.0726397
   0.0634374    0.0551729     0.023941    0.0628808
   0.0733618   -0.0782621    0.0453049     0.013539
   0.0240742     0.025772     0.153588   -0.0408976
  -0.0229357   -0.0229906    0.0234465   -0.0553065
 -0.00498445    0.0718141   0.00434684    -0.078242
   0.0355371    -0.147838   -0.0556206   -0.0369653
  -0.0335641    -0.112327   -0.0326784    0.0125774
  -0.0430904    0.0191053   -0.0676807    0.0098453
  -0.0264009   -0.0288807   -0.0131306   -0.0738875
   -0.047918   -0.0028541     0.121108    0.0979008
  -0.0590428    -0.131404   -0.0690083    0.0511158
   0.0540067     0.170222     0.133687    0.0432131
   -0.100119    -0.134061    0.0388172    0.0227504
   0.0573589     0.075541     0.100303     0.111577
    0.112999     0.078869    0.0110464     0.108692
   0.0867234    0.0254767   -0.0256804    0.0301066
    0.055388     0.052393    0.0538345   -0.0588922
 -0.00606156  -0.00813057    0.0786264    -0.160485
     0.06638    0.0919091    0.0171317    -0.126887
   0.0236686  -0.00321905    0.0278127    0.0431499
  -0.0404705   -0.0364923  -0.00240857    0.0248095
   0.0768487     0.113497   -0.0180631  -0.00737029
 0.000960309  -0.00323835    0.0831096    -0.022173
   0.0195732   0.00758046    0.0704425  -0.00184106
    0.125476   -0.0787538     0.028188    -0.084965
    0.113318   -0.0848014    -0.129471    0.0499632
    0.105152   -0.0964359    0.0554345   -0.0357308
  0.00697565    0.0709564  -0.00822146    0.0774654
    0.155064   -0.0365613  0.000576723    0.0877531
   0.0742755    -0.116932    0.0195063    0.0901053
  -0.0478051    0.0844865    0.0681562   -0.0421041
  -0.0581269    -0.117121   -0.0388422    0.0922371
   -0.127401    -0.102265  -0.00113602    -0.101107
  -0.0688893    0.0479131    0.0543853   -0.0874009
  0.00153198    -0.037155   -0.0781411   -0.0339874
   0.0204118    0.0804815    0.0328335    -0.019458
   0.0396521    0.0476228  -0.00241766   -0.0334931
  -0.0137911    -0.127018    0.0663751   -0.0283607
   0.0282896    -0.189122    0.0367346    0.0581074
   -0.119576   -0.0630643     0.150943    -0.030953
 -0.00317064      0.10769   -0.0440616   -0.0411411
   0.0100405    0.0425315    0.0408233  -0.00479644
  0.00476285   -0.0364834    0.0301943    0.0943687
 -0.00654589  -0.00340758   -0.0570421   -0.0298822
   0.0718907   -0.0397501     0.108393   -0.0240307
   0.0353605    -0.089108    -0.151677    0.0375066
   0.0439198     0.106491   -0.0204345   -0.0514744
  -0.0773427    -0.012727     0.113938   -0.0348068
   0.0249859    0.0558596   -0.0396054    0.0032796
    -0.02389   -0.0264814   -0.0182959    0.0164821
   0.0146508     0.137837     0.201142    0.0718222
    0.168814   -0.0961754    0.0887067     0.159399
    0.104383    -0.122147   -0.0772632     0.232079
  -0.0240515    0.0820005    0.0450975   -0.0505039
 -0.00528732    0.0312005    0.0537659 -0.000496399
   0.0307503     0.046782    -0.114756     0.147271
  -0.0629853   -0.0513216    0.0733949   0.00354759
   0.0529418   -0.0779208   -0.0358299    0.0496782
     0.14729       0.1272    0.0157287   -0.0640549
   0.0281774   -0.0843774  -0.00325677    0.0699516
   0.0319159    -0.024375   -0.0943463   -0.0134559
   0.0280138    0.0599832   -0.0179258     0.021644
   0.0493791     0.103641   -0.0399028    0.0680577
     0.03365     0.112082     0.121762    -0.113161
   0.0233742    -0.109725    0.0124956     0.102612
   0.0345001    0.0397021    0.0743649    0.0758099
  -0.0578589   -0.0252209    0.0785651     0.198902
 -0.00375061      0.18247    0.0948223    -0.138154
    0.100919    0.0172746     0.118258   -0.0369233
   0.0887224     0.185343    0.0314021   -0.0153777
   0.0194968     0.101595    0.0077098   -0.0183618
  -0.0645977    0.0166575   -0.0658387   0.00400132
  -0.0603489    -0.107778     0.033348   -0.0892471
    0.100779   -0.0819124    0.0580834    0.0769081
   0.0674946  -0.00318606   -0.0133508     0.173113
   0.0100489    0.0587485  -0.00849394   -0.0178189
  -0.0188545    -0.127469    0.0037986    0.0282592
    0.235997    0.0752945     0.056775   -0.0232796
  0.00900228     0.116681    0.0523359     0.105212
   0.0681363  -0.00272673    0.0542209   -0.0158671
   0.0908259    0.0308222     0.161737      0.11752
  -0.0654573    0.0733344   -0.0262758    0.0464889
  -0.0158256  -0.00154259    0.0539631   -0.0069174
   -0.065449   0.00496574   0.00544301   -0.0321344
   -0.117861    -0.124894   -0.0086522   -0.0183222
    0.139488     0.208271     0.031429     0.117248
   0.0179816    0.0716296     0.136091  -0.00968324
   0.0447992   -0.0767207    0.0804637     0.126354
   -0.117308     0.247742     0.060156   0.00116828
   0.0161577      0.11031   -0.0167412   -0.0452308
  -0.0216806    0.0567249    -0.083669     0.135035
  -0.0211149   -0.0317676   -0.0818128    0.0149338
 -0.00141137    -0.166155  -0.00279056    0.0932238
  -0.0692538    -0.015018    0.0314391   -0.0424191
   0.0152016   -0.0853807   -0.0587528   -0.0403237
   -0.092737    -0.109444   -0.0234308     0.084779
  -0.0374536    0.0185578     0.042951     -0.15557
   0.0193632    0.0644569   -0.0122155    -0.111463
   -0.101403    -0.144245    0.0883436   0.00218307
    0.118137     0.105243    0.0664269  0.000678073
   0.0232884   -0.0215351   -0.0687588     0.113958
   0.0444519    0.0496762    0.0252533    0.0295834
  -0.0413604   -0.0468522    0.0969915   -0.0728387
  -0.0933161    0.0618186    0.0452936    -0.111119
   0.0782261     0.100627   -0.0105488   -0.0123545
    0.053163   -0.0526258    0.0231506   -0.0669062
   0.0616372    0.0339439      0.07494     -0.01001
    0.106395   -0.0636082   -0.0631565   -0.0152343
  -0.0291491   -0.0624261   -0.0334592   -0.0140071
   -0.118328    0.0657287    0.0871956    -0.021768
   0.0082581    -0.117127    0.0335637    0.0145753
   0.0443824     0.072339   0.00946816  -0.00189535
   -0.077063   -0.0108798    0.0299532   -0.0190423
  -0.0664708    -0.145086     0.109219    -0.135714
   -0.047901    -0.127028   -0.0933817    0.0400588
   0.0811056     0.117765   -0.0216193   0.00988988
    0.130223    0.0339319   -0.0845285    0.0307351
   0.0583447    -0.157916   -0.0167533     0.158507
   -0.036781    0.0468331  -0.00818499   -0.0978489
    0.231615    0.0673241    0.0962336    0.0756014
  -0.0110227   -0.0579209   0.00758541     0.104407
  -0.0588774    0.0342715    0.0728046    0.0445441
  -0.0657586      -0.0472   0.00237388    0.0236129
   0.0358406   -0.0482253   -0.0225276     0.152813
    0.229861    0.0748897    0.0245329   -0.0454175
   0.0244065   -0.0239033    0.0564639   0.00152548
    0.123474    0.0944184   -0.0613273    0.0981266
  -0.0997779   -0.0909922   -0.0878183   -0.0327159
   -0.157411     0.133024    0.0174616   -0.0628001
  -0.0287934    0.0209532    0.0995693  -0.00340934
  -0.0362454    0.0358343  -0.00146491    0.0862165
    0.121468    0.0286546   -0.0259377    -0.074447
    0.138114    0.0567358    0.0222675     0.122418
    -0.16329   -0.0712408     0.127161   -0.0863585
   0.0166673     0.245095    0.0780404    -0.102037
    0.109177     0.124054     0.108331   -0.0883911
   0.0521467   -0.0323462    0.0318578   -0.0896852
   0.0724366   -0.0480059   -0.0327656    0.0268295
  -0.0304167    -0.103164    -0.111838    0.0987893
    0.107694   -0.0417023    0.0849058   -0.0221061
  -0.0516951   -0.0585762   -0.0510506     0.106259
    0.133855    0.0115471   0.00828909   -0.0337707
   0.0671849     0.100554    0.0531483    0.0364401
  0.00787393   -0.0326199   -0.0663933   -0.0770357
  -0.0455944     0.115992    0.0669413   -0.0602207
  -0.0415198     0.049636     0.154602    0.0687521
  -0.0332803   -0.0988948  -0.00781286    0.0157336
   0.0412115     0.129663    0.0880492   -0.0623643
  -0.0599743    0.0529179    0.0590777    0.0722351
  -0.0416044    0.0125784    0.0256572    0.0435284
  0.00212796     0.142801     0.144739    -0.118623
    0.177008     0.257324    0.0112509   0.00121636
  -0.0480974   -0.0197097  -0.00214352     0.086616
 0.000123825   -0.0360214    0.0323946     0.101445
  -0.0598177    0.0160807    0.0567057     0.007629
   -0.117102      0.12545    0.0377906   -0.0493217
  -0.0239196     0.070984    0.0450032    0.0212634
  -0.0986035    0.0156256     0.101964    0.0066653
  -0.0806401   -0.0484301     0.155154   -0.0550365
 0.000279216    0.0812008     0.110236    0.0292039
  -0.0152976    -0.118543    0.0013613    0.0533407
  -0.0799778    0.0692253     0.109375    0.0440625
   0.0247546     0.193133   -0.0527239    0.0397621
  -0.0360104    0.0893443    0.0379877   -0.0105301
   0.0333005  -0.00448876    0.0448432   -0.0403352
   0.0101301     0.102573     0.103109   -0.0463734
   0.0541354   -0.0213525   -0.0149691     0.132378
   0.0559559  -0.00550127    0.0277012    0.0160467
  -0.0400927   -0.0265556    -0.016788  -0.00802167
   0.0879309   -0.0829571    0.0225595  -0.00929923
  -0.0360602    0.0426679    -0.051806   -0.0389523
-0.000765212    0.0875369   -0.0238558    0.0385814
 -0.00913111     0.180479     0.114958   -0.0138092
   -0.116509   -0.0609283     0.143648    -0.114843
 -0.00570451   -0.0486651    0.0121565  -0.00488874
   0.0690815    -0.108049    -0.046357   -0.0422461
  0.00899673    0.0324016   0.00708631   -0.0107819
   0.0616099   -0.0368189    0.0225552   -0.0632991
  -0.0468388     0.127968   -0.0356692   -0.0308236
 -0.00835547    -0.114779    0.0504198      0.02276
   0.0102609   -0.0525687     0.155496   -0.0655342
  -0.0266903    0.0534139    0.0424177   -0.0540362
   0.0014118    0.0861546    0.0713645    -0.116789
    0.114753   -0.0480842    0.0989668    0.0400985
    0.022438    -0.166064    0.0850335  -0.00520939
   0.0835574    -0.130931    0.0484274    0.0734599
  -0.0300955     -0.12927   -0.0301966    0.0289011
   0.0418823     0.217807     0.170402   -0.0504685
  0.00959172     0.103825    0.0290284    0.0761325
   -0.084812   -0.0644279   -0.0669321   -0.0486024
   0.0394541   -0.0391695    0.0504464     0.098689
  -0.0122849   -0.0977964     0.174179  -0.00189282
    0.108238  -0.00454621   -0.0462601   -0.0197129
 -0.00840632   -0.0304097    0.0910461    0.0379417
  -0.0222637   0.00566652  -0.00174122   -0.0197448
 -0.00629113    0.0699998   -0.0816835    -0.105747
  -0.0298461     0.162403      0.10845  -0.00335494
  -0.0449508      0.06243    0.0225464  -0.00520734
  -0.0588403   -0.0252498    0.0847444   -0.0210476
  -0.0708863    -0.175584   -0.0229807    0.0230915
  -0.0217818   0.00655927     0.124264   -0.0560196
    0.026409     0.106802    0.0565146    0.0231582
    0.167194     0.112054    -0.101258     0.105549
  -0.0560263    0.0873307     0.062559   -0.0633045
 -0.00870832    0.0307986    0.0163513    0.0031342
  -0.0464487    -0.023987    0.0933295  -0.00412766
   0.0880512    -0.135216     0.039424     0.063966
  -0.0816721    0.0481433     0.092081   -0.0666942
  -0.0373739      -0.1089     0.121265    0.0306487
   0.0561632   -0.0463321    0.0435847    0.0188187
   0.0200156     0.203939    0.0119758     0.101871
  0.00570448    -0.140013  -0.00202357    0.0463943