   0.0444543    0.0874266  -0.00472125    0.0323849
  -0.0233005    0.0871402  -0.00350447    0.0725475
  -0.0437185   -0.0353414   0.00173106   -0.0336548
  -0.0382705    0.0551415    0.0211648   -0.0420845
  -0.0282354   -0.0145023    0.0190718    0.0341139
  -0.0453816   0.00497265    0.0572686    0.0989595
  -0.0184114   -0.0292639    0.0710625    0.0249468
   -0.086725    0.0930101    0.0904382     0.138743
   0.0514887    0.0742781    -0.027741     0.055579
    0.115123   -0.0147558    0.0113853    -0.105783
   0.0018304    0.0200673   -0.0628559   0.00310865
   -0.027484    0.0230528   -0.0529086    0.0543684
   0.0196898    0.0440765   -0.0087223     0.077021
   0.0473648  0.000261826    -0.040741   -0.0509148
    0.033715    0.0503903  -0.00857136    0.0543167
  -0.0342372   -0.0188993   -0.0102139   0.00846058
   0.0840099    0.0420684    0.0367327   -0.0637405
  -0.0221961  -0.00952704   -0.0163984   -0.0266299
  -0.0025969   -0.0158879  -0.00416971   -0.0106993
  -0.0358385   -0.0210061     0.114315     0.063321
 -0.00379933   -0.0041836   0.00526222    0.0257275
  -0.0616744    0.0432653    0.0530618    0.0823743
   0.0407704    0.0158568    0.0107826     0.078375
   0.0295755    0.0438847   -0.0574891    0.0494219
  -0.0142683   -0.0371429   0.00373044   0.00813864
   0.0501164    -0.049928   -0.0913241    0.0148271
   0.0465888     0.041999    0.0906874   -0.0364008
   0.0145661     0.028259    0.0844103    0.0466668
   0.0786214   -0.0658825    -0.032467  -0.00115383
  -0.0424061   -0.0492327    0.0323448    0.0160916
  -0.0303028    0.0522988    0.0397353  -0.00717775
   0.0350408   -0.0523043    0.0114964   -0.0550316
  0.00714425   -0.0443533    0.0840452    0.0296003
   0.0309968   -0.0750673   -0.0565137  -0.00160061
    0.070369   -0.0304314  -0.00522065    0.0037989
   0.0337905   -0.0536052   -0.0714538   -0.0716691
   0.0727452    -0.017645    0.0504521   -0.0355605
  -0.0017255  -0.00199508  0.000211107    0.0899487
   0.0222884    0.0926062     0.106641   0.00404328
   0.0570125  -0.00336302   -0.0351676   -0.0746911
  -0.0258206    0.0509826   -0.0440466   -0.0320939
  -0.0393422    0.0489859  -0.00811039     0.082793
   0.0598092  -0.00144863     0.025811     0.109534
   0.0739045   -0.0158895   -0.0254854    0.0534851
   0.0496506   -0.0512195   -0.0523865    0.0396507
   0.0453393    0.0446333   0.00440135   0.00775693
  -0.0267703    0.0884951    0.0859643    0.0398388
   0.0849185 -0.000321683    0.0177598    0.0164548
   0.0430914     0.046885   -0.0241118   -0.0208082
 -0.00852677   -0.0636376      0.05905    0.0501728
   0.0825364    0.0236225    0.0129639   -0.0213342
  -0.0035062   -0.0889589    0.0014081     -0.13015
   0.0297829    0.0757509    0.0657359    0.0706994
   0.0257194   -0.0630289    0.0158746   -0.0295967
   -0.032378     0.069254    0.0572872    0.0448814
  -0.0376761    0.0937311   0.00516144    0.0385064
 -0.00741106    0.0131296     0.095583    0.0235491
   0.0984688    0.0485128     0.109218  -0.00734855
      0.0493   -0.0381541    0.0403587    0.0375394
  -0.0299597    0.0526899    0.0291166     0.124531
  -0.0497773  0.000310583   -0.0110316  -0.00357701
  -0.0289586    -0.003237     0.104245    0.0344293
  -0.0718912    0.0438026    0.0575939     -0.05515
   0.0131395   0.00877038   -0.0394056    -0.030627
    0.023092   -0.0521578    0.0564134    -0.081439
  -0.0603377    0.0667133   -0.0348753    0.0413333
  -0.0545148    0.0885649    0.0467792    0.0676367
 -1.5586e-05    0.0208722    0.0519141   -0.0119759
  0.00766764   -0.0353925   0.00933437    0.0377679
  -0.0736873    0.0770238    0.0372098    0.0729919
   -0.029014   -0.0392739    0.0833184    0.0194043
   0.0289767   -0.0720873   -0.0135297   -0.0152378
 -0.00648744   -0.0221879   0.00216173   -0.0394745
  -0.0493266   -0.0497963   -0.0817745   -0.0326468
   0.0303396    0.0401801    0.0588286    0.0318041
  -0.0181496   -0.0327414  -0.00951713   -0.0872027
   0.0379608    0.0808251    0.0111829     0.070457
   0.0245376   -0.0146924   -0.0117345   0.00674133
  -0.0284349    0.0909667  -0.00593308   -0.0392677
  0.00795253    0.0724429     0.039293  -0.00816429
  -0.0127538    0.0394002    0.0377636   -0.0219092
   -0.045022    0.0469369    0.0768499     0.052421
  -0.0305838    0.0715171  -0.00973702   -0.0420141
   -0.080678   -0.0200295   -0.0441464    0.0651546
   0.0573839    0.0413983    0.0339568   -0.0579596
  0.00980927    0.0570056   -0.0131338   -0.0342785
  -0.0245436   -0.0490681   -0.0586091   -0.0760135
  -0.0330186    0.0108098    0.0691691    0.0480125
  -0.0196845    -0.018367    0.0587975   -0.0624955
  -0.0762892    0.0371447   0.00183564   0.00773774
 0.000225791    0.0786648    0.0709714    0.0236913
 -0.00302438    0.0511792   -0.0471246    0.0488333
  -0.0481109    0.0192648    0.0638599 -0.000815464
   0.0192518    0.0294654    0.0600178    0.0523079
  -0.0656554   0.00610834  -0.00848707   -0.0470995
   0.0476944    0.0157122   0.00342849   -0.0339703
   0.0145268   0.00017812    0.0360092   -0.0503343
  -0.0400374    -0.064212    0.0137378   -0.0266453
  -0.0662931   -0.0269962   -0.0110549    0.0593702
  -0.0539559    0.0701235   0.00239304    0.0676753
 -0.00934274     0.110672    0.0247351    0.0174635
  0.00125703    0.0184603    0.0404254    0.0252104
   0.0755373    0.0909506    0.0883437    0.0296258
   0.0442168  -0.00538125    0.0426879  -0.00449834
  -0.0134766    0.0444546    0.0196928    0.0654525
 0.000156749  -0.00030751   -0.0178974   -0.0577974
   -0.043864    0.0418546   -0.0225967   -0.0183757
  -0.0449757    0.0404613    0.0763534    0.0824487
 -0.00663077    0.0039652    0.0108153    0.0650501
  -0.0377258    0.0322046   0.00697049    0.0128003
   0.0381411   0.00567773    0.0194986   -0.0361491
    0.031406    0.0141235    0.0036372   -0.0131427
   0.0327207   -0.0268796   -0.0606341   -0.0993205
   0.0587837   0.00561556    0.0791215    0.0141129
     0.06495  -0.00407952    0.0916836    0.0613702
  -0.0747188   -0.0497732    0.0446055  -0.00491896
 -0.00244286    0.0173312   0.00668502    0.0349989
  -0.0328868   -0.0100071   -0.0420016    0.0199425
   0.0163787   -0.0181347   -0.0101185    0.0141697
  -0.0146359    0.0468294    0.0690361    0.0476343
  -0.0485323    0.0109276   -0.0698372    0.0222535
   -0.054709  -0.00267966    0.0289813     0.130105
   0.0615689     0.027923    -0.042829    0.0361665
 -0.00841702   -0.0436776    0.0556324    0.0717049
    0.042529    0.0344594    0.0572825    0.0110127
    0.067198   -0.0648391   -0.0165053    0.0266305
  -0.0514847    0.0390155   -0.0164802   -0.0507652
  -0.0201009   -0.0144302     0.058198    0.0466119
  -0.0233949   0.00349015    0.0171651    0.0292009
  -0.0152154    0.0500441    0.0261559   -0.0872682
   0.0108488   -0.0193542     0.139327    0.0915072
  0.00578118   -0.0188223    0.0302569     0.032947
 -0.00686294   -0.0367549   -0.0909607   -0.0612621
   -0.016338   -0.0210735     0.110414    0.0218294
  0.00704477    0.0339876   -0.0339468    0.0539843
    0.016053    0.0459218   -0.0115275 -0.000831492
   0.0661386    0.0597668    0.0311174    0.0249262
   0.0123755  -0.00671462    -0.025142   -0.0709587
   0.0286566    0.0354191   0.00711531    0.0326589
    -0.04811    0.0466601   -0.0174421     0.040135
   0.0598405   -0.0686932    0.0401574    0.0228568
  0.00114835   -0.0502913    0.0546543    0.0182894
  -0.0650976    0.0259052   -0.0320087  -0.00655688
   -0.025822      0.02803  -0.00715365     0.102974
 -0.00409529    0.0051591    0.0291536    0.0659806
  -0.0318788    0.0585011    0.0836465    0.0659999
   0.0230046    0.0394291     0.102117   0.00333237
  0.00791074    0.0604751    0.0332033    0.0283908
  -0.0153486   -0.0646329    0.0568021   -0.0346377
   -0.018984   0.00149847    -0.053482   -0.0240991
    0.076412    0.0653362    0.0624128     0.018887
  -0.0053122    0.0526385   -0.0238794     0.125622
  -0.0261235    0.0717217   0.00746645    0.0351242
   0.0714281   -0.0303702     0.031219    -0.052972
   0.0412045    0.0464705    0.0581001    0.0872334
  -0.0544676  -0.00039734    -0.028688    0.0596834
   0.0388282   0.00438657   -0.0209879   -0.0396647
   0.0478406  -0.00325723   -0.0713221   -0.0552148
  -0.0146084    0.0324728    0.0568905    0.0157986
   0.0466417    0.0296612   0.00172466    0.0392374
   0.0844131    0.0088234    0.0596022   -0.0209503
   0.0535875      0.03638    0.0685614   -0.0583046
   0.0362308   -0.0643742    0.0548042   -0.0660173
   -0.022642    0.0715349     0.078735   -0.0194305
  -0.0321319    0.0682457    0.0767358     0.022359
  -0.0590674    0.0656661  -0.00530393     0.124195
  -0.0539766    0.0669341    0.0140241    0.0409891
   0.0707546  -0.00732195    0.0787021    0.0331629
    0.047154    0.0531254   -0.0272855   -0.0658406
   0.0785179   -0.0103474    0.0378826    0.0801983
 -0.00857218   -0.0828656   -0.0621677    -0.110847
   0.0352238    0.0937702   0.00530017    0.0790587
   0.0128501  -0.00494891  -0.00428082   -0.0223371
 -0.00544065    0.0768863    0.0592126    0.0887222
  -0.0318793    0.0140919    0.0124012    0.0432532
   0.0747437    0.0236493     0.028539   -0.0525099
-0.000166585    0.0288397    0.0111034    0.0513463
   0.0504367    0.0827081  -0.00939979    0.0624089
   0.0239442    0.0126389   0.00517947    0.0117954
   0.0315397    0.0559572    0.0327468   -0.0240805
   0.0610854   0.00827755   -0.0158393   -0.0637125
   0.0182794    -0.025866    0.0764685   -0.0303234
 -0.00192394   -0.0365194  -0.00781908    -0.101531
  -0.0685658    0.0187875    0.0751691     0.079928
   0.0091434    0.0210829    0.0415886  -0.00886232
  -0.0600866   -0.0304498  -0.00984164    0.0532108
  -0.0155961    0.0946011     0.124089     0.102441
  -0.0332673    0.0528354    0.0515096   0.00175407
   0.0239577  -0.00700296   -0.0675972   -0.0674049
    0.031057    0.0332159    0.0838858  -0.00833336
  -0.0312256    0.0415428   0.00301558   0.00998484
   0.0627198    -0.029428    -0.039817    0.0438786
   0.0102932    -0.045643    0.0190666   -0.0345872
   0.0276885    0.0453909 -0.000379134    0.0229023
   -0.056555    0.0667102    0.0628825    0.0421456
   0.0447725    0.0693832  -0.00870593  -0.00222478
   0.0749662    0.0193614    0.0108956     0.020493
   0.0113005     0.023631   -0.0376659    -0.033159
   0.0328902    -0.056362   -0.0693967   -0.0964726
   0.0509421  0.000857876    0.0573262    0.0147806
  0.00202096    0.0905611    0.0708214   -0.0100592
   0.0720069    0.0122181    0.0502195    0.0149011
   0.0134127    0.0143045    -0.039441   0.00440544
   0.0516989  -0.00889917     0.107424    0.0106496
 -0.00165511    0.0244424    0.0411977    0.0479073
   0.0239265  -0.00594324   -0.0982367    -0.148491
   0.0698306    0.0787743    0.0527848     0.018177
   0.0165932    0.0823169    0.0642024  -0.00227195
   0.0221599    0.0235564    0.0243134    0.0339291
 -0.00311342    0.0145846    0.0884324   -0.0503256
  0.00554261    0.0160954   -0.0292968   -0.0178057
   0.0140412   0.00485154     0.116994    -0.029499
   0.0746889     0.081153     0.125019    0.0147269
 0.000109316     0.028497   -0.0194409   -0.0830121
   0.0362348    0.0318764    0.0507311    0.0490378
  -0.0197383  -0.00171247    0.0361833    0.0343929
   0.0201794    0.0530982    0.0214604    -0.048289
   0.0431711     0.041106      0.11131     0.108101
   -0.012629    -0.049624   -0.0283765   -0.0873889
    0.031915    0.0131983    0.0592047    0.0146922
   0.0033008    0.0743738  -0.00528065    0.0103931
  0.00997851   -0.0753623    0.0302184   -0.0414034
   0.0095502    0.0277819    0.0624422    0.0690099
  -0.0388932   -0.0509559    0.0707983     0.051845
  -0.0381953    0.0542468   -0.0393925   -0.0407346
   0.0412801    0.0417203     0.075709    0.0552389
    0.019816    0.0247186    -0.084449   -0.0851889
   0.0817712   -0.0247957   0.00873627    0.0103991
  -0.0222218   -0.0132209    0.0957803     0.081027
  -0.0300268   -0.0584112   -0.0310638   -0.0310482
   0.0412981    0.0374098   -0.0278665   -0.0188419
   0.0131909   -0.0262244    0.0169057   -0.0778658
  -0.0228248    0.0305327   -0.0462486    0.0493442
  -0.0526871    0.0273221    0.0692187     0.140588
   0.0246215  -0.00335735    0.0288775   -0.0249888
   0.0283189     0.115199    0.0330022    0.0430269
   0.0607704    0.0847675    0.0488573    0.0695661
  -0.0189995   -0.0254241   -0.0439717    0.0537998
  -0.0141459     0.036334    0.0558654   -0.0381409
   -0.030394   0.00802618    0.0783609    0.0327302
   0.0490674    0.0497501    -0.035979    0.0497714
 0.000906035   -0.0627633   0.00406748   -0.0643603
 -0.00523467    0.0527255    0.0786303    0.0901881
     0.05531   -0.0185031    -0.079407    0.0278071
  -0.0290866   -0.0602312 -0.000911062    0.0283899
  -0.0476919   -0.0310728   -0.0119613  -0.00334327
   -0.039311    0.0773234    0.0560587    0.0356512
   0.0694266    0.0943381   -0.0466501    0.0305629
  -0.0706071    0.0716186     0.118526    0.0875596
   0.0128159   -0.0292158     0.130553    0.0446545
   0.0104128     0.020711    0.0848733   -0.0353835
  0.00362867    0.0235924   -0.0285722   -0.0351148
    0.070517   -0.0502488    0.0359772   -0.0312232
  -0.0251874    0.0106675      0.10495    0.0861395
   0.0120256    0.0441655   -0.0309808    0.0736422
  -0.0741539    0.0733181    0.0765144    0.0134809
   0.0732943    0.0392469    0.0140366 -0.000667871
  0.00753544    0.0506354    0.0348942  -0.00601892
  -0.0461891   -0.0723991    -0.033032    0.0315841
  -0.0622912    -0.030301     0.040656    0.0342515
   0.0344235     0.080389     0.102506    0.0369065
   0.0234632     0.100284    0.0757662    0.0133716
  0.00430224   -0.0437115   -0.0565803    0.0128465
   0.0887679    0.0007393    0.0380172   -0.0488722
   0.0693109    0.0692525    0.0578842    0.0610075
  -0.0301457    0.0207694    0.0429628    0.0610218
  0.00160018    -0.013165    0.0689818  -0.00402086
   0.0678547    0.0411966  -0.00494898     0.048709
   0.0410788    0.0392316    0.0512274 -0.000824754
 0.000266379  -0.00845249    0.0926809     0.137675
   0.0804865   -0.0126332   0.00800849   0.00548046
 0.000984819    0.0295084    0.0570507  -0.00494563
 -0.00936756   -0.0253118    0.0209373   -0.0567516
  -0.0134626    -0.037446   -0.0202671  -0.00592263
   -0.061352   -0.0469467    0.0511556  -0.00398075
   0.0304823  -0.00586754   -0.0275719   -0.0379877
   0.0243059  -0.00536088    0.0429574    0.0276973
  -0.0339678     0.056548  -0.00458058    0.0678871
 -0.00255192    0.0117852   -0.0110395    0.0709902
   0.0149143   -0.0994441    -0.060238   -0.0833848
   0.0642952     0.105169      0.04304      0.05266
  -0.0607062    0.0624519   -0.0292837    0.0448226
   -0.042633    0.0274329    0.0522274   0.00451387
   0.0656961   -0.0322857    0.0079978    0.0894164
  -0.0280918   -0.0312384   -0.0348995    0.0636104
   0.0506683   -0.0332397     0.031287    -0.063144
   0.0565744     0.101501     0.120557   -0.0173645
  -0.0396441   -0.0542441    0.0512698    0.0235404
  -0.0529379    0.0692176   -0.0248561   0.00131021
   0.0658028    0.0618262   -0.0602387    0.0395651
  -0.0120055   -0.0223653   0.00490553     0.109003
   0.0287436    0.0624476    0.0862038    0.0877569
   0.0218654    0.0444482    0.0434353    -0.029794
    0.058539    -0.020905   -0.0190123    0.0146543
   0.0501853   -0.0188323    0.0419837    0.0677947
   0.0017302    0.0561789    0.0537009   -0.0248275
  -0.0319775    0.0541397    0.0775879  -0.00196064
  -0.0537137    0.0393207    0.0310383    0.0134697
  -0.0408454    0.0520616     0.117851     0.120102
   0.0345143    0.0172929    0.0329007    0.0648207
   0.0543298    0.0717287    0.0230559  -0.00703103
  -0.0377699    0.0550161  -0.00676704    0.0239104
  -0.0149793     0.013695    0.0893265    0.0526863
   -0.034787   -0.0161124   -0.0260401    0.0712094
   0.0426596    0.0724492    0.0441694    0.0277793
 -0.00496763    -0.015245 -5.75316e-05    0.0669492
   0.0660979    0.0266021   -0.0104101    0.0449092
  -0.0248943   -0.0366453   -0.0681746   -0.0622605
   0.0345163   -0.0467868    0.0363123    0.0138899
-2.89227e-05   -0.0490068   0.00449991   -0.0121058
    0.070436   -0.0377241    0.0216139   -0.0332973
  -0.0157415   -0.0111763    -0.018088    0.0216751
  -0.0323206  -0.00159018     0.110933     0.102595
  -0.0223428    0.0705742   0.00144811    0.0491565
  -0.0187115   -0.0235079   -0.0265204     0.066025
  0.00595764  -0.00474214     0.075594    0.0166841
  -0.0372231   -0.0646106   -0.0481888    -0.101983
  -0.0450218   -0.0211753   -0.0140906     0.109309
   0.0217916    0.0201389    0.0607917     0.110576
  -0.0512736   -0.0402177   -0.0297882   -0.0114421
   0.0975246   -0.0200166    0.0176479    0.0921726
   0.0515012    0.0532623     0.107228     0.128944
   0.0578565    0.0623772   -0.0429832    0.0513692
   0.0289698    0.0668743    0.0859156   -0.0421604
    0.056082    0.0639412   -0.0079575    0.0130581
   0.0364407   -0.0219879    0.0563011    0.0408192
  -0.0150293    0.0431612    0.0507423   0.00153323
  -0.0543421    0.0183168   -0.0486503    0.0439694
   0.0776784     0.124893    0.0754847   0.00548194
   0.0192253   -0.0351577    0.0125244   -0.0114877
   0.0778536  -0.00835713     0.104612    0.0530479
   0.0280184    0.0276298    0.0273529  -0.00483106
   0.0492588   -0.0823329    0.0371306    0.0108806
  -0.0120978   -0.0112024   -0.0308742   -0.0656255
   0.0726601    0.0721349     0.079394     0.014231
  0.00708284    0.0847492 -0.000573356   -0.0011091
   0.0187985     0.071459    0.0658777    0.0892013
   0.0345239    0.0520822    0.0134731    0.0206413
   0.0470566   -0.0321886   -0.0111307    0.0166625
    0.012388   -0.0395219     0.022416    0.0109438
   -0.062005    0.0757548   -0.0421401   0.00981679
   0.0826368   0.00521772    0.0987406    0.0379864
   0.0573546   0.00547654    0.0447917    0.0769987
  -0.0233825   -0.0188778   -0.0161951    0.0244426
  -0.0599118 -0.000759951   -0.0201383    0.0303322
  -0.0151544     0.018857    0.0653026      0.05494
   -0.063867    0.0203788   -0.0398734    0.0527357
  -0.0449485    0.0302289   0.00198746     0.034021
  -0.0212915     0.049124    0.0720246    0.0492598
   0.0372078      0.10067    0.0721609    0.0568936
  -0.0302177    0.0192874   0.00862346    -0.135415
 -0.00100125    0.0474427   -0.0427944    0.0108114
  -0.0498899     0.020595    0.0445588    0.0863825
  -0.0625054    0.0402027    0.0572547   -0.0728731
   0.0866348    0.0704448  -0.00605282    0.0873703
 -0.00468308   -0.0403344    0.0191489    0.0486461
   0.0120594   -0.0397126    0.0708739     0.111179
  -0.0322016    0.0133603    0.0389695   -0.0621042
   0.0328097    0.0382343    0.0204733    0.0380701
  -0.0131482   -0.0487907    0.0979183   -0.0109844
   0.0515298     0.012976    0.0732185   -0.0258451
  0.00704485    0.0768301    0.0247557    0.0185677
   0.0754663    0.0442143    0.0395125    0.0460207
   0.0343379    0.0318311    0.0758902  -0.00351289
   0.0436183   -0.0184684    0.0412017   -0.0062574
   0.0234649    0.0626504    0.0519223    0.0564324
  -0.0762365    0.0147572   -0.0714987  -0.00824439
 -0.00311776   -0.0641887   -0.0145479   -0.0399652
 -0.00174559   -0.0438932    0.0271032 -0.000832822
   0.0673952     0.034064    0.0108487    0.0709428
   0.0989626    0.0260164   0.00462772       0.1241
  -0.0141877   -0.0369215    0.0349806   -0.0426158
   0.0525721   -0.0362157   -0.0172676     0.033035
   0.0653378    0.0366849    0.0422248    0.0426412
   0.0436726   -0.0219691    0.0498415   -0.0561754
   0.0415237    0.0282009    0.0274333   0.00558805
    -0.02508    -0.037039  -0.00447981   -0.0295076
   0.0277854    0.0592822    0.0320321    0.0321179
   0.0320795    0.0345218   0.00327335    0.0374942
    0.015764    0.0828853    0.0168942   -0.0302789
 -0.00357521    0.0811787    0.0443749    0.0186477
   0.0953209   -0.0139927    0.0782852  -0.00226323
   0.0733826    0.0607995    0.0391073    0.0704386
  -0.0487399   -0.0436086    0.0561052   -0.0696454
  -0.0548789    0.0486959  8.61953e-05   -0.0579018
    0.070129    0.0378537    0.0625544    0.0465001
    0.034715    0.0490387    0.0808175    0.0350014
   0.0498896   0.00864602    0.0583032      0.07296
  -0.0459982   -0.0206137    -0.122507   -0.0951292
  -0.0232373   -0.0661833   -0.0354523   -0.0112742
  -0.0722897   -0.0499626   -0.0302281    0.0304344
   0.0568446   -0.0181313   -0.0181871    0.0823928
    0.023108  -0.00971904     0.101285    0.0278246
   0.0351759    0.0556015    0.0815758    0.0343843
  0.00937398    0.0716461    0.0583293    0.0570314
 -0.00601381   -0.0142843    0.0185667    0.0504946
    0.028899    0.0270799    0.0274667    0.0834685
   0.0331475  -0.00357273     0.059879  -0.00983457
  -0.0367037    0.0354668   -0.0190032   -0.0220459
  -0.0608883    0.0594303   -0.0189486    0.0342957
  0.00930047   -0.0253975    0.0136098  -0.00462029
   0.0773679    0.0360393   -0.0802505   -0.0600769
  -0.0174505   -0.0332172   -0.0422131     0.054176
  -0.0251907   -0.0127688    0.0189945   -0.0789363
    0.041578    0.0062243    0.0422679    0.0953506
  -0.0320165    0.0133334    0.0551005   -0.0454204
   -0.047942   -0.0652826   -0.0230026   -0.0119668
  -0.0567962    0.0380761   -0.0106894    0.0260616
  -0.0311935   -0.0100638    0.0488114   -0.0620011
   0.0886232 -0.000198579   0.00731172    0.0665719
   0.0119442    0.0283438    0.0279915     0.041886
  0.00935824   -0.0397525   -0.0258927    0.0149319
   0.0432956   -0.0219126   -0.0819053   -0.0539214
   0.0466516    0.0079617   0.00194384     0.010611
   0.0214286    0.0165394   -0.0159507    0.0415631
   0.0726721    0.0105643    0.0483881    0.0489837
 -0.00375564   -0.0533682    0.0720626   -0.0415633
  -0.0365665    0.0802663    0.0699224    0.0981992
   0.0307098   0.00791445   -0.0514411   -0.0609194
   0.0609961    0.0790897   0.00604159    0.0611088
  -0.0197343   -0.0698131   -0.0553203    0.0169096
   0.0155432    0.0397025   0.00928935    0.0531091
   0.0364071   -0.0126707   0.00225283    0.0467718
   0.0231587   -0.0557144    0.0223814   -0.0642619
   0.0262436   0.00945763  -0.00767009    0.0210519
  -0.0215322   -0.0254651    -0.030206    0.0301729
  -0.0444386  -0.00118482   -0.0261265    0.0505679
  -0.0370142    0.0677689    0.0218096   -0.0248353
   0.0598079    0.0680385  -0.00578259    -0.023366
  -0.0110733      0.10191    0.0357796   -0.0342302
  -0.0261695    0.0243972    0.0242918    0.0398805
   0.0064848    0.0695813   0.00640501     -0.02304
 -0.00375313    0.0152455   -0.0254102    -0.093719
   0.0309937    0.0633109    0.0563894    0.0415822
   0.0755177   -0.0257294   -0.0609222    -0.053671
  -0.0285157   -0.0187719   -0.0270913    -0.069622
   0.0638155    0.0379845     0.121628     0.124357
  -0.0457461   -0.0142286   -0.0108571    0.0517088
  0.00484385   -0.0239671    0.0568586    0.0315695
  -0.0431053     0.109688     0.108122     0.138514
  -0.0562111   0.00597219  -0.00232073   -0.0218425
  -0.0174032    0.0769051   0.00777587   -0.0102187
   0.0101499   -0.0153081   -0.0372639     0.024058
   0.0724676   -0.0326017    0.0519861    0.0606382
    0.023955 -0.000182544     0.040736       0.1035
 -0.00139708    0.0583891   0.00801706  -0.00156193
    0.092881     0.026918    0.0267781    0.0295264
   0.0425905   -0.0131924    0.0314645   -0.0715392
  -0.0121688    0.0399287   -0.0437355   0.00131555
  0.00671145   -0.0735794   -0.0213898    0.0204071
  -0.0513101    0.0259948      0.10182     0.120319
   0.0731293    0.0492918   -0.0121678   -0.0288795
  -0.0349207    0.0797955     0.134738      0.13792
   0.0640909   0.00635891   -0.0481759    0.0503259
   0.0164238    0.0491872    0.0727461   -0.0174784
   0.0525791   -0.0547825    0.0644397   0.00854204
  -0.0223337    0.0553591  -0.00597471   -0.0128834
  -0.0479376   -0.0592933   -0.0442204    0.0993536
  -0.0891578     0.110166    0.0724067      0.13811
    -0.05619    0.0559641    0.0712005      0.08766
  -0.0125336   -0.0889049   -0.0256538    0.0175125
  -0.0215087    0.0316678   -0.0225467    0.0321063
      0.0358    0.0344429  -0.00929989     0.124107
   0.0796537    0.0789469     0.104844   -0.0408372
  -0.0664237    0.0518035  -0.00505159    0.0326888
   0.0468273    0.0777435  -0.00966995   -0.0117602
  -0.0576665   -0.0454052   -0.0301742  -0.00992356
  -0.0657688   0.00889623   0.00572191    0.0759335
   0.0598821   -0.0113023     0.039225   -0.0216958
    0.024127  -0.00972783     0.071526    0.0871121
  -0.0462251   -0.0312264    0.0471587   -0.0212239
   0.0531991    0.0927099 -0.000489878    0.0856681
   0.0521077     0.103657    0.0876926    -0.022344
   0.0321622   -0.0058564    0.0708732   -0.0267457
   0.0497693   -0.0674601    0.0326799    0.0482522
   0.0199355    -0.018742    0.0102968   -0.0521906
  -0.0255543   -0.0393537   -0.0350862    -0.025766
  -0.0128021   -0.0139419   -0.0775549   -0.0468155
   0.0557982    0.0308859     0.079971   -0.0153437
   0.0261855    0.0477445   -0.0461931    0.0336687
  -0.0240803    0.0301733     0.032879   -0.0461545
  -0.0642392    0.0459109    0.0217171    -0.055749
  0.00308241   -0.0236263   -0.0616647    0.0404413
   0.0194829    0.0325655    0.0640364      0.04355
  -0.0586397   0.00139653    0.0523384    0.0636802
  -0.0116879   -0.0203799   -0.0392769   -0.0662909
  -0.0170133   -0.0504362   -0.0459867   -0.0474607
  -0.0311017    -0.025305   -0.0375732   -0.0381336
  -0.0107439   -0.0283773   -0.0332104    -0.059367
  0.00245817  -0.00339171    0.0796354   -0.0289851
  -0.0197302    0.0708603    0.0418931    0.0740351
   0.0687697     -0.02843    0.0200249   -0.0836553
   0.0545083   -0.0402461   -0.0027777    0.0740099
   -0.054484    0.0100086    0.0777233    0.0904493
   0.0471594   -0.0346861    0.0434812   -0.0288484
   0.0603549    0.0526047  -0.00189359   -0.0401889
   0.0620006   -0.0154046    0.0740803   -0.0376342
    -0.06097  -0.00117627    0.0755146    0.0425794
   0.0486604   -0.0448952    0.0156449    0.0320336
   0.0355685    0.0429112    0.0527798   0.00571242
   0.0165964     0.031425    0.0614948    0.0160922
   0.0358328   -0.0299125   0.00439888  -0.00608331
   0.0168616   0.00609453    0.0270871   -0.0382482
  -0.0342082    0.0258394    0.0272571    0.0525327
   0.0229438    0.0345089   -0.0232017  -0.00174274
  0.00730467    0.0426897    0.0290026   -0.0756908
   0.0264534    0.0484367    0.0810457    0.0667993
   0.0191809    0.0522676   -0.0122721    0.0786556
  -0.0255063   0.00770053   -0.0263469    0.0397067
     0.05384   -0.0386131    0.0223957    0.0148543
  0.00529833     0.054169    0.0385807    0.0471143
   0.0108882   -0.0588143    0.0136393   -0.0266377