   0.0894648    0.0207268      0.12248    0.0517937
  0.00339773    0.0480945   -0.0592892   -0.0200087
  -0.0403469   0.00322043   -0.0338856   -0.0346357
 -0.00831834    0.0279473   -0.0715599   -0.0428368
  -0.0804206   -0.0273689    0.0959509    0.0542356
    0.161274    0.0804784    -0.143093    -0.151454
     0.14453    0.0531241    0.0393123    0.0985357
  0.00488882    0.0317863    -0.173614    -0.168207
  -0.0354051    0.0548874    -0.121319    -0.141451
    0.114758    0.0434085    -0.109629   -0.0208511
  -0.0177989    0.0212003   -0.0769017   -0.0597968
   0.0410685   -0.0069084   -0.0631688   -0.0683834
    0.106978    0.0503134    0.0447559   -0.0609328
  -0.0338949     0.052598   -0.0576574    0.0698524
   0.0985466     0.104981    -0.175838    -0.133165
  -0.0633951    0.0462211   -0.0278715    0.0426498
  0.00558203    0.0490751    -0.072493    -0.123699
   0.0584984    0.0595388    0.0898912     0.049846
   0.0962984     0.121273    -0.188918    -0.243915
   0.0641619    0.0624382    0.0560886   -0.0550147
  -0.0482226   -0.0439361    0.0770478   -0.0167502
   -0.059618    0.0554865    0.0154433   -0.0669685
   0.0394467    0.0224205    0.0722696    -0.022732
    0.147735   -0.0106858   -0.0801565   -0.0642157
   -0.086396    0.0197794     0.171031    0.0978215
   0.0283523    0.0818384   -0.0116833   -0.0476718
  -0.0755876    -0.105544     0.273403     0.216945
   -0.151197   -0.0253676    0.0822779   -0.0489001
  0.00605622     0.100299   -0.0602449   -0.0718546
   -0.103071   0.00912948     0.343745      0.27794
   0.0271402   -0.0183166   -0.0180202   -0.0364157
   0.0801842    0.0347594    -0.133868   -0.0352207
  0.00812882    0.0760745    -0.128898    -0.202707
  -0.0906385   0.00502376   -0.0944929    -0.149522
   0.0188987  -0.00980782     -0.19912    -0.105087
   0.0992714    0.0470902    -0.176544   -0.0623762
   0.0779338   0.00910068     0.141533    0.0868053
    0.105215     0.145098     -0.19941    -0.212727
    0.374839    0.0992611    -0.386644    -0.242598
   0.0698353   -0.0258441  -0.00321679   -0.0384101
    0.170932     0.053929   -0.0311838    0.0342689
 -0.00801017  -0.00614987     0.194659     0.172763
  -0.0297008   -0.0242477     0.148234      0.19295
  -0.0779778    -0.062144  -0.00294204    0.0197335
   -0.115579  3.34662e-05    0.0423957    0.0144949
   0.0376438    -0.015051    0.0137677  -0.00645638
  -0.0353413   -0.0718104    0.0698773    0.0502681
 -0.00621696   -0.0073964   -0.0420817    -0.110441
   0.0696517    -0.024877   -0.0256498   -0.0251555
    0.107936   -0.0548513     0.023952     0.096689
  -0.0834989   -0.0182343     -0.13316    -0.191746
   0.0573654   -0.0329153    0.0333715   -0.0660093
  -0.0414912    0.0838588   -0.0101412    0.0208501
   0.0611388    0.0405677    0.0331238    0.0885085
  -0.0520883   -0.0438276    0.0473638    0.0226049
  -0.0621975    0.0217046     0.156122     0.105442
   -0.188601  -0.00584077     0.166628    0.0792591
   0.0828522    0.0543922      -0.2756    -0.241413
   0.0132399  -0.00399044   -0.0254736    0.0215879
   -0.150701   -0.0280146     0.111509    0.0555618
  -0.0666858   -0.0619042     0.248693     0.210551
    0.113808    0.0567063   -0.0167068    0.0206548
   0.0985155   -0.0142398   -0.0796334    -0.151081
   0.0616979   -0.0236532   0.00225974   -0.0389276
  -0.0891504  -0.00659098   -0.0372846    -0.027302
  -0.0629976   -0.0106502   -0.0299338   -0.0107045
 -0.00710854     0.013958     0.285824     0.242851
   0.0704767    0.0918002   -0.0649699    -0.144355
    0.100685    0.0567329     -0.18189    -0.152751
  -0.0984771    0.0413492   -0.0193269   -0.0126579
  0.00562748    0.0789387   -0.0613818    -0.123054
   0.0148032   -0.0582013    0.0126407    0.0929633
  -0.0989056    0.0255994    0.0725072    0.0668224
   -0.135593   -0.0404013     0.182872    0.0939847
   0.0730113   -0.0181692     0.108327    0.0395378
  -0.0603108   -0.0370387    0.0930025    0.0603302
   0.0641185    0.0669898    0.0571317   -0.0114056
   -0.105829   -0.0467939    0.0652974   -0.0097418
  -0.0219233    0.0160388   -0.0951296   -0.0736498
  -0.0223507   -0.0824006    0.0832843   -0.0265434
   0.0806113    0.0472889   -0.0254492    0.0134997
    -0.15708   -0.0152403     0.169307    0.0786658
   0.0424593   -0.0164909     0.048851   -0.0357201
  -0.0641707   -0.0209209     0.166918      0.12155
   0.0729242    0.0449298   -0.0587548   -0.0110361
   0.0467582    0.0605628    -0.131524    -0.065456
  -0.0201885   0.00760921     0.164753     0.126089
  -0.0594301    -0.028706    0.0186035     0.029527
    0.224416    0.0148351    -0.218426   -0.0998912
 -0.00929597     0.027045    0.0143921   -0.0663133
   0.0230463    0.0708852   -0.0759624   -0.0285939
   0.0898742   -0.0114063    0.0786591    0.0257258
  -0.0700094    -0.030012     0.306759     0.287333
   0.0522563   -0.0357988    0.0354714     0.015109
 -0.00994395    0.0528374    -0.157577    -0.156501
   0.0792007   -0.0330183    -0.109267   -0.0813106
   0.0935952    0.0239369  -0.00845434   0.00687101
  -0.0374665   -0.0502007      0.17083    0.0890132
    0.057189    0.0750758   -0.0956791   -0.0545125
   -0.101165    0.0537176    0.0190868   -0.0240933
   -0.132854   -0.0277786     0.111024    0.0146498
    0.123046    0.0797496    -0.141982   -0.0851582
    -0.17453    -0.125396       0.3235     0.299992
  -0.0921898   -0.0612466      0.11767    0.0387647
  -0.0959603   -0.0447385     0.193051     0.147381
  -0.0839057   -0.0579268     0.243045     0.171962
    0.158466     0.114151    -0.388804    -0.341916
  0.00179395   -0.0173485    0.0742745    -0.028809
  -0.0448863   -0.0130981     0.215059     0.249742
  -0.0460586   -0.0460902    0.0613421   -0.0194772
   -0.060342   -0.0595703    0.0297554   -0.0221863
  -0.0831005   -0.0417888     0.119782     0.119707
   0.0186565    -0.028678   -0.0770918   -0.0816156
   0.0964992  -0.00227273     0.068425    0.0627675
   0.0536652   -0.0826566    0.0714184     0.125608
  -0.0701961   -0.0225291     0.193603     0.184717
  -0.0602232    -0.028029    0.0299769    -0.096708
    0.146682     0.040556   -0.0793557    -0.148213
   0.0636967    -0.042401    0.0168065  -0.00708177
   -0.149226   -0.0994486     0.270092     0.168634
    0.120068  -0.00223312     0.170639     0.129096
  -0.0259182   -0.0945688     0.111455     0.100312
    -0.11233   -0.0261781     0.165506     0.105533
   0.0638233   -0.0349945   -0.0758343   -0.0116738
   0.0549316   -0.0521843   -0.0146065   -0.0373567
    0.114532   0.00671443    -0.134633   -0.0910001
  -0.0905173   -0.0715795   0.00910084     0.041654
   0.0718636    0.0325431    0.0745318    0.0894771
   0.0925335     0.040111   -0.0943882    0.0575184
  -0.0582607   -0.0368372    -0.231817    -0.248638
   0.0474979    0.0234479   -0.0951402    -0.098189
      0.0441   -0.0561264     0.197532     0.173165
   0.0279237     0.074509    -0.129048    -0.156582
   0.0852789    0.0520802    0.0527217  -0.00313304
   -0.133112   -0.0752406     0.145251    0.0334563
    0.149702  -0.00645109   -0.0784192     0.064504
   0.0564691    0.0978086   -0.0796088   -0.0288754
  -0.0895675    0.0485303     0.119734    -0.007687
   -0.179929   -0.0311595   -0.0761647    -0.208015
   0.0614432    0.0644539   -0.0463819    -0.103061
   0.0312882   -0.0630232    0.0729268    -0.020081
   0.0722458    0.0636237   -0.0186943   -0.0114091
  -0.0413147   -0.0484991     0.341252     0.307633
   0.0412281    -0.102085     0.202168     0.206496
   0.0918161    0.0244794    -0.236485    -0.182405
    0.104009  0.000127683    0.0695113    0.0155126
  -0.0677205  -0.00229287     0.157018     0.114195
   -0.043361   -0.0430928     0.150698    0.0637351
   0.0834438     0.075614   -0.0116289   -0.0359877
   -0.288334   -0.0444595     0.166748    0.0646891
   -0.121256   -0.0326072     0.274591     0.264495
   -0.018547   -0.0202482   0.00113871  -0.00266227
  -0.0591561   0.00859787     0.121745    0.0850114
  -0.0532689   -0.0500718   -0.0807185    -0.030339
  -0.0180603  -0.00909745    0.0310544     0.017935
    0.102883   -0.0195524   0.00795348     0.051014
   -0.021161   0.00139074     0.101309      0.04406
  0.00469177    0.0207852    0.0149369    -0.101054
   -0.103638  -0.00118636    0.0679266    0.0384874
   -0.119901   -0.0564828    0.0661133  0.000736813
    0.034553   0.00969714    0.0215831    0.0104254
   0.0708613   -0.0283851    0.0888691     0.103995
  0.00448346    0.0104144   -0.0736123   -0.0741928
 -0.00971796     0.018865  -0.00541263   -0.0222046
  -0.0171409   -0.0673172    0.0913268    0.0832883
    0.148748    0.0897716    0.0156392   -0.0838868
   0.0645158    0.0543349  -0.00196485  -0.00648722
   -0.172922    0.0396325     0.051869   -0.0888946
   0.0771898    0.0416258    0.0618424     0.026581
   -0.163844     -0.07864    0.0759238    0.0230761
   0.0841239    0.0637517   -0.0847172    -0.113205
   0.0974203    0.0438558     0.158616     0.174783
  -0.0483047   -0.0518777   -0.0919066   -0.0777368
   -0.124493   -0.0586056    0.0373757   -0.0337278
   -0.175285    0.0270268    -0.153792    -0.183233
   0.0854044   -0.0264328    0.0175667     0.054067
   0.0123144    0.0301779    0.0601473     0.132491
  -0.0041341    0.0373509   -0.0818327    -0.110646
  -0.0848233   -0.0476087     0.393936      0.33183
  -0.0157881    0.0262338    -0.141204   -0.0743539
   0.0194512   0.00191963    0.0373451   0.00448202
    0.033745  -0.00315873   -0.0256125   -0.0240858
   0.0304125      0.10231    -0.124783    -0.213915
 -0.00977067   -0.0111979    0.0131822   -0.0187983
    0.135844    0.0432322   -0.0483825    0.0372189
   0.0956248    0.0285854   -0.0724771    -0.045152
   0.0870102   -0.0070894    0.0707225    0.0319254
   -0.126725   -0.0721626     0.199348     0.147456
   0.0166157   -0.0362253    0.0577326    0.0938556
  0.00585442   -0.0319078    0.0966639    0.0993896
   -0.171952   -0.0274694    0.0928057    0.0960813
  -0.0319889    0.0524034 -0.000693721    0.0696566
  -0.0100305   0.00622877    0.0896046     0.118505
  -0.0586298   -0.0838052     0.320023     0.259987
    0.147975     0.015511     0.245009     0.164426
   -0.109842   0.00194173     -0.00523   -0.0950447
  -0.0281624   -0.0588577     0.214321     0.207609
   0.0890618    0.0228526    -0.040882   -0.0283542
  -0.0635856   -0.0146372     0.159451    0.0845612
    0.061009    0.0624665   0.00522619   -0.0579632
   0.0269994   0.00921982   -0.0682242   -0.0266568
  -0.0373907  -0.00678164   -0.0835629   0.00977938
  -0.0345678    0.0120196     0.015672    0.0494864
   0.0596602    0.0228396   -0.0583735   -0.0179643
   -0.186378   -0.0222049      0.11707   -0.0320147
  -0.0131754   -0.0251637     0.326219     0.304544
  -0.0426323   -0.0940761   -0.0196451     0.020822
    0.129009    0.0244855    -0.139963   -0.0476336
   0.0269392  -0.00766505  -0.00279079   -0.0659167
   0.0536314     0.032091    0.0782477   -0.0363544
 -0.00189448    0.0453485    0.0457958   -0.0193164
   0.0313213    0.0607487    -0.047921    0.0108935
    0.058251 -0.000378182    -0.228858    -0.136678
  -0.0745954    0.0483079    -0.101005    -0.077325
    0.021217   -0.0261066     0.064569    0.0948607
  -0.0735621    0.0609737   -0.0931826     -0.14125
  -0.0654506    -0.011866     -0.07534    -0.118187
    -0.10983  -0.00503728     0.160374     0.034089
  -0.0101978   -0.0948033     0.212248     0.324395
  -0.0051508  0.000179359  -0.00916119    0.0150666
  -0.0509298    0.0569594    0.0320777     0.043174
   0.0822175    0.0743322    -0.088391   -0.0512082
    0.110534   -0.0135911     0.090721    0.0768616
   -0.125171   -0.0334384    0.0173126   0.00524625
  -0.0942386 -0.000966411     0.219513     0.154524
   0.0214346    0.0473722    0.0353069   -0.0752912
  -0.0463595   -0.0536677    0.0869306    0.0151876
   0.0281202   -0.0807124    0.0649965    0.0234845
    0.060863   -0.0469619    -0.018005    0.0337005
   0.0133011    0.0451628    -0.018722    0.0107033
    0.113868    0.0631206    0.0318114  -0.00135964
  -0.0181206    0.0130838     0.171746     0.098361
   0.0386127   -0.0514696    0.0846568    0.0844291
   0.0193199    0.0314231    0.0695812    0.0930947
    0.119675    0.0586124    -0.110451    -0.125389
   -0.195664   -0.0319702     0.319501     0.196881
 -0.00948012  -0.00865922    -0.183791    -0.118455
  -0.0204069   -0.0121426     0.123004    0.0427171
  -0.0823632   -0.0699861  -0.00725835   0.00405812
   -0.140854   -0.0351983    0.0683772    0.0518503
   0.0386739   -0.0481023     0.188062      0.19881
   0.0931875     0.129168    -0.339235    -0.187547
  -0.0033984   -0.0403136   -0.0634981    0.0154498
   -0.111012   -0.0509577      0.10239    0.0691452
   0.0487228    0.0415399    -0.106923   -0.0592982
   0.0115473   0.00888802    0.0321173   -0.0303012
  -0.0750739   -0.0890467    0.0681619     0.117702
   0.0401924   -0.0413096   -0.0638627    -0.092078
  -0.0835558   -0.0328428   0.00648012  0.000223578
    0.115232   -0.0298734    0.0378012     0.124327
  0.00461986   0.00784501   -0.0420169   -0.0693687
  -0.0264896   -0.0149066   -0.0981044   -0.0880638
   -0.061434   -0.0826566   -0.0901972   -0.0148344
  -0.0621203    0.0643875   -0.0831077   -0.0244775
    0.019757    0.0439998     0.024095    0.0723926
  -0.0279021    0.0615848   -0.0933088    -0.110312
   0.0901605    0.0347568    0.0657098    0.0485789
  0.00269883    0.0288628    0.0043325   -0.0552358
   -0.143058    0.0276419     0.208455    0.0277947
    0.054695    0.0433009  -0.00829056    0.0485337
   0.0946366    0.0742152     -0.13518   -0.0531368
  -0.0542007    0.0767094    -0.122479     -0.14726
   0.0424589    0.0195934     0.037942    0.0381481
  -0.0385098    0.0541102   -0.0811667   -0.0262931
   -0.026974   -0.0384524      0.18643     0.168901
  -0.0368957   -0.0634053   0.00495357  -0.00355957
  -0.0273954    0.0334643   -0.0366576    -0.056052
  -0.0324524    0.0284418    0.0207053    -0.058948
  -0.0865191   -0.0203826    0.0131547    0.0374748
    0.143539    0.0679435    -0.101043  -0.00174109
 -0.00827864   -0.0346359    0.0590968     0.152142
   0.0916311    0.0606541   -0.0327392   -0.0530801
   0.0725508    0.0462617    0.0126003    0.0577472
  -0.0425032     0.036258   -0.0612013   -0.0235782
  -0.0136878   -0.0561585    0.0541122   -0.0545412
   0.0878915    0.0586917     -0.13545     -0.20428
    0.101937    0.0185927   -0.0779149    -0.218719
  -0.0893445   -0.0599381     0.150728     0.206407
   0.0715129      0.05392    -0.160158   -0.0691972
  0.00871081   -0.0469088     0.509779     0.417268
    0.166095    0.0364035   -0.0503043    0.0221845
     -0.1168   -0.0777099     0.078426    0.0876709
    -0.16597   -0.0189384     0.285435     0.256457
    0.129097    0.0661747    -0.249992    -0.208644
  -0.0550031   -0.0784126     0.132622     0.091876
  -0.0227604   0.00818805    0.0255089    0.0800133
  -0.0175884   -0.0419159     0.251327     0.214361
   0.0234904    0.0624889    -0.141026    -0.111134
   0.0621325    0.0641976    -0.140357    -0.101205
   -0.145938    -0.036708     0.160356     0.180914
   0.0291986   0.00487431    0.0438389    0.0393114
    0.181641    0.0405963    -0.231289    -0.140866
   -0.067692   -0.0177596    0.0201323   -0.0834816
   0.0539142   -0.0470767   -0.0432427   -0.0482067
   0.0263212   -0.0767465   -0.0466318  -0.00744374
   0.0102132      0.04718     0.118486     0.106407
   -0.191562      -0.0844     0.087368    0.0351832
   0.0582998     0.037807    -0.047363    0.0652946
  -0.0262182    0.0397689   -0.0198346    -0.115371
   0.0976416    0.0511905    -0.156222   -0.0625785
  0.00662218    0.0170955    0.0493005    0.0669179
  -0.0109117   -0.0612122     0.076944    0.0581296
    0.196184      0.06173    -0.118092   -0.0317346
  -0.0113853   -0.0148658   -0.0665243    0.0170345
   0.0250811    0.0679156   -0.0917947    0.0154436
   0.0659546    0.0619991   -0.0242398    0.0576648
  -0.0206012    0.0332606     0.122258     0.106339
    0.134078   -0.0427347    -0.117963    -0.105973
 -0.00297337   -0.0495512    0.0830919     0.127154
   -0.139195   -0.0439711     0.266082     0.112656
   0.0342983  -0.00222094   -0.0363341   -0.0315185
   0.0827575    0.0786954    -0.146495    -0.137775
 -0.00356372     0.039755    0.0634249    0.0853326
    0.110495   -0.0124954   -0.0152428  -0.00678284
   0.0626966   -0.0137779   -0.0388104    0.0357457
   0.0943257    0.0399184   -0.0550157  -0.00295831
   0.0230231    0.0908747   -0.0683281    -0.119289
   0.0479492    0.0672755     -0.04005   -0.0897997
   0.0426077    0.0105407    -0.065166    0.0312298
   0.0167369   -0.0102632    0.0950695    0.0565464
   0.0262565   -0.0152452   0.00256741    -0.109895
   -0.176392    -0.119847     0.166634     0.153521
   0.0380407    0.0278689    -0.143405   -0.0961242
  -0.0405753     0.072889   -0.0441074    -0.128285
  -0.0303946   -0.0308043   -0.0556193   -0.0675955
   0.0780468  -0.00728095    0.0814637     0.194786
    0.137944     0.111467    -0.227557   -0.0786135
   0.0252486  -0.00171124   -0.0401475   -0.0436413
    0.144357    0.0202128   -0.0685383   -0.0180618
   0.0403118    0.0186135    0.0208854   -0.0634916
  -0.0382673   -0.0176786   -0.0646207   -0.0658011
  -0.0172297    0.0111947     0.255222     0.330748
   0.0841174    0.0308286    0.0500968    0.0593186
   -0.115635   -0.0347642      0.36149     0.306254
  -0.0267739   -0.0549429    0.0411178    0.0486646
 -0.00181675    -0.016282    0.0136955  -0.00777725
  -0.0199585  -0.00903035     0.147923    0.0405298
  -0.0540732   -0.0678233    0.0862456   -0.0260474
  0.00869048  -0.00932685    0.0575775     0.039965
  -0.0981018   -0.0283981     0.386854     0.311796
   0.0204625    0.0426784    -0.103466    -0.118245
    0.101258     0.053697     0.172837     0.211532
   0.0867028    0.0025546    0.0283738   -0.0180363
   0.0235014   -0.0112711    0.0107216   -0.0455503
    0.160103  0.000203431     0.106229    0.0377006
   -0.052856   0.00507695    0.0318428    0.0193469
   0.0485064   -0.0369789   -0.0133588   0.00102646
   -0.216838   -0.0843584    0.0981698  -0.00278778
   0.0448494    0.0198551   -0.0494997    -0.114741
   0.0702311   0.00179416     0.244423     0.261868
    0.106568  -0.00711843    0.0971977     0.214321
    0.127661     0.188921    -0.509419    -0.543817
  -0.0678082    0.0264865     0.162108     0.063276
   0.0844467    0.0115482    -0.184784    -0.164629
    0.213781    0.0943776    -0.170138    -0.109644
   0.0297196   -0.0236953     -0.10925    -0.181046
  -0.0704046    0.0105556     0.276863    0.0918253
    0.223671    0.0709511    -0.191925    -0.143711
  -0.0445626    0.0294792   -0.0945659    -0.081948
   0.0620834   -0.0281174    -0.169547   -0.0597841
   -0.108274    -0.128758     0.140856     0.150911
    0.048146    0.0397922     0.105284    0.0575857
   -0.035524   -0.0641808    0.0405485    0.0819414
  -0.0108626    0.0461341    -0.098709   -0.0909646
  -0.0122247     0.021923    0.0519565     0.122896
   -0.161398   -0.0950162     0.141754   -0.0245406
   0.0251906   -0.0175932    -0.148862    -0.132433
   0.0352145   -0.0328529    -0.108979   -0.0972442
   0.0391713   -0.0319176    0.0242914  -0.00704688
  -0.0124003   -0.0320182    0.0488905     0.135075
   0.0337168  2.03815e-05     0.242685     0.283532
    0.136459    0.0831964    -0.153597   -0.0286365
   -0.171331   -0.0750535     0.232326     0.150113
   0.0203798   -0.0360519    0.0728576   0.00729178
  -0.0325245   -0.0812556     0.183499     0.213119
  -0.0631858     0.043446  -0.00264877   0.00368588
   0.0204039    0.0656045    0.0473795   -0.0351628
  -0.0697344    0.0132184    -0.203737    -0.194351
  -0.0441274     0.074819    0.0255747   -0.0363171
   0.0615647   0.00106378    0.0138978    0.0358795
    0.109395  -0.00512916    0.0692239    0.0180693
   0.0517665    0.0122214   0.00932596    0.0240808
    -0.10362   -0.0397186   -0.0495468   0.00970163
   -0.394234    -0.187606     0.478373     0.303252
  -0.0722964    0.0164296    0.0675365    0.0541338
   0.0813342   -0.0587694     0.103904     0.159923
  -0.0839072   -0.0216119     -0.14307     -0.13289
  0.00507178    0.0466793    0.0177693    0.0171469
   0.0471949   -0.0293101     0.392196     0.521619
-0.000360314    0.0142516     0.307376     0.368016
 -0.00217339    0.0594147   -0.0254107   0.00108997
   -0.240617   -0.0714091     0.196002    0.0401722
 -0.00411425    0.0220879     0.107999    0.0640096
  -0.0364445    0.0495295    0.0532806   -0.0107417
  -0.0994145   -0.0147681   -0.0826828   -0.0840443
  -0.0906517   -0.0424251     0.108529   -0.0105914
   0.0302705   -0.0618003    0.0186503    0.0166446
  -0.0556099   0.00615716   -0.0506431  -0.00741296
   0.0813032   0.00176259    0.0795941    0.0127621
  0.00904085   -0.0383297      0.14962     0.127637
  -0.0145498    -0.024055    -0.115167    -0.127272
   0.0423879   -0.0273482     0.229052     0.134653
   0.0373817   -0.0688042     0.167199     0.213936
   0.0137312    0.0244272    0.0429196  -0.00650937
  -0.0202126    0.0216313    0.0220741    0.0379909
    -0.16042   -0.0649919     0.281526     0.143923
   -0.020622     -0.01738   -0.0564789   -0.0602608
  -0.0785456   0.00933134   -0.0550405    0.0411654
 -0.00244845    0.0503117    -0.146764   -0.0419875
   -0.125635   -0.0861976      0.29671     0.233925
    0.036172   -0.0555442   -0.0379238    -0.036822
   0.0160463   -0.0727424     0.171979    0.0539256
   0.0199425     0.083773    -0.157778   -0.0971112
  -0.0788244  -0.00941757    0.0382803   -0.0612884
   0.0644478   -0.0491184    0.0696604   -0.0374094
   0.0388021    0.0182974     0.158782    0.0757544
  -0.0490901   -0.0159385     0.145349     0.173971
   -0.125724   -0.0423957     0.131463   0.00457001
   0.0975231   -0.0193372   0.00133797     0.138093
    0.151565    0.0306565    -0.113604   -0.0637934
   0.0398488   -0.0189374     0.030265    0.0152192
   0.0704528   -0.0294665    0.0357444   0.00668991
  -0.0364541    -0.072727   -0.0539438   -0.0751491
  -0.0689328    0.0372243     0.130117    0.0698978
   0.0771234   -0.0140384   -0.0645765   0.00835748
  -0.0730559   -0.0116832    0.0317408     0.108139
   0.0301965   -0.0378035     0.110024    0.0103929
    0.108533   -0.0629709       0.1491     0.110475
  -0.0927661   -0.0816228    0.0586713   -0.0170529
   0.0752493    0.0502276     0.085653     0.072115
  -0.0189849  -0.00796563   -0.0616838    -0.130002
  -0.0368443   -0.0374023    0.0100277   -0.0192731
   0.0154586   -0.0666588     0.127487    0.0655974
  -0.0617887   -0.0017958    -0.031126    -0.112671
   -0.160449  -0.00512113     0.106182    0.0386931
   0.0714742    0.0400305    0.0138742     0.110453
    0.137437     0.114557    -0.237342    -0.177174
   0.0373269   -0.0558068      0.17372     0.137257
  -0.0971241   -0.0477457     0.183504     0.165195
   -0.110064   -0.0149638     0.208777     0.123566
  -0.0240491    0.0276997    -0.187351    -0.181112
    0.186643      0.06349     -0.18395    -0.140829
   0.0282373    0.0172269     0.158753     0.134941
  -0.0394162   -0.0308052    0.0788151   -0.0668497
  -0.0485522   -0.0703001   -0.0607068    0.0311787
    0.123514    0.0759393    0.0486073     0.151787
   0.0399072   -0.0697199     0.177135     0.157404
    0.127735    0.0318342    0.0398254    0.0980005
   0.0617426   -0.0183706   -0.0435539   -0.0271184
  0.00416879    0.0090197   -0.0142057   -0.0784883
    0.144351     0.127571    -0.223899    -0.134182
    0.044393    0.0557033    -0.149218    -0.118371
   0.0430576    0.0224221    0.0408011      0.12424
  0.00239823    0.0360465     0.159385     0.143807
    0.044799   0.00787345    0.0160313     0.028234
    0.169281     0.090951   -0.0295726    0.0201716
    0.124983    0.0323164   -0.0288264   -0.0808951
  -0.0830381    0.0130715   0.00888603    0.0389577
   0.0999921     0.108207    -0.116895    -0.112505
    0.151794    0.0548254    -0.118291    -0.102345
  -0.0638136   -0.0572888     0.210382    0.0754909
    0.080947   -0.0071205   -0.0339676    -0.081563
  -0.0280418    0.0174297  -0.00322506   -0.0491493
   -0.152429   -0.0413505     0.372896     0.149946
  -0.0752134    0.0357193    0.0141447    0.0192234
   -0.113015   -0.0515479     0.156329      0.11388
  -0.0610765   -0.0146279    0.0409571   -0.0544238
 -0.00603756    0.0270977    0.0128057    0.0785398
   0.0688816    0.0369931   -0.0186692    -0.120638
  -0.0132379    0.0738267   -0.0815437   -0.0314175
  -0.0544276   -0.0283775     0.181997    0.0141175
    0.103299   -0.0266636    0.0106648    0.0841821
   0.0539892    0.0353415    -0.148507    -0.151722
    0.145587    0.0527832    -0.247145    -0.279206
   0.0666878    0.0151076    -0.149122   -0.0921924
  -0.0195229   0.00273356   -0.0328237  -0.00539341
  -0.0579944   -0.0735468    0.0525712    0.0633319
   0.0497547   -0.0359218     0.337963     0.348092
  -0.0338587    -0.045069   -0.0420374    0.0234219
   -0.016934   -0.0352132    0.0312467   0.00614793
  -0.0751343   -0.0371146   -0.0804277    -0.135831
  -0.0560033    -0.099144    0.0557177   0.00767716
   -0.265741    -0.156397     0.327154     0.261497
  -0.0955328   0.00597787     0.119201  0.000698965
  -0.0476018    -0.117644     0.170794     0.100398
    0.044962     0.029168   -0.0927692    -0.223045
   -0.120945    0.0334278    -0.144747   -0.0727706
   -0.181751    -0.113403     0.514701     0.360528
   0.0816432   -0.0439473    0.0749197     0.118337
    0.131809    0.0473638   -0.0357658   -0.0365693
    0.154836    0.0985605     -0.11352   0.00894861
   0.0724611    0.0791153   -0.0713223    -0.110726
 -0.00626145   -0.0731505    0.0315068   -0.0753063
   -0.134214  -0.00638388     0.203754     0.182785
   -0.103393   -0.0466284     0.124808     0.124917
   -0.140555  -0.00498896     0.150278     0.189682
  -0.0548715   -0.0473131   -0.0231398    -0.037137
    0.106238    0.0661869    0.0436525   -0.0136568
    0.254494     0.102122    -0.242568      -0.1266
    0.110682    0.0849432   -0.0967796    -0.173963
   0.0931481    0.0721078    0.0718868  -0.00381946
  -0.0990965   -0.0993077     0.173743       0.2258
   -0.109212   0.00296971    0.0764208    0.0607713
   -0.143343   -0.0810792   0.00152845   -0.0914785
  -0.0178198   -0.0489512     0.120228     0.125335
   0.0365063  -0.00612573   -0.0544949     0.013857
   0.0388751    0.0237585      0.17645    0.0897687
    0.200229    0.0619895    -0.112458    -0.179935
   0.0463861    0.0552429   -0.0854023   -0.0101252
   -0.126485  -0.00955172     0.242206     0.207372
   0.0748258    0.0583004     0.190613    0.0996703
   0.0964419    0.0448043   -0.0600539   0.00876606