     0.15588     0.146097    0.0983328    0.0946354
   0.0399697     0.101099    -0.021398    0.0601111
    0.051336     0.102551    0.0248726    0.0696275
  -0.0199196    0.0549717   -0.0653939    0.0814448
    0.144825    0.0357752    0.0644245     0.085675
    0.120937     0.139084    0.0955529    0.0397002
   0.0050786   -0.0876999    0.0749813    0.0641864
   0.0933856    0.0500189   -0.0672456      -0.0276
  -0.0028454    -0.114346    0.0372574    0.0948969
  -0.0758197     0.103886   -0.0141174   -0.0685445
   0.0549337     0.142247    0.0322877  -0.00850072
  -0.0435509   -0.0698483   -0.0365495     0.117038
   0.0368871   -0.0778466   -0.0628687    -0.068373
 -0.00212884  -0.00355313    0.0661287    0.0177186
  -0.0271585    0.0399996      0.04647   -0.0301811
    0.195047     0.100279    0.0198491   -0.0388295
  0.00494339    0.0300594    -0.050545   -0.0784959
    0.164017     0.111679     0.079614     0.106252
  -0.0976152    0.0616654   -0.0949149   -0.0261787
   -0.135735   -0.0648691    -0.113555    0.0760928
  -0.0075707   -0.0247178  -0.00300683    0.0055443
   0.0637949     0.163501     0.174123    -0.143764
   0.0408485   -0.0753604    0.0521354   -0.0597769
  -0.0987629   -0.0365327    0.0284736    -0.071791
   0.0966086     0.131775  -0.00838745    -0.128734
    0.026395    0.0850029    0.0569533    -0.085574
 -0.00491109    0.0971941   -0.0936048   -0.0940137
    0.129685   -0.0231446    0.0261453    -0.066822
   0.0537154     0.133781   -0.0188342    0.0154369
  -0.0246416    -0.100992   -0.0241572     0.105286
   0.0746157    0.0336195    0.0577749    0.0545628
   -0.121052   -0.0523749   -0.0214918   -0.0417516
   0.0941453    -0.042834   -0.0368525    0.0956584
  -0.0115283     0.142139     0.159002   -0.0583722
   0.0405047     0.109057    0.0732948    -0.055145
  -0.0649234    0.0733134    0.0138021     -0.11061
  -0.0401423     0.125046    0.0165204   -0.0528859
   -0.121219     0.212087    0.0917585    -0.098318
  0.00074656    0.0805913     0.063175   -0.0222511
   -0.102184     0.244985   -0.0303768   -0.0255682
  -0.0121638    -0.236125    0.0313551    0.0897345
  0.00701775   -0.0646132     0.218752     0.029658
    0.124621  -0.00411409    0.0130821    0.0215302
   0.0892937  -0.00197481    -0.107631     0.089196
   0.0133039   0.00527779   -0.0947144   -0.0704884
  -0.0796977    0.0605274   -0.0663391    0.0349465
    0.070135    0.0447072     0.109957  -0.00949102
   0.0741388    -0.126753    0.0994138    0.0212129
  -0.0687095    0.0614019   -0.0318267   -0.0903473
 -0.00342754    -0.093733  -0.00297599   -0.0344716
  -0.0319106     0.150864    0.0238582    -0.126468
  -0.0684688    0.0102467     0.054756   0.00250682
   0.0461849     0.219686    0.0115108   -0.0414841
  -0.0884483    0.0304755    -0.093595   -0.0419203
   0.0283657     0.113701   -0.0105514    0.0592378
   0.0382045     -0.10296    0.0558048   -0.0365035
   -0.117984    0.0259267    -0.017273    -0.047316
 -0.00111109    0.0162625    0.0976962    0.0613113
   0.0306695    0.0843936   -0.0846035    0.0684218
   0.0638306     0.075771   -0.0202089     0.120494
  -0.0622716   -0.0992033    -0.108247    0.0608076
   0.0257408     0.197424    0.0106455    0.0212423
  -0.0343419   -0.0731697   -0.0823736   0.00845309
   0.0788099     0.140865    0.0785232    0.0513893
  -0.0533212   0.00498774    -0.056174   -0.0934398
   0.0738875    0.0231647   -0.0165756    0.0228878
  -0.0623177    -0.189674    0.0500293    -0.122196
   -0.110501      0.16739    0.0939904   -0.0259615
   0.0524791   -0.0144883    0.0725162     0.120589
   -0.105935   -0.0908442   -0.0670109    0.0702768
  -0.0335371    0.0397523    0.0516837   -0.0196412
   0.0248685     0.109964     0.151518   0.00348135
  0.00765127    0.0985718      0.14215    -0.107166
  -0.0788073    0.0599706   -0.0527148   -0.0680138
   0.0429906    0.0164278   -0.0377836   -0.0427558
   0.0245793   -0.0285454     0.131109     0.138993
   -0.112285    0.0529732    0.0984034    -0.117461
  -0.0309799    0.0065825    -0.109509    0.0382252
  -0.0120252    0.0480012  -0.00440594   0.00239634
  0.00783281   -0.0232168    0.0399949    0.0335309
  -0.0326164    0.0600097   -0.0949783    0.0399532
   0.0812291   -0.0164974    -0.130809     0.018373
   0.0157909    0.0912765     0.013347    0.0672343
   0.0617111    0.0672165     0.045229   -0.0451896
    0.129899    0.0772657    0.0880186    0.0721843
   -0.153332    -0.127324   -0.0892647    0.0339503
   0.0218477    0.0606234    0.0720212   0.00456765
 -0.00229051    -0.111891   -0.0508794    0.0966834
  -0.0271215    0.0700387    0.0366387   -0.0672558
   0.0255848    0.0127215    0.0457233    0.0931035
   0.0576337   -0.0903184   -0.0361992    0.0364718
   -0.001581  -0.00922465   0.00652493   -0.0417936
    0.114179   -0.0206992    0.0454751   -0.0217085
 -0.00710714    0.0214869    -0.078699    0.0810056
    0.137885    0.0690578    -0.023965    0.0645043
  -0.0103497    0.0332441   -0.0113641   -0.0339786
   0.0915556    0.0516133    0.0797016   -0.0410314
   0.0933708     0.150345    0.0831429    0.0534795
  0.00984492     0.103692    -0.072189  -0.00153975
  -0.0617617    0.0320444    0.0176342    0.0601868
  0.00546706    -0.105856   -0.0778932     0.097133
   0.0312411    0.0629589   0.00199451   -0.0282267
   0.0511624    -0.136954   -0.0140715    0.0412177
   0.0878849    0.0335037    0.0573235  -0.00629751
  -0.0438217   -0.0657457    0.0781767    0.0620314
 -0.00416979    0.0331394    0.0409186    0.0126099
   0.0224284    0.0991471   -0.0603721    0.0699933
   0.0351507   -0.0734935    0.0376183    0.0519094
    0.145743     0.198639     0.158861    -0.183402
  -0.0174137    0.0439215    0.0705003   -0.0388097
  -0.0306472    0.0249355    -0.031337   -0.0444353
   0.0371263   -0.0809872    0.0286391   -0.0792216
   0.0063991   -0.0106046   -0.0602938    0.0213667
     -0.0726     0.193551     0.103157    -0.168335
   -0.102252    0.0170111    -0.111686    0.0695468
   -0.103685     0.019151   0.00937103   -0.0679793
   0.0958024   -0.0113887     0.126529    0.0514942
   -0.169881    -0.180782   0.00365549    0.0444594
    0.144195    0.0234951    -0.086153    0.0385511
    0.144534   -0.0082581    0.0572519    0.0352539
   -0.137563   -0.0363212    0.0321507   -0.0115798
   0.0364736     -0.10499   -0.0195353    0.0675868
    0.215492    0.0840035     0.125906     0.141012
   0.0279595    -0.137956   -0.0169122   -0.0519374
  0.00906577   -0.0547736    0.0137593    0.0694106
  -0.0305236    0.0431868    -0.134756   -0.0536178
   0.0476781   0.00199528    0.0429789   -0.0105325
  -0.0465639   -0.0264074    0.0344115    0.0296528
    0.149866     0.168858     0.119037    0.0584834
  -0.0109632   -0.0388382    0.0630866     0.080545
   0.0474562    -0.147687    -0.155455     0.108271
   0.0334389   -0.0290736   -0.0675713     0.123949
 -0.00359221     0.160372    0.0477605    -0.113328
    0.150631    0.0869008      0.08976   -0.0587551
    0.130017   -0.0689613  -0.00205409   -0.0615827
   0.0156959    -0.061672    -0.116185     0.157098
   0.0042444   -0.0382438     0.127133   -0.0283165
  -0.0586394   -0.0890599    0.0337878    0.0431448
  -0.0178619     0.296707     0.287624    -0.134589
  -0.0270405     0.126729   -0.0261009   -0.0741703
  -0.0527233    0.0397886   -0.0255025 -0.000763398
  0.00279533    0.0184055    0.0661552    0.0426538
    0.105382   -0.0537323   -0.0143833    0.0464064
   0.0628975   -0.0174012   -0.0223629     0.119572
   -0.156273    0.0373862    0.0598808   -0.0516119
   0.0362929    0.0144553   -0.0974813   -0.0801847
  -0.0270375    -0.097457     0.106898    0.0434041
   0.0801784   -0.0611724   -0.0840891    0.0450592
   0.0809124    0.0188537     0.130791   -0.0729912
  -0.0521927   -0.0548498    0.0189817   -0.0993076
  -0.0082522    -0.045798   -0.0329272     0.016867
   0.0276359    0.0209929    0.0044785    -0.026717
     0.13737  -0.00966413    0.0106977   0.00759261
 -0.00887197     0.135334    0.0940877    -0.158089
   0.0391992      0.12852    0.0896532  -0.00292124
  -0.0475139    -0.019611   -0.0744876    0.0205904
  -0.0154443     0.115958    0.0240002    0.0114391
  -0.0550259   -0.0316256  0.000282153    0.0053397
 -0.00755164   -0.0648538   -0.0129992   -0.0573829
   -0.184392    0.0196154    0.0691451    -0.123607
   -0.100823    -0.024636    0.0850578    -0.128815
   0.0127543    0.0274207    0.0689595   -0.0499018
    -0.11337    -0.170016     -0.06667   0.00065704
   0.0670975    0.0229368    -0.036591    0.0495662
    0.133084   -0.0929883    0.0980919   0.00185123
  -0.0205847     0.084364   -0.0226914    0.0484992
   -0.100435    0.0530201    0.0289728    -0.121249
   0.0400465   -0.0585945   -0.0893856     0.119641
  -0.0349818   -0.0076011    0.0719507    0.0525856
   -0.166508    -0.148092   -0.0257493   0.00459171
   0.0347869    0.0119178    0.0347806   -0.0306341
  -0.0106557     0.163587    0.0439531    0.0589946
    0.100596   0.00234917    0.0409543   -0.0602112
    0.118263      0.13296    0.0760149    0.0625693
   0.0699537     -0.03876    0.0154529  -0.00274117
  -0.0141111      0.05262  -0.00478331   -0.0653782
-0.000890658    0.0139616     0.120583   -0.0345162
    0.258705     0.100636   -0.0551005    0.0802881
   0.0518708   -0.0152397    -0.028323    0.0362778
   0.0377651    0.0971374    0.0325305   -0.0644817
    0.103568     0.124467    0.0977167    0.0457255
   0.0422558  -0.00559761  -0.00700593    -0.065834
   0.0349227   -0.0664036     0.111419    0.0513542
  0.00681265   0.00968942      0.28467    0.0895525
  -0.0461757   -0.0131593  -0.00178562    -0.059628
  -0.0168572    0.0512871   0.00875196   -0.0121543
   0.0704598      0.21647     0.141425   0.00872761
    0.158417    0.0402116    0.0207485   -0.0517259
   0.0491549   -0.0852627     0.172738   -0.0260562
   0.0935259  -0.00331606    0.0671892    -0.121004
    0.214822  -0.00338167   0.00639166     0.042527
   0.0243648   -0.0428773    0.0125962    0.0634282
   0.0247685  -0.00971418   -0.0103774   -0.0326396
   0.0728378    0.0999911   -0.0121646   -0.0593388
   0.0684372    -0.018823     0.157283    -0.174176
   0.0471342   -0.0517793   -0.0638165     0.117631
   0.0102643      0.14963   0.00229829   -0.0517926
   0.0657022    -0.130319    0.0476358   -0.0898349
   0.0463757   -0.0678691      0.01674     0.122178
   0.0593905    0.0732589    0.0612373   -0.0697092
   -0.116242    0.0805459   0.00966596    -0.110275
  -0.0328892   -0.0372628     0.021698    0.0149827
  0.00743662   0.00263919   -0.0525768    0.0342123
  -0.0235959    0.0388596     0.103924    -0.150401
  -0.0070459   -0.0774246    -0.158073     0.124686
   0.0383128   -0.0803492      0.22515 -0.000364168
 0.000183029   -0.0453949    0.0326568    0.0187842
   0.0932839     0.143495    0.0923154    0.0446256
   0.0566214      0.14734    0.0651317   -0.0852564
  -0.0611565    0.0181866    0.0691807    -0.119528
  -0.0900764   0.00869701      0.02955   0.00893529
  -0.0707621   0.00493555    0.0152254   -0.0519192
   0.0794809      0.14015    0.0187763     0.021212
    0.124666     0.161204     0.109391    0.0759854
  -0.0185831     0.045366    0.0831413    0.0168814
   0.0556633   -0.0480887   -0.0063833     0.116552
  0.00857404   -0.0836531   -0.0301451    0.0154198
    0.111353   -0.0344852     0.050219    0.0747149
  -0.0142087   -0.0363749   -0.0348647    0.0207025
   0.0525189   -0.0156779   -0.0209911     0.110559
  -0.0452033 -0.000306024    -0.115787   -0.0394507
   0.0804285  0.000970982    0.0968476    0.0480676
   0.0969379   0.00815878    0.0557393    0.0835866
   0.0154169   -0.0131508    0.0528935    0.0226999
   0.0526462     0.051911   -0.0287138   -0.0346068
   0.0434429   -0.0123204   -0.0728852    0.0202509
  -0.0584269   -0.0564716   -0.0579157    0.0191617
    0.010385     0.048773    -0.017958   -0.0627496
   0.0568788     -0.10098    0.0281188    0.0597081
   -0.153368    0.0708048    0.0741776   -0.0708312
  -0.0929807   0.00318974    0.0671436   -0.0330074
   0.0487331     0.123195     0.156628    -0.181577
   0.0243527    -0.048537    0.0266288    0.0888425
  -0.0641449    0.0220979   -0.0336354     0.142973
-0.000321021      0.29588     0.101554    -0.125106
   -0.102342     0.040835     0.090693   -0.0405436
  0.00674292   -0.0683803   -0.0454147  -0.00193324
  -0.0171142   -0.0986142    -0.017233    0.0875103
   0.0622048      0.10543   -0.0334252   0.00187158
    -0.08735   -0.0831706    0.0617404    0.0239112
   0.0142721    0.0365958    0.0795313 -0.000958717
   -0.115868    0.0162945   -0.0209684    -0.036399
  -0.0246353   -0.0890315    -0.038361   0.00741992
   -0.026735   -0.0202987    0.0479358  -0.00637917
 -0.00478446    0.0354772  -0.00204091    0.0141379
   0.0930803    -0.141521  0.000448041     -0.02403
  -0.0255703   -0.0689407    0.0245321   -0.0593157
      0.0614    0.0914087   -0.0623183     0.123537
   0.0432744  -0.00711094   -0.0287998   -0.0393927
    0.147513    0.0736438   -0.0888324    0.0450642
  -0.0524264    -0.183155    0.0939576  -0.00148983
  -0.0719153    0.0487749  -0.00123823   -0.0396718
   0.0587744   -0.0148748   -0.0334275   -0.0381927
   -0.103866    0.0132805    0.0682501    -0.076607
  0.00420385    0.0585757   0.00684105  -0.00755988
   -0.115572    -0.107718    0.0573008   -0.0424393
    0.067167     0.018272     0.128691   -0.0616313
  -0.0718403    0.0253351    0.0619796    -0.151268
    0.130534     0.019763      0.22814   -0.0973554
   0.0417735    -0.036429    -0.108088      0.16263
  -0.0599328   -0.0151992     0.066189  -0.00977612
    0.034495    -0.107043    0.0279096     0.141892
   0.0168532    0.0823788    -0.110953    -0.064417
  -0.0239722    -0.116014    0.0438979    0.0108339
   0.0887071     0.123091    0.0209281   -0.0603349
-0.000347397   -0.0972451    0.0360117    0.0425266
  -0.0266104   -0.0421362  -0.00742619    0.0569376
   -0.132369  0.000763825    0.0294721    -0.127498
  -0.0943041   -0.0798948    -0.173504    0.0533084
 -0.00524539     0.172063   -0.0724445    0.0671877
    0.242439   -0.0524049     0.132415    0.0949785
   0.0490561    0.0591958    0.0441866    0.0177919
  -0.0678218   -0.0173227    0.0106706   -0.0151968
   0.0239202    0.0512806   0.00836084   -0.0345828
   0.0482785   -0.0468352    0.0583278   -0.0132812
  -0.0138933    -0.021647   -0.0282315    0.0152242
  -0.0131791    -0.233727    0.0530626     0.149933
   0.0162215   -0.0184371   -0.0308377   -0.0472779
  -0.0410149    0.0238449     0.025024   0.00449306
  -0.0478297    -0.039554   -0.0246915    0.0496994
   0.0867465   -0.0318654    -0.115276     0.120915
  -0.0457266     0.153937    0.0630562   -0.0958287
   0.0126246    -0.132532    0.0512986     0.020798
   0.0250518    0.0582981    -0.031505    -0.109027
   0.0799439   -0.0502631   0.00568775   -0.0227498
  -0.0536444    -0.018475     0.130662   0.00586177
  -0.0185308    0.0948604     0.121642    -0.134124
   0.0654983    0.0654917     0.037032    -0.114141
   0.0222451    -0.128412   -0.0252897     0.066474
    0.309389    0.0420178   -0.0251496     0.026693
   0.0333893    -0.134122    0.0653164    0.0100713
  -0.0122652   0.00129919    0.0897303   -0.0939135
   -0.106495    0.0509816    0.0843371   -0.0474336
   -0.105441    0.0532383    0.0561871    0.0245232
    0.277522     0.136315     0.238941    0.0114703
    0.200915    0.0831683   -0.0471375     0.190595
    0.107012   -0.0311105    0.0160121    0.0290739
   0.0419008     0.108178   -0.0709524   -0.0696891
  -0.0773257  -0.00694642     0.343953    -0.173552
     0.13266     0.182593    0.0605653   -0.0345009
   0.0733975  -0.00376102     0.035666   -0.0252642
  -0.0129855     0.173296    0.0797604   -0.0753327
   0.0322735    0.0691457   -0.0220896   -0.0358863
   0.0281057    0.0420672   -0.0375431   -0.0220636
   -0.037977    0.0294955   -0.0367749  -0.00978636
  -0.0553866   -0.0420579   -0.0680525   0.00817864
  -0.0849033   -0.0372384   -0.0300165   -0.0710542
  -0.0336931    0.0523696     0.063199   -0.0190611
  -0.0339178    -0.111236     0.025263    0.0236619
   0.0356642    0.0669474    0.0923297    0.0920304
  -0.0573379    0.0211147    0.0706616    0.0400372
  -0.0121263   -0.0458317    -0.030911    0.0887552
   -0.122255    0.0701341   -0.0713291   -0.0728962
   -0.155729     0.223397     0.171951   -0.0252275
  -0.0110715     0.142757   0.00590117    -0.038263
  -0.0451158    0.0154627     0.139094    -0.142517
  -0.0156176     0.149674    0.0636307   -0.0470694
  -0.0171102   -0.0922901   -0.0625716   -0.0694183
    0.013222  -0.00841943   -0.0586122   -0.0876206
   0.0294525   -0.0818785    0.0532574     0.045344
 -0.00689285    0.0292898    -0.016429    0.0807705
   0.0349992    0.0242096   -0.0439973    0.0471887
  -0.0605287    0.0315269    0.0583307    0.0401121
   0.0716636    0.0540205    0.0982794    0.0477004
   0.0184263   -0.0142482   -0.0990856     0.133309
    0.079035    0.0130868    0.0414185    0.0246103
   0.0231586    0.0490817     0.118105   -0.0982751
    0.128148    0.0473649  -0.00147391    0.0387352
   0.0661557    -0.118631   -0.0984964    0.0333023
   0.0187261    0.0628921    0.0623968    0.0170579
   -0.059731    0.0887102   -0.0400368   -0.0205689
   0.0456945  -0.00789931   -0.0538157    0.0888133
   0.0723506   -0.0320571   -0.0755593    0.0316342
    0.032325    0.0240652    0.0330653   -0.0301189
   0.0158143 -0.000466155   -0.0514552     -0.13138
   0.0449316   -0.0658533   0.00127648   -0.0142564
     0.14137    -0.113152   -0.0584407    0.0777611
  -0.0463863   -0.0975785   0.00388112   -0.0119409
  0.00490019    0.0270109   -0.0467902    -0.019925
   0.0571554     0.143664    0.0850461   -0.0686315
  -0.0103955   -0.0318832   -0.0641841   -0.0560971
   -0.196594   -0.0642206   -0.0820322   -0.0229381
  -0.0763784   0.00378657    0.0906763   -0.0210616
 -0.00199047    -0.128751    0.0421959   -0.0632114
   0.0342242    0.0443157   -0.0167279    0.0297089
   0.0553977   -0.0611501   -0.0633636    0.0945122
   -0.024534    -0.117053    0.0581995    -0.076848
   -0.063165  -0.00935356  -0.00418233   -0.0773094
  -0.0680728   -0.0547862    0.0323332    0.0129419
   -0.017584    -0.050692    0.0223679    0.0338442
 -0.00261479    0.0899365     0.139663    0.0434515
  -0.0122303     0.157462   0.00106345    0.0862144
   0.0141524    -0.130383    0.0776198    0.0780887
   0.0527709   -0.0175377     0.161687    -0.019747
   0.0598373   -0.0151157 -0.000871055      0.03473
  0.00973214   -0.0267223   -0.0606565   -0.0852134
     0.14795    0.0140677     0.146605   -0.0860491
   0.0443702    0.0304624   0.00741387   -0.0187309
  -0.0160888    -0.112371    0.0165403    0.0433566
   -0.209767    0.0142475   -0.0168923    0.0188052
    0.127035   -0.0101162   -0.0247799   -0.0607143
  -0.0424745   0.00385321    0.0442199   -0.0207116
   0.0467743    0.0469887    -0.025024    0.0190382
  -0.0995247   -0.0167871     0.041491     0.146617
   0.0909832   0.00450982    0.0476302    0.0172022
   0.0617168  0.000592379    0.0410756     0.107038
  -0.0582913    -0.106836   -0.0285674    0.0606623
   0.0739583   -0.0471737    -0.176945    0.0228474
   0.0353705    0.0165452    0.0159556    0.0838144
   0.0401986     0.111651    0.0714197    -0.142511
  -0.0776654   -0.0438015   -0.0868382   -0.0377566
    -0.11819    -0.111957    0.0115675  -0.00849604
   0.0697298    0.0947658   -0.0258581   -0.0392602
    0.146789     0.173531    -0.128721     0.157169
    0.047771   -0.0606988   -0.0278355    0.0127976
   0.0303393    0.0968492   -0.0438652   -0.0149927
   0.0400768    0.0612213   0.00135882   -0.0389323
   0.0935082     0.198407     0.184116    -0.118004
 -0.00450005    0.0326709   0.00727522    0.0752488
   -0.165579   -0.0704765     0.083879   -0.0419098
    0.122694    -0.207964    -0.103392     0.199001
   0.0182856    -0.105719    -0.160503    0.0707413
   0.0969049    0.0554517    0.0507567    0.0123251
    0.105181   0.00440652    -0.169254    0.0635418
  -0.0189495     0.196145   -0.0867598    -0.051578
  -0.0417033    0.0238595    0.0710352   -0.0262623
  -0.0547372   -0.0916164   -0.0699076    0.0453473
  -0.0173956    -0.129884     0.168953   -0.0384561
   -0.165292   0.00167406    -0.183928    0.0712552
  -0.0968927   -0.0245153   -0.0662721     0.133441
 -0.00617186    -0.069763    0.0374828    0.0106886
   -0.060726     0.128808  -0.00311786    -0.155562
   0.0953765    0.0412987    0.0347288   -0.0415484
   0.0721927   -0.0908298    0.0857327    0.0819915
   0.0293045    0.0609171   -0.0271263    0.0373527
  -0.0379315    0.0167084   -0.0947728    0.0321682
  -0.0771749     0.142904    0.0997706   -0.0169772
  -0.0316693    0.0832084   -0.0217985    0.0363159
  -0.0388717    -0.138342   -0.0486417   -0.0560987
  -0.0206524   -0.0737219    0.0235607    0.0789397
   0.0242706   -0.0195739    0.0317768     0.137443
   0.0153417     0.142899    0.0999813   -0.0976554
    0.076875    0.0273949    -0.098146      0.12237
  -0.0210098    0.0398145     0.107705   -0.0893135
  0.00922745    0.0638835   -0.0306362   -0.0120095
   0.0745484    0.0221232   -0.0311051    0.0221051
   0.0676934    0.0960206     0.121466    0.0262224
   0.0391544    0.0106729   -0.0675247   -0.0517984
   0.0255298   -0.0326204   -0.0676677    0.0707844
   0.0462724  -0.00463009   -0.0422214     0.066649
   0.0366145     0.157144    0.0665632   0.00824755
    0.184223    0.0444686    0.0889601   -0.0195997
  -0.0169985   -0.0254832   -0.0194583    -0.016424
   0.0666272      0.23698    0.0207247    0.0140577
    0.141079    0.0953611    0.0656931   -0.0140514
   0.0629768    0.0551366    0.0222767     0.122077
    0.102841    -0.103939    0.0230011   -0.0235198
   0.0130681   -0.0112967     0.116254     0.022021
   -0.064921    0.0305848   -0.0306405    0.0219935
   0.0390187    0.0941652     0.111086    0.0611525
  -0.0552586    0.0502027    0.0502875    0.0928358
   -0.267316     0.164662    0.0656391    -0.133896
   0.0267846    0.0960183    -0.058872    0.0889921
    0.053702     0.156671   -0.0378203   0.00866248
  0.00619328    -0.179158     0.155609   -0.0858981
   0.0444945   -0.0376338    0.0281901   -0.0260063
   0.0322644     0.031405   -0.0336937    0.0916562
  -0.0491797    0.0292046   -0.0186441    -0.075813
   0.0268872    -0.112514    0.0131731   -0.0211571
   0.0331461   -0.0253697     0.155101   -0.0273988
    -0.01304    0.0362409   -0.0495462    0.0957729
   0.0157262    0.0908775   -0.0584505     0.113531
    0.106673    0.0318353    0.0651874    0.0507989
 -0.00200033    0.0304557   -0.0143773     0.170247
   0.0668283     0.156943     0.148782   -0.0225186
  -0.0579964      0.08303    0.0686892  -0.00483135
  -0.0257255     0.058021     0.129856    0.0821075
  -0.0180631    0.0335784    0.0200293    0.0651999
     0.10519    0.0612957   -0.0290122     0.167112
    0.170185     0.199551    0.0717889   0.00823908
  -0.0660461     0.127695     0.119391    0.0890317
  -0.0497498     0.106847    0.0656761    0.0763916
    0.064316    0.0541392   0.00651595    -0.010805
   0.0643398    0.0229858     0.040977  -0.00417255
    0.157451    0.0548787   -0.0182892   -0.0235222
   0.0467046    0.0821455   -0.0196506     0.106727
   0.0570731    0.0257717   -0.0809642   -0.0203168
  -0.0994978    0.0207297   -0.0897467     0.105099
  -0.0188432    0.0459741     0.108692   -0.0571316
  0.00100099   -0.0337631    0.0079624   -0.0374885
   -0.161209   -0.0291091    0.0482209  -0.00892182
   -0.147038    0.0409677     0.137694    -0.112306
  -0.0815341   -0.0359227    0.0745788   -0.0759984
  -0.0629478    0.0513723    0.0102175   -0.0652264
   0.0684374   -0.0744925  -0.00923202     0.103014
  0.00979935    0.0827464   -0.0331667   -0.0107881
   0.0575531    0.0221821    0.0840894    0.0786832
  -0.0270272    -0.044818  -0.00658277   -0.0494166
   -0.155795    -0.157883     0.409353    -0.114315
  -0.0358794    0.0300375    0.0144954   -0.0486288
    0.106279    0.0710714    0.0720246   -0.0608506
    0.027136    0.0551997   -0.0113014    -0.022053
 -0.00692687    0.0143891    0.0390734     0.132673
   0.0857451     0.162814    0.0256646    0.0572102
   0.0727278   -0.0177561   0.00524952    0.0236541
   0.0440154   -0.0577678  -0.00263776    0.0526384
   -0.012693   -0.0491022   -0.0775232    0.0184918
   0.0891732     0.117839    0.0248007   0.00231817
   -0.126524    0.0148043   -0.0528669  -0.00935405
   -0.129155     0.114152    0.0792254    0.0831737
    0.122933    0.0458751    0.0799112   -0.0352798
   0.0744846     0.234641    0.0290373   -0.0520053
 0.000535585    0.0890062    0.0166451   -0.0971643
  -0.0398451   -0.0108211   -0.0254344    -0.103164
   0.0646587    -0.139877     0.010035     0.138198
   0.0558699    0.0653134   -0.0208897    0.0255622
   0.0210468   -0.0106779   -0.0288671   -0.0525905
   -0.217268     0.119421     0.283907    -0.229574
  -0.0701973   -0.0639283    0.0757786   -0.0054857
   0.0639569   -0.0477151   -0.0446642    0.0364563
  -0.0427887    0.0907217   0.00568154    -0.100093
  -0.0290809   -0.0548958   -0.0218703   -0.0448033
    0.148771     0.150559   -0.0448696   -0.0597313
   -0.029583   -0.0254303   -0.0547482     0.122699
   -0.102653   0.00364946   -0.0653868     0.122506
   0.0651549      0.15771     0.117665   -0.0995701
   -0.176068    0.0377742    0.0273148    -0.112169
   0.0872065     0.138212     -0.16215    0.0638162
    0.194475  -0.00626535    -0.054216    0.0572595
  -0.0248774   0.00361262    -0.105169    0.0615725
  -0.0537257   -0.0747053     0.154699    0.0063769
 -0.00352999    0.0223584   -0.0514096   0.00497543
     0.10755    0.0194196   -0.0328217   -0.0509139
   0.0172918     0.253347    0.0457527    0.0757595
   0.0966374      0.10058   -0.0576374   -0.0550881
  -0.0414788     0.113838     0.120468   -0.0354599
    0.161646    0.0516336    -0.087938    0.0282268
 -0.00134996   0.00536786     0.143081   -0.0924302
   -0.111027    0.0478975     0.158034   -0.0887187
   0.0774892    0.0602539    0.0768048    0.0481361
  -0.0325408     0.208514    0.0370487    -0.131962
  -0.0113173   0.00406914    0.0847195    -0.123593
 -0.00246688    -0.136749    0.0766853     0.088467
    0.171903     0.110187    0.0227598   -0.0750791
  -0.0387827   -0.0291759    0.0499268    -0.110773
  -0.0353437    0.0453445   -0.0566587   -0.0232914
  -0.0737874    -0.073181   -0.0736615    0.0835732
  -0.0312218     0.290883    0.0593303   -0.0723641
   0.0782609   -0.0214095    0.0350408    0.0484213
   0.0882924    0.0318529   -0.0653096  0.000716029
 -0.00321097   -0.0661593   -0.0184195   -0.0271308
  -0.0420599   -0.0554941     0.100201    0.0782108