   0.0381111    0.0430845 -0.000220734    0.0057446
    0.272495     0.102633    -0.136513     0.136971
   0.0384067     0.133584   -0.0468291    0.0721722
  -0.0660942   -0.0770053    0.0207587    0.0353586
    0.264392     0.111739   -0.0980557 -0.000292354
    0.153369   0.00460814   -0.0357244  0.000134984
   0.0155046    0.0669557    0.0160889   -0.0055148
   0.0433976   0.00740521    0.0219049   -0.0497816
    -0.08942    0.0688985    0.0661288     0.132274
    0.084291    0.0827535    0.0223278    0.0497972
  -0.0701816     -0.12581    0.0846104    -0.150241
  -0.0601127   -0.0453312    0.0853786    0.0349797
   0.0442779    0.0827183   -0.0577279     0.124809
   0.0799864     0.146816   -0.0766092    0.0578378
   -0.145645    0.0128864      0.10231     -0.06845
    0.172275     0.016114    -0.123787    -0.146091
   -0.219034    -0.071984     0.121259     0.141318
     0.11862   -0.0742314    -0.063132   -0.0629029
   -0.408315    -0.106538     0.129717    0.0835043
   -0.122377    -0.058668   -0.0079319    0.0722397
   -0.126426   -0.0933261    0.0897413   -0.0989305
    0.412278    0.0928654    -0.196364    -0.113622
    0.082453    0.0580349     0.072079   0.00476781
  -0.0556791   -0.0626415   -0.0645769    0.0343263
   0.0740686    0.0435078   -0.0268944   -0.0116101
   -0.130107    0.0274587    0.0949961    0.0807512
-9.08678e-05    0.0167216   -0.0308515 -0.000326111
  -0.0350798     -0.07543 -0.000105939    -0.033673
   0.0720884    0.0415233   0.00402689     0.126527
  -0.0733381   -0.0866461   -0.0139956    0.0649793
   0.0907175    0.0117906   -0.0528049     0.041545
   -0.191094   -0.0606324    0.0548891    0.0632187
   -0.120565   -0.0395425    0.0365687     0.122556
    0.317581    0.0606381   -0.0902944   -0.0678488
  -0.0227561    0.0332314   -0.0150008    0.0243998
  0.00954835    0.0409174   -0.0331174  0.000196382
   0.0569379    0.0900067   -0.0600322     0.125585
   0.0301007   -0.0546884   -0.0140098   0.00411662
   -0.216942   -0.0106761       0.1473     0.121312
   -0.119176    0.0257982   -0.0159022    0.0802971
   0.0875172    -0.107342    0.0662142    -0.140916
    0.219966    0.0365098   -0.0318064   -0.0475283
   0.0361385    0.0915509   -0.0657391    0.0477546
  -0.0105258   0.00366467    0.0270814   0.00739483
  -0.0374487    0.0573622    -0.042721    0.0237657
   0.0248509      0.14599     0.056158      0.16525
    0.166866    0.0654009  -0.00508441   -0.0533515
    0.100188  0.000207794   -0.0875518    -0.153055
 -0.00189704    0.0312975   -0.0388212    0.0763072
  -0.0102704    -0.182839   0.00680848    -0.127409
  -0.0723542   -0.0918391   -0.0241163   -0.0494641
 -0.00191443   -0.0948461    0.0163964    -0.145408
  -0.0638448   -0.0165289    0.0228932   -0.0867386
   -0.107704    0.0452202    0.0193223    0.0525451
  0.00552757    0.0122466   0.00312928    0.0401492
   0.0730225    0.0232381   -0.0236004    -0.143253
  -0.0443995   -0.0636674     0.118219    -0.118047
  0.00477376   -0.0431513     0.058915 -3.38195e-05
   -0.109381  -0.00427412     0.107564  0.000393594
  -0.0649425    0.0667269    0.0542089     0.160279
   -0.307822   -0.0626656    0.0726098    0.0661306
   -0.076848     0.012078   -0.0153781    -0.110137
   -0.324035    -0.053239    0.0477936     0.117726
    0.121968    -0.018282  -0.00926402    0.0111165
   0.0866362    0.0850567   -0.0216254   -0.0396749
  -0.0519196   -0.0234502     0.019523    0.0194591
  -0.0561197   -0.0421008   -0.0132787    0.0782059
    0.146837    0.0351444   -0.0637559   -0.0944259
  -0.0548856   -0.0447816    0.0774452    -0.136243
   -0.103064   -0.0005047   -0.0022211   -0.0790579
    0.148782    0.0601215   -0.0013087    -0.063764
    0.199077    0.0386087   -0.0739212   -0.0744205
    0.212624    0.0232681    0.0226638    -0.106192
   0.0599401  2.51304e-05    0.0318791   -0.0381624
  -0.0755287   -0.0479007    0.0221692  -0.00672322
   0.0402572  -0.00728607      -0.1223   0.00167257
   -0.200759   -0.0418231     0.136819   -0.0495739
   -0.064243    -0.151477    0.0207074   -0.0922598
 -0.00984646   -0.0402776   -0.0438396    0.0409355
    0.130192    0.0845516    0.0226872    0.0417093
   -0.174908   -0.0100535    0.0413068    0.0274397
   -0.136346    0.0139556 -0.000831144      0.16527
   0.0427841     0.127928   -0.0498917    0.0457036
    0.119817    0.0790238   -0.0377818    0.0970224
   0.0987221    -0.035914    -0.057411    -0.026502
   -0.457514   -0.0802477     0.139116     0.123361
   0.0911659     0.106657   -0.0507869     0.103927
  -0.0156338    0.0530924   -0.0171178   -0.0107602
-0.000967539    0.0968911    0.0465842     0.118635
   0.0784489     0.110531   -0.0784831     0.030129
   0.0309741     0.174021    0.0363564     0.113592
  -0.0220507    0.0571535   -0.0526133   -0.0518161
    0.273351   -0.0187492   -0.0984075    -0.182443
   -0.281797   -0.0704983     0.173996    0.0363172
   0.0844764    -0.208027     0.066213     -0.31517
  -0.0827346   0.00811413    0.0558562    0.0425279
   0.0444372    0.0287071  -0.00336228    0.0387467
   0.0709381 -0.000536151    0.0152043    0.0373493
  -0.0128641   -0.0684649   0.00404325    0.0250906
  -0.0475385    -0.123726    0.0235671   -0.0113754
  -0.0552178    -0.119125    0.0979065    0.0378998
   -0.112296  -0.00790366   -0.0229816    0.0472282
    0.256086   -0.0154428   -0.0771375    -0.182921
  -0.0363168    0.0225573    0.0823565   -0.0289527
    0.119973   -0.0337321    0.0286439   -0.0858698
 -0.00211777   -0.0735211    0.0246124    0.0334088
   0.0498494  -0.00782477    0.0387647    0.0956563
  -0.0350006    -0.082937    0.0789032    0.0672012
    0.443336    0.0640974    -0.143204    -0.203266
   -0.175746   -0.0125283     0.132241     0.108764
   0.0467864     0.008018     0.040818   -0.0627718
    0.185849   -0.0878066    -0.106767   -0.0683797
  -0.0459766    0.0214623   -0.0164337    0.0113484
    0.266297    0.0705771   -0.0827934    -0.157473
   -0.177737    -0.065524     0.113402   -0.0116696
  -0.0193742     0.163015   -0.0490426     0.178345
    0.239488   -0.0517034     -0.11711   -0.0533267
   -0.255009   -0.0368265     0.170136    0.0721987
   -0.137987   -0.0888371     0.101307   -0.0721194
   0.0700589   -0.0282542   -0.0852451    0.0113317
   -0.218614   -0.0515467     0.117858    0.0834954
    0.150544   -0.0187469    -0.021249   -0.0278914
     0.31388      0.10453    -0.160191   -0.0510482
  -0.0936828   -0.0238836    0.0437376    0.0354186
  0.00880388    0.0091217      0.04216   -0.0844054
   -0.266846   -0.0716723    0.0464139     0.123483
   -0.133563   -0.0289618   -0.0301803    0.0121462
   -0.031954   0.00478431   -0.0461516    0.0650927
    0.177902   -0.0553912    -0.080461    -0.206505
   0.0998939     0.072849   -0.0395302     0.142568
    -0.19742   -0.0785458     0.136585     0.047048
    0.207576     0.129925   -0.0136729   -0.0173971
  -0.0587319   -0.0537588    0.0138223    0.0381331
    0.154382    0.0326373   -0.0118829   -0.0368956
    0.121555    0.0546546    0.0121999   -0.0388329
   -0.113203    0.0219744    0.0420888    0.0510255
  -0.0120131    -0.042859    0.0314977    -0.047898
 -0.00882066   -0.0110538    0.0263856    0.0710344
    0.570638   -0.0359849    -0.235373    -0.428359
    -0.15456   -0.0804604    0.0726408     0.140926
  -0.0594386   0.00759643    0.0342337    0.0591926
    0.024907     0.090509    -0.112381    0.0910783
   0.0128754    0.0738007   -0.0282185     0.197384
    0.119633   -0.0701668     0.012107     -0.12977
   -0.115877    -0.108435    0.0496358   -0.0302773
    -0.16717   -0.0247709    0.0265984     0.111081
    0.123308    0.0440345     -0.11038   -0.0769421
  -0.0491691    0.0178116    0.0782974  -0.00647685
   0.0483106     0.173466   0.00400145     0.176423
    0.122622    0.0163063   0.00158609    0.0517922
   -0.126216  -0.00896902     0.185267   -0.0293203
  -0.0967986    0.0131523    0.0915778   -0.0598629
   0.0590225  -0.00146163  -0.00968803   -0.0641039
      0.1911     0.146952    -0.100593    0.0788969
    0.111013     0.112557   -0.0984738   -0.0816645
   -0.114905   -0.0749697   0.00144247   -0.0197336
   0.0432804   -0.0329174  -0.00215112    0.0414127
   -0.187958   -0.0684307    0.0377516    0.0429943
  -0.0560889   0.00509498    0.0139216  -0.00833581
   0.0637137    0.0321364   -0.0133854   -0.0869315
    0.128862   -0.0926023    0.0148023     -0.19304
    0.143423   -0.0372232    0.0096451    -0.123213
   -0.195436   -0.0604693    0.0697229   -0.0326193
   0.0288583    0.0523756    -0.087613   -0.0828648
    0.169379     0.133709   -0.0503913    0.0141537
  -0.0788659    0.0522971   -0.0483437     0.129489
 -0.00732807   -0.0418757    0.0385291   -0.0212174
   0.0248563   -0.0731663  -0.00851621    0.0458035
     0.16022    0.0201715   -0.0107432    0.0277067
   -0.122923   -0.0692863    0.0869084    0.0525027
  -0.0409875    -0.152513     0.084194   -0.0565793
   -0.348139    0.0245645     0.124533    0.0944221
   0.0535756   -0.0049095    0.0199465   -0.0741971
    0.102414    0.0256234     -0.08159    0.0420103
     0.19245     0.111834   -0.0526465   0.00651441
   -0.090823    0.0284848     0.100992    0.0616867
   0.0288342   -0.0974417    -0.051658    -0.110952
    0.168812 -0.000948674   -0.0333923    -0.101547
   -0.111223    -0.109273    0.0886255  -0.00975899
  -0.0232925   -0.0106884   0.00216581    -0.127608
     0.15677    0.0500017   -0.0657052    -0.101846
    -0.24009    -0.147403     0.100897   -0.0489164
   0.0493292    0.0052498   -0.0563492   -0.0455921
    0.411459    0.0983805     -0.11934   0.00849964
   -0.113363    0.0897007     0.107714     0.179056
   -0.108186    0.0292137  0.000898843     0.033634
    0.196577    0.0676068   -0.0149412   -0.0797143
   0.0706326   -0.0371691   -0.0597977     0.011944
    -0.05597  -0.00529364     0.011204    0.0151468
    0.106037    0.0272224    -0.105266   -0.0151883
    0.271035     0.203608    -0.116799    0.0623543
    0.047591    0.0171306   -0.0167767     0.143216
   0.0609519   -0.0181383    0.0611145  -0.00773434
 -0.00769002   -0.0311059   -0.0599784   -0.0782123
   0.0683059    0.0247131   -0.0012701    0.0617775
   0.0792291    0.0457382   0.00333486   -0.0536223
   0.0413207   -0.0191393   -0.0261194   -0.0680491
   0.0277597    -0.110684    0.0648247   -0.0986084
    0.103371   0.00553998   -0.0995135    -0.187426
    0.138328   -0.0214787    -0.103955   -0.0474232
    0.185533     0.122612    -0.085423      0.13938
     0.23925   -0.0327083   -0.0212425   -0.0294978
   -0.228187   -0.0652402     0.111798     0.068318
    0.068357    0.0513076   -0.0471772    -0.058697
   -0.295043    -0.111871     0.190123   -0.0126594
   0.0353326    0.0600508 -0.000246833    0.0554834
   0.0552021   -0.0322109   -0.0842846    -0.003324
   0.0858365   -0.0510143   -0.0467646   -0.0640496
   0.0123191    0.0321834   -0.0207448   -0.0486563
   0.0879884   -0.0150487  -0.00140343   -0.0253032
   -0.161689     -0.06453    0.0417035   0.00441402
   -0.079532   -0.0133634     0.108937   0.00379499
  -0.0668181   -0.0529068    0.0109924   -0.0542652
   0.0616902   -0.0318148   -0.0116471  -0.00728506
  -0.0247932   -0.0682703    0.0631308   -0.0107782
  -0.0307531   -0.0457814   -0.0046476  -0.00788622
   0.0302584   -0.0345115    0.0280597  -0.00607183
     0.32853  -0.00230253   -0.0702695    -0.173431
  0.00565366   0.00106632   0.00896752   -0.0866907
   0.0495802     0.109765    0.0123752  -0.00869909
   -0.169511    0.0281786     0.087133   -0.0473478
  -0.0383106   -0.0257295   -0.0312143   -0.0455392
   0.0425284  -0.00585851    0.0668961   -0.0551954
   0.0880318    -0.108982    0.0286843    -0.119754
    0.152374     0.095929   -0.0779688   -0.0399073
   -0.176669   -0.0112919     0.079925    0.0960214
   -0.166611   -0.0320659    0.0395076   -0.0230473
  -0.0555772    0.0759671    0.0175353    0.0150336
  -0.0481302    0.0589052  -0.00439544   -0.0210907
  -0.0450245    -0.028347   0.00718386   -0.0269834
    -0.05807    -0.097769    0.0730378    0.0271607
    0.141114    0.0306113   -0.0268278   0.00253394
  -0.0906689   0.00514708   -0.0265157    0.0114721
  -0.0430434   -0.0526041   -0.0360333   -0.0594785
  -0.0162021   -0.0179721   -0.0288918    -0.124774
   0.0671139   -0.0534241   -0.0528898    0.0347183
   -0.125079   0.00446077    0.0170708    0.0630068
   0.0535622   -0.0736855   -0.0472134    0.0389481
  -0.0380074    -0.080464    0.0226691    -0.112165
   0.0328342   -0.0191889    0.0357086    -0.132879
    0.199561    0.0302761   -0.0291278   -0.0760432
   -0.219307    -0.150979     0.128343    0.0367784
   -0.167789   -0.0521454     0.086227    0.0327087
  0.00286515   -0.0202622   -0.0277723   -0.0516776
    0.159774     0.040343    0.0179041    0.0439272
    0.151302     0.175144   -0.0820372    0.0947937
  -0.0478741   -0.0834379  -0.00293973   -0.0651396
   -0.225562   -0.0207617      0.13509    0.0316637
    0.148835   -0.0481745   -0.0831426   -0.0406776
  -0.0868718    0.0148637     0.109887   0.00525096
    0.136148    0.0137116   -0.0702293   -0.0627794
 -0.00648433   -0.0406093   -0.0679448    0.0919969
  -0.0284218   -0.0664571    -0.048121   -0.0321376
   0.0142878    0.0378582   -0.0650655    0.0293347
  0.00428291   -0.0741429    0.0315138   -0.0940112
    0.150368    0.0023109   -0.0433026   -0.0789395
   0.0611942   -0.0552024   -0.0161454    -0.112947
  -0.0161576    -0.028554   -0.0376152   -0.0466646
    0.356571   -0.0142902   -0.0922922    -0.149656
  -0.0866905   -0.0686859   -0.0211198    0.0114805
 -0.00281965  -0.00566326    0.0357338    -0.016103
  -0.0576978    0.0105008    -0.023054   0.00696707
   -0.125743     -0.10979     0.043402   0.00347581
   0.0819277    0.0871216   -0.0116337    0.0859906
    0.186777    0.0389284   -0.0523046   -0.0997722
  -0.0915554    -0.111502 -0.000750065    0.0263409
   -0.037204  -0.00838276    0.0657584   -0.0273673
   0.0454144   -0.0145417    0.0386686    0.0504645
   -0.212338   -0.0808852    0.0533044    0.0936699
   0.0724329     0.156453      -0.1486     0.175542
    0.335707   -0.0949045    -0.105775    -0.262157
   -0.134106   -0.0396961   -0.0430118   -0.0681012
   0.0901707    0.0189401  -0.00714583   -0.0435116
   0.0576523    0.0155483   -0.0709373    0.0566991
   0.0867782    0.0280744   -0.0685263   -0.0732071
   -0.179406    -0.133572    0.0532013   -0.0340109
    -0.15271   -0.0722275    0.0535273    0.0290298
    -0.15226    0.0365194    0.0411292    0.0416438
  -0.0678923   -0.0128866  -0.00977591    0.0131352
  -0.0833365    0.0328595     0.057858      0.12369
   -0.222078   -0.0702286    0.0594869    -0.112098
    0.123861    0.0489296     -0.03748   -0.0390285
    0.190506     0.083694   -0.0512384   -0.0762681
   -0.106455    0.0537342    0.0213523     0.161812
   -0.251519    -0.115469     0.115834    0.0735125
    0.209256    0.0308334   -0.0389756    -0.138032
   0.0107231  -0.00156587   -0.0461346    0.0440804
   0.0692342   -0.0436602   -0.0516476   -0.0554582
   -0.173958   -0.0701698    0.0777535    0.0352297
    0.212516    0.0384963    -0.121515   -0.0744233
  -0.0601479   -0.0568906    0.0610677   -0.0345611
  0.00633546    0.0156892    -0.018672    0.0704636
   0.0557709   0.00773561    0.0181986   -0.0913588
  0.00368918    0.0450476    0.0327924    0.0540516
    0.571504    0.0808035    -0.278338    -0.172228
  -0.0810387    -0.137791    0.0284413   -0.0225909
    0.269063    0.0665098   -0.0105164   -0.0574025
   0.0652238    0.0513745    0.0561756    0.0573064
    0.453313     0.333847    -0.301743     0.236722
    0.168906    0.0814221    -0.125715   -0.0498935
  -0.0412763   -0.0900557    0.0888089   -0.0897893
   0.0524195    0.0489114    -0.017294  -0.00968767
  -0.0675138  -0.00506381   -0.0243097    0.0379323
  -0.0206608    0.0709554  0.000811473  -0.00905817
    -0.23678   -0.0787973    0.0978777     0.010765
   -0.182331    -0.112663      0.03069    0.0120694
    0.153347    0.0108469    0.0247794    0.0574288
   -0.142215    0.0798668  0.000789765     0.074923
   0.0237962    -0.092684    0.0124812   -0.0886989
   0.0322448   0.00949256   -0.0706073   -0.0173442
  -0.0140188   -0.0328539    0.0617845   -0.0958483
    -0.14504    0.0325737      0.11784    0.0111395
   -0.088766   0.00558442    0.0220098    0.0650355
    0.245224   -0.0769237   -0.0274123    -0.149968
   0.0719694    -0.119299    0.0797689     -0.19125
   0.0420362   0.00380322    -0.053441   -0.0310006
   0.0704292    0.0204689   -0.0624726    0.0887583
   -0.155992    0.0770298   0.00664101      0.18263
   -0.160568   -0.0143603     0.132984   -0.0577263
   0.0544857   -0.0632814     0.072028     -0.09783
  -0.0880864   -0.0729864    0.0553091   -0.0322152
    0.128807    -0.125697  -0.00205352    -0.179862
     0.16355    0.0673621    -0.109682    0.0180786
   0.0897359    -0.040478    -0.018283    -0.148961
  -0.0318033    0.0843605   -0.0340075    0.0101111
  0.00972337    0.0833818    -0.031345    -0.051653
 0.000292233   -0.0543028    0.0381586    0.0580801
  -0.0332725   -0.0420278   -0.0367117   -0.0123415
   -0.256925   -0.0764139    0.0615343    0.0262527
   0.0582082    0.0760537    0.0261007  -0.00399308
    -0.17078   -0.0883262     0.071077   -0.0530648
  0.00366126   0.00141863   -0.0407166   -0.0146641
  0.00768464     0.071158    0.0105999    0.0250798
    0.020211    0.0109252     -0.03633   -0.0453733
    0.078092   -0.0153826  -0.00498153   -0.0733887
    0.115512   -0.0431015    -0.064434    0.0108687
    -0.10013    0.0146072    0.0730376   -0.0388528
    0.180485   -0.0425634    0.0064529    -0.115379
   0.0498582     0.035869    0.0178161   0.00558283
   0.0031706  0.000300113  -0.00113963   -0.0700978
  0.00619378   -0.0513017    0.0447723  -0.00156404
   -0.104616    -0.063616    0.0524719    -0.120039
  -0.0114952    0.0575446   -0.0624148  -0.00135746
  -0.0556673   -0.0662514    0.0371772    0.0664245
   -0.118847   -0.0525936   0.00124521   -0.0525629
   -0.223276    -0.142635    0.0646803   -0.0430614
      0.1381    0.0833459     0.015526   -0.0127343
     0.12174     0.053633   -0.0608968    -0.040764
   -0.165983   -0.0947354     0.109145    -0.115076
  -0.0127667   -0.0742427    0.0464111    -0.121276
    0.155122   0.00238756   -0.0782089   -0.0246712
   -0.100917   -0.0598226     0.021099   -0.0709972
  -0.0722213   -0.0410056   -0.0269315   -0.0396017
    0.185712     0.120413   -0.0911103   -0.0362019
   -0.156821    0.0030312    0.0938212     0.090038
  -0.0731999   -0.0406085    0.0472878    0.0399127
    0.125061    0.0824715   -0.0328368   -0.0105497
  -0.0216052    0.0476976   0.00268982    0.0219877
    -0.12905    0.0723364    0.0435107    0.0976355
   -0.195338    -0.153933     0.120546   -0.0718567
    0.120509  -0.00423966    -0.029603    -0.131624
  -0.0258067   -0.0144671    0.0756794    0.0925768
   0.0082159    0.0245104   -0.0561939    0.0737394
   0.0662394    0.0400943    0.0418878    0.0510851
   0.0231015   0.00410465   0.00230679   -0.0891504
    0.258336    0.0427553   -0.0329247    -0.170594
   -0.197764   -0.0674035    0.0469528     0.121187
   -0.226892   -0.0149575    0.0178748    0.0156127
   0.0265881   -0.0231028    0.0310899  -0.00916925
    0.125225   -0.0233608   -0.0251508   -0.0223258
  -0.0601122   -0.0778061    0.0815434   -0.0579956
   -0.151377   -0.0302228     0.101647    0.0388462
    0.174986     0.105342   0.00162823     0.100035
  -0.0680392   -0.0598138    0.0480272    0.0355163
   0.0660566    0.0689949   -0.0699077   -0.0339404
  -0.0871972   -0.0433763   -0.0441338   -0.0281719
   0.0448109   -0.0319656    0.0257988   -0.0532944
    0.291485   -0.0127748    -0.186259    -0.178461
    0.139472    0.0724466   -0.0749888     0.157197
    0.103581    -0.110089   -0.0227741   -0.0784023
  -0.0774377     0.104158    0.0766598     0.167112
    -0.15719    0.0080445    0.0756766    0.0938862
    0.109122    0.0493648   -0.0194773    -0.112377
   0.0173533    0.0268319    -0.090984    0.0801562
   -0.121882   -0.0755395    0.0808379   -0.0250874
    0.104054    0.0467966   -0.0845317   -0.0215657
   -0.247249   -0.0441559    0.0706234     0.182446
     0.20437     0.168141   -0.0710397    0.0959439
   -0.431571   -0.0593009     0.233866     0.129407
   -0.223879   -0.0394344    0.0300101     0.124008
   0.0447505    -0.141728  -0.00720316    -0.175046
    0.168951   -0.0505519   -0.0709429   -0.0680104
  -0.0527154   0.00239134    0.0696832      -0.0157
   0.0102597    0.0757618   -0.0102322    0.0757058
    0.171073    0.0601406    -0.110016    0.0405181
  -0.0995968   -0.0837698    0.0501989   0.00555358
    0.130573   0.00449266   -0.0382672   -0.0826339
   0.0469993  -0.00601243   -0.0188808   -0.0423296
   0.0213691    0.0099346    0.0239685   -0.0220143
   0.0484166   -0.0474607   -0.0712774   -0.0521176
    0.140948    0.0287699    0.0378149   -0.0823019
   0.0501786   -0.0373935   -0.0847188   -0.0528535
   -0.154613   -0.0619979     0.107774   -0.0223794
   0.0999291    0.0460891    0.0164706  -0.00568046
   0.0772888   -0.0381205    0.0222929    -0.118842
  -0.0697361   -0.0776571    0.0830625    0.0255899
     0.19784     0.027079   0.00403625     0.054172
   0.0198084    0.0584814   -0.0167294   -0.0256295
   -0.119715    0.0264852    0.0833866   -0.0272335
    0.080116 -0.000933166   -0.0547282    0.0163977
    0.155222     0.015374   -0.0393482   -0.0571081
    0.256816      0.12308    -0.108277    0.0946008
  -0.0460557    0.0119627    0.0643508    -0.114722
    0.103632     0.143124   -0.0975289  -0.00331506
    0.116032   -0.0250252   -0.0622015    0.0094922
   0.0349475   -0.0408819   -0.0028566   -0.0198902
  -0.0742343    0.0052252    0.0460103    0.0911559
    0.183541   -0.0452886    -0.142263    -0.122309
  -0.0533923   -0.0679337   -0.0219109   -0.0613537
    0.142246   -0.0286347   -0.0778719   -0.0325732
  -0.0641315   -0.0801899   -0.0204312    0.0118113
  -0.0203597      0.10479    0.0319332      0.15339
   0.0185346    0.0137004  -0.00169885     0.098795
   -0.117832    0.0440016    -0.021613     0.159587
  -0.0385725    0.0152563 -0.000934657    -0.109104
    0.200485     0.145775   -0.0593789     0.145158
  -0.0381579   -0.0106702    0.0260719   -0.0987122
  -0.0481214     0.042106    0.0276899    0.0291045
   -0.112663   -0.0824637   -0.0180978   -0.0532564
 -0.00370926   -0.0342713    0.0669839   -0.0276365
   0.0216244   -0.0611842    0.0619793   -0.0767345
  -0.0900852   -0.0569575     0.105958    0.0388293
   0.0533316    0.0747818    0.0592278     0.122387
   -0.039419   -0.0721674   0.00638291    0.0116117
    0.227845     0.165772    -0.107748    0.0840332
  -0.0860209  -0.00174146    0.0800229    0.0342283
   0.0443181    -0.112936   -0.0740503    -0.234894
    0.105789    0.0689492    0.0104167    0.0482794
   0.0577591    0.0682202   -0.0896083     0.132136
     0.18907  -0.00404303    -0.044684   -0.0295822
    0.279841    0.0394247    -0.159438   -0.0579387
    -0.11084    -0.111053     0.111546    0.0242664
   0.0635759    0.0338059  -0.00316686   -0.0107395
   0.0505937   -0.0540815    0.0738541  -0.00496605
    0.199178   -0.0132702    -0.102322    -0.116292
    0.157614     0.163269    -0.175801  0.000344094
  0.00107215    0.0208583  -0.00858284   -0.0256005
   -0.242672   -0.0028962     0.133996    0.0973437
 -0.00749282   -0.0395858   -0.0572558    0.0247757
    -0.18134   -0.0516706    0.0902951   -0.0190603
   -0.211904    0.0309235    0.0232459     0.113274
   -0.261316    -0.072201    0.0567399  0.000511726
   0.0859024  -0.00618762   -0.0459775    -0.139768
   0.0444261   0.00199453   -0.0136488    0.0371012
    0.182793   -0.0275815   -0.0862066   -0.0809895
    -0.13472       0.1035    0.0390716     0.165586
  -0.0329933    0.0341534    -0.033971   -0.0203776
    0.130256     0.103435   -0.0153049  -0.00920028
    0.561412     0.129152    -0.250963    0.0109826
  -0.0899375  -0.00195021   0.00846723   0.00253922
    0.140072    0.0699801   -0.0496455     0.132307
   0.0879955    0.0367069   -0.0907981    -0.061172
   0.0358576    0.0394091   -0.0260092   -0.0611602
    0.120172    -0.134704   -0.0112351   -0.0724744
   0.0158908    0.0166183  -0.00491855    0.0399878
   -0.213381   -0.0403393    0.0412918   0.00772062
  -0.0250799    0.0740598   -0.0212975     0.197572
  0.00800355 -7.44035e-05    0.0332577    0.0230035
  -0.0547696    0.0433637     0.103308     0.130576
      0.1556    -0.011509   -0.0412988   -0.0569047
  -0.0486729   -0.0469525  -0.00335976   0.00367155
   0.0974985    0.0444158   -0.0924275   -0.0982448
   -0.100632   0.00377688    0.0349995   -0.0277289
   -0.177873    0.0657161    0.0290975     0.111154
    0.165652     0.338671   -0.0527837     0.294134
  -0.0534426   -0.0525815     0.013211     0.038949
  -0.0501098    0.0169916   -0.0259139     0.015968
    0.385986    0.0465083    -0.140832   -0.0804865
  -0.0174555    0.0449102  -0.00736885   0.00333503
   0.0366392     0.117264   -0.0401299    0.0630095
    0.040643     0.124793   -0.0427401     0.185539
   -0.108346  -0.00394817    0.0258428   -0.0674042
    0.196202   -0.0326086   -0.0487361    -0.058311
   -0.126546    -0.124885    0.0904431      -0.1418
   -0.150315    0.0097816  -0.00254988    0.0158099
    0.236091    0.0566397   -0.0298701    0.0473941
   0.0327769    -0.160305    -0.033898    -0.103607
  -0.0258703    -0.057857  -0.00228832    0.0162381
   0.0879748    -0.113099   -0.0179844    -0.116865
   -0.147093   -0.0368937    0.0463077    0.0799094
    0.156071    0.0443665   -0.0122313    0.0193005
  -0.0766487   -0.0994801     0.022384   -0.0972486
  -0.0153178    -0.112026     0.039914    0.0462841
    0.312912     0.140323    -0.192628   -0.0769224
 -0.00506044   -0.0941609  -0.00513203   -0.0987222
   0.0512319   -0.0124918   -0.0668715   -0.0526719
 -0.00636894   -0.0349153   -0.0284008    -0.108949
   0.0145181   -0.0138386    0.0197558     -0.08103
   0.0089755   -0.0477069     0.023278   -0.0549972
   0.0770988   0.00195036    -0.101728    0.0606968
  -0.0561635   -0.0973796   -0.0438402   -0.0290343
    0.107568    0.0363797   -0.0585485    0.0155271
  -0.0597274     0.043692   -0.0179388    0.0105785
    0.018478     0.059057   0.00740934   -0.0508601
 -0.00960368  -0.00130951    0.0107499   -0.0100221
   -0.189344   -0.0206892    0.0512494   -0.0192539
  -0.0246574    0.0183915   0.00170626  -0.00119674
    0.210825   -0.0290059   -0.0436873    -0.120874
   -0.150119     -0.14429    0.0943877    -0.035349
  -0.0820164   -0.0105754  -0.00103264    0.0881032
   -0.098385    -0.110564   -0.0124682   -0.0257822
   0.0420097   0.00885516     0.100006   -0.0120656