 -0.00564887    0.0796702    -0.120553     0.339853
  -0.0951208    0.0903297    0.0594706     0.169386
   0.0495321    0.0383259   -0.0756927    -0.300735
    0.162786     -0.14484    0.0757339    -0.244445
   -0.079174   -0.0381151    -0.179007     0.065432
  -0.0102071    -0.064837    -0.108594    0.0956758
  -0.0309687     0.159718   -0.0923772    0.0389761
   -0.156156     0.104379   -0.0771912     0.150554
   -0.183339    -0.192288     0.114734    -0.185886
 -0.00239012   -0.0444157    0.0629728     0.112025
   -0.135006     0.018093   -0.0175232   -0.0287151
   0.0691472     0.200018   -0.0219249    -0.114136
  -0.0457265    0.0458766   -0.0840825   -0.0493428
   0.0186863    -0.245051    0.0413634    0.0258151
  -0.0364481   -0.0690164    0.0166833  -0.00817304
  -0.0116222   -0.0312051    0.0139165   -0.0262656
   -0.192096   -0.0607723   -0.0430658   -0.0173346
  0.00951182     0.147545    0.0145122   0.00984863
    0.166472     0.156752    -0.116212   -0.0751332
     0.23932    -0.071799   -0.0553009    -0.124259
   0.0735952    -0.261156     0.112261     0.115932
   -0.056245   -0.0736518   -0.0143099    0.0977677
 -0.00988654   -0.0918085    0.0303719    0.0434373
   0.0515481    -0.163795   -0.0518421   -0.0169855
   0.0205134     0.120419    -0.141271     0.162241
   0.0924721   -0.0882793     0.200202    -0.187081
   0.0324664   -0.0511685  -0.00915201    0.0860226
   0.0182445   -0.0128562   -0.0476369     -0.23245
  -0.0578305   -0.0165111    -0.106053   -0.0252234
  -0.0212018   -0.0748044    0.0391495   -0.0120498
  -0.0246687    0.0706085  -0.00277337     0.246484
   0.0523644   0.00121796    0.0663204    -0.106593
   -0.138426    0.0054387    -0.156914     0.136623
   -0.172279   -0.0919183     0.127342     0.171582
  -0.0620604    0.0609898  -0.00621587     0.134965
    0.127672    -0.222998     0.128864     -0.12173
  -0.0778276    0.0377499      0.14204     0.194045
    0.039811    0.0460608    -0.134877      0.15995
   0.0155961   -0.0986223    -0.109762    0.0458856
   0.0736447  0.000527704    -0.115448    0.0766505
   0.0912245     0.214138   -0.0161648    0.0222289
   0.0174918   -0.0828609   -0.0620439    0.0130863
  -0.0407378    -0.182355    -0.148901    -0.105011
  -0.0799043    0.0879998    0.0291222     0.122358
   -0.201585    0.0885507    -0.138354     0.089202
    0.177762     0.109175  -0.00136757  -0.00637214
  0.00633967   -0.0749886   -0.0230818   -0.0465977
   -0.155934    0.0304442    0.0686754    0.0283428
  -0.0328782     0.156293   -0.0883765    -0.174426
  -0.0440557    0.0532481    0.0194988    0.0565069
 0.000377817   -0.0326316   -0.0841634    0.0654375
  -0.0782638    0.0176266    0.0353876     0.139072
  -0.0053652    0.0493541   -0.0604376   -0.0393651
  0.00475863    0.0238529   0.00920205   -0.0540894
   0.0136989   -0.0280356  -0.00664073   -0.0568205
   0.0625584    0.0135836   -0.0870986    0.0354463
   0.0705114    -0.159858     0.118526    0.0621384
   0.0441516    -0.141084   -0.0298793    0.0580457
  -0.0757815   -0.0351968    -0.062847   0.00691387
   0.0909214   -0.0404803    0.0183855    -0.113316
   0.0356483     0.166505    -0.140566    -0.219098
  -0.0192244    -0.119922    0.0152853    0.0904607
  -0.0036441     0.042856   -0.0177762    -0.120512
    0.136176    0.0508783    0.0161174      -0.1237
   -0.133471   0.00600278   0.00717181    0.0435473
  -0.0909499    0.0264994    0.0507686    0.0561192
   0.0517857    0.0544909    -0.186745    0.0850491
    0.019405      0.04605    -0.079625    0.0310869
  -0.0895083    -0.233155    0.0291158     0.201328
   0.0340113     0.048231   -0.0950829   -0.0572142
  -0.0694496     0.047858     0.136572     0.061519
    0.145348    -0.456344    0.0201094    -0.142483
    0.169066    -0.219178   -0.0696555   0.00830173
   -0.117338    0.0364671    0.0526942     0.135048
   -0.111975     0.104963   -0.0627423      0.11249
    0.056185   -0.0514081    0.0132376    -0.121938
  -0.0117804   -0.0551936    0.0853499     0.151983
   0.0664467  -0.00659991    0.0438094    -0.149769
    0.246506   -0.0282137   -0.0176459    -0.079104
  -0.0131535   0.00112174    0.0213894     0.106956
   0.0822607     0.316157     -0.17311    0.0198873
  0.00426375     0.118897    -0.211642     0.155996
 -0.00588107    0.0607154     0.104618    0.0212069
    0.107807   -0.0116451   -0.0348616    -0.114289
  -0.0429193    0.0286378   0.00827687    0.0953257
   -0.114453    0.0147966   0.00510309    -0.137337
      -0.106   -0.0179172    -0.247415    0.0802173
  -0.0516884     0.033204    -0.122998     0.103178
   0.0186566     0.115641    -0.151039    0.0629512
    0.155549   -0.0470636   -0.0220499  -0.00354837
    0.105871     -0.23455     0.278454    0.0552734
   0.0164745  -0.00391635    0.0335919    -0.227991
  -0.0348043    -0.342812    -0.158782     0.142317
    0.147198   -0.0502646   0.00192412    0.0293844
   -0.160922   -0.0204248    -0.013956   -0.0170017
   -0.166047    -0.137127   -0.0304553    0.0962274
  -0.0558424    0.0356868   -0.0513836    -0.149203
   0.0283992    0.0559534   0.00162198    0.0816112
  -0.0582017    0.0355448   -0.0425815    0.0484604
  -0.0513764   -0.0505056    0.0729698    0.0218909
    -0.07678    0.0637563    -0.222037    0.0316215
   -0.112769   -0.0902289    -0.177883     0.127884
   -0.089862   -0.0770349     0.149585     0.161434
  -0.0595665     0.170076    -0.229158   -0.0290473
   0.0195081   -0.0849131   -0.0423507     0.107825
   0.0847145   -0.0269653   -0.0882183    -0.109204
   0.0645152    -0.139702   -0.0109087   -0.0618837
   -0.152277    0.0413729   -0.0981676     0.131986
   0.0706767   0.00975302   -0.0920027    -0.108348
    0.194071   -0.0926703   -0.0784634   -0.0432456
   0.0182748   -0.0293485    0.0443522     0.058625
   -0.115624    0.0127939    -0.350523   -0.0659974
  0.00969297     0.252326    0.0167678   -0.0924041
    0.111732  -0.00585161    0.0299673   -0.0814819
   0.0945482    -0.151227    -0.108074    0.0702086
    0.234482      0.16082   -0.0708312    -0.157814
  0.00384103    -0.185267   -0.0893731   -0.0952164
    0.072115    0.0173397    -0.210369   -0.0329054
 -0.00358921   0.00884434   0.00552583   -0.0503045
   0.0363124   -0.0509746   -0.0623747  -0.00418415
  -0.0794827    0.0334962   -0.0460623     0.108436
   0.0802072    -0.107091   0.00682963   -0.0987736
   0.0356016     0.116822     0.118656   -0.0630713
    -0.09668   -0.0601978     0.192235   -0.0632988
   0.0527993    0.0266331    -0.100937   -0.0672364
   0.0479353     0.136757    -0.135656    0.0894736
  -0.0842939    0.0572384    0.0279833    0.0591159
   0.0600792    0.0474422    0.0782897    0.0730623
    0.137181    -0.029498   -0.0344884   -0.0255608
  -0.0347424    0.0176462    -0.015797    0.0338752
    0.127811    0.0828172    -0.124922   -0.0402102
   0.0461915   -0.0201072   -0.0046114    -0.292379
    0.243835     0.110109   -0.0376758    0.0401617
   -0.011861   -0.0534113    0.0518402  -0.00154988
    0.149715    -0.138077   0.00676171     0.120849
  -0.0755637   -0.0983686     0.128123    0.0817952
     0.10479    0.0046279    -0.216132   -0.0960336
   0.0794894    0.0191751    0.0584522   -0.0227675
   -0.130057   -0.0678328    -0.158831    0.0394035
   0.0642541   -0.0719396     0.268847    -0.147621
  -0.0165559      0.07367   0.00139063   -0.0204697
  -0.0352235    0.0569272    -0.109061    -0.163611
  -0.0571924    -0.293289   -0.0996359     -0.09898
  -0.0555617   -0.0593759    -0.183889     0.277246
  0.00404887    0.0144048    0.0922047     0.117366
    0.031222    -0.144004    0.0288669   -0.0780184
  -0.0395375    0.0609797    0.0665463     0.203299
  -0.0118109   -0.0536519   -0.0565999    0.0122463
  -0.0359226    -0.137788    0.0867931     0.125308
    0.113386     0.103046    0.0550825    0.0474227
  -0.0889663     0.179788   -0.0995064    0.0503402
   0.0969831   -0.0996387   -0.0208098    0.0584529
    0.120876    0.0897903    -0.145186   -0.0398097
  -0.0111669   -0.0807617    0.0658192    0.0612308
   0.0226611    0.0664556    -0.160724    0.0280498
   -0.056186      0.10126  -0.00479037   -0.0116031
   -0.257244    0.0431275   -0.0314833    0.0785183
  0.00893356    0.0946441   -0.0738373    0.0560849
  -0.0400181    0.0776377   0.00370143   -0.0572601
   0.0360268   0.00381494     0.148843   -0.0533588
  -0.0445087   -0.0405058   -0.0568495   -0.0470523
  -0.0197447   -0.0347186    -0.129839    0.0420976
   -0.178987    0.0688359   -0.0793366   -0.0295212
  -0.0856802     0.135819  0.000361243   -0.0204479
   -0.122217    0.0311898   -0.0379013     0.145711
   0.0550803    0.0102429   -0.0560811   -0.0494288
 -0.00624183    0.0813634   -0.0874925   -0.0755693
    0.147776    0.0314173    0.0861661    -0.146874
  -0.0682056    -0.110172  -0.00177527    0.0682326
   -0.139132    0.0817385   -0.0493267    0.0756836
   -0.235031     0.139741    0.0257476     0.195014
    0.278517     0.053638    0.0546099    -0.233299
  -0.0946724   -0.0449119    0.0181612   0.00677652
   0.0331105   -0.0581653     -0.11034   -0.0379747
   0.0438954   -0.0305058   -0.0265619   -0.0193836
   -0.114655     0.107844   -0.0729255    0.0673408
   -0.115958    0.0105459    -0.124596   -0.0346986
   0.0810249    0.0829491   -0.0377481    0.0288181
   0.0310195     0.033753    0.0201085    -0.212504
    0.082853    0.0172464    0.0221304  -0.00267558
  -0.0625442     0.186904    -0.060892    0.0213139
    0.034008    0.0681125    0.0281026    0.0463116
    0.011183   -0.0174793    0.0516195     0.151126
  -0.0479461     0.118902    -0.172561    0.0390787
  -0.0774198   -0.0915588    0.0980481    0.0271966
   0.0502025    0.0866652    -0.120058    0.0240576
  -0.0807768     0.114771    0.0940513    0.0792376
  -0.0226953    0.0494509   -0.0960246   -0.0136969
    0.191861   -0.0883194    -0.234575     0.028887
   0.0460817   -0.0139833   -0.0966706   -0.0193523
    0.194454      0.15301    -0.106506    0.0836592
    0.162694    0.0912831     -0.10825    -0.100394
 -0.00111424      0.11972   -0.0596681    0.0518168
   0.0567331    -0.153696    0.0864943    -0.227042
   0.0100011     0.226406    -0.113497     0.147688
  -0.0496008  -0.00682102    0.0415619     0.122507
  -0.0634572   -0.0532787   -0.0530275    -0.103556
  -0.0492671   -0.0571767     0.198645  -0.00633702
   0.0327162     0.209082    -0.246585     0.105102
  -0.0278602    0.0686466   -0.0627149    0.0547733
   0.0370739    -0.114449     0.165654    0.0714116
   -0.132747   -0.0473724   -0.0847688      0.10318
   -0.179872    0.0178427    0.0466213   -0.0133217
  -0.0745293    -0.197304  -0.00518995    0.0577341
  -0.0581104  -0.00816976   -0.0563272   -0.0575123
  -0.0120606      0.11038    -0.336631   -0.0431181
 -0.00820529    0.0385411    -0.160541   -0.0224478
   -0.217392   -0.0812311     0.182165    -0.128721
   -0.123941    0.0217869   -0.0998493   -0.0975982
   0.0979756   -0.0555752   -0.0936006   -0.0735412
   -0.157058    0.0978601   -0.0916043   -0.0754577
 -0.00387634     0.146116   -0.0884314    -0.113303
   0.0840602    -0.038438    0.0334768      0.07592
   0.0210739   -0.0950295  -0.00214383    -0.137573
   -0.118134    -0.100484   -0.0518234 -0.000549188
    0.100982     -0.15416   -0.0182722   -0.0155805
  -0.0196191    -0.054046   -0.0356793    -0.053841
    0.167601    -0.178522   -0.0337972     0.171717
    0.147515      0.24882    -0.053277   0.00071376
 -0.00412484   -0.0804451     0.122431     0.175045
  -0.0952324   -0.0588088    0.0574088   -0.0660792
   -0.133795     0.063694    0.0679128     0.143003
 0.000176113   -0.0210971    0.0462083    0.0589721
   0.0554984   -0.0473536    0.0415693   -0.0468482
  -0.0307134   0.00962144    0.0314155   -0.0548978
    0.076083    0.0995531     -0.11393    0.0930377
  -0.0400745     0.053902    -0.197402    0.0325565
  -0.0858068    0.0105371    -0.063183    0.0120414
   0.0420802   -0.0518558    0.0433663  -0.00510232
    0.124345     0.018425    -0.140061     0.128621
    -0.12483     0.106797    0.0855747     0.107403
    0.131971     0.261088    -0.131068    -0.217184
   0.0226283    -0.226399    0.0906618    -0.050648
     0.13931    -0.273235     0.178864    -0.123483
  -0.0554104    -0.119504    -0.224041     0.176064
   0.0394824   0.00241779   -0.0173586   -0.0809791
    0.167325   -0.0687576     0.231162     -0.17948
   0.0201003   -0.0637051    0.0321603   -0.0234546
   0.0426261    -0.182858     0.100877   -0.0755019
  -0.0168144     0.184628    -0.360079    -0.100411
  -0.0795489    0.0710301   -0.0781545     0.114458
   0.0742208    0.0107294   -0.0833335     0.122163
   0.0663686     -0.17042    0.0463576    -0.147274
  -0.0605867   -0.0187489    -0.084983  -0.00141473
    -0.12265     0.172357    0.0752704    0.0490729
    -0.11796     0.251317     0.103294   -0.0365383
    0.148332    -0.116111     0.052685    0.0380907
   0.0400457     0.108109    0.0982003   -0.0701234
    0.271604    -0.240002    0.0742451     -0.17405
   0.0876481    -0.177651    0.0166698   0.00519176
   -0.102071      0.15368   -0.0604813    0.0861778
    0.101503    -0.135498    -0.101818   0.00120851
  -0.0564523    -0.014911    -0.124465     0.150857
  -0.0672868     0.222089    -0.350135    0.0459836
 -0.00769903     0.034709    0.0246806   -0.0796195
  -0.0501464   -0.0865668   -0.0654613    0.0266872
  -0.0735577   -0.0907757   -0.0433985     0.135074
   -0.164991    -0.251404    0.0224224    -0.221826
    0.196845    0.0548271    -0.111081     -0.33538
   0.0685554   -0.0845999    -0.107779  -0.00206683
   0.0199894    0.0291063    -0.225043   -0.0838405
   0.0348089    0.0832742    0.0333372   0.00164379
    0.218948    -0.213605    0.0193895    -0.175069
  -0.0174702     0.117523   0.00384102   -0.0305496
   0.0822822    0.0401818    0.0438288   -0.0381416
  -0.0764038    0.0399475     0.073728    0.0681255
  -0.0389158    0.0778976    0.0785965    0.0610764
  -0.0219444    -0.186659   -0.0431332    0.0168957
    0.114156    -0.149285   0.00815407   -0.0508511
   0.0110971   0.00240638   -0.0666464   -0.0974402
  -0.0739997    -0.042358   -0.0907938    0.0171181
    -0.12962    -0.122571    -0.104669     0.040395
   -0.125442    0.0691712   -0.0143486    0.0670083
   0.0971555    0.0571368    -0.064496   -0.0287443
    0.133752   -0.0817084    0.0499678   -0.0415935
  -0.0487712   0.00611978     0.199943    0.0316019
   0.0647606    0.0937081   -0.0874805    -0.172034
   -0.073335     0.131321     -0.31798    0.0425385
    0.106485   -0.0517224   -0.0977583    0.0159257
   0.0972846   -0.0618739    0.0782999   -0.0487991
  -0.0802204   -0.0176048   -0.0740759    0.0108568
     -0.0729     0.121894   -0.0947546   -0.0167278
   -0.198273     0.108987     -0.06109     0.111359
   0.0897869    -0.065576    -0.130476    -0.534492
  -0.0466455    -0.212417   -0.0261976    -0.095873
  -0.0639781    -0.251087     0.111919     0.131321
   0.0218377    -0.239255   -0.0563006     -0.04873
   0.0468173   -0.0246445    0.0630955    0.0294187
   0.0999115   -0.0492668      -0.1903    0.0239949
   0.0228173    -0.056135    -0.104502   0.00653767
  -0.0381412    0.0276427   -0.0647863   -0.0715975
   0.0403651    0.0140526    -0.130963    0.0714433
   0.0641773     0.035018   -0.0533534    -0.040186
  -0.0446391     0.173557    -0.118617    0.0459283
   -0.118542    0.0704436   -0.0545469   0.00794425
     -0.0733   -0.0622241    -0.228587   -0.0337633
  -0.0477301   0.00708738     0.099791    0.0471668
  0.00733213    -0.169116    0.0213384    0.0530899
  -0.0388616    -0.035045     0.120726     0.060228
   -0.013088   -0.0187513   -0.0453471  0.000465056
  -0.0278875   -0.0239922   -0.0370349   -0.0716708
  -0.0647512    -0.121656  -0.00262357     0.063261
   0.0615537    -0.062069   -0.0143778   -0.0570431
 -0.00678094     0.132653    0.0039681    0.0411672
   -0.107799    0.0823389    0.0857789    -0.143789
    0.107896   -0.0224285      0.15759   -0.0831516
  -0.0863493    0.0562381     0.180997     0.151074
   -0.118124  -0.00893377    0.0793712     0.204287
  0.00461142   -0.0918126    0.0875922    -0.195585
  -0.0257626     0.147225    -0.241895   -0.0472258
   0.0333949     -0.01533   -0.0327257     0.126374
    0.107623    -0.131893    -0.173588    -0.197983
   0.0834434    -0.122712   0.00641142   -0.0322962
   -0.102014     0.115566   -0.0909242   0.00920821
  -0.0423532    0.0418592    0.0315839   -0.0572321
  -0.0280362    0.0196707   -0.0203436   -0.0614457
   0.0492062     0.231746     0.138187    0.0143011
    0.193784     0.044937   0.00415127   -0.0612698
  -0.0913758    0.0266874 -0.000798098     0.122442
   0.0868935    0.0268286   -0.0613618    0.0226536
  -0.0574355 -0.000199091    -0.105581   -0.0479453
    0.139972    -0.130135    0.0623706   -0.0695111
 -0.00911573    -0.120063   -0.0394342     0.149012
  -0.0321809   -0.0248791    0.0117551   -0.0880994
   0.0736179    0.0746333   -0.0185594   -0.0543581
   -0.157161    0.0127504    0.0279668   -0.0306775
   -0.107507     0.206628    -0.235692   -0.0325272
  -0.0222811    0.0268238    -0.139262    -0.013689
  -0.0429674   0.00723907     0.111705   -0.0729481
  -0.0704283   -0.0809821    0.0351564    0.0260486
  -0.0631471   -0.0292139   -0.0703551    -0.251302
   -0.010903    -0.194291    0.0686092     0.113626
   0.0124685   -0.0840714    0.0358372    -0.122521
   0.0300235   -0.0222717      0.08272    0.0366773
    0.147454    0.0251006    -0.024306     0.105878
   0.0178006     -0.01705     0.137957    -0.175354
   -0.103169    0.0385098    -0.082346    0.0669616
   0.0223238    0.0740998   -0.0683709    -0.120968
   -0.143218    -0.223959     0.105655     0.155772
 -0.00528408    0.0968184    -0.178934   -0.0881256
    0.031989   -0.0954289    0.0497495    0.0596937
    0.102253    0.0484584   0.00269843    0.0199432
  -0.0254733  -0.00754134   0.00652506    0.0961895
  -0.0598523   -0.0300298    0.0550536    0.0497266
  -0.0648964   0.00726496   -0.0683761    0.0874217
  0.00885419   0.00476421    0.0843927     0.200436
  -0.0423283    -0.024195    0.0105365   -0.0203294
   0.0275347   -0.0637205   -0.0484317   -0.0970336
   0.0984541 -0.000944866    0.0133823    -0.024273
   -0.109669     0.130858   -0.0307872     0.102715
   0.0406674  -0.00157173    -0.121949    -0.310712
   0.0999465   0.00395252    -0.193929      -0.1472
   0.0881625    -0.128082    0.0245524    0.0861302
   0.0528338   0.00162835     0.105029   -0.0733864
   0.0616296    0.0678265    -0.103476   -0.0385088
    0.102763   0.00721297    0.0735473    0.0194939
  -0.0506922     0.119499     0.162297    0.0658185
   -0.053772    -0.118109    0.0179711   -0.0423661
   -0.131854    -0.229644   -0.0853777    0.0271562
 -0.00594308    0.0656629    0.0365652     0.145383
   0.0735387    0.0720878    0.0644335    -0.046589
  -0.0437522   -0.0657361    0.0541356    0.0173691
   -0.138496  -0.00101054   -0.0813831    0.0285188
  -0.0496445    -0.119004    -0.061308   -0.0511205
  -0.0258869   -0.0334893     0.100978    0.0452896
   0.0601576    0.0256859   -0.0596137   -0.0163127
  -0.0169008    0.0265563     0.122726    0.0681301
   0.0833925    0.0306479   -0.0749122   -0.0142387
   -0.107099   -0.0651859   -0.0910546     0.204243
   0.0407557   -0.0274652    0.0903821   -0.0737059
   0.0804151    0.0415916   -0.0646389   -0.0446459
  -0.0842443     0.086847    0.0281869     0.128525
   -0.143603   -0.0691786    -0.133192     0.102446
  -0.0947159     0.129963    0.0180238    -0.105545
   -0.121204 -0.000711106    -0.147693    0.0422585
  0.00909434    0.0381488     0.014873  -0.00733476
  -0.0945286    0.0102646   0.00900894    0.0240128
    0.088291    -0.141897   -0.0961321    -0.199669
   0.0325748   -0.0548534   -0.0744642   -0.0248968
  -0.0221677    -0.112557  -0.00150371    0.0153833
 -0.00022515    0.0651334   0.00861093    -0.132747
  -0.0766245    0.0524109    -0.116852    0.0299063
  -0.0380045    0.0223567     0.060003    0.0380986
  -0.0646065     0.106041     0.036471    0.0655139
   0.0729005    -0.182439    -0.107187     0.137154
  -0.0241269     0.119997     -0.25688   -0.0167383
   0.0218173   -0.0605408   -0.0110516     0.001861
   -0.122011   -0.0513065    -0.178104     0.351852
    0.195132    0.0660601   -0.0191495     -0.23284
    0.111479    -0.160624     0.106605    0.0279171
    0.110781     0.182358      0.10694   -0.0158822
  -0.0841021    0.0847756   -0.0316908    0.0561896
  0.00298299   -0.0881607    -0.117374     0.192858
 -0.00292293     0.165083    0.0299955     0.177502
   -0.200398   -0.0717949    0.0132622     0.101491
   -0.119634     0.167972   -0.0828414    -0.040877
   0.0649698     0.111824     0.088434    0.0506121
    0.045018  0.000993942   -0.0687926     -0.06037
   -0.125067   -0.0200494     -0.10332     0.101162
   0.0137147    0.0617818     0.082047    -0.189378
    0.153366   -0.0444361    0.0386553     0.103414
  -0.0672817   -0.0556241     0.111733     0.123198
   -0.139576    0.0629841    -0.125954    0.0951019
  -0.0927122    -0.107469     0.112362    0.0894872
   0.0473813   -0.0226784    0.0154846   -0.0250996
   0.0548314   -0.0717429   -0.0215762   -0.0395823
   0.0427211    -0.152047   -0.0722366     0.051883
   -0.132082      0.19268    -0.160683    -0.045295
   0.0257213    -0.108746 -0.000151489   -0.0109561
    0.102825    -0.156467     0.068013   -0.0425146
    0.184528    0.0715389   -0.0217474    0.0782012
    0.119148    -0.119115     0.092271   -0.0258922
  -0.0247369     0.208438    0.0180703    0.0140225
   -0.140579   -0.0812908   -0.0244221    -0.098087
  -0.0314375   -0.0616602    0.0453841      0.16681
  -0.0609176    0.0933361    -0.018349 -0.000433128
  -0.0343694      0.13448   -0.0587869    0.0406373
  -0.0558584    -0.060531   -0.0944611     0.260596
   -0.122703   0.00641323   -0.0116487     0.224056
    0.131235   -0.0919268    0.0170785  -0.00098808
   -0.140219     0.114306   -0.0840014    0.0435689
   0.0795366   0.00445194  -0.00179901    -0.171406
  -0.0385384   -0.0503194    0.0753078    0.0417507
    0.137522    -0.135785    -0.132397   -0.0717968
  0.00173278   -0.0327827    -0.144626    0.0541253
  -0.0508773   -0.0660205    -0.048337   -0.0724359
   -0.236746    0.0667076  -0.00883894     0.138743
   0.0114794    -0.117069    -0.062734    0.0460204
    0.084031    0.0521436    0.0712057    0.0183793
  -0.0272408     0.117805    -0.294004  -0.00600361
    0.152797   -0.0707281    0.0712319    0.0123465
  -0.0291556   -0.0195862    -0.183526     0.059842
   0.0319533    -0.200742     0.199621   -0.0400456
   0.0534033    0.0132724    -0.141725    0.0557799
  -0.0743818    -0.144086   -0.0630616    -0.073495
   0.0488417     0.244652   -0.0946921    -0.270474
  -0.0719275     0.100251    -0.061235   -0.0897328
   0.0242788   -0.0954091    0.0946988   -0.0569372
  -0.0795139    -0.110793   -0.0758268    0.0540084
   -0.113519     0.169468    0.0376409    -0.242958
    -0.20054     0.105377   -0.0734154    0.0934341
    -0.10869     0.129212    -0.132078   -0.0172472
    0.100845    0.0478833    0.0299571 -0.000751809
  -0.0934362    0.0753241   -0.0309283   0.00289041
   0.0544609     0.163709   0.00149927   -0.0570924
   0.0354253   -0.0686866   -0.0207527    -0.186773
   0.0220153    -0.199892    0.0481391     0.013525
  0.00447998     0.241452   -0.0493342    0.0498608
   0.0374356    0.0274626   -0.0274066    -0.161363
 -0.00730228   -0.0563767    0.0729777    0.0690866
   0.0158604    -0.120069    -0.241798     0.128502
   0.0618984   0.00997008   -0.0368767    -0.115641
   -0.087942   -0.0600097     -0.12043    0.0504564
    0.181806  -0.00377028    0.0049692  -0.00466685
  0.00706573    0.0434754   -0.0687444    0.0271567
   -0.185214   -0.0299081    -0.056953     0.126857
   0.0577022    0.0882447   -0.0279898    0.0134425
   0.0856801   -0.0315159     0.034822   -0.0952401
   0.0205592   -0.0364854    -0.340736    -0.039739
   0.0834747   -0.0492457    -0.136444     0.050538
 0.000287625   -0.0618338      0.12085   0.00358225
  0.00791442   -0.0724365   -0.0615308   -0.0130735
 -0.00551787    -0.146921   0.00750477   -0.0423385
   0.0341039   -0.0563955     0.106629    0.0101388
   0.0822963    0.0286908    0.0485279     0.107292
    0.012976    0.0114408    0.0166503    0.0589408
    0.235153   -0.0271728    0.0144629    -0.167049
  -0.0397805     0.058359   -0.0639354    0.0392127
 -0.00730513   -0.0037624  -0.00548849    0.0344799
    0.020903    0.0842463    -0.140836    0.0298464
  -0.0860291    0.0276816   -0.0196952    0.0506049
   0.0241459   -0.0507521    0.0739686   -0.0394774
   0.0579278    0.0380036   -0.0221295    0.0725582
   0.0145757     -0.10495   0.00669265     -0.19911
    0.151625    0.0937843     0.149301   -0.0417906
  -0.0313714     0.018423  -0.00318455   0.00784783
   -0.153235   -0.0679652    0.0991281     0.154115
  -0.0185889     0.262835   -0.0721582    0.0828803
  0.00619794    -0.110165   0.00794857   -0.0818461
   0.0924216   -0.0441794    -0.143609   -0.0953371
   0.0708188    0.0105384    -0.138211    0.0338056
    0.130847   -0.0833371     0.140869    -0.230207
     0.10329    -0.120033    0.0843894    -0.173414
   0.0671145    -0.153077    0.0110937    0.0307501
   -0.159175     -0.23298    0.0624979    0.0683666
   0.0345421    -0.113931   -0.0293886    -0.128649
   0.0936508   -0.0626464     0.131018    -0.135912
   0.0327422    0.0601393    -0.152391   -0.0588885
   -0.101403     0.366945    -0.100391    0.0968129
    0.131826     0.228948    0.0932253   -0.0627493
  -0.0411206    0.0729075    0.0556024    0.0302123
   0.0020707    0.0259311    0.0173126    -0.083729
    0.239945   -0.0711651    0.0877238   -0.0900773
    0.162991      0.17016   -0.0190209   -0.0992812
     0.12575  -0.00697645    0.0905778    -0.104464
   0.0574145   -0.0404149   -0.0633616     0.118778
   -0.013474    0.0338717    -0.135456   -0.0145598
   0.0685859    -0.100483    -0.131995     0.202451
  -0.0472494    0.0526691    -0.115336    0.0873575
   0.0395009    -0.162247    0.0289184    0.0340836
    0.197323    -0.144809    0.0396451    -0.146276
 -0.00534946   0.00645844    0.0297415    0.0436568
   0.0410006    0.0738716   -0.0772557   -0.0523709
    0.146854   -0.0642943   -0.0273279   0.00535475
 -0.00483142    0.0776594   -0.0231035   -0.0833913
   0.0178546    -0.150278    0.0191124  -0.00328397
   0.0581131   -0.0530707    -0.149954    0.0112016
   0.0971723    -0.196681   -0.0165388   -0.0949984
   0.0795033     0.191333     0.017258    0.0612892
   0.0577958    -0.116755   -0.0633974     0.021833
  -0.0611581   -0.0646202    0.0840988    0.0566849
  0.00459478   -0.0180907    0.0457402     0.198057