 -0.287782
 -0.298712
 -0.452974
 -0.162839
 -0.209698
-0.0314934
 -0.269437
 -0.418897
 -0.563153
 -0.382796
 -0.172432
 -0.179915
 -0.145619
 -0.246131
 -0.347277
 -0.228578
  -0.58546
 -0.216137
 -0.364283
 -0.407717
 -0.480199
 -0.491247
 -0.332444
 -0.267242
 -0.239782
 -0.354433
 -0.196203
 -0.299516
 -0.230772
 -0.245331
 -0.141746
 -0.153516
 -0.617335
 -0.114913
 -0.296048
 -0.323095
 -0.127001
 -0.466808
  -0.32936
 -0.417408
 -0.281446
 -0.285498
 -0.449148
 -0.371077
 -0.334641
 -0.137949
 -0.191001
 -0.205887
 -0.495338
 -0.176921
 -0.335179
 -0.349095
 -0.181844
 -0.471401
 -0.350618
 -0.196929
 -0.590493
 -0.370714
 -0.331027
 -0.409059
 -0.331932
 -0.259763
 -0.550373
 -0.141699
 -0.249932
 -0.169308
 -0.544022
 -0.227556
 -0.267733
 -0.126407
  -0.29098
 -0.373085
 -0.520767
 -0.199655
 -0.170384
 -0.209195
 -0.407705
 -0.612057
 -0.665194
 -0.132197
 -0.239449
 -0.355874
 -0.192684
 -0.380982
  -0.30383
 -0.248224
 -0.284066
 -0.435815
 -0.224266
 -0.515116
 -0.470825
 -0.283711
 -0.270944
 -0.296877
  0.160596
 -0.323837
 -0.342087
 -0.191869
 -0.280399
 -0.281037
 -0.614774
 -0.261503
 -0.343009
 -0.391312
 -0.213793
 -0.334195
 -0.473911
 -0.203644
 -0.384845
 -0.349416
 -0.171497
 -0.350345
 -0.185203
 -0.488529
 -0.395568
 -0.211737
  -0.20066
 -0.888701
 -0.280857
 -0.124175
 -0.244794
  -0.38367
 -0.200236
  -0.21604
 -0.142159
  -0.37435
 -0.239114
 -0.266007
  -0.23163
   -0.4489
 -0.305812
 -0.473518
 -0.663568
 -0.170393
 -0.407541
 -0.274113
 -0.244389
 -0.401339
 -0.550151
  -0.30279
 -0.130577
 -0.275747
 -0.614148
 -0.266243
 -0.487072
 -0.292026
 -0.367204
  -0.34197
 -0.131478
 -0.295586
 -0.393276
 -0.277084
 -0.218834
 -0.238575
 -0.390856
 -0.188512
 -0.385939
 -0.214256
 -0.182256
  -0.33886
 -0.176718
-0.0668071
 -0.194195
 -0.138323
 -0.594649
 -0.282042
 -0.314825
 -0.223432
 -0.129163
 -0.507694
-0.0339036
 -0.246925
 -0.139524
 -0.413304
 -0.242495
 -0.104287
 -0.274987
 -0.264983
  -0.30452
 -0.302025
-0.0281131
 -0.116721
 -0.365388
 -0.709503
 -0.280495
 -0.431279
 -0.543232
 -0.409828
 -0.119085
 -0.215897
 -0.384662
 -0.143392
 -0.242095
 -0.218893
 -0.789044
 -0.149636
  -0.31855
 -0.216097
 -0.345535
 -0.188249
 -0.204622
 -0.283424
 -0.376741
 -0.275881
 -0.352243
 -0.368279
 -0.219266
 -0.494067
 -0.196113
 -0.194179
  -0.20903
 -0.353351
 -0.454828
 -0.471951
 -0.232602
 -0.172149
  -0.22886
 -0.113156
  -0.30073
 -0.171479
 -0.214793
 -0.117928
 -0.221103
 -0.341602
 -0.266667
 -0.407345
 -0.264615
  -0.30399
 -0.144556
 -0.089783
 -0.330644
 -0.258884
 -0.183919
 -0.480788
 -0.275914
 -0.404306
 -0.641084
 -0.149991
-0.0638932
-0.0744324
 -0.195464
 -0.910487
 -0.276441
 -0.235838
 -0.100012
 -0.226457
 -0.310483
 -0.993472
  -0.25364
 -0.130212
 -0.135782
 -0.125269
  -0.36826
 -0.271349
 -0.187118
 -0.257964
-0.0949489
 -0.354632
 -0.570636
 -0.245187
  -0.35896
 -0.547801
  -0.34551
-0.0049611
 -0.284643
 -0.371955
 -0.409214
 -0.223883
 -0.361243
 -0.345752
 -0.291113
  -0.29172
 -0.315541
 -0.219776
 -0.102206
 -0.120564
 -0.339749
 -0.624275
 -0.215435
 -0.556624
 -0.229472
  -0.23626
 -0.253687
 -0.401194
 -0.579296
 -0.157308
 -0.222859
 -0.203499
 -0.258962
 -0.674462
 -0.379604
 -0.252175
   -0.1847
 -0.108752
 -0.257679
 -0.337213
  -0.24375
 -0.286661
 -0.297904
 -0.138927
 -0.256583
 -0.185054
 -0.216626
 -0.091176
 -0.366365
 -0.251562
 -0.280987
  -0.28503
 0.0836755
 -0.611874
 -0.367048
 -0.551067
  -0.30204
 -0.551369
   -0.1551
 -0.194554
 -0.210802
 -0.630381
 -0.299095
 -0.144651
 -0.358099
 -0.284969
 -0.407202
 -0.136343
 -0.419604
 -0.178477
 -0.298993
 -0.311308
 -0.423181
 -0.199936
 -0.458877
 -0.202836
 -0.298723
 -0.313711
 -0.237131
-0.0304161
 -0.210689
 -0.229943
 -0.275485
  -0.28832
 -0.156462
 -0.441934
 -0.279344
 -0.146496
 -0.285369
 -0.402139
 -0.132798
-0.0935518
-0.0725315
 -0.477274
 -0.339611
 -0.818525
 -0.568306
 -0.121409
 -0.306162
 -0.246014
 -0.284475
 -0.340188
 -0.303922
  -0.25558
 -0.176958
 -0.144891
 -0.152979
 -0.314797
  -0.17121
 -0.174379
 -0.437217
 -0.142829
  -0.11793
 -0.313957
 -0.550421
 -0.314773
 -0.317142
 -0.281104
 -0.266269
  -0.10837
 -0.274793
 -0.282866
 -0.250857
 -0.200545
  -0.43912
 -0.471284
 -0.151015
 -0.224931
 -0.405041
  -0.19777
 -0.577616
 -0.837404
 -0.898855
 -0.472673
 -0.236388
 -0.825304
 -0.446109
 -0.300849
 -0.236228
 -0.263229
 -0.176236
 -0.301318
 -0.361215
 -0.239919
 -0.102064
 -0.181095
 -0.393899
 -0.176545
 -0.157434
 -0.214392
 -0.135431
  -0.30269
 -0.150454
 -0.283815
 -0.319802
 -0.409101
 -0.517433
 -0.446252
 -0.385989
 -0.145678
 -0.497642
 -0.393005
 -0.119446
 -0.472287
 -0.247546
 -0.449307
  -0.24457
  -0.32494
 -0.261243
 -0.252845
 -0.290228
 -0.217434
 -0.180546
 -0.328925
 -0.276326
 -0.168946
 -0.236899
 -0.227706
 -0.554074
 -0.304448
 -0.293196
-0.0841072
 -0.179916
 -0.464793
 -0.437822
 -0.251792
 -0.466333
  -0.18806
  -0.17603
 -0.302203
 -0.296401
 -0.522002
  -0.35593
 -0.223624
 -0.468968
 -0.513908
 -0.262926
 -0.418067
  -0.19302
 -0.407698
 -0.428053
 -0.446964
 -0.742211
 -0.192346
 -0.128966
  -0.27825
 -0.321589
 -0.365862
 -0.180234
  -0.26568
 -0.227183
 -0.380813
  -0.21489
 -0.293718
 -0.117269
 -0.216335
 -0.524377
  -0.46048
-0.0664076
-0.0896351
 -0.336053
 -0.632878
 -0.132319
 -0.336648
 -0.197791
 -0.232604
 -0.325557
 -0.250732
 -0.455722
 -0.468893
 -0.321613
 -0.509465
 -0.392889
 -0.218977
 -0.252141
 -0.430344
 -0.160859
 -0.541839
 -0.203065
  -0.13402
-0.0184285
 -0.379056
 -0.218024
 -0.221546
  -0.21849
 -0.131367
 -0.200422
 -0.276191
 -0.187023
 -0.396598
 -0.554188
 -0.320157
 -0.546264
-0.0760603
 -0.310945
 -0.494356