   0.0797411    0.0345742    0.0625619    0.0281232
   0.0395623   0.00345067   0.00695565   -0.0390827
   0.0455487   -0.0223126    0.0214628   -0.0713966
   -0.163624    0.0157297   -0.0990036     -0.13432
   -0.156137   -0.0231018     0.137286     0.115076
  -0.0486271   -0.0404977     0.185825    0.0960417
  -0.0160895    0.0543768  -0.00630073    0.0495188
   0.0987098    0.0544328    -0.126541    -0.091648
    0.163299      0.02149    -0.236534    -0.151552
    0.015517    0.0350735    -0.106908 -0.000931763
  -0.0287505  -0.00316929     0.124347    0.0255456
    0.132187   -0.0224139   -0.0455664  0.000682365
   -0.112237   0.00206806     0.175681    0.0986637
  -0.0674987   -0.0517142   0.00728618    0.0737215
  -0.0569261   -0.0307063    0.0494795   -0.0311421
 -0.00533956    -0.044165     0.114719     0.102223
   0.0311187    0.0616916     0.137053    0.0919643
  -0.0856254   -0.0779408    0.0236578    0.0032058
   -0.121045  -0.00355542    -0.153333    -0.113041
   0.0357357    0.0755097    -0.305295    -0.104676
  0.00398081   -0.0201655     0.147365     0.108247
  0.00817233    0.0105188    0.0165655    -0.117922
   0.0438788   -0.0118638    -0.047398   -0.0526262
   0.0838762   -0.0465401  -0.00648132  -0.00822346
   0.0686395    0.0147202   -0.0576687   -0.0168361
   0.0377609    0.0583603   -0.0345043  -0.00268735
  0.00787506  -0.00663876   -0.0980287    -0.131589
  -0.0340579   -0.0286346   -0.0145548   -0.0921111
   0.0470121    0.0569182    0.0990425      0.12458
  -0.0242494   -0.0413227      0.18813     0.151563
  -0.0257137   -0.0575498     0.119126     0.182776
  -0.0488464  -0.00810687    0.0293068     0.084036
  -0.0013449    0.0468085    0.0790707    0.0464411
    -0.23484   -0.0755289      0.07783    0.0394943
   0.0280061   0.00966143    0.0635927   -0.0227765
    0.104702    0.0649807   -0.0066098  -0.00931368
  -0.0327664   -0.0713438      0.17532   0.00904132
    0.155559    0.0487125    -0.149935    -0.120183
    0.153029    0.0636111    -0.103882    -0.037665
   0.0282894   -0.0231488    0.0689493   0.00852449
   -0.133827   -0.0575066   -0.0158542   -0.0873119
   0.0716282   -0.0350486   -0.0709801    -0.157368
  -0.0359807  -0.00472868   -0.0221487   -0.0299557
   -0.012534    0.0233513    0.0167125    0.0280458
   0.0839087   -0.0231839    0.0430751    0.0853069
  -0.0263406    0.0250714    -0.141481    -0.058017
   0.0651201    0.0703761   -0.0366158    0.0928107
   0.0440188      0.01144   -0.0389628    -0.100854
   0.0801587    0.0680029     0.129062     0.148283
  -0.0946857   -0.0163034   -0.0040756   -0.0242397
  0.00184547    0.0890536   -0.0456575    -0.120656
   0.0559871  -0.00721753    0.0591775    0.0595705
  -0.0363604   -0.0589182    0.0672899    0.0544953
   -0.069214    -0.075516    0.0595347    0.0363525
 -0.00950703   -0.0155279    0.0374963   0.00240113
    0.022486  -0.00398791    0.0704794     0.063637
  -0.0716765    -0.065039    -0.142623    -0.109045
  -0.0294643  -0.00141065    0.0886501    0.0337639
   0.0133378    0.0734371  -0.00722139    0.0582826
  -0.0997976 -0.000859318    0.0942428     0.167677
  -0.0458646   -0.0646323     0.126803    0.0931457
 -0.00622601    0.0211141     -0.12155   -0.0799711
    0.153179    0.0302016    0.0600696     0.015535
 -0.00984551   -0.0515021    -0.048746   -0.0528588
   -0.012571   -0.0532091    0.0321966    0.0132049
   0.0788448     0.102301    -0.152008   -0.0318825
    0.098727     0.040508   -0.0226353   -0.0882687
  -0.0799532   -0.0479004   -0.0319295  -0.00509742
  -0.0490897   -0.0151097  -0.00505042  -0.00857125
  0.00463003   -0.0244943    -0.220054    -0.250462
    0.070576   0.00128268    0.0364296     0.049729
   0.0283501   0.00523102    0.0744707   -0.0407277
   0.0242502   -0.0584565     0.139112     0.169215
  -0.0482662    0.0169039    0.0243224   0.00504829
   0.0253394   -0.0556619    -0.022411    0.0363422
   0.0389532   0.00417446    0.0815472     0.172765
   -0.106508   -0.0423034    0.0957683    0.0112986
   0.0891057   -0.0480966    0.0390868     0.154507
   0.0744461    0.0429192    -0.077934  -0.00827541
  -0.0693657   -0.0467475    0.0740285    0.0611565
   -0.107529   -0.0480247     0.228334    0.0888892
  -0.0741431    -0.035176     0.120455    0.0815588
    0.059543    0.0398591    0.0218269    0.0924605
   0.0935418    0.0343033    0.0437799    0.0273502
  -0.0685705    0.0450705     0.131397   0.00271223
    0.092164    0.0137937    -0.210582     -0.18252
   0.0690943   -0.0520804     0.159799     0.172415
   0.0243983    0.0879038    -0.240049    -0.126114
    0.124956     0.115858    -0.157353    -0.133659
   0.0362557   -0.0240424   -0.0549466   -0.0935126
    0.122573    0.0584541   -0.0338214   -0.0418383
    0.129784    -0.015084   -0.0227477   -0.0408677
   -0.117038   -0.0168021    0.0424193   -0.0416049
   0.0661693   -0.0089138   0.00200574   -0.0890064
   0.0534659  -0.00978055    -0.161427   -0.0518212
   0.0990644    0.0215796    0.0416422     0.140808
   0.0401477   -0.0106241    0.0493106    0.0808198
    0.106046    0.0662893   -0.0406521    -0.167905
   0.0676784    0.0291275     0.101051    0.0708036
   0.0417296    0.0237505   -0.0104071    0.0142373
  -0.0367365    0.0316064    -0.104849   -0.0716337
   0.0939753   -0.0080566    -0.157421   -0.0804463
    -0.10782    -0.067811  0.000938148   -0.0324874
     0.15444    0.0925332    0.0372512    0.0312629
   0.0900428    0.0555691    -0.066387   -0.0737826
   0.0338271   -0.0411614     0.200721    0.0254153
   -0.063696  0.000517404    -0.128393     -0.25416
 -0.00651103   -0.0928452    0.0370179    0.0726739
  -0.0686463   -0.0404832   -0.0186299     0.029886
   0.0551127   -0.0456814    0.0238816    0.0568815
   0.0406331   -0.0438574     0.151338     0.133495
   0.0320149    0.0282696     0.289719     0.273924
 -0.00652971    0.0513854   0.00642534   -0.0368031
   0.0694351   -0.0284019   -0.0468913   -0.0224705
  -0.0697347  -0.00788736    -0.185516   -0.0593465
   0.0338145    0.0255814      0.10034    0.0479495
  -0.0250078   -0.0216097     0.109289    0.0675783
   0.0209384    0.0532571     0.188038    0.0413421
  -0.0410484   -0.0274964    0.0482126    0.0211881
  -0.0325965  0.000842752    0.0328076   -0.0102149
  -0.0446965    0.0527948    0.0614904    0.0287883
   0.0234481   -0.0131694    -0.119125    -0.163908
    0.201532   0.00783869    0.0412529    0.0455382
   0.0224575   0.00768888    0.0295107   0.00168978
   0.0562034    0.0352619   -0.0225489    -0.024628
   0.0248079     0.041202    0.0442172  0.000320794
   0.0738634    0.0627798    0.0158473    0.0191008
   0.0755308    0.0666662   -0.0182077   -0.0791407
    0.167593    0.0191346    -0.240182    -0.201929
  0.00184908   0.00531027   -0.0197588   -0.0169045
  -0.0288501   -0.0116846    0.0245398    0.0354971
   -0.100563   -0.0946449     0.157708     0.137581
 -0.00436266    0.0628188    0.0611691    0.0226209
  0.00283692    0.0033139    0.0801596     0.164846
   0.0747257     0.106225    -0.100142    -0.102464
   0.0908271    0.0320229    -0.145014    -0.139072
   -0.132421  -0.00401786    0.0712321  -0.00968048
   0.0804258    0.0391004   0.00110104    0.0278492
   0.0228723   -0.0157405     -0.10693    0.0131085
  -0.0887242   -0.0935963     0.129548    0.0905385
  -0.0835342  -0.00452801     0.116765    0.0423793
 -0.00856569    0.0472039     0.112296    0.0160116
  -0.0584163   -0.0717609      0.21112     0.147615
  -0.0346811   -0.0568877     0.135145     0.114639
  -0.0840343   -0.0888846     0.146905    0.0695041
   0.0357063    0.0235681   -0.0735254   -0.0364125
  -0.0282378   -0.0352543    -0.130913   -0.0643472
  0.00169347    0.0317516   -0.0874702    -0.128145
  -0.0205872   -0.0591999     0.222563     0.163558
  -0.0204556    0.0549548    0.0124055    0.0150359
   0.0483308     0.062498    0.0423465     0.130922
   0.0300531     -0.02674     -0.10207  -0.00899006
   0.0869428   -0.0467961 -0.000215503     0.086303
   -0.100318   -0.0521585    0.0610718    0.0557367
    0.078689   0.00702887     0.224284     0.152346
   0.0170009     0.049469    0.0182228   -0.0141896
   0.0546285    0.0949229    0.0159003   -0.0589455
   0.0828922    0.0231733    0.0255043    0.0612465
  -0.0473914    0.0229623    0.0654429    0.0259195
   0.0856245   -0.0272243    0.0740259   -0.0224645
  -0.0116271   -0.0510747    0.0555578   -0.0285332
   0.0962954  -0.00796402   -0.0139395    -0.075762
  -0.0536379   -0.0200866   -0.0892838  -0.00572129
   0.0537822   -0.0479183    0.0210565   -0.0558342
   -0.205864    0.0153342  -0.00812862    0.0170552
  -0.0616215   -0.0884779    0.0540672    0.0734002
   0.0734943    0.0221892    0.0547643   -0.0311466
   0.0417499    0.0252072    0.0693342     0.132399
  -0.0273375    0.0328122     0.068084   0.00277033
  -0.0210326   -0.0661401  -0.00569583   -0.0139986
    0.113334    0.0777501   -0.0558225    0.0215395
 -0.00314739   -0.0322747     0.133069     0.122385
  -0.0556782   -0.0593442     0.105015    0.0207731
  0.00814839    0.0984074   -0.0561862   -0.0197477
   0.0290261    0.0695064   -0.0993475   -0.0766731
   0.0195116    -0.012144   -0.0661902   -0.0849567
    0.054878    0.0310522   -0.0430205   -0.0499617
   -0.127436   -0.0928711    0.0121355    0.0404624
  -0.0328747    0.0139959    0.0935502    0.0789259
 -0.00937643    0.0749626    0.0357489   -0.0293738
   0.0592998    0.0772827   -0.0383825    -0.108262
-0.000878648    0.0113967    0.0267603    0.0354639
  -0.0243636   -0.0672678     -0.04961  -0.00606784
   -0.149371    -0.111192    0.0348717   -0.0238469
   -0.120024    0.0397958  -0.00334277   -0.0621203
   0.0156092    0.0389909     0.142728     0.109018
   0.0032009     0.041072   0.00430329   -0.0588125
   0.0699415    0.0707437     0.062615    0.0262689
  -0.0401868   -0.0515741     0.221448     0.193879
   0.0156859    0.0173082    0.0345897    -0.012588
    0.128342   -0.0507437   0.00459226    0.0534508
   0.0691824    0.0235884     0.152908     0.129366
  -0.0941236   -0.0827879    0.0816812   -0.0572413
    0.036535  -0.00152377    -0.078515   -0.0423415
    0.138164    0.0862443    0.0515993   -0.0235998
   0.0363489     0.069414    0.0513958    0.0406604
   0.0512561    0.0356143    0.0331653   -0.0103157
  -0.0442578   -0.0250289    0.0833101   0.00390615
  0.00150936     0.040881    0.0554748    0.0610193
   -0.114615   -0.0866231    0.0916259    0.0799878
  -0.0785121   0.00704284  -0.00878971    -0.084867
  -0.0896324    0.0207927   -0.0753043    -0.028676
    0.125975     0.012402   -0.0571645   -0.0177951
  -0.0715594   -0.0133863      0.10538     0.157855
  -0.0859185    0.0121219    -0.191645   -0.0817192
   -0.172603   -0.0659529     0.287783     0.162388
   -0.100169    0.0109298    0.0519166    0.0348477
      0.1159   -0.0308642    0.0295387    0.0893504
   0.0139852   0.00261613    -0.102981    -0.107303
   0.0581371 -0.000440883    0.0106647    0.0383229
   0.0156636   -0.0323415   -0.0696663  0.000486455
   -0.139179   -0.0789676    0.0946317    0.0696319
   0.0875083   -0.0654093     0.142338     0.147878
   0.0104219  0.000679523    0.0530692    0.0516197
   0.0106774  -0.00870993    -0.122039   -0.0906213
 -0.00446684   -0.0417142   -0.0927736   0.00351448
  -0.0660078   -0.0444456   0.00912254    0.0499686
   0.0643793   -0.0270556     -0.11014   -0.0482505
    0.036246    0.0941536   -0.0948728  -0.00883449
   0.0659074    0.0171539   -0.0108575    0.0595945
 -0.00258584   0.00430215       0.1726     0.126695
   0.0614563   -0.0502725    0.0851354    0.0544522
  -0.0225446   -0.0259991   -0.0155423   -0.0446158
  -0.0236805    0.0555611   -0.0291224   -0.0367221
  -0.0119513   -0.0296505     0.112486     0.111896
  -0.0726523    -0.051944    0.0513737    0.0554655
   0.0805345    0.0918271    -0.119537   -0.0206634
   0.0362723    0.0646334   -0.0104991    -0.113277
  -0.0211726   0.00774578   -0.0186308    0.0826759
   0.0433426     0.063077   -0.0524224  -0.00846979
 -0.00888392    0.0286539     0.118985     0.108093
   0.0158807   -0.0445973     0.144721     0.214786
   0.0188729   -0.0192942     0.159742    0.0805042
   -0.101594   -0.0566052       0.0677   -0.0376891
  -0.0893194    0.0794384   0.00837642   -0.0938795
    0.039565    0.0336317    0.0192377     0.151171
     0.10517    0.0355728     0.132771     0.104816
  -0.0369355   0.00309415     0.122821      0.11777
  -0.0159522   -0.0495858    -0.123776   -0.0537921
    0.153986    0.0348376    -0.422735       -0.242
  -0.0228536    -0.036685   -0.0786928    -0.052549
   -0.163613   -0.0960598     0.223988     0.146605
    0.095528   -0.0124883    0.0597295    0.0666678
   -0.206262   -0.0785662   -0.0377105   0.00378884
   0.0814519    0.0350198   -0.0148469  -0.00848721
  -0.0652244    0.0225207   -0.0107602     0.010682
    0.109444   -0.0302249    0.0587666     0.191293
    0.118344    0.0484282     0.196108    0.0222344
  -0.0315568    0.0393008     0.251768     0.276252
  -0.0118836   -0.0398486   -0.0851108   -0.0340446
 -0.00244112   -0.0333851    0.0564821     0.150735
   0.0338554    0.0409498    0.0712808     0.109824
  -0.0509632   -0.0367325   -0.0288496    0.0461039
   0.0602604   -0.0429977   -0.0859414  -0.00453677
  -0.0359004    0.0584298   -0.0296604    0.0112783
   0.0154507   0.00769864    0.0184601     0.028412
   0.0267419   -0.0384979     0.126551    0.0304974
   -0.167552   -0.0202011      0.10281     0.118366
    0.109666  -0.00259792     0.132428     0.113072
    0.037369    0.0726408      0.11258  -0.00343291
  -0.0623064   -0.0338644    0.0543015    0.0832227
  0.00489186   -0.0316016   -0.0844533   -0.0141947
  -0.0544392   -0.0441221    0.0280918    -0.019737
  -0.0722822   -0.0250807     0.162491     0.122297
  -0.0607807  -0.00883975     0.113767     0.128902
  -0.0632283   -0.0666539    0.0234194   -0.0201709
   0.0748289    0.0563273    0.0455591   -0.0773518
   0.0937051    0.0358607    -0.103773   -0.0610367
   0.0597618    0.0488109   -0.0802449    0.0431429
  -0.0498034    0.0269692    0.0161823     0.120115
   0.0907513    0.0301245     0.153388     0.111943
   0.0320723    0.0417837    0.0754778  -0.00248042
  -0.0828551   -0.0712321    0.0741435    0.0611526
   0.0695592    0.0800906   -0.0645302   -0.0204181
  -0.0362115   -0.0683687    0.0414501   -0.0031784
    0.103037    0.0613463   -0.0596876    0.0560934
     0.14817     0.095272    0.0322498    -0.015223
  0.00617625   -0.0370135     0.116744    0.0705911
  -0.0135901   0.00992915       0.1152     0.205468
   0.0749472    0.0581085     0.207561    0.0510095
  -0.0520665   -0.0189257   -0.0350242    0.0121934
   0.0819334    0.0278953    -0.160279   -0.0938166
  0.00716215    0.0353296    -0.196491    -0.131891
   0.0499768    0.0510264    -0.288253    -0.157872
  -0.0687227   -0.0455636     0.163584      0.12435
   0.0433249   0.00348385   -0.0160569   -0.0603323
  -0.0325732    -0.025516   -0.0047644  0.000976423
  -0.0290271    0.0275274   0.00599636    0.0984303
   0.0599584    -0.016114   -0.0716186    -0.110928
  -0.0806588     0.023526     0.166741    0.0109492
   0.0608768    0.0238096   -0.0915394    -0.082104
    0.174547    0.0732586    -0.183619    -0.208963
  -0.0632765   -0.0560624    -0.130078   -0.0218439
  -0.0571883    0.0432307    0.0757074     0.035603
   0.0678821   -0.0581936   -0.0665431   0.00977204
  -0.0591692    0.0391546    0.0684965    -0.016716
  -0.0733103    0.0577312    -0.101576   -0.0322519
   -0.157238  -0.00208362     0.229188     0.135263
  -0.0071128   -0.0428272    0.0371098    0.0225586
   0.0466146   0.00120806     0.128134     0.188647
  0.00146525    0.0661762    -0.106901   -0.0107574
 -0.00699901    0.0436573   -0.0432069    0.0422642
  0.00443365    0.0288951    -0.108203    -0.145251
  -0.0231938     -0.08597    0.0578648  -0.00144758
   0.0136404    0.0411688    0.0444342  -0.00109454
  -0.0139081    0.0218659    0.0790593    0.0268849
  -0.0817206   -0.0951182    0.0880841    0.0598182
    0.114253     0.039202   -0.0684639    0.0104541
    0.035056    0.0654978    0.0504832     0.106101
    0.219595     0.121789    0.0324983    0.0121739
  -0.0371897   -0.0419412   -0.0842117   -0.0584781
   0.0970288    0.0586597    0.0757732   -0.0016948
   -0.037391   -0.0394841   -0.0355292    0.0171714
  0.00970245    0.0610361    -0.136767    -0.107338
   -0.159425   -0.0572578    0.0483426   -0.0280673
    0.119496    0.0431343   -0.0868091    -0.119005
   0.0322182   -0.0195826    0.0780111   -0.0193072
  0.00384053   0.00884839    0.0161797    0.0325688
    0.132436   0.00818949    0.0849273     0.149739
   0.0589072 -0.000804066    0.0180319    0.0796572
   0.0893977   -0.0152393     0.119516     0.130724
   -0.107239   -0.0752312      0.01561   -0.0286375
   0.0240323    0.0941962   -0.0603599   -0.0817669
     0.14317    0.0275849 -0.000734188    0.0136882
  -0.0623204   -0.0691801    0.0197765   -0.0448563
   0.0425465   -0.0050444   -0.0601546    -0.131535
   0.0661609   -0.0381452    0.0901258    0.0398401
    0.124994   -0.0512499     0.132905     0.151733
    0.113278   -0.0098871    0.0251134    0.0573644
   0.0436503   -0.0238539     0.157407     0.090937
   -0.284332   -0.0676232     0.164757    0.0887242
   0.0169998   -0.0327772   -0.0652757    0.0108984
   0.0880065    0.0198801    -0.078978    -0.044088
  -0.0276208   1.3811e-05    -0.114406   0.00563523
  0.00177518     -0.05227     0.011169   -0.0055936
    0.106311    -0.014184    -0.188079   -0.0436808
   0.0158728     0.076702    0.0246686   -0.0688116
  -0.0516829   -0.0688228    0.0158573    0.0571605
   0.0964182    0.0740158    -0.162501   -0.0903615
  -0.0589294    0.0829847   -0.0225607    -0.009798
   0.0359285    0.0622204   -0.0294997   0.00240008
  -0.0926888 -0.000621805     0.162711     0.170605
    0.072158    0.0221179    0.0187314    0.0238248
    0.017595   0.00709428    -0.245608    -0.198056
   0.0378598   0.00686117     0.117413    0.0233067
   0.0891529    0.0880108    -0.164604    -0.129526
  -0.0584536      0.05245    0.0984291   -0.0144805
  -0.0144564    0.0445765   0.00760125      0.03185
   0.0461038   -0.0213107    0.0411155   -0.0173977
   0.0652884   -0.0141842    0.0523536    0.0150447
    0.125233    0.0180005    0.0738155    0.0260948
   0.0752821    0.0757676   -0.0505025   -0.0284359
  -0.0793279 -0.000919411    0.0247908   -0.0134771
   0.0816982   -0.0188017    0.0771073   -0.0206157
    0.113068  -0.00380509    0.0191094   -0.0536258
    -0.13942   -0.0378729    0.0748649    0.0532003
   -0.241651   -0.0580752     0.102713  -0.00622657
   0.0200359    -0.029647    0.0771534    0.0076289
 -0.00364169   0.00206264    -0.152965      -0.1171
   0.0152278    0.0205137    0.0977208    0.0589914
  0.00501417   0.00690836     0.137518     0.110477
   0.0317925   -0.0191483    0.0740824     0.102835
   0.0600931    0.0456239   0.00100331     0.055152
     -0.1855    -0.107809    0.0204985   -0.0801374
   0.0504302    0.0332655      0.01644  -0.00701197
    0.122051    0.0992951    -0.179165   -0.0795144
   -0.143894    -0.119049     0.198572    0.0322375
   0.0565125     0.028401   -0.0274866   -0.0309592
   -0.110665   -0.0767939     0.027962   -0.0606119
 -0.00454933    0.0656359   -0.0881294   -0.0278078
  -0.0376081   -0.0338918     0.158804     0.117741
  -0.0174818   -0.0758698     0.125896     0.105949
   0.0401143    0.0212362     0.138986     0.109758
  0.00586371   -0.0438558   -0.0369414     0.028514
   -0.189355   -0.0864386    0.0135288    0.0731095
   -0.078085   -0.0194331    -0.045876    -0.011177
    0.050804    0.0762721   -0.0475394    -0.100031
   0.0938708  -0.00333924    0.0352022    0.0218145
    -0.12305   -0.0718428     0.168512    0.0964198
    0.058451   -0.0387956   -0.0436866    0.0635386
    0.140776    0.0501143  -0.00212306   -0.0122903
  0.00912703    0.0319314     0.054522     0.061444
  -0.0359857    0.0515435    0.0868181    0.0866738
   0.0461775   -0.0414869     0.204587     0.100226
   0.0906709   -0.0386969    0.0694796    0.0284679
  -0.0566926    -0.100304    0.0817645    0.0394957
     0.10406    0.0611691    -0.205802   -0.0159951
  -0.0636096  -0.00534409   -0.0482732   -0.0597345
   -0.100585   -0.0428988      0.24816     0.107477
   0.0245578   -0.0315561     0.130517    0.0821909
  -0.0350702   -0.0329223  -0.00445694    0.0333492
   0.0705004     0.017177   -0.0537191   -0.0215188
  -0.0662163     0.024383  -0.00646189   -0.0724639
  -0.0991579   -0.0648572     0.100752   0.00454355
  -0.0419321    -0.026582   -0.0386315     -0.10358
 -0.00622012   -0.0325284     0.089307      0.11652
  -0.0150407   -0.0778945   0.00611077   0.00390693
    0.126795    0.0613532   -0.0466057   -0.0914335
   0.0123271   -0.0372669     -0.14987    -0.185799
  -0.0878534   -0.0798619    0.0727905    0.0188715
   0.0035702   -0.0133653    -0.139919    -0.141918
   0.0329259    0.0536618  -0.00671421    0.0644775
   -0.168286    -0.113478     0.128475     0.122329
   0.0404158   -0.0406153   0.00997411   0.00771328
  -0.0813398    0.0206497    0.0209512   -0.0260978
   0.0582484   -0.0144069     0.114494     0.103546
    0.184939    0.0218861    0.0304127    0.0382419
  -0.0413967    0.0254238    0.0437934   -0.0648033
 -0.00653421    0.0343892    -0.120828   -0.0401789
  -0.0408356    0.0554759    0.0634611    0.0126465
   0.0513826    0.0438632     0.223833     0.172107
   0.0894517    -0.014238     0.103207     0.105922
    0.136942    0.0718065   -0.0217824    0.0155249
  -0.0653871    0.0308747    0.0862011    0.0937894
  -0.0576619   -0.0680174     0.215822     0.112439
  -0.0231666    0.0526602   -0.0799003   -0.0305872
   0.0398417    -0.114121     0.380104      0.28032
  -0.0363864   -0.0753077    0.0792622    0.0539538
   0.0983009  0.000201532  -0.00846608   -0.0393603
  -0.0275164 -0.000583615    -0.113122   -0.0394067
   -0.102587   -0.0217788     0.108087    0.0736289
   -0.162683   0.00524352      0.10053    0.0595762
   0.0423135    0.0407235    0.0949267    0.0644385
  -0.0734458   -0.0419496     0.252813     0.143374
  -0.0359896    0.0470292    0.0639031     0.099023
    0.011536   -0.0906831    0.0257524   0.00782478
 -0.00224288    0.0248273   -0.0333337   -0.0197249
   0.0148581    0.0599529    0.0323409     0.136234
  -0.0409298   -0.0178397    0.0153076    0.0504145
 -0.00057834    0.0556972    0.0956961    0.0366168
  -0.0507642    0.0459232    0.0500231    0.0324914
   0.0806978    0.0353988  -0.00134371    0.0553649
  -0.0727318  -0.00822029     0.123673    -0.030517
  -0.0898093   -0.0817315   -0.0451001    0.0586384
   0.0953585    0.0724485    0.0830771    0.0219705
  -0.0652348    0.0149632   -0.0203221    -0.113546
   0.0385954   -0.0202997   -0.0317431   0.00441554
  -0.0604751   -0.0449258    0.0256419    0.0779047
   0.0693844    0.0954937    -0.136596   -0.0765152
   0.0235377    0.0515618    -0.099707    -0.112126
  -0.0186296   -0.0280654    -0.057573    0.0186721
   -0.146539    0.0350266   -0.0924921   -0.0730464
   0.0139955   -0.0375864     0.128447   -0.0343291
    0.128673     0.089465    -0.102551   -0.0200529
   0.0518954    0.0563669   -0.0103136   -0.0501335
    0.157541    0.0560395    -0.157769     -0.15403
   -0.129483     0.004829    0.0805746    0.0125257
    0.131731     0.118326    -0.189421    -0.124158
  -0.0301711    0.0187255    0.0768356    0.0321231
  -0.0541005   -0.0666349    0.0449975     0.103915
   0.0827052    0.0432192    -0.155329      -0.1424
   0.0792749  -0.00477277    -0.186412   -0.0174663
   0.0278399    0.0570531  -0.00501695  -0.00579794
  -0.0558715   -0.0830886     0.139573    0.0379261
    0.066531    0.0204951    -0.100996   -0.0157158
   -0.168862   -0.0272812     0.110437     0.225291
  -0.0480131   -0.0913502     0.165041    0.0696978
   0.0734212  -0.00530359   -0.0846076    0.0257359
   -0.120058   0.00357709    0.0879579     0.100083
   0.0778632    0.0337064   -0.0835973    0.0329179
   0.0130605   -0.0562418   -0.0231441   -0.0203084
  -0.0664539    0.0295307   -0.0094327   -0.0850253
   0.0781568    0.0136356    -0.195944    -0.163532
   0.0827815   -0.0177008     0.146372      0.17213
   -0.125416   -0.0175367     0.109236    0.0528408
  0.00140709   -0.0814214   0.00658761     0.056722
   0.0812836    0.0218638      0.17816     0.141612
   -0.127416   -0.0801119   -0.0287694   -0.0513269
   0.0596375   -0.0172787    -0.113985   -0.0885994
 -0.00609145     0.037559    0.0510096    0.0410805
   0.0917302    0.0744137    0.0536643   0.00315904
   0.0367651   -0.0212678    0.0211092   -0.0171457
  -0.0258993    0.0147623    0.0777829     0.107769
    0.259257  -0.00244347   -0.0784891    0.0422087
   0.0837334   -0.0182368   -0.0071627    0.0519743
   -0.135682    -0.019677    0.0308538    0.0921865
    0.162072    0.0468928   -0.0648412   -0.0600375
   0.0594183   -0.0377121     0.126937    0.0644035
   0.0352816  0.000318953   -0.0597927    -0.047006
  -0.0610866   -0.0704812     0.222502     0.113285
  -0.0999423   -0.0971322     0.197514     0.264151
  -0.0289263    0.0159474   -0.0512378    0.0348159
  -0.0837827   -0.0628636     0.154855     0.130811
 -0.00811836   -0.0617556    0.0062939     0.116056
  -0.0888973     0.023554     0.070902   -0.0344827
   -0.068261    0.0243825    0.0487323     0.113332
   0.0809515     0.118179    -0.186327   -0.0771769
 -0.00572017 -9.63652e-05     0.363319     0.273483
  -0.0196499    0.0997307    -0.156601     -0.11645
   0.0315095 -0.000418164    0.0950747      0.15084
   0.0133929   -0.0389943  -0.00995577   -0.0391405
    0.107969   -0.0371277    0.0742585    -0.022539
   0.0753363   -0.0175987   -0.0624977   -0.0743488
    0.134563    0.0997176    -0.148769     -0.15925
   0.0710771    0.0237777   -0.0104905   -0.0356059
 -0.00110516   -0.0557843    0.0397945   -0.0256261
    0.163186    0.0647961    -0.183372    -0.161337
  0.00581303   -0.0125248   -0.0284547 -0.000895587
   0.0986427  -0.00328181    -0.103171   -0.0473783
  -0.0782374    0.0240689   -0.0388981  -0.00533239
  -0.0391388    -0.066754     0.121834    0.0263515
    0.085119   -0.0545484    0.0696824     0.153345
  -0.0167362   -0.0310415   -0.0197542    0.0276483
   0.0682521    0.0466567     0.196666    0.0844172
  -0.0261207   -0.0804477    0.0109032    0.0959386
   0.0464779 -0.000471765    0.0678533    0.0207685
    0.203965    0.0435382    0.0548236    0.0906631
  -0.0232148    0.0126649   -0.0658417   0.00470305
    0.104749    0.0365361   -0.0127185   -0.0137597
   -0.012489    0.0595759    0.0393004   -0.0327938
   -0.049159 -0.000506208    0.0817244    0.0220713
  -0.0310022    0.0315076    0.0612527   -0.0384246