  -0.0385897   0.00433207    0.0346452    -0.028853
  -0.0471145   -0.0274703     0.080443    0.0738256
  -0.0671954    0.0175801   -0.0708783    -0.053851
  -0.0719756    0.0513415    0.0395912    0.0193423
  0.00387361    0.0693479   -0.0523704    0.0451656
    0.026774    -0.036757  -0.00816383   -0.0499027
   0.0693956   -0.0415045    0.0315716   -0.0240405
 -0.00984578   0.00663796   -0.0144027  -0.00202578
   0.0604807   -0.0193306     0.102752    0.0836757
   0.0413169   -0.0214806    0.0685643    0.0563812
   0.0572526   -0.0266242  -0.00464957  -0.00413588
   0.0581775   -0.0404251    0.0370638    0.0280772
  -0.0223846   -0.0563853    0.0634187    -0.022982
 -0.00614064   -0.0491598   0.00558433   -0.0630767
  -0.0587995    0.0082834     0.126233     0.153819
   0.0149185     -0.01648    0.0352841   -0.0231128
   0.0685164   -0.0129483    0.0151472   -0.0697503
  -0.0195243    0.0715835  -0.00750125    0.0537492
  -0.0557423     0.050256    0.0945905     0.103289
  0.00939181    0.0739829    0.0392502    0.0264702
   0.0568046   -0.0312068  0.000770419    0.0570534
   0.0868652    0.0248437    -0.013974   -0.0858721
   0.0665115   -0.0344512     0.021903  0.000907989
    0.010319    0.0123614    0.0303734  -0.00273611
   0.0131917   -0.0585466   -0.0156914    0.0147321
  -0.0262449     0.017565   -0.0259637   -0.0203707
    0.071606    0.0575973    0.0241838   -0.0562478
  -0.0442438    0.0141253    0.0184975    0.0275253
   -0.039838   -0.0399322    0.0292998   -0.0590847
  -0.0494673    -0.021274    0.0230061    0.0672203
    0.010276   -0.0250866     0.013037   -0.0370033
 -0.00532407    0.0332546   -0.0236118   -0.0511598
  -0.0120853  -0.00698769  -0.00637398    0.0276928
   -0.105694     0.137381    0.0784773     0.180388
 -0.00631834    0.0482456   -0.0212343     0.095585
  -0.0561228    -0.061049   -0.0600246   -0.0594007
   0.0471223 -0.000369176   -0.0389823   -0.0474458
   0.0880616   -0.0158754   -0.0112635   -0.0545863
  -0.0100283   -0.0245573   -0.0240547   0.00601767
   0.0340081    0.0507973  -0.00992065    0.0704698
  -0.0263845    0.0317336  -0.00153972    0.0335651
 -0.00918388    0.0075109    0.0364156    0.0491754
   0.0116227   -0.0375373   -0.0144298    0.0500992
 -0.00898346    0.0350813   -0.0359666   -0.0791664
   0.0250347    0.0393981   -0.0507636   -0.0965667
   0.0115973   -0.0164901     0.112344     0.081873
    0.066482   -0.0356116    0.0739643    -0.019173
  0.00582361    0.0620719    0.0358515   -0.0361193
   0.0421726    0.0468021    0.0762976   -0.0420179
   0.0489818    0.0215604   0.00733424   -0.0461255
   0.0133237    0.0817229  -0.00975675    0.0625059
   0.0069959    0.0397516   -0.0421697    -0.087134
   0.0414598  -0.00887479    0.0568789    -0.027015
   0.0279031    0.0413079    -0.024886    -0.108675
 -0.00188126     0.014611   -0.0385973  -0.00951646
  -0.0276912    -0.014981   -0.0215995   -0.0350115
   0.0644155    0.0262076    0.0952742    0.0132501
  -0.0624224    0.0272907     0.095505     0.150258
  -0.0195486    0.0358591   0.00696905    0.0134857
  -0.0624879    0.0689273    0.0466424    0.0447484
  -0.0117791   -0.0536886    -0.106727   -0.0913033
  0.00460549  -0.00771635    0.0372569    0.0763515
 -0.00223708 -0.000314241    0.0453265  -0.00834384
   0.0271886    0.0154915   -0.0383928    0.0707395
   0.0309267    0.0507488   0.00575689    0.0387663
  -0.0562179   -0.0505658    0.0644116   0.00405393
   0.0661046     0.031254 -3.96471e-05   -0.0682937
 0.000742918   0.00557326    0.0513669   -0.0561138
 -0.00354831    0.0499233    0.0334803    0.0393551
  -0.0332956   -0.0653484    0.0358477    0.0259813
  -0.0349116   -0.0359485     -0.06765   -0.0877428
   0.0411292   -0.0431666   0.00108022    -0.164325
   0.0913786    0.0111518 -0.000580711   -0.0792321
  -0.0155895  -0.00254435   -0.0394603   -0.0426612
   0.0639817   0.00136819    0.0944398   -0.0424624
  -0.0294947   -0.0150092   0.00919073   -0.0260845
   0.0402308    0.0112033    0.0849651    0.0595616
   0.0580289   -0.0181569    0.0443119   -0.0047839
   0.0611826   0.00173431 -0.000965526    0.0309344
   0.0370761  -0.00237316    0.0810905    0.0573205
   0.0475138    -0.036851   0.00890839    0.0227163
  0.00852601   -0.0425101   -0.0110536   -0.0418293
 -0.00775652  -0.00728451   -0.0096196   -0.0544301
  0.00932763   -0.0479209    -0.077434   -0.0150428
  -0.0553129   -0.0516774    0.0779026   -0.0224037
   0.0390248    0.0568575    0.0148528    0.0411857
   0.0364676    0.0232309   -0.0363977    0.0234678
   0.0722053    0.0596405    0.0972511    0.0846516
    0.022853    -0.035887    0.0900392  -0.00326958
   0.0382518   -0.0168451    0.0452023    0.0190246
  -0.0504486    0.0175305  -0.00315206   -0.0384969
   0.0554843  -0.00223128    0.0606861   -0.0597919
  0.00646975   -0.0431403   -0.0893212   -0.0183466
   0.0144042    0.0660729   -0.0262383    0.0588263
   0.0335126   -0.0804151   -0.0897811    -0.131267
  -0.0440972   0.00896067    0.0563911    0.0847921
-0.000367365   -0.0610546   -0.0636558   -0.0466699
  -0.0149564    0.0106015   -0.0261467   -0.0942497
   0.0175512    0.0553974   0.00153468     0.049886
   -0.076598    0.0752984    0.0345245    0.0367832
   0.0253171    0.0981602    0.0275564    0.0854613
   0.0303825   -0.0185196    0.0542943     0.137912
  0.00949624    0.0179896     0.037083    0.0711454
  -0.0569517    0.0111313    0.0201551   -0.0389879
  -0.0480847    0.0196125    0.0346591    0.0744448
   0.0162826   -0.0139781   -0.0722161   -0.0255164
  -0.0546041     0.104495  0.000104454    0.0742841
  -0.0705485    0.0771987    0.0209463    0.0552316
  0.00760441   -0.0387014   -0.0325082   -0.0689545
   0.0802387   -0.0472205   -0.0170022   -0.0602421
   0.0467015    -0.020471    0.0142455    0.0113165
  -0.0530378   -0.0551855   -0.0123029   -0.0273116
  0.00536769    0.0189536    0.0703111    0.0401169
  -0.0139631   0.00371139    0.0454417   0.00580967
  0.00107197    0.0359496    0.0328511   0.00886833
   0.0297679   -0.0375654  -0.00708004   -0.0104491
   0.0929742  -0.00594652   -0.0251542   -0.0603442
  -0.0546667   -0.0408516    0.0480178    0.0833531
  0.00797978   -0.0308104    0.0318273    0.0414878
   0.0123682    0.0109658   -0.0550457   0.00994874
  -0.0646149   -0.0416975   -0.0234519   -0.0286616
  -0.0217012    0.0320168    0.0894024    0.0835588
  -0.0559259   -0.0298143   -0.0394957    0.0906459
  0.00202186    0.0484875    0.0309768   -0.0130849
   0.0684652  -0.00956158     0.060976   0.00679333
  -0.0262877   -0.0438535   -0.0497868   -0.0110504
   0.0319569   -0.0540444   -0.0390025    0.0385844
 -0.00492603   0.00219589    0.0759113      0.03387
  -0.0490038      0.11349    0.0816777     0.145849
  -0.0276943     0.103235    0.0949609      0.11045
   0.0158846  -0.00412746    0.0394888    0.0113381
   0.0455136    0.0557274    0.0737393    0.0309471
  -0.0918396   -0.0628072   -0.0640886   -0.0180761
  0.00308537   0.00298233    0.0495405    0.0296693
  -0.0147806   -0.0257051   -0.0134051     0.003756
  -0.0318179   0.00743668    0.0736736     0.055113
   0.0505762   -0.0165965    0.0973654   0.00229484
  -0.0931413    0.0180397    0.0464616    0.0678543
  -0.0425184    0.0256866    0.0208559    0.0591725
  -0.0273653   -0.0290864    0.0690894   -0.0568768
  -0.0428079   0.00215859    0.0645082    0.0333135
  -0.0211419    0.0560565    0.0828992      0.06003
  0.00081518   -0.0196696   -0.0144385   -0.0213145
 -0.00111842    0.0702924    0.0479869 -0.000436201
   0.0255337    0.0160722    0.0795446    0.0242738
   0.0798245    0.0492693    0.0260367    0.0216092
  -0.0421949   -0.0139732  -0.00583372     0.105881
   0.0308643    0.0502988     0.064651  -0.00755147
   0.0830636    0.0554035   -0.0213977   0.00570949
   0.0399303   -0.0615827     0.012886   -0.0413362
  -0.0620262   0.00629716    0.0729829   -0.0553897
   0.0711562  -0.00384974     0.101986    0.0114255
   -0.122883    0.0880746    0.0557032      0.21783
   0.0296869    0.0027927    0.0766051    0.0399937
  0.00979902   -0.0899766   -0.0197019   -0.0171353
  -0.0364257    0.0524869   -0.0534489   -0.0527234
   0.0199016    0.0389584   -0.0352328    0.0164798
  -0.0594166   -0.0531268    0.0154801   -0.0107273
   0.0112837   -0.0274342    0.0782852    0.0470252
  -0.0576671    0.0172748     0.041928  -0.00586257
  0.00623599   -0.0623189   -0.0201909    -0.051414
  -0.0756704  -0.00369816  -0.00695023    0.0719634
    0.083687    0.0149691      0.02012   -0.0686082
  0.00747302   -0.0299881     0.038607   -0.0350663
   0.0127003    0.0673435     0.113601    0.0210574
  -0.0775338    0.0901007     0.111277     0.114765
   0.0631713    0.0374152    0.0170208    0.0478336
  -0.0431801    0.0745643    0.0633121    0.0386955
  -0.0174785   -0.0580284   -0.0107822   -0.0367953
  -0.0128235    -0.025984    0.0863875   -0.0200706
  0.00942853   -0.0383935    0.0502146  -0.00329976
    0.025033    0.0274233    0.0211026    0.0855657
   0.0367789    0.0473525    0.0217419  -0.00199938
    0.060828   -0.0193589    -0.075887   -0.0739171
  -0.0136108    -0.039676     0.051975    0.0387745
    0.010458   -0.0399885  -0.00887056    0.0665406
   0.0358621    0.0175814    0.0817527   -0.0282881
  -0.0147962   0.00961785    0.0965482    0.0779333
  -0.0708402   -0.0348088    0.0116825   0.00777723
  0.00918165   -0.0221446   -0.0444558    0.0267662
   0.0690448   -0.0200403  -0.00549269    -0.119764
 -0.00342488   -0.0108533    -0.052212   -0.0368509
  0.00359426    0.0526149 -0.000677778   -0.0265345
   0.0411639   -0.0496017    0.0626015   -0.0312918
   0.0781573    0.0487008    -0.061426   -0.0838417
   0.0701197    0.0205978    0.0138999   -0.0243953
   0.0721765     0.110525     0.125364    0.0596093
   0.0426571   -0.0150772   -0.0502583   -0.0231527
  -0.0505859   0.00362321   -0.0754242    -0.123814
   0.0133846   -0.0310733    0.0779447   -0.0386071
   0.0369263   -0.0200707    0.0989273   -0.0216071
  0.00389535    0.0642152    0.0208045  -0.00769542
 -0.00781583    0.0444261   0.00685464   0.00053544
  -0.0128258    0.0510165    0.0376308    0.0114198
  -0.0548529    0.0225222    -0.101547    -0.092066
   0.0569678  -0.00549017   -0.0356729   -0.0165004
 -0.00475146    0.0661962    0.0349657    0.0115115
    0.106134  -0.00292337  -0.00346766    -0.115003
  -0.0597537  -0.00371472   -0.0491428   -0.0449066
    0.063851    0.0498388    0.0779812  -0.00596835
  -0.0351453    0.0445123   0.00919449   -0.0352396
  -0.0192016     0.060552     0.118908     0.134435
  0.00505437   -0.0134609   -0.0119949   -0.0186879
   0.0684785    0.0345388   -0.0117846    0.0427872
  -0.0145873   0.00741999     0.013798    0.0238655
  0.00915085   -0.0345036    0.0219986    -0.116557
 -0.00524898    0.0777294    0.0493096    0.0546114
   0.0502118    0.0431963    0.0981444    0.0311762
  -0.0296389    0.0382845    0.0913458     0.054334
    0.038319    0.0657123    0.0495583    0.0177898
 -0.00784962   -0.0437893  -0.00157579    0.0212607
   0.0754879   -0.0120942    0.0321382    0.0800842
   0.0434262  -0.00324875    0.0738871     0.100214
   0.0104671     0.023505   -0.0329244   -0.0208595
   0.0809458   -0.0151274  -0.00304308    0.0699998
   0.0296488   -0.0173007    0.0739917    0.0823852
   0.0425587  -0.00835984   -0.0528847    0.0837787
   0.0629758   -0.0521943  -0.00358213   0.00560679
  -0.0770119    0.0711948   -0.0182463    0.0630772
   0.0563059   -0.0379998   -0.0374116   -0.0350454
  -0.0281602    0.0121684  -0.00708339    0.0387857
   0.0309139   -0.0532874    -0.058429    0.0159659
  -0.0135199   -0.0492408    0.0553282 -3.71719e-05
   0.0706243   -0.0489838    0.0188487    0.0387274
  -0.0583226     0.093838    0.0619428     0.014452
 -0.00163626    0.0773661    0.0622295    0.0236241
   0.0238021    -0.033808    0.0115423   -0.0810908
     0.02118    0.0362246   -0.0223978   0.00841513
 -0.00392915    0.0224496    0.0128009    0.0431427
   0.0304994    0.0516123    0.0584798  -0.00678281
  -0.0137237     0.014681   -0.0325922    -0.031153
   0.0304458   -0.0184178     0.051016    0.0171788
   -0.020512  -0.00342501    0.0410604   -0.0495676
   0.0901476    0.0369542    0.0106023   -0.0265633
   -0.026331     0.106879   -0.0228058    0.0407627
   0.0178272    0.0697857    0.0992657    0.0784507
    0.049204   -0.0460778   0.00397912   -0.0365687
   0.0693781    0.0624385    0.0376741   -0.0330341
   0.0115674   -0.0416037    0.0146576  -0.00259967
    0.047114     0.018498   -0.0476503   -0.0762887
  -0.0205705     0.062253    0.0144638    0.0916807
   0.0548777   -0.0608188   0.00755715    -0.154262
   0.0425393    0.0539216    0.0227506   -0.0858231
  -0.0476839   -0.0462439   -0.0192392    0.0541557
   0.0247677   -0.0410865    0.0225695    0.0424845
 -0.00102065  -0.00815937   -0.0289382   -0.0186144
   0.0799648  -0.00796799   -0.0384137     0.044822
   0.0341217   -0.0130666   -0.0342242   -0.0707776
-0.000387727    0.0223838    0.0231226    0.0129368
   0.0458056   -0.0244662  -0.00454782     0.022401
 -0.00363976    0.0314014    0.0339631 -0.000436664
   0.0424244    0.0526235   9.4173e-05    0.0195511
 -0.00585195   -0.0537408   -0.0715556   -0.0109164
   0.0437671    0.0876424    0.0404608    0.0948914
   0.0108727    0.0813079   -0.0406719    0.0148364
 0.000106529  -0.00553815     0.111744     0.102249
  -0.0439538    0.0219149   -0.0419563   -0.0110679
   0.0136554    0.0161901    0.0981248    0.0561555
  0.00836304    0.0142027   -0.0570015    -0.082286
   -0.008658   -0.0360236    0.0110182   -0.0618486
  -0.0300494     -0.03325    0.0631684    0.0735608
   0.0355684   0.00465032    0.0218764  -0.00352143
   -0.064358   -0.0213358   -0.0397737   -0.0112511
   0.0238524    0.0252017   -0.0122144     0.080164
  0.00323526    0.0783769    0.0402396     0.019526
  0.00576097    -0.021666   -0.0305325    -0.069742
  -0.0542138   -0.0337391   -0.0582837   -0.0191679
   -0.009834   -0.0829837   -0.0714462    0.0348792
  -0.0248221    0.0111658  -0.00112239    0.0554907
   0.0458097  -0.00409325     0.044297   -0.0627376
    0.021377    0.0513342  -0.00277894   0.00171628
   0.0406158   -0.0371649   0.00354577     0.021566
  -0.0539748     0.103374    0.0913131    0.0434064
  0.00625187    0.0584846   -0.0357082   -0.0208629
   0.0607224   -0.0330814    0.0288097   -0.0128149
  -0.0747533    0.0471506    0.0746793     0.036797
   0.0865408      -0.1015   -0.0893157    -0.102982
   0.0485195    0.0124403    0.0475945   -0.0406293
   0.0168856   -0.0212425 -0.000625428    0.0667591
  -0.0278878    -0.021088    -0.056128   -0.0229804
   -0.012346    0.0655045     0.099263     0.112434
   0.0910313    0.0537924   -0.0572847   -0.0473272
   0.0487286   0.00421613    0.0891879    0.0147853
  0.00543955    0.0798949   -0.0089059   -0.0311992
   0.0555577    0.0346317   0.00847602   -0.0533699
   0.0185259   -0.0335782    0.0382341  -0.00386208
   0.0333183   -0.0255363   -0.0436434    -0.044079
   0.0942992   -0.0176087    0.0247226  -0.00107893
   0.0763792    0.0408736    0.0531546   -0.0209152
     0.12873   -0.0791506   -0.0585485    -0.117139
  0.00392883    0.0566925    0.0121748    0.0553566
  -0.0315624   -0.0830963   -0.0198333   -0.0610861
  -0.0418906    0.0170892    0.0475764     0.106439
  -0.0209603   -0.0479982    0.0101929  -0.00339988
  0.00845977     0.021624     0.029018   -0.0352747
   0.0678928   0.00342674    0.0172242   0.00958714
   0.0723541    0.0191741    0.0875701    0.0447896
   0.0540267     0.064274    0.0539813   -0.0128719
  -0.0577324    0.0108086     0.014434    0.0298131
  -0.0238643    0.0427807    0.0794109   -0.0430605
 -0.00216168   -0.0113168   0.00904182  -0.00792616
   0.0425071   -0.0144853    0.0758874    0.0913085
   -0.055906    0.0898174    0.0459469    0.0931557
   0.0368022   -0.0521471    0.0725069     0.032492
  -0.0430258    0.0848989    0.0772655    0.0762463
  -0.0487958   -0.0303784   -0.0255966   -0.0288539
   0.0746697     0.038318    0.0560935   -0.0847478
  -0.0302539   -0.0438134    0.0781463   -0.0598623
   0.0345299  -0.00436088    0.0127058   -0.0595159
 -0.00984057   -0.0420893    -0.027468   -0.0971825
  -0.0262851    0.0295921    0.0117119    0.0488787
   0.0141338  -0.00533822    0.0445708   -0.0376937
    0.010724    -0.064438  -0.00449627  -0.00930578
-0.000293982   -0.0477052    0.0117731     0.101574
   0.0287116    0.0136442    0.0786613   0.00597505
  -0.0382028    0.0261049    0.0246278   -0.0361015
  -0.0619186   -0.0358587   -0.0309537   0.00998448
   0.0346318    0.0371716     0.101237   -0.0069226
  -0.0360567   -0.0426437  -0.00770011    0.0438398
   0.0357797   -0.0324849   -0.0589766   -0.0229055
  -0.0190801    0.0502311   -0.0235718     0.054468
 -0.00528496    0.0473564    0.0163361   0.00854231
   0.0350398   -0.0268259    0.0135338  0.000782293
   0.0168936    -0.029482    0.0582371    0.0393414
   0.0674606    0.0581052       0.1122    0.0408829
   0.0322012    0.0582079   -0.0391793   -0.0378498
   0.0187741   0.00909743   -0.0486336     -0.03371
   0.0236219  -0.00897773    0.0814755    0.0127096
   0.0456673    0.0712267     0.120101    0.0431752
   0.0255165   -0.0710721  -0.00320985    0.0221249
  -0.0833657    0.0164042     0.166248     0.116801
   0.0236386    0.0561788   -0.0698094   -0.0778343
  -0.0418905   -0.0326846   -0.0180735    0.0340469
  -0.0585811    0.0914421   -0.0157577  -0.00925834
   0.0178856    0.0796698   -0.0262044    0.0452886
   0.0220831   -0.0356229   -0.0667366   -0.0525045
  -0.0248867   -0.0417932  -0.00580176   -0.0369403
  -0.0309294    0.0653368   -0.0379665    0.0766146
   0.0675455    -0.030842    0.0565071   -0.0387971
  -0.0338459    0.0537937   -0.0514193   -0.0251921
   0.0759422    0.0590569  -0.00790649    0.0463549
   0.0115953    0.0892787    0.0361685   -0.0484849
  0.00930545   0.00367622    0.0713832     0.040101
  -0.0156313    0.0785592    0.0708042   -0.0129305
   0.0261938    0.0998225    0.0565577     0.123646
-0.000740318    0.0612869     0.080754     0.096835
   0.0100893     0.031333    0.0212031    0.0145338
   0.0592622   -0.0178296    0.0568357    0.0268938
   0.0443158  -0.00886042    0.0167989   -0.0476692
   0.0187833    0.0773091     0.106993    0.0443842
   0.0165822    0.0223257    0.0897118    0.0535845
  -0.0477176    -0.031588    0.0655044   -0.0652377
  -0.0547369    0.0265777    0.0487237    0.0746884
   0.0355035    0.0081038   -0.0380163    0.0385267
   0.0672284   -0.0160791    0.0295132    0.0244961
   0.0494257   0.00344248    0.0271232    0.0247841
  -0.0300086    0.0452276    0.0585049    0.0401522
  -0.0431138   -0.0639263    0.0246032    0.0459248
   0.0282708   0.00843387   -0.0447652   -0.0768597
    0.044888   -0.0437399   -0.0410223    0.0518326
   0.0262825   -0.0438091   -0.0322084    0.0821438
 -0.00505615    0.0376232   -0.0237577    0.0464632
   0.0170108   -0.0430595   -0.0204315    0.0429223
  -0.0257952      0.01879    0.0504219    0.0462363
   0.0263081    0.0283411  -0.00470593    0.0251264
   0.0903881   -0.0487982  -0.00430191    0.0225842
   0.0410537    0.0427828    0.0206134    0.0410932
   0.0775132    0.0124827   0.00656072    0.0191258
  -0.0377208    0.0544878   -0.0192473   -0.0154576
   0.0275675   -0.0672777    0.0157559   -0.0596823
  -0.0353368    0.0327721    0.0600886  -0.00174644
  -0.0367608    0.0107134   -0.0206512   -0.0883526
   0.0494384    0.0772561     0.061108  -0.00573146
   0.0488127    0.0882995    0.0601208     0.073918
  -0.0103977    0.0320349  -0.00634496    -0.042251
    0.040299    0.0587098  -0.00285273   -0.0398266
  -0.0775884    0.0392684   -0.0212419    0.0348018
    0.102905   -0.0394121    0.0217328   -0.0600052
 -0.00634727    0.0203407    0.0286375     0.136973
   0.0641117   -0.0579787     0.067467    0.0370574
  0.00528797   0.00544749     0.111918    0.0081975
   0.0236595    0.0579589   -0.0163111    0.0159829
   0.0618175   -0.0186458    0.0624051     0.076257
   0.0181693    0.0388531   -0.0118295   -0.0460094
  -0.0180202   -0.0289389   -0.0332922   -0.0557332
  0.00353975     0.029431  -0.00651333    0.0356374
  -0.0107804  0.000905683     0.108385     0.132905
   0.0140841     0.092234    0.0703833    0.0840297
   0.0139005  -0.00275062   -0.0852665   -0.0452974
    0.047991    0.0286985   -0.0547494    0.0476061
  -0.0284732    0.0720729    0.0320517   -0.0121999
   0.0999421    0.0192167    0.0127093   -0.0550996
  0.00434542   0.00953692    0.0216668    0.0375129
   0.0291659    -0.033001     0.113918     0.041714
   0.0103676      -0.0493    0.0291865    0.0261552
  -0.0530498    0.0710655    0.0595159  -0.00690137
   0.0289128   -0.0197129    -0.014418    0.0530144
  -0.0226185      0.04163   -0.0231591    0.0307536
  -0.0754918    0.0520249     0.021134     0.137504
   0.0324189    0.0856261   0.00156838     0.109618
   0.0367218    0.0899559     0.117698     0.114324
  -0.0386146   -0.0461728   -0.0725332   -0.0341883
  -0.0622177    0.0318563    0.0508378   -0.0848302
    0.045887    0.0492763    0.0257273   -0.0919207
   0.0338187   -0.0311195    0.0525487  -0.00941513
-0.000998153  -0.00130604   -0.0439559     -0.04459
   0.0241366    0.0299937   -0.0430979   -0.0739147
   0.0778623     0.062003  -0.00703425   -0.0339358
   0.0155745    0.0553646   -0.0164314    0.0915356
   -0.014596    0.0860759    0.0238028    -0.037875
   0.0276294     0.062528   -0.0665551    0.0444155
  -0.0325792   -0.0712219   -0.0528719    -0.069729
  -0.0183414    0.0128386   -0.0201848    0.0184875
  0.00876207   -0.0209856    0.0835547    0.0753028
   0.0128749    0.0416106   -0.0177435   -0.0290941
   0.0369267    0.0895542    0.0627548  -0.00898049
   0.0292489    0.0847678  -0.00113053    0.0461689
  -0.0503395     0.054832   -0.0422086   -0.0418964
   -0.121928    0.0916067    0.0352366     0.154907
  0.00899542    0.0446743    0.0296714    0.0108654
  -0.0699786    0.0126767   -0.0111598    0.0833986
  0.00357344    0.0796421   0.00653883  -0.00498384
  -0.0368054    -0.014753    0.0457764    0.0121291
  -0.0222756  -0.00441518   -0.0764042   -0.0909952
  -0.0484642    0.0554087    0.0868885     0.039174
   0.0145931    0.0252779    0.0211238    0.0317405
   0.0199202   -0.0031253    0.0642178   -0.0473231
   0.0229872    0.0594488    0.0632581     -0.03895
   0.0492431    0.0158266    0.0868346    -0.005626
   0.0147062   -0.0301349   0.00679294    0.0118893
   0.0230466    0.0385159   -0.0614963   -0.0638438
   0.0571378    -0.033273    0.0266358    0.0245926
   0.0506756   -0.0283587   0.00216487    0.0211152
  0.00762263    0.0220546   -0.0489003   -0.0421023
   0.0708889   -0.0475974   0.00253044    -0.139317
   0.0136661  -0.00108698   -0.0422252    0.0397906
  -0.0653735   -0.0234862    0.0343036    0.0336926
  -0.0302833   -0.0627074    0.0442784   -0.0325742
   0.0209859   -0.0420942   -0.0514172   0.00636118
   0.0535333    0.0551681    0.0408209   -0.0087353
  -0.0363981    0.0603044   -0.0655599   -0.0462665
  -0.0585655    0.0427752    0.0635468     0.163832
   0.0247584    0.0518288    0.0130984   -0.0354642
   0.0622077    0.0121343    0.0143269    0.0592869
   0.0150644    0.0255977  -0.00725885    0.0788015
   0.0242969    0.0267251    0.0849761    0.0107084
   0.0385591   0.00593279    0.0026319   -0.0395853
   0.0445565    0.0318523    0.0635428    0.0275855
   0.0205765 -0.000321783    0.0800933    0.0326684
   0.0404601   -0.0317579     0.033041    0.0631928
  -0.0332626   -0.0104561   -0.0154455    0.0598521
   0.0372945    0.0718587   -0.0155026    0.0456307
  -0.0159829     0.067967     0.065767  -0.00792167
  -0.0102993   -0.0217057    0.0148784    -0.042524
  -0.0694202  -0.00375126   -0.0116362    0.0522323
  -0.0296081    0.0850825      0.07927    0.0420201
   0.0773866    0.0694127   -0.0289777   -0.0723295
   0.0198774    0.0757014  -0.00449379  0.000955589
 0.000487616      0.05941    0.0514173     0.107419
   0.0605645  -0.00821368   -0.0290689   -0.0091057
  -0.0254476    0.0553404 -0.000804628   -0.0366343
   -0.035149   0.00494556     0.023638    0.0447952
   0.0398082    0.0302277    0.0633637   -0.0358224
  -0.0233706   -0.0116426    0.0909531   -0.0432031
   0.0420914    -0.041275    0.0405747    0.0766637
  0.00374207    0.0830122    0.0260247   -0.0350165
   0.0905027  -0.00116857   -0.0672646    0.0107145
   0.0668222   0.00041405   -0.0108742     0.042658
   0.0211517    0.0963707   0.00826928    0.0330229
 -0.00217435    0.0966387    0.0250779    0.0823821
   0.0150304    -0.064799  -0.00780319   -0.0241049
  -0.0516744    0.0725602   0.00527789    0.0444381
   0.0340586    -0.010903    0.0336891    0.0298049
  -0.0300457    0.0746905  -0.00621772   -0.0252737
   -0.016571  -0.00112463     0.073313    0.0285552
  -0.0158861    0.0473794    0.0731769  -0.00916039
   0.0291492    0.0228361   -0.0488784    0.0419338
   0.0619747  -0.00539009   -0.0906466   -0.0806582
   0.0589429   -0.0147954    0.0232881    0.0731267
  0.00145645   -0.0626092    0.0801515   -0.0522358
   0.0368236   -0.0687196    0.0515883  0.000298375
  -0.0687207   0.00151412    0.0258505    0.0295351
   0.0317598    0.0122764    0.0413876   -0.0753648
   0.0344464    0.0892157    0.0246189    0.0171868
  -0.0204456    0.0706833   -0.0105189   -0.0306762
    0.126319   -0.0177075   0.00525888   0.00106595
    0.066172   0.00383894   -0.0800824   -0.0708418
  0.00151216     0.065657    0.0505296   -0.0378764
  0.00192504  -0.00470433     0.072351     0.111805
   0.0333745   0.00377877     0.026994    0.0607132
  -0.0384442   -0.0284594    0.0279842   -0.0319417
    0.024452   -0.0341782    0.0931477    0.0134008
   0.0864184    0.0473615   -0.0484076   -0.0196757
   0.0980022    0.0831806    0.0593035    0.0160918
  -0.0564668   -0.0136591    0.0770439  -0.00500469
    0.042269   -0.0543342    0.0333663   -0.0179164
  -0.0148253    0.0594756   -0.0588126    0.0405503
  -0.0515193    0.0866234    0.0876857  -0.00303549
   0.0403109   -0.0379561    0.0313934   -0.0048441
  -0.0602388     0.095427    0.0472046   0.00701864
 -0.00447679    0.0856143    0.0249504   -0.0175448
  -0.0389057    -0.016486   0.00657914   -0.0078262
  -0.0552798     0.050473    0.0358219    0.0712524
  -0.0204753   -0.0487193   -0.0615877   0.00528694
   0.0109595   -0.0203482    0.0271449    -0.015727
  0.00301499   -0.0390791    0.0120721   -0.0355256
   0.0164986    0.0748216     0.103734   -0.0393343
   0.0028279    0.0498153    0.0337708    0.0443835
  -0.0249356   -0.0580362    0.0748206    -0.014174
  -0.0218063   -0.0304848   0.00798889   -0.0396228
 -0.00134979    0.0584439    0.0231206    -0.017594
   0.0700067   -0.0657536   0.00529497   -0.0395145