   0.0778751   -0.0323409    0.0823694    -0.134861
 0.000666903    0.0161432      0.14265    -0.182153
   -0.336669     0.186785    -0.121405     0.496309
   0.0974799   -0.0139239   -0.0981621    0.0157976
   0.0148361    0.0653562     0.128969   -0.0151118
    0.397257    -0.118195   -0.0962511    -0.250982
   0.0676188   0.00909183     -0.12985   -0.0373609
   0.0961924    0.0836741   -0.0601154   -0.0268157
  -0.0715495   -0.0664982    -0.290534   -0.0215578
   -0.036757     0.230271    -0.238828   -0.0791989
   0.0850246    -0.162198   -0.0716302    -0.113057
   0.0145576   -0.0565867     0.053367    0.0207589
    0.154082   -0.0279101   -0.0335464    -0.010519
-0.000577222    0.0725099    0.0161668     0.210339
  -0.0984004    0.0377538    0.0199965    0.0618759
   -0.041127     0.113625    -0.128866    0.0428078
  -0.0324195    -0.194221     0.353705    -0.107838
    -0.10452   -0.0256017    0.0270258     0.070033
   0.0496334    0.0520955     0.030679     0.305428
  -0.0712741    -0.116807     0.330308     0.262033
  -0.0165432    -0.213853      0.22051    -0.116597
   -0.107998     0.110681    -0.220124     0.213204
   0.0480371   -0.0191249    -0.140787    0.0128297
   -0.044494    -0.124828    0.0334267  -0.00918443
  -0.0382019   -0.0135217   -0.0458338   -0.0562911
  0.00448441    0.0276036    -0.138003   -0.0887467
   -0.102506   -0.0431578   -0.0340634  -0.00997414
   -0.172625    -0.011709    -0.161734    0.0612574
  -0.0986589   -0.0382952   -0.0184778      0.13138
    0.119167  -0.00956942    0.0346589   0.00724017
  -0.0963384   -0.0458277    -0.121196   -0.0206687
    0.219991  -0.00521877   -0.0595688    -0.188026
   0.0221389   -0.0340468      0.27212   -0.0669975
    0.152447    -0.219683   -0.0966947     -0.21302
    0.099724   -0.0791979  -0.00772081    -0.143038
   -0.163952    -0.122037     0.028941    0.0777894
   0.0806291    0.0288939    -0.091786     0.147784
    0.124041    0.0612553    -0.124086    -0.109808
    0.104711    -0.104334    0.0182587   -0.0606141
  -0.0657056     0.183726    0.0121739    0.0825105
    0.021229   -0.0400036   -0.0906317     0.149134
    0.220332   -0.0167474    -0.241443     -0.18602
   -0.141993     0.112052    -0.308916     0.362941
   -0.120429    0.0782326   -0.0602007   -0.0887372
   0.0393313    -0.026691    0.0205977   -0.0855526
       -0.13   0.00368323     0.102561    0.0312555
  0.00647938    -0.049342    -0.138267   -0.0699897
   -0.132653   -0.0217085   -0.0450137   0.00199057
   -0.191958   0.00316502   -0.0159821     0.161721
    0.159091    -0.173642    -0.070196   -0.0901554
   0.0804123    -0.138124    -0.189198   -0.0926091
  -0.0628488    -0.120453   -0.0551511   -0.0960817
   -0.154216     0.115795   -0.0918282    0.0233322
  -0.0167996   -0.0815001     0.116425     0.117196
   0.0982508     0.149613     -0.18078      0.11527
    0.016049    0.0300554    -0.287097    0.0125369
   -0.399807   0.00580981     0.311331     0.302858
    0.227859   -0.0539103   -0.0369074    -0.206674
 -0.00404038    0.0304905   0.00454961   -0.0658786
    0.250218    0.0109438    -0.135101    -0.248103
 -0.00358975    -0.224459     0.316544 -0.000974792
   -0.153131    0.0990448   -0.0312156   -0.0788203
   -0.122598    -0.115932     0.151057     0.124388
   0.0327567    0.0993558   -0.0393213   -0.0550066
  -0.0979778    -0.190951   -0.0039298    0.0400768
  -0.0582349   0.00565664     0.047647   -0.0405152
  -0.0126376    -0.459573     0.250742     0.185884
  -0.0121377   -0.0450543    -0.121966    0.0169417
   0.0513187  -0.00955083     0.102477    0.0237873
     0.25054   -0.0398282    0.0366375   -0.0954273
    0.138487     0.138743   -0.0791705    -0.112594
   -0.181503     0.148882    -0.210724     0.602882
    -0.21341     0.484257    -0.383853     0.329744
   -0.075613   -0.0228836     0.025826    0.0414425
   0.0100924    0.0413471     0.167079    0.0326428
  -0.0184246    0.0832272    0.0471564   -0.0935766
   0.0205331    -0.091063    -0.154622     0.109862
  -0.0978239   -0.0398808    0.0364966     0.131357
    0.164577   -0.0809143   -0.0399255   -0.0605358
    0.187132    -0.249615    0.0586613     -0.13161
   -0.137551   -0.0150959     0.187799     0.192142
   -0.124897    0.0420558   -0.0284852    0.0398962
   0.0659469     0.014321    0.0234119    -0.117788
   -0.031812    -0.114466     0.182299   -0.0563859
   -0.117983    0.0725637    -0.187102   0.00278573
   -0.411837    -0.230264     0.166514     0.346589
   -0.207472    0.0489332  -0.00100416     0.176665
   -0.290509    -0.044994     0.133099     0.334641
    0.111618    -0.104444    -0.211375    -0.226152
    -0.17699  -0.00886315    0.0870775  -0.00356904
    -0.08084     0.156776    -0.160612    -0.188642
   -0.121353   -0.0146519   -0.0104265     0.178255
   -0.125133     0.338365   -0.0815185    -0.109975
   -0.138519    -0.145093   -0.0327314     0.148417
     0.16342    -0.152774    -0.242078    -0.183577
    0.056412    0.0937245    -0.228225    0.0445462
   -0.246943     0.222649     -0.12775   -0.0568938
  -0.0523304    0.0724504    0.0581836    0.0407814
  -0.0687657    -0.111157    0.0051138    0.0537775
    0.188218    -0.208557    0.0515452     -0.16835
   -0.137283    -0.081398     0.230178     0.102829
    0.196444   -0.0774569     0.123751    -0.160805
  -0.0439396   -0.0242119     0.121153     0.204512
    0.142005   -0.0903378    0.0152435    -0.163802
  -0.0789982    -0.141248    0.0301369    0.0894189
   -0.335138   0.00502522    -0.138738      0.13691
    0.117189    -0.266865   -0.0419066     -0.17347
   0.0677106    0.0454376    -0.323257     0.115592
    0.149107    0.0773625    -0.156659    -0.230228
  -0.0219946    0.0432276    0.0246301    -0.113205
   -0.105659    0.0139792   -0.0922414    0.0216675
    0.101906   0.00523017     -0.21699   -0.0552038
    0.149357   0.00114434    0.0249753    -0.130521
  -0.0966116   -0.0943093    -0.265162     0.109208
   -0.459558   -0.0291962     0.231975     0.334953
   0.0447075     0.135164    -0.208663   -0.0800352
    0.183392     0.049275    -0.229628    -0.343799
  -0.0218679    -0.296303     0.201992     0.196477
  -0.0977842    0.0357388     0.109917     0.208742
  0.00249192    0.0168052    0.0636637     0.118942
  -0.0961582    0.0330221     0.116468    0.0339854
   0.0352555     0.116352    0.0348646     0.153441
   0.0969197     0.129795    -0.307541    -0.013762
   0.0480835    -0.105426 -0.000763824    0.0461064
  -0.0830929    -0.190424     0.106691     0.152647
 0.000757085    0.0121348    -0.244773    0.0909428
   -0.116452    0.0647073    0.0729212    0.0464876
    0.119042    -0.462412    0.0769384    -0.102511
     0.06392    -0.105258    -0.111898     0.114806
  0.00507924     0.104698    -0.181475    0.0160016
   -0.261837    0.0219542     0.153476     0.170519
   -0.207853    0.0436233     0.163033     0.390344
   -0.151506    -0.034946   -0.0172213    0.0717064
  -0.0485261     0.106889    -0.309783   -0.0155394
  -0.0926255    0.0761226   -0.0692024     0.100234
    -0.12921      0.10929     0.100669     0.227794
  -0.0275949    -0.236667     0.217784    -0.104094
    0.100578    -0.127742    -0.111968   -0.0975941
    0.301765    -0.151466     0.220881    -0.710305
   -0.153619    0.0617574   0.00549842    0.0789195
   0.0387924     0.106259    -0.122404   -0.0460413
     0.11322   -0.0268208   -0.0889153    -0.109115
   -0.151579   -0.0991816    0.0619081     0.148283
    0.166185     0.070883     0.113335    -0.323383
    0.089595    0.0279897     0.155475    -0.151557
   -0.196368    -0.143764  -0.00288851    0.0800886
     0.16472    0.0159752     0.122315    -0.104993
   -0.104924    -0.102607    0.0501236    0.0990272
  0.00475416   -0.0694762   -0.0854297     0.069662
  0.00718726  -0.00605703    0.0534395   0.00524001
   -0.261759    -0.252356     0.529118     0.293965
     0.12563    0.0841025    -0.126491    -0.104509
  -0.0525692    0.0174326   -0.0660371   -0.0277168
    0.327165    -0.150844    -0.120022    -0.325423
  -0.0192125    0.0703366    -0.313057    -0.134149
   -0.120654   -0.0635671    0.0535833    -0.037367
  -0.0280609   -0.0228217      0.10001    0.0473885
    0.162369    -0.228448   -0.0463629    -0.161245
    -0.12263   -0.0649226    -0.115549   -0.0306298
   0.0515343   -0.0726586   -0.0598004    0.0316104
   0.0321241    0.0387074    -0.024033    0.0610098
  -0.0115539     0.102653   -0.0156593     0.133891
     0.12805    -0.167362    0.0534945   -0.0614884
  -0.0577486    0.0999663     -0.12713    -0.122957
    0.128151     0.122158    -0.229219    0.0598745
  -0.0979285    0.0218762    0.0226252    0.0583763
   -0.216897    0.0590967   -0.0630615    0.0465357
  -0.0846153   -0.0824253     -0.17231   -0.0737475
  -0.0804916     0.106726   -0.0548881   -0.0251544
  -0.0929334   -0.0670671     0.103703      0.22544
    0.175835   -0.0217225    0.0312541  -0.00452502
  0.00692177     0.216828    0.0696034     0.119462
  -0.0410378     0.024505   -0.0576356   -0.0146489
    0.172598   -0.0272706    0.0463107   -0.0111053
  -0.0254519   -0.0778202   -0.0164367    0.0345978
   0.0717144    0.0254904    -0.191268    -0.159605
    0.184868    -0.155276    -0.114973     -0.21614
   0.0636049   -0.0402139    -0.160772    -0.213946
   -0.368184     0.111651    0.0940931     0.262761
  0.00349402      -0.0212   -0.0357043   -0.0528466
    0.128742    -0.227144   -0.0588221     -0.22027
   0.0830307    0.0793565    -0.166564     -0.18492
    0.211645   -0.0266261   -0.0761033    -0.017329
    0.264723   -0.0504333    -0.262979    -0.246022
  -0.0204758   -0.0581876   -0.0213732   -0.0296681
    -0.11078   -0.0344321    0.0183453    -0.040783
   0.0996071    -0.184554    -0.164771     -0.04107
   -0.277513       0.2819    -0.174303     0.079131
 9.60146e-05    0.0358696   -0.0541269    0.0726444
    0.101663   -0.0346774   -0.0137557     0.104368
   -0.279022       0.1295   -0.0901508    0.0148138
   -0.105886   -0.0753369    -0.176322    0.0770603
   0.0348408     0.137641    -0.207823   -0.0479064
   -0.206666     0.356354    -0.295431    0.0661893
   0.0110799    -0.441251     0.318991     0.216266
  -0.0310723    0.0592371   -0.0158797  -0.00384228
   -0.303605     0.356775   -0.0500912     0.293674
  -0.0397559     0.188167   -0.0817593      0.07204
   -0.171266    0.0965963    0.0228265     0.234661
    0.153458    -0.134103     -0.10595   -0.0297896
  -0.0274124    -0.172999     0.207675   -0.0688657
  -0.0528708    0.0478316     0.059429    0.0504033
  -0.0848505   -0.0468023   -0.0938593     0.111538
   -0.125017     0.268304   -0.0622983    0.0886555
   0.0275307    0.0108395     0.117085     0.273762
    -0.18283   -0.0660227     0.349653     0.293269
    0.062111    -0.103613    0.0632602    -0.138797
 0.000773829    0.0377042    -0.263531   -0.0569445
   0.0754703    0.0264822    -0.344221    -0.101426
   0.0184814   0.00411213    -0.156182    0.0393359
  -0.0170102  -0.00410512  -0.00155372     0.143744
  -0.0704724     0.123202    0.0375944    0.0474325
   0.0941059    0.0045585   -0.0609168    -0.121191
  -0.0381615     0.166907    -0.121485    0.0112474
  -0.0212645   -0.0624838   -0.0618744    0.0107668
   0.0426073    0.0121944     0.121036     0.165766
  -0.0204833    0.0382553   -0.0138655    0.0920442
    0.376712    -0.131721     -0.29133    -0.355667
   -0.188556   -0.0533314   -0.0283051     0.167008
  -0.0583142   -0.0917405   -0.0432577     0.150489
  -0.0366187   0.00658229     0.142992    0.0445948
  -0.0145618   -0.0318393   0.00542094    0.0815779
   0.0358816    0.0176647   -0.0508069   -0.0361986
    0.141622    -0.161849       0.1866    -0.297276
  -0.0501838   -0.0395374   -0.0224268    0.0826604
   0.0298995    -0.122503     0.180742    -0.109828
  -0.0818413    0.0105752    0.0656816     0.131306
  -0.0844032    -0.124071  -0.00672936    0.0481219
   -0.105331    -0.063457    0.0448771  -0.00656001
  -0.0804476    0.0388318    0.0617173    0.0778986
  -0.0394067    -0.162278     0.226254    0.0204682
    0.061218    -0.194806    -0.165603   -0.0533386
  -0.0942526    0.0641732     0.134819    0.0687683
   0.0368867   -0.0861362      0.13402   -0.0528354
 0.000264662    0.0327944   -0.0243661    -0.012098
   0.0147374    -0.143139    0.0577137    0.0851181
  -0.0448603    0.0610944     -0.23055   -0.0373412
    0.072407    0.0333484   -0.0158388   -0.0269314
 -0.00910694    -0.085674    0.0499145     0.101358
  -0.0147678    -0.175135     0.122366   -0.0473968
  -0.0463698    0.0990473    0.0171386    0.0513709
   -0.416208     0.090343   -0.0101321     0.116573
  -0.0212536    0.0841241    -0.199999     0.174011
   -0.261209     0.160709     0.107749    0.0764134
   0.0658112     0.101075    -0.171825    0.0436058
   0.0722761   -0.0123021    0.0932625      0.17607
   -0.140848    -0.151058    0.0450854  -0.00738072
   -0.235353   -0.0575338    0.0719989   -0.0164384
   -0.206244     0.159121    -0.184862     0.195483
    -0.19753    -0.114163     0.111601    0.0968544
    0.287557   -0.0477658    -0.311187    -0.121008
   0.0124085   -0.0198202    -0.127706     0.101157
     0.09154   0.00711467     0.112152    0.0505182
  -0.0844266    0.0655876    -0.142451     0.188067
    0.105618   -0.0643301   -0.0302594    -0.172953
  -0.0549925    0.0549337   -0.0087573     0.044841
   0.0659024   -0.0904777   -0.0817456  -0.00574096
    0.270728     0.021638   -0.0335195    -0.279364
   -0.562493     0.392522    -0.539085     0.817442
   -0.207721   -0.0677923    0.0825223     0.212544
   -0.122895     0.082065   0.00421472    0.0461398
    0.113489   -0.0748163      0.11991    0.0898077
   -0.308178     0.111461   -0.0046341      0.22815
   0.0764278   -0.0836604   -0.0630508   -0.0892645
   0.0565675    -0.187239    0.0704192    -0.172586
  -0.0664841    -0.116206     0.234104     0.124266
   0.0535495   -0.0356379    -0.080142    -0.126784
    0.278909  0.000554303     0.033911   -0.0546787
    0.141182   -0.0671649     0.105089  -0.00446758
  -0.0151848     0.127628     0.113739    0.0202191
    0.443052    -0.228246     0.172773    -0.754781
   0.0567384    0.0331919   -0.0800088    0.0250219
   0.0911585   -0.0698664    0.0724102   -0.0929959
    0.108069   -0.0845129   -0.0620971     0.015285
   0.0670792    0.0319815  -0.00118132    0.0156299
   0.0607897    -0.178868   -0.0692658    -0.127366
 -0.00206234    0.0107993     0.114819     -0.07471
   -0.178522    -0.209159     0.319419     0.125923
  -0.0178091   -0.0414696     0.044077   -0.0235879
   -0.189454     0.246333    0.0409559    0.0948012
  -0.0333019    0.0953066    0.0863658   -0.0678359
    0.219603     0.186336   0.00506047   -0.0533682
   0.0149915    -0.227225    0.0223989   -0.0631743
   -0.396625   0.00584026    -0.081421   -0.0387106
   -0.107917    -0.158201     0.187075     0.111165
   0.0481617    -0.088289     0.195766    -0.391068
   -0.023472   -0.0781368      0.10055     0.100253
    -0.14913    0.0724315    -0.199812    0.0195109
   0.0602792     -0.16585    0.0888112   -0.0856829
   -0.275205   0.00381868    -0.216026     0.339501
     0.29437    -0.143138    0.0456695    -0.149902
    0.292242    -0.207436   -0.0616616   -0.0116141
  -0.0523966    0.0798241     -0.13304     0.115581
   -0.146649   -0.0478631   -0.0739488     0.194538
    0.341043     0.149874   -0.0594487     -0.76347
  -0.0234881    0.0303705   -0.0197052    -0.161144
  -0.0575115    0.0140648    0.0772068    0.0119241
  -0.0944623    -0.125304     0.078146     0.309173
    0.270552   -0.0916746     0.017054    -0.496453
  0.00574187     0.218099    -0.186089    -0.192697
   0.0679192   -0.0420243   -0.0242391    -0.110086
    0.110034     0.100593    -0.290426    -0.162702
  -0.0395159    -0.237085   -0.0065918    0.0543341
  -0.0276057   -0.0757151  -0.00991283   -0.0296222
  -0.0112508    0.0607224     0.116219   -0.0314253
       0.132    -0.222421    -0.115917     0.104932
 -0.00114029   -0.0802894    0.0816393  -0.00884702
    0.225074    -0.197737    0.0662232    0.0724144
    0.012509   -0.0852903    0.0481655   -0.0695541
   -0.116636    -0.209302     0.161195     0.204013
    0.164674      -0.3943    0.0873591    -0.181266
    0.139224     -0.12827      0.16847    -0.205971
   -0.137664   -0.0195046    -0.029677     0.177906
    0.172441    -0.201547    -0.108942   -0.0892349
   0.0106089    0.0720637  -0.00625336    0.0441146
   0.0761376   -0.0884949   -0.0137053   -0.0467127
    0.139281     0.107151     0.202379    -0.160527
   0.0741714     -0.13987     0.022508  0.000879285
     0.10199    0.0917097    0.0913089    -0.156178
   -0.015629    -0.122535   -0.0239384   -0.0467532
   0.0528118   -0.0455634     -0.03929    -0.116816
   -0.210907     0.181993    0.0603224    0.0194281
   0.0571592   -0.0193546   -0.0606476   -0.0489543
    0.187741    -0.134987   -0.0861628   -0.0739794
    0.101772    0.0877913   -0.0129102     0.153308
   0.0804654    0.0682033    -0.143186   -0.0116708
   0.0551565   0.00233226    -0.212199    -0.156731
  -0.0361957   -0.0507409   -0.0392859    0.0242465
  -0.0226871    -0.129218    0.0573507   -0.0350234
   -0.187266     0.158903    0.0762709     0.121169
  -0.0525304    -0.249995     0.367766  0.000547356
   -0.305539    0.0909257     0.277673     0.234886
   0.0479869    -0.096718    -0.136245   -0.0665515
   -0.104055     0.121488    -0.130493    0.0450343
   0.0217284     0.096328    -0.145755    0.0439671
   0.0260368   -0.0610221    0.0780551     -0.16923
   0.0363281    -0.194454     0.165893    0.0909139
    0.249196    -0.174179    0.0220845   -0.0932024
   -0.295554     0.173045    0.0800147     0.191446
    0.105387    0.0810807    -0.151065    -0.156635
   0.0494898    0.0820266   -0.0999821   -0.0304416
   -0.158843   -0.0200384     0.424718     0.261004
   0.0497017    -0.093245   -0.0619404   -0.0789623
  -0.0895003    -0.113849     0.110573     0.200599
    0.153504   -0.0888394    0.0870785     0.049056
   -0.347608   -0.0472721     0.083681     0.247301
   0.0574881    0.0368594   -0.0953363     0.052433
  -0.0331803    0.0542111  -0.00565778   0.00146175
    0.125956   -0.0215974    0.0487739    -0.181394
   0.0820235   -0.0593864    0.0364572    0.0199387
    0.113547   -0.0587499   -0.0315265   -0.0938822
  -0.0222374    -0.309007     0.190168    0.0847991
  -0.0163258     0.343616    -0.136155    -0.049016
    0.220445      0.05181    -0.202788    -0.207011
   -0.100106     0.269911    -0.243871    -0.252254
   -0.158853    0.0640698    -0.280447     0.103701
    0.120433   -0.0736884  -0.00953406    -0.211521
 0.000353986    0.0990378    -0.030058    -0.201756
   0.0614002    0.0450105     0.164693   -0.0647118
    0.173323     0.335161    -0.378267   -0.0549251
  -0.0699673    -0.104386    -0.126159  -0.00283333
  -0.0415262   -0.0383459    0.0925864     0.036329
  -0.0858609  0.000850552    -0.230064    0.0933021
    0.139383   -0.0404429   -0.0766639   -0.0272181
   0.0691091    0.0453945    -0.182262    -0.128693
  -0.0411922    0.0535277   -0.0674801   -0.0238045
  -0.0964658   -0.0163832     0.235233    0.0367529
  -0.0244481    0.0384126    0.0040338   -0.0242494
   -0.026589    0.0204334    0.0748357   0.00243875
 -0.00264907   -0.0178259   -0.0649421    0.0268881
   -0.181751    -0.226384     0.276973     0.249761
  -0.0536038    0.0428573     0.157611    0.0179233
   -0.199664   -0.0680195     0.179039     0.255851
  -0.0436143     0.142853   -0.0947559    0.0880115
   -0.172847    0.0689389      0.17106    0.0252849
 -0.00799785   -0.0538453    0.0737433    -0.109612
    0.115437   0.00124234   -0.0269335   -0.0780103
   -0.050498     0.318468    -0.433356     0.209726
   -0.111851  -0.00422643    0.0402635     0.126187
    0.090369    -0.120409   -0.0281333    0.0991786
   0.0104424     -0.13241    0.0845619     0.208562
   0.0660999   -0.0581116     0.135296     0.227019
   0.0299002     0.110522    -0.207683   -0.0149891
  -0.0931293    -0.116471     0.172019     0.132821
   -0.101919      0.12281  -0.00804406   -0.0411316
   -0.198006     0.193103    -0.377844    0.0497955
   -0.101784    -0.171942      0.21655     0.118114
    0.331901    -0.406697   -0.0703725    -0.197983
   -0.631512    0.0120511     0.599131     0.585556
   -0.309352    -0.281483     0.439447     0.263484
   0.0366589     0.011167   -0.0119335    0.0402408
    -0.01469   -0.0600365   0.00864094   -0.0387432
 0.000737499    -0.106319    0.0309506    -0.103017
    0.242227    -0.286715    0.0435686  -0.00353671
   -0.162334   0.00880244    -0.186436    0.0924359
  -0.0672165   -0.0127933    0.0999022    0.0234049
   0.0285109   -0.0543336   -0.0842061    -0.189078
   -0.207976     0.222926   -0.0815521     0.102522
   -0.167552   -0.0827571     0.118221     0.148487
  -0.0743288    0.0501667   0.00206989   -0.0182073
    0.209873    -0.163196   -0.0456162   -0.0197417
  -0.0792189    0.0592184    -0.375015   0.00979076
   -0.228989   -0.0216717     0.379988     0.178015
    0.134902   -0.0499345    0.0948732   -0.0364154
    0.125045   -0.0792445    -0.114299   -0.0633066
   -0.143426    -0.066742     0.170489     0.193806
    0.073717    -0.109499   -0.0455617    -0.134209
   0.0329845     0.101381    0.0982795  -0.00546383
   -0.222179    0.0805019   -0.0313848    0.0240724
  -0.0963582   -0.0504083     0.169133     0.251443
   0.0393664   -0.0843834   -0.0254275   -0.0493583
   -0.163602     0.213812   -0.0105922     0.222567
  -0.0603849    0.0519657    0.0332146   -0.0710863
    0.170789    -0.168529     0.114409    -0.423147
   0.0145442    -0.095804    -0.289078   -0.0051201
 -0.00503183    0.0510534    -0.074657   -0.0218116
  0.00252554    0.0857938    0.0160611   -0.0230885
  -0.0517738    -0.168475    0.0190625    -0.164454
   0.0610886    -0.125569    0.0174962    -0.115368
    0.180717    -0.198482    -0.206869  0.000654605
 -0.00128076     0.102586   -0.0092493  -0.00130179
   -0.294915     0.150696   -0.0570625     0.163004
  -0.0634709   0.00729539   -0.0359798    0.0200087
   -0.132482    0.0480752    0.0625139    0.0906819
    0.224292    -0.173611    -0.123145   -0.0471431
   0.0444946   -0.0528058     -0.18776  -0.00824486
    0.166013    -0.154494    0.0184832    -0.116736
  -0.0451285   -0.0438853     0.127498     0.188493
    0.136152    -0.125082     0.113251   -0.0664602
    0.157816   -0.0204173   -0.0515693   -0.0776912
   0.0160584    0.0693165    0.0659583   -0.0902209
  -0.0183675     0.016536    0.0730388    -0.137734
    0.103922   -0.0130602     0.127864    -0.155872
  -0.0949734    -0.056925    0.0204169   -0.0275788
   -0.180808     0.475723    -0.342713     0.222762
     0.12957    -0.123714  -0.00457049    0.0460364
    0.234146     0.226782    0.0320657     -0.29401
   0.0579199   -0.0037058    0.0309367    -0.086169
   0.0847128     0.059306    -0.161666    0.0130197
  0.00620852     0.126639     0.034351    -0.198588
    0.014238   -0.0216723   -0.0201346    -0.196009
   0.0380482     0.038774    -0.154791     0.107234
 -0.00950016    0.0975948   -0.0766211     0.085025
   -0.181512     0.019767    -0.114671   -0.0860733
   -0.128746     0.171735    -0.233198    0.0711681
    0.106495   -0.0278488  -0.00605497    -0.122301
   -0.261519   -0.0814918     0.168075     0.301079
   -0.266422    0.0416168     0.153874     0.175689
    -0.29832     0.134389    -0.225979     0.109484
   0.0806214    -0.140135     0.131937    0.0234647
  -0.0922961    0.0515269    0.0358041     0.162593
   0.0711402    -0.131661    0.0416815    0.0811836
    0.146295     -0.10785    -0.113594    0.0629212
    0.128341   -0.0996627    0.0455853   0.00764702
    0.112653    0.0186284    -0.141552      0.04772
    0.186042    -0.204222    0.0581437    -0.165517
  -0.0400515    0.0798294    0.0051547     0.125155
  -0.0345698     0.161024   -0.0686223     0.106011
    0.425353    -0.490212    0.0373193    -0.770572
    0.095819  -0.00705556   -0.0903855   -0.0962437
    0.326146    -0.192683    -0.221339   -0.0406376
   0.0288752    0.0218054   -0.0333261     0.021899
   -0.125276   -0.0237828    0.0611355    0.0781438
  -0.0642398    -0.147461   -0.0976731     0.124657
   -0.126581     0.020085   -0.0756418     0.034449
  -0.0804908    0.0611055   -0.0304314     0.116113
   0.0414197    -0.122301     0.184566    -0.154135
   0.0725514   -0.0465417   -0.0404346    0.0595648
    0.043569    0.0329229     0.120399  -0.00807559
    0.158491     0.257855    -0.136105    -0.185672
    0.074506   -0.0962354   -0.0458861    -0.183589
   -0.122505   -0.0166669   -0.0964609     0.103181
  0.00984953   -0.0911342  -0.00157857  -0.00837494
   -0.157065     0.170718   0.00294313     0.127329
    0.180399    0.0752025     -0.16425    0.0415145
   -0.087576    -0.113068   -0.0753889     0.160988
  -0.0872473   0.00348221   -0.0549894   -0.0769415
   -0.267154    0.0327975     -0.19542     0.547429
   0.0446747   -0.0455325  -0.00184864   -0.0408013
   -0.144417     0.147674    -0.112795    0.0635877
   0.0822191    -0.261405    0.0138542   -0.0236829
    -0.10813   -0.0166453   -0.0359857    0.0692511
   -0.375477     0.470749    -0.106685     0.266234
  -0.0769326     0.160322    0.0235339   -0.0297454
   -0.138392    0.0915435   0.00276009     0.175557
    0.218856    0.0310843    -0.339761   -0.0304816
     0.22478    -0.264339     0.201597    0.0178222
  -0.0810897    -0.268458     0.161623   -0.0262101
  -0.0982099     0.225342     0.118155    0.0252847
    0.101948     0.051636      0.03357    0.0169286
   -0.108335     0.145293    -0.255376   -0.0357907
    0.160518   -0.0929858  0.000766528     -0.22435
   -0.196597    0.0317715    0.0954188     0.186887
    0.026769    0.0664159   -0.0969299      0.24198
   0.0633141    -0.103882     0.176752  -0.00406148
  -0.0692012    0.0695458    0.0864714   -0.0515453
  0.00480948    0.0388189     0.123211   -0.0605807
    0.209098    -0.179934  -0.00119418  -0.00396224
    0.191868   -0.0744706    -0.196713    -0.103065
    0.442215   -0.0386134    -0.117417       -0.243
    0.114206    -0.114111   0.00913837    -0.186601
    0.112628    -0.276025     0.023947   -0.0673466
   0.0829838    -0.197716   -0.0575057     0.043613
  -0.0796549    0.0559096    0.0249457    0.0916963
-0.000780566   -0.0939194     0.106139   -0.0714731
   -0.105656   0.00714299    0.0831094    0.0280606
   -0.283644    -0.122477      0.25101     0.281014
   -0.182139      0.35126    -0.369592      0.29221
   -0.124367    -0.085394     0.124322     0.117755
   0.0509938    0.0368502    0.0228749    0.0222257
   0.0166895    -0.273325     0.139452     0.231955
    0.095965    -0.388473      0.18498    -0.159845