   -0.130539     0.101502    -0.200987     0.116322
   0.0730157    0.0451299     0.147852    -0.256399
   0.0431602   -0.0829293    -0.113787     -0.25051
  -0.0335655    -0.204453    0.0785634     0.010925
  -0.0571194     0.118801   -0.0704596    0.0186982
    0.134356    -0.136183    0.0793429    -0.124465
   0.0116576     -0.22079    0.0588034     0.194701
   -0.020074     0.218745    -0.334855   -0.0692494
   -0.157419    0.0844545    -0.305188   -0.0516383
   -0.166225   -0.0252815    0.0696398      0.14669
   -0.243815    0.0023906    -0.302208    0.0762513
  -0.0031393   -0.0213773     0.187957    -0.121488
  -0.0866145   -0.0474778     0.106024     0.110338
 0.000156461    0.0412273    -0.111036      0.11725
   0.0415731     0.160064   -0.0613894    -0.104368
  -0.0394705   -0.0101563    -0.213034     0.148567
  -0.0495474   -0.0928759   -0.0484104      0.10513
   -0.246579    0.0908908   0.00977333     0.123555
    0.152108  -0.00610862   -0.0499837   -0.0868264
   0.0085217    0.0228215     0.144379    -0.162488
   0.0779689     0.183243    -0.237423   -0.0737489
    0.512139    -0.183756     0.219096    -0.244658
    0.225631   0.00859818   -0.0843849   -0.0038438
   -0.120231    0.0833379   -0.0281807   -0.0239616
   -0.272551    0.0433052    0.0845278     0.328478
   0.0255097    -0.274289     0.155424    0.0160034
  -0.0538931  -0.00672348     0.054573   -0.0233648
  -0.0983759   -0.0475967     0.162675      0.18415
   -0.216483    0.0207535     0.228691    0.0773547
   0.0142086    0.0130326   -0.0750189    0.0173575
    0.108231     -0.21691     0.049605      0.13731
  -0.0416356    -0.139025    0.0497141    -0.120585
  -0.0168461     0.158306    0.0906724     0.105518
    0.250482    -0.116504    -0.408663    -0.264825
    0.245295   -0.0150369    0.0794077    -0.207338
   -0.056752   -0.0811546    0.0975524    0.0392677
  -0.0327845    -0.113717   -0.0161022    0.0863484
   0.0126338   -0.0647988  -0.00160678     0.132373
   -0.152739    0.0665418    -0.026349    0.0629234
   0.0986821   -0.0465279       -0.103    -0.171357
    0.284914    -0.181823    -0.531415     0.158645
    -0.13861     0.238496     -0.11775   -0.0677309
    0.268902    -0.251385    -0.121416    -0.213251
   -0.132137    -0.335352    -0.118005     0.336921
  0.00491109     0.124972   -0.0721843   -0.0135833
   -0.028714     0.213002    -0.016486      0.17022
   -0.224168   -0.0663656    0.0645204      0.14115
  -0.0766318   0.00331522    0.0639596   0.00872144
   0.0436631     0.101362    -0.180477    -0.277992
    0.079277   -0.0154404    0.0427726    0.0167978
   0.0415294   -0.0244006    0.0691698     0.067632
   -0.100786    0.0552525   -0.0770343    0.0415586
   -0.115947     0.172539   -0.0650069   -0.0146857
   0.0467188    0.0491705    -0.144728   -0.0315331
   0.0332878    -0.117962   -0.0280742  -0.00714443
   0.0715051    0.0214821   -0.0222417    0.0274269
  -0.0445857     0.126886   -0.0379432  -0.00857616
   0.0998788   -0.0625644   0.00685609    -0.184977
    0.041207    0.0356663   -0.0875443   -0.0626725
   0.0652691    0.0686445    -0.265849     0.207855
   0.0735937     0.186456    -0.107247    -0.289272
  -0.0470827    0.0556064    -0.230617   0.00154775
   0.0118603    -0.020851     -0.11467    -0.134618
  -0.0221044   -0.0986484    0.0101882     0.184441
  -0.0570533    -0.234779    0.0152377    0.0345668
  0.00499998   -0.0268936   -0.0685547   -0.0550257
   0.0499151     0.330213    -0.428987     0.139657
    0.073613   -0.0244279    -0.146631     0.122561
    0.162978    0.0604591    0.0115603   -0.0321129
  -0.0612798    -0.283873   -0.0781604    0.0567321
  -0.0609557     0.185441   0.00552572     0.092216
   0.0578286    -0.189066    -0.179531   -0.0850398
    0.295022    -0.311206   -0.0227662     -0.16617
    -0.10654    -0.150637    -0.057701    0.0749192
   -0.103049     0.135656   -0.0583023     0.144548
  -0.0519552    0.0222667     0.182695    0.0843643
    0.119261   -0.0299207    -0.180852   -0.0332992
  0.00859645    0.0109813     0.132068    -0.184824
   -0.057029    -0.108786    -0.111607     0.140964
   -0.230933     0.218495    -0.231568     0.163139
   0.0811515     0.049271     0.101476   -0.0013934
     0.02344    -0.183588  0.000418721    -0.125722
 -0.00855552    0.0455504   -0.0759286    0.0595002
   -0.101738     0.298854    -0.249467    0.0335847
   0.0732196    -0.131443    -0.168324     0.122387
   0.0139498   -0.0677642     0.130271    -0.124987
     0.06286    -0.158752     0.265919   -0.0910154
   0.0181737   0.00427831    -0.178483   0.00379323
   -0.187095    0.0409166    -0.164818     0.140438
    0.104482   0.00200194    -0.213939     0.180666
  -0.0613448     0.114871   -0.0199765     -0.12067
   -0.025614   -0.0367234   -0.0538615   0.00162943
  -0.0118083    -0.299556    -0.122572     0.212481
    0.162634   -0.0743787    0.0712229   -0.0967373
   -0.199184    0.0229131   -0.0993247    -0.122534
    -0.12158   -0.0183875   -0.0429347   -0.0978456
   0.0540351   -0.0223442    0.0348618     -0.19653
   -0.137207    0.0306633    0.0686573   -0.0576329
   0.0265076     0.139042    -0.105219 -0.000247099
   0.0589114   -0.0221643   -0.0614722    0.0376442
 -0.00345758    -0.275333    0.0629167    0.0687043
   0.0853669   -0.0943057    -0.166858    -0.229815
    0.135192    0.0620321   -0.0136642   -0.0518532
  -0.0435811  -0.00238883     0.142331    -0.109746
  -0.0518861    0.0118829     0.134693     0.137217
  -0.0921328   -0.0340713    -0.050998   -0.0911239
   0.0509928    0.0881379    0.0462761   -0.0132505
 -0.00875285     0.272463    -0.171688   -0.0588424
   -0.143318   0.00591177    0.0990973     0.310445
  -0.0887288      0.11082     0.111461     0.197792
      0.1376    0.0487438     0.017105    -0.264924
   0.0873453   -0.0117879    -0.255566     0.156638
   -0.101859   -0.0489065   -0.0389184     0.237703
   -0.185887   -0.0110012   -0.0644488    -0.123175
   -0.154707    0.0441849    0.0854055     0.202521
   0.0411452     0.294627     -0.24761     -0.16973
  -0.0898558     -0.11019     0.213703    0.0998256
   0.0075098    0.0551126   -0.0598646    -0.202182
  -0.0851936     0.107493   -0.0417177    0.0236455
  -0.0826433     0.105643 -0.000179325   -0.0364306
   0.0407303    0.0193408   0.00512517     0.111262
   -0.102344     0.157057   -0.0345406    0.0408327
   -0.126467     0.154566   -0.0816718      -0.0643
  -0.0443685   -0.0206926    -0.138526   -0.0903896
   0.0466014   -0.0321448    0.0482817   -0.0135038
   0.0597577    0.0627731   -0.0525067    0.0792859
   0.0848584  -0.00750548   -0.0233934    0.0125839
  -0.0119278      0.15626    -0.039378   -0.0770596
   0.0428272     0.105201    0.0808064    0.0574165
   0.0225652    -0.174264      0.11925    0.0431107
   -0.204288  -0.00851656   -0.0406933    0.0869008
   0.0492305    -0.028826     0.130049    0.0264857
   0.0893203     0.158032     -0.22368    0.0517925
   -0.319932     0.203736    -0.123725     0.231461
    0.101886    -0.192979   -0.0132434    0.0251915
   0.0806479    0.0894453   -0.0872452    0.0735597
   -0.070813     0.222337   -0.0517935    0.0343707
    0.167984     0.037853    0.0679389    -0.203142
    0.350938   -0.0998893    -0.459591    -0.382261
   0.0459618   -0.0109878    0.0346161   -0.0258003
   0.0350774    -0.225505    0.0210613    0.0816923
  -0.0170733     -0.20593     0.035554     0.264846
  -0.0335366   -0.0644079    0.0659278    -0.130954
   0.0371826    -0.111241    -0.132879   -0.0235099
   0.0376579   -0.0633796      0.12828    0.0187771
    0.166543    -0.135591   0.00591182    -0.017026
   0.0314358    -0.227119   -0.0218347    0.0637102
   0.0874007   -0.0678721   0.00370841     -0.14447
   0.0926827    0.0108414   -0.0495581    0.0214856
   -0.071622     0.155669    -0.060204   -0.0042361
   0.0408658    0.0985705    -0.127415    -0.174873
   0.0884636   -0.0450314     0.148783   -0.0648205
   0.0276553      0.16384    -0.167809    -0.226426
   -0.212999   -0.0710536   -0.0179596     0.314605
   0.0276843    0.0792106     0.050109    -0.112251
   -0.190426     0.159784    0.0926568    0.0877621
   -0.106377    0.0914505    -0.161555     -0.12959
   -0.110627     -0.16267    0.0984166    0.0457237
   0.0725287    -0.320885    -0.106902    0.0966051
  -0.0363076    0.0989357    0.0070234    -0.127457
    -0.16198    -0.185165   -0.0924941     0.147091
    0.157424    0.0308904    -0.119453   -0.0116739
  -0.0642166  0.000274462   -0.0684386    0.0264263
    0.028352   -0.0300098    -0.100414   -0.0154036
   0.0931608    0.0151276     0.272533    -0.371544
   0.0272924     0.168239   -0.0732195    0.0220119
   0.0123526   -0.0816844     -0.11312    -0.010022
  -0.0794245     0.101046  -0.00677088    -0.135417
 0.000649303    0.0185154   -0.0492604     0.188072
   -0.201364     -0.22617   -0.0319964   -0.0569314
   -0.199249    0.0422187   -0.0396455     0.144573
 6.16929e-05    -0.136936     -0.12651    0.0399634
  -0.0442121    0.0523211   -0.0521375   -0.0228801
   -0.174793     0.133895     0.162173   -0.0417124
  -0.0456165    0.0649759    0.0475991    0.0602054
     0.11336    -0.104575    -0.254622    -0.227737
   0.0724324     -0.12418    0.0564732    -0.042254
   -0.092431  -0.00639574   -0.0238001   -0.0584076
   0.0860551   -0.0979442     0.107924    0.0980388
   -0.141023     0.153403    0.0487787     0.172385
   -0.276056    0.0861666    -0.073259     0.160878
   -0.216419   -0.0595171    0.0135379  -0.00349332
   -0.114741  -0.00419184    0.0281212    0.0015406
  -0.0492582    0.0742708    -0.190559     0.422669
   -0.057116    0.0798104    0.0483795     0.149504
  -0.0451339    0.0287708    0.0172448   -0.0263846
  -0.0638148    -0.195048   -0.0630427   -0.0662518
    0.116179  0.000838059     0.143595     0.065117
   -0.148082   -0.0630848   -0.0686272     0.255441
  -0.0578414   -0.0391209   -0.0198569     0.175713
  -0.0318947    0.0966335     0.123267    -0.103997
   0.0920425    0.0723393    0.0802045   -0.0854857
    0.128138     0.144639    -0.106584    -0.161954
   -0.111225    -0.104439   -0.0372412    -0.016028
   -0.173216     0.306439    -0.273123    0.0431039
  -0.0408947    0.0106441   -0.0385371     0.136528
   0.0152907    -0.150903   -0.0129658    -0.173649
    0.236741    -0.168955   0.00578755  -0.00798354
   0.0907502    -0.207137      0.21276    -0.141535
   -0.175328     0.144195   -0.0741637    0.0947604
    0.332605   -0.0407898     0.236634     -0.35073
    0.241552    0.0866897   -0.0537143    -0.351638
   0.0749244    -0.110099      0.17949    -0.165201
   0.0823208     0.146108   -0.0705159     0.054143
  -0.0357662   -0.0690143    0.0268547    0.0611887
   -0.115537     0.110648 -0.000204488     0.242309
   0.0163847     0.019645     0.172388    0.0931149
  -0.0472713    0.0814195    -0.464245    0.0293134
   -0.225219   -0.0343191    -0.163863     0.138769
    0.106639   -0.0461141   -0.0132103  -0.00204457
   -0.116124    -0.254759     0.336887   -0.0932134
  0.00596231    0.0403814     0.223299    -0.161488
    0.120963       0.1768    -0.118656    0.0547128
    0.153311    -0.258804   -0.0563669   -0.0480392
   -0.086927    0.0240627    0.0977159     0.153679
  -0.0860767   -0.0735381    0.0572014     0.118826
   -0.033982   -0.0835216   -0.0135527    0.0508624
  -0.0801799     -0.11514     0.304588    0.0960164
    0.199837    -0.138738   -0.0952549   -0.0360481
    0.191505   -0.0508202    0.0684071     -0.16673
   -0.142747    -0.311334     0.142803    0.0789594
   -0.144638   -0.0905619    0.0496224    0.0607199
  -0.0119722    0.0325114   -0.0804812   -0.0610704
   0.0245197   -0.0947305   -0.0331309    -0.132215
  -0.0324321    -0.235441    0.0323709     0.105856
   0.0290253    0.0302116   -0.0375203   -0.0316268
   0.0498605   -0.0895438      0.05956    -0.069934
   -0.017276    0.0969031    -0.128891    -0.086729
  -0.0210492    0.0678687   -0.0834565    0.0424759
   -0.198997    0.0646686   -0.0880804       0.1751
   -0.113066      0.11648    -0.110912    0.0801168
    -0.18269    0.0693527    0.0184619    0.0962307
   0.0680007    -0.179413   -0.0188873     0.165933
   0.0721393    0.0692086    -0.195384    -0.115857
    0.106726     0.041496    0.0768957    -0.290021
   0.0434159     0.256087    -0.165958   -0.0431315
   0.0226694     0.110351    0.0851173   -0.0498483
 4.04809e-07   -0.0165732   -0.0211757   -0.0327194
   -0.069096     0.139262     -0.13124    0.0908275
   0.0571801    0.0590818   -0.0180886    -0.100122
  -0.0947194    0.0114055     0.054108   0.00954877
    0.459866    0.0494962    0.0408934    -0.409638
  -0.0377689    -0.235821     0.188013    0.0530868
   -0.196353   -0.0362637   -0.0796166     0.114175
   -0.144235    0.0606343    -0.143054     0.119223
  -0.0353968     0.187911     0.150271    0.0709033
   0.0761376      0.10245    -0.067171    0.0877237
   0.0931319     0.142792   -0.0512524    0.0299196
    0.196443   0.00723948    0.0097472   -0.0288381
   0.0513939     0.228066   -0.0559173  -0.00754871
    0.141762  -0.00344103    0.0028734    0.0859218
   0.0599776    0.0403199    -0.038822    0.0888469
   0.0999821     0.107588     -0.16054    -0.372944
  -0.0611093    -0.233917    0.0551367     0.212574
  -0.0217377    0.0457168     -0.03018   0.00801236
   -0.035023   -0.0287439   -0.0309039    -0.126892
  -0.0546583   -0.0599368    0.0394936   -0.0272884
    0.235842  0.000217857    -0.204227    -0.329122
    0.300792    -0.117185     0.285442    -0.596785
    0.290702    -0.112323   -0.0711888    -0.121425
  -0.0991243     -0.13702    0.0575024    0.0995018
   0.0882087    -0.169248    0.0711984    -0.165698
    0.186048   -0.0894412    0.0567298     0.159196
   0.0673798    -0.167941  -0.00258802   -0.0319311
  -0.0664528     0.228138    -0.256126     0.148916
   -0.032793     0.177612    0.0127717   -0.0132996
   0.0196238    0.0211841     0.103732    -0.067599
    0.120704    -0.138677   -0.0196973 -0.000768985
    0.125384   -0.0159156    -0.102007    -0.131087
  -0.0508183     0.143748     0.107249    -0.148873
   0.0118625   -0.0456332    -0.169669   -0.0161344
  -0.0191899   -0.0361133  -0.00640169    -0.114509
  -0.0363288    0.0231548    0.0204889   -0.0254338
  -0.0150946    0.0201229     0.058118      0.17751
   0.0687578   -0.0143371  -0.00371645    0.0772556
  0.00847009    -0.184806   -0.0922955    -0.028715
  -0.0653318     0.142183     0.152342   -0.0258081
  -0.0390963    0.0781925   -0.0278117   -0.0688765
  -0.0162165    0.0255516   0.00991415    0.0396287
 -0.00829746   0.00941309    -0.143382   -0.0926737
   -0.131405     0.127026    -0.317345  -0.00482128
      0.1893   -0.0150646   -0.0112378  -0.00098661
  -0.0987177   -0.0161429   -0.0712623    0.0396006
   -0.138114   -0.0811753     0.110755     0.328659
  -0.0745502   -0.0613777   -0.0355817   -0.0949024
   -0.149721   -0.0443357    0.0748032      0.17874
  -0.0756833     0.164332   -0.0707305    -0.202176
    0.016131    0.0900407    -0.129747     -0.07243
   -0.168914     0.206938   -0.0593738     0.117966
 -0.00937996    -0.259075   -0.0287047     -0.10936
-0.000925053    0.0582507    0.0799957    -0.121039
    -0.10348    0.0541315   -0.0442325    0.0795605
  -0.0114309  -0.00181077    -0.089108   -0.0701831
   0.0208735   -0.0150919    -0.112741   -0.0548868
   -0.415337     0.278147    -0.308875    0.0647965
   -0.133545    0.0692135   -0.0429255   -0.0087109
  -0.0800912    -0.072864    0.0479351    0.0413561
   -0.101154    -0.190291   -0.0942438      0.40789
    0.276927    -0.248793    -0.151608    -0.241245
   -0.120064    0.0283867   -0.0279426    0.0315617
  -0.0312941   -0.0536917   -0.0506811     0.136423
  -0.0359245   -0.0963781  -0.00708908    0.0435257
   0.0685499    -0.104508     0.006642    -0.110555
  -0.0598891    0.0637253   -0.0949584   -0.0104535
   0.0915969   -0.0409485    0.0919588    -0.169545
    0.164391   -0.0207046    0.0499919    0.0624521
   0.0922932     0.107485    -0.123953    -0.111008
   -0.127773   -0.0281835     0.043595   -0.0363109
  -0.0694823    0.0570218   -0.0236616    0.0995958
     -0.2705     0.293684     -0.20048    0.0481927
    0.115398      0.11268    0.0444019    -0.103386
     0.03739   -0.0385174     0.127366   -0.0216408
   -0.171458     -0.11432    -0.239168   -0.0700147
   0.0538329    -0.182271     0.108056     0.139022
    0.065102   -0.0417023    -0.212741   -0.0822055
  0.00658213    -0.120654   -0.0469973    0.0672346
   -0.155632     0.146679    0.0180861   -0.0372108
    0.129244     0.169393   -0.0246872   -0.0302958
   -0.175336    0.0321616     0.131362     0.198586
  -0.0529136    0.0252738   -0.0849757     0.097841
   -0.079252   -0.0272899     0.023374    0.0920138
  -0.0730254   -0.0337088   -0.0223243    0.0357998
   0.0683796   -0.0721889    -0.215496     0.247962
   -0.120491   0.00124356    0.0109948    0.0979144
   -0.117325    0.0822778     0.037965   -0.0820386
   0.0704363    0.0104907     -0.11238   -0.0313423
   -0.121569  -0.00992513   -0.0598726   -0.0481825
  -0.0473312     0.100112    0.0419065     0.063596
    0.132291   -0.0631978   -0.0686291    -0.211469
  -0.0618014    0.0161855     0.167949     0.157095
   0.0598612    -0.107236    0.0805941   -0.0216365
 -0.00382356    0.0314996   -0.0424302    0.0163493
    0.156666     -0.12079   -0.0651189     -0.34314
 -0.00991376    0.0218047 -0.000649255    0.0753467
   -0.277654   -0.0761789   -0.0272538     0.199978
   0.0339489    0.0696299   -0.0185704    0.0544616
  -0.0152483    0.0204498     0.103909    -0.090804
   0.0238008    0.0195592    -0.107714    -0.018075
    0.198686    -0.313242    0.0583969     0.101357
   -0.150295     0.060047   -0.0625272    -0.126535
  -0.0106804   -0.0536781    0.0137606    0.0404958
    0.124795   -0.0223123   -0.0802794   0.00177502
 -0.00287319     0.203684   -0.0166355    0.0825309
   -0.253806     0.197306    -0.108612     0.183711
   -0.138162    0.0697139    0.0226795   -0.0342744
   0.0567296   -0.0228607   -0.0871479    0.0742659
  -0.0515661    -0.136093    0.0720566     0.168723
   0.0522022   -0.0518302     0.029362   -0.0396053
   -0.110194    0.0568455    0.0393554   0.00833969
   0.0233783   0.00289609    -0.247579     0.202985
   0.0146792    0.0182923    -0.227345    0.0581353
   0.0600196     0.137959    -0.190845    -0.145763
   0.0473692     0.413427    -0.333142  -0.00490296
   -0.119911    -0.045063   -0.0308797     0.109955
   -0.208921   0.00251179   -0.0810557    -0.115192
   0.0400717    -0.160547     0.118579   -0.0522137
    0.184656    -0.118475     0.203916    -0.214484
  -0.0926297    -0.140436   -0.0722826     0.074245
   -0.136174    0.0306072   -0.0708026   0.00798482
   -0.130639     0.415357    -0.416299    -0.179456
   0.0173942    -0.117141    -0.131253     -0.15112
   0.0584296    0.0741576    -0.107711    -0.046013
  -0.0433988   -0.0803463    0.0142214     0.118335
  -0.0952799    0.0647871     0.108401   -0.0609345
   0.0602002     0.069571    0.0414798   -0.0457619
   -0.161884     0.082335    -0.027925    0.0627419
   0.0360627     0.176973   -0.0706765   -0.0914071
   -0.053216    -0.170975   -0.0960125     0.218085
    0.109495   -0.0010639   -0.0827019    -0.176774
  -0.0673758   -0.0208647    0.0422187     0.148282
   -0.135058      0.14224   -0.0362638   -0.0743987
  -0.0558427   -0.0404462     0.156103     0.150344
   -0.066449   -0.0593891    -0.141457   -0.0823923
   -0.233521    0.0521655    -0.078598     0.187426
  -0.0541652   -0.0293631   -0.0788888    -0.052027
   0.0696372   -0.0223509   -0.0267452    -0.132232
    0.112043   -0.0253166    0.0222754    -0.110854
  -0.0530533    -0.128009     0.172339   0.00324531
  -0.0740165   -0.0537506    0.0594409    0.0659127
   -0.187145   -0.0419495     0.220071     0.183825
  -0.0110967      0.27396   -0.0794801    -0.118625
   -0.133564    -0.251814   -0.0110251    0.0207125
  -0.0188482    0.0112427     0.107605    -0.043328
   0.0319369     0.151446    -0.195366    0.0926641
  -0.0197595     0.124608   -0.0434186     0.129558
    0.103818    -0.190782    0.0079726     0.113205
  -0.0663252    -0.128848    -0.032258     0.018098
    0.364077    -0.137535    0.0499031    -0.209792
  -0.0969437     0.239883   -0.0261945    0.0248729
    0.251277     0.122848    -0.212466   -0.0512396
    0.110436      0.13368   -0.0630913    0.0393151
   0.0989689    -0.200197    -0.166465    -0.117377
    0.243673   -0.0910997   -0.0786997     -0.15323
    0.157093    0.0248269    -0.245762     0.149513
   0.0801464    -0.212691    -0.101463     -0.11141
   0.0493392    0.0469217    -0.182993    -0.131352
   0.0574656   -0.0594503    0.0351828  0.000346903
  0.00577814   0.00989271     0.026622   -0.0101009
      0.1115     0.145515     0.024627   -0.0839543
    0.166659     0.047805    0.0757342    -0.143224
  -0.0818064    0.0727449   -0.0559668    0.0393895
    0.177283      0.12989    -0.119147     0.017194
    0.108916    -0.104045   -0.0586369    -0.201583
  0.00259169   -0.0835002    0.0106337   -0.0637934
   0.0692856     0.017551    -0.133743    0.0878978
   -0.120592     0.232966  -0.00588318  -0.00650911
  -0.0435369      0.11455   -0.0214884   -0.0121926
    0.189872    0.0759234    -0.209906   -0.0582314
  -0.0987615   -0.0395154   -0.0246984    0.0724862
  -0.0268297     0.166101    -0.137637   -0.0946827
    0.192846   -0.0494438   -0.0635948    0.0462202
  -0.0885299   -0.0310327     0.119221    0.0663723
    0.235564     0.097886    -0.195812    -0.120975
  -0.0733585    0.0592408  -0.00918007    -0.146328
    0.075946   -0.0482548     0.166383  -0.00468421
 -0.00230748   -0.0434166   -0.0931086     0.108298
    0.101539   -0.0730415    0.0146114   -0.0872273
  -0.0394934    0.0403168     0.288942   -0.0295395
    0.100725   -0.0439844  -0.00569372    0.0131654
  -0.0416373   -0.0759376     0.175992   0.00840001
  0.00629723    -0.104303     0.110168     0.116671
  0.00019197       0.2035    -0.321194   -0.0175881
   -0.132867    0.0172378    0.0192189   -0.0484707
   0.0722001    -0.279318    -0.119835   -0.0178514
   0.0862185    -0.155891     0.118414    -0.235752
   0.0982859     0.013001     0.097395    0.0817907
   -0.179959     0.104856    -0.229967     0.120058
   -0.127134    0.0100045   0.00100051   -0.0408882
  -0.0507309    0.0692904    0.0274388    -0.176206
    0.165333    -0.276675     0.229424    0.0403937
   0.0798414     0.144139    -0.196811    -0.117523
  -0.0299789     0.113329    -0.094205    0.0904305
  0.00294592    -0.101704    -0.198738   -0.0125912
 -0.00202323   -0.0256606   -0.0695058    0.0218656
   0.0562727    -0.436075     -0.13237   -0.0327857
    -0.17467   -0.0805499    -0.143487     0.146434
   -0.189536    0.0952831    -0.120107     0.027691
  -0.0396753    -0.116541   -0.0462311   -0.0103381
   0.0297211      0.24722   -0.0667975    -0.300892
   0.0692509    -0.127561     -0.08408    -0.012552
  -0.0815545   -0.0212182    -0.115902     0.059696
    0.195833     0.116268    -0.123403    -0.102088
  0.00252391  -0.00501779    0.0387916   -0.0199253
  -0.0668071    0.0622691   -0.0575131   -0.0452413
  -0.0139936     0.170014    -0.191411   -0.0991909
   -0.129505    0.0396182     0.147183    0.0766535
    0.064026     0.174855    -0.134797   -0.0589286
    0.125537     0.281879    -0.133421    0.0525268
   0.0779469     0.175586    0.0355935    -0.128411
   0.0157033   -0.0177387    0.0351231     0.033847
   -0.047056    -0.162051    0.0297158    -0.157691
   0.0526134   -0.0222645   -0.0748585     0.120127
   -0.064692   0.00897891    -0.189705   -0.0382892
   0.0930094     0.216239   -0.0428438    0.0240893
  -0.0457384    0.0335738   -0.0294523    0.0188606
    0.256352    0.0572157   -0.0615324    -0.150867
   -0.113391      0.14943    -0.101401  -0.00978565
  -0.0497803   -0.0357686     0.221596    0.0885739
   0.0862762    0.0211364     0.164524    -0.131308
   -0.033632    0.0356098   0.00216692     0.065944
    0.106181   -0.0744833    0.0439283    -0.212385
   0.0243059   -0.0800331    0.0489752    -0.092876
  -0.0533164   -0.0712097    0.0760006   0.00705075
    0.184127    -0.122081    -0.308958   0.00262114
  -0.0140762     0.204695  -0.00688959     0.122577
   0.0523392   -0.0571447    0.0523636   -0.0379145
   0.0384056   -0.0441885     0.127014     0.179544
  0.00624222    0.0290813     0.064377     0.124843
  -0.0360163    0.0594587    0.0687358    0.0215156
    0.164799    -0.141389    -0.118791    0.0457033
  -0.0113508    0.0152495   -0.0712537     0.054442
  -0.0307871    -0.136351    -0.232223   -0.0184199
 -0.00792853    0.0479369     0.125731    0.0329976
  -0.0923797    0.0909728   -0.0534846   -0.0336234
    0.227338   -0.0119562    0.0138232     0.031491
  -0.0118074   -0.0937643    0.0612621    0.0438273
    0.067049     0.229665    -0.160725   -0.0460994
    0.371781     -0.14982      0.25812    -0.407276
  -0.0378235   0.00767593  -0.00852718    -0.076333
 -0.00539758   -0.0353384    -0.101057   -0.0135814
  -0.0176201   -0.0972791    -0.180731     0.180166
   0.0866095     -0.18495    0.0019715    -0.193608
  -0.0861019    -0.128751   -0.0509458    0.0853249
    0.164205    -0.329387    0.0907871   0.00811681
   0.0341203    -0.444237     0.103637    -0.059041
    0.121562  0.000796525    0.0312219    -0.181021
   -0.063374   -0.0307293    -0.154483     0.120561
  0.00149956    -0.228584   -0.0547386    0.0786774
 -0.00352357      0.31617   -0.0940599    -0.228511
  -0.0209393    -0.101235   -0.0170555    -0.115374
  -0.0178461    0.0200972    0.0265664      0.22649
  -0.0470183   -0.0149653    -0.216029   -0.0937302
  -0.0756518   -0.0838185  -0.00947283   -0.0307571
    0.114769    -0.119268    -0.084323     -0.10504
   -0.246291  -0.00893311    -0.257805     0.256747
  -0.0443158     0.139392    -0.172454     0.102185
  -0.0114339     0.070408    0.0397036  -0.00700758
   -0.128042    -0.140884     0.277855   -0.0135285
   0.0206462    -0.113938     0.278984    0.0300304
  -0.0986175    0.0102547    -0.202492    0.0897658
    0.233193    -0.115831    -0.045314    -0.183227
    0.173738    -0.296157    -0.130136    0.0618943
  -0.0376014   -0.0343131    0.0356655    -0.131187
  -0.0686893    0.0148473     0.108888   -0.0744808
   -0.100124    -0.093277   -0.0428771    -0.026101
   -0.106537    0.0661886   -0.0126029     0.159884
  -0.0183085     0.201845    0.0597285   -0.0151895
    0.263231    -0.139355     0.180764     -0.14513
  0.00970867    0.0627698   -0.0423434    -0.205335
  0.00173675     0.036736   -0.0301865   -0.0195153
   -0.101221    0.0906951   -0.0673484    -0.113857
  -0.0507861     0.136675   -0.0220291    -0.125479