   -0.108763   -0.0459177     0.120371    0.0704863
   0.0411243    0.0297431    -0.016292   -0.0551576
   0.0438071   -0.0239033    0.0685393   -0.0113268
    0.134065    0.0160136    -0.140941   -0.0717051
 -0.00185904   -0.0767216     0.255438     0.151911
  -0.0891623   -0.0635542     0.377783     0.394186
   0.0391496     0.056167    -0.017907       0.0161
 -0.00677044  -0.00308362   -0.0739999   -0.0854968
  0.00832497   -0.0467691     0.154922     0.147535
  -0.0202766   -0.0604523    0.0912849   0.00191754
   -0.212116   -0.0470831     0.193936    0.0252099
  -0.0340034   -0.0763601    0.0559705    0.0605691
   0.0573802   0.00307186    -0.121859   -0.0793342
  -0.0391131   0.00454518   -0.0626156    -0.182326
   0.0638491    0.0202468    -0.103418    -0.065343
   0.0915551    0.0487384    0.0761377   -0.0544717
   0.0437321   -0.0546766     0.223729     0.110257
  -0.0884525   -0.0384479   0.00417469    0.0475495
  -0.0768134   -0.0422617    0.0406522   -0.0637341
   0.0630372   -0.0210336     0.248346     0.145592
  0.00272252   -0.0363929     0.157423    0.0447889
    0.122311    0.0386229   -0.0305102    0.0362611
   -0.101735   -0.0955654     0.154212    0.0711097
  -0.0477662   -0.0250658     0.111135     0.094495
    0.125474   0.00539867      0.11815      0.19023
   0.0958176    0.0964743    -0.184398   -0.0744732
   0.0263939   -0.0589218    0.0714752    0.0861062
   0.0577259    0.0218162    0.0274288   -0.0384514
 -0.00598182  -0.00894858     0.180236     0.136279
   0.0460634  -0.00868965   -0.0731272   -0.0430666
    0.017232   0.00666926   -0.0689943    0.0122267
   -0.068221   -0.0715948     0.100582   -0.0116234
 -0.00641689    0.0150249     0.099571    0.0285267
   0.0033083    0.0449646   -0.0956927    0.0194625
   0.0771063   -0.0109333  -0.00285085    0.0376669
  -0.0394536    -0.075612     0.170124     0.174492
    0.149433    0.0133921    -0.145984   -0.0593571
  0.00912967   -0.0820579     0.242623     0.166812
   0.0107991    0.0211054     0.310462     0.277766
  -0.0404709   -0.0222372    0.0760386    0.0984514
  -0.0639103   -0.0412838   -0.0138711   -0.0348054
  -0.0602745  -0.00693879    0.0877312   -0.0172069
   0.0222742    0.0257482    -0.074219    -0.159638
    0.207164    0.0536765    -0.115521  -0.00890233
  -0.0805058  -0.00502668     0.263517     0.181945
    0.131032    0.0968278    -0.194986    -0.216665
  -0.0426602   -0.0492094      0.15089     0.158339
   0.0849463    0.0957703   -0.0360373   -0.0286599
  -0.0334319   -0.0479807  -0.00106677    0.0581937
   0.0170682    0.0361407    0.0756721      0.12289
   0.0464456   -0.0146077    0.0331005   0.00208667
   -0.114017    -0.044522     0.135464    0.0237511
   -0.112561   -0.0643353     0.293138     0.215073
   0.0406887   -0.0233966    0.0538609     0.060568
   0.0578139    0.0687375   -0.0237273   -0.0806499
   0.0944328    0.0778365    -0.119535   -0.0992983
    0.154288   0.00842023     0.032987   0.00151275
   0.0394039   -0.0577716   -0.0492611   -0.0721391
  -0.0658693   -0.0330814     0.175869     0.116259
    0.194246     0.145508    -0.203141    -0.180726
  -0.0064541    0.0178398    -0.140143    -0.127155
   0.0163812    0.0817767    -0.156929    -0.145443
   0.0803052    0.0676271    0.0412875    0.0508823
   0.0734098   -0.0182201     0.106544    0.0876004
   0.0632144   0.00552407    0.0092105    0.0263763
  -0.0455505   -0.0404801    0.0139383    0.0500522
   0.0849238    0.0640732      -0.2095    -0.189544
    0.033479    0.0536461    0.0296265   -0.0394588
    0.219596    0.0850863    -0.294874    -0.224892
  0.00398077    0.0112474    -0.061274   -0.0498081
   0.0962087   -0.0198166   -0.0155025   -0.0403932
    0.120646    0.0260594    0.0641676     0.165004
   0.0976707    0.0738017    0.0172454     0.081651
  -0.0873872   -0.0111233     0.193242    0.0808633
   -0.187736    -0.111014     0.255256     0.135031
     0.26556     0.121616    -0.223588      -0.2588
   0.0490993    0.0329025    -0.129148   -0.0544056
  -0.0210367   -0.0371709    0.0406909    0.0459189
    0.112958    0.0881792    -0.177788    -0.187874
   -0.132748    0.0165723   0.00822353    0.0391873
   0.0697248     -0.03321    -0.042188    -0.031824
   0.0549681   -0.0400099    -0.156004   -0.0472413
   -0.120074   -0.0521717     0.205553    0.0585354
     0.10245   0.00866128    0.0511034    0.0219748
   0.0441111   -0.0108311    0.0323548   -0.0442059
   -0.174507   -0.0775745     0.330007     0.233503
   0.0343809   -0.0255867    0.0321446     0.146053
   0.0744898    0.0535754     0.110947    0.0740377
   -0.093023   -0.0688977      0.16113    0.0468689
   -0.100821    0.0139831    0.0826768    0.0335119
   0.0498571  -0.00617427     0.107706    0.0598658
   0.0284276    0.0242173     0.118656     0.107775
    0.155713    0.0580349    0.0182868    0.0455986
  -0.0124388   -0.0143689     0.106252    0.0665767
   -0.119399    -0.138045     0.454522     0.391492
   0.0809418    -0.015822    0.0915255     0.106285
   -0.022598    0.0146197   -0.0453816   -0.0345249
   0.0662431     0.063917   -0.0581368   -0.0455581
  -0.0927199   -0.0578563    0.0115046   -0.0669729
  -0.0498428   -0.0587864    0.0118627    0.0147747
    0.127921   -0.0141442     0.133902     0.138759
    0.173422   -0.0164618     0.212301     0.186911
  -0.0368802 -0.000261278     0.222714      0.12623
  -0.0249563   -0.0329375    0.0965628   -0.0144236
   -0.210767   -0.0205544     0.315648     0.237483
    -0.03107     0.028815  -0.00653479  -0.00955933
   0.0404063   -0.0267291   -0.0590038   -0.0933581
   -0.102678   -0.0455037     0.227361     0.217804
     0.21347    0.0677266    -0.342574     -0.24737
   0.0792689    0.0322586     0.130896     0.199112
   0.0327295   -0.0390248    0.0519677    0.0230753
    0.103647   0.00909029    -0.195825    -0.174294
   0.0597141    0.0685829   -0.0085332   -0.0350046
   0.0764868    0.0614868    -0.221257    -0.229134
   0.0588943    0.0480029   -0.0706639    0.0275988
   0.0161776   -0.0320946   -0.0184395   -0.0202464
   0.0509015    0.0970683    -0.185532    -0.211197
   0.0121668    -0.052375    0.0792996     0.140061
   -0.175141    -0.162973     0.341475     0.348984
  -0.0862358   -0.0638556     0.120685    0.0587228
  0.00155562     0.060406    0.0666676   -0.0323684
   0.0475598    0.0196864   -0.0758614   -0.0265061
   0.0431545    0.0187388     0.194234     0.143052
   -0.137695   -0.0512925     0.343678     0.276989
   0.0614492    0.0641649    0.0130958    0.0157979
  -0.0721269    0.0147281       0.2653     0.171658
   -0.045449    0.0455643     0.106358    0.0992545
  -0.0178883    0.0206049   -0.0203984   -0.0111757
    0.153154    0.0817875   -0.0282419   -0.0729205
   0.0839726   -0.0258367     -0.15233    -0.160754
 -0.00414608     0.023304   -0.0508582   -0.0246185
  0.00723484   -0.0334266   0.00337863   -0.0902229
  0.00387435   -0.0242299    0.0891661   -0.0250368
    0.070982   0.00778688  -0.00770242   -0.0295914
  -0.0125615   -0.0327083   0.00534497   -0.0162134
   0.0349739   -0.0331038       0.1215     0.142795
  -0.0029231    -0.047478    0.0386396   0.00628809
    0.134787  0.000123271   -0.0566971    0.0250106
    0.123449    0.0691384    -0.170602    -0.207379
   0.0195265   -0.0120691    0.0117574  -0.00832668
 -0.00139607   -0.0517866    0.0667917    0.0464259
  -0.0485411    0.0512547    0.0637782    0.0568927
 -0.00849119    0.0475245   0.00928523   -0.0369027
  -0.0237242    -0.077701    0.0406603   0.00296499
   0.0316418     0.017917    -0.085966   -0.0801555
  -0.0124702    0.0162042    0.0249956    0.0184856
   0.0141805   -0.0266845    0.0566829    0.0124033
 -0.00166292    -0.020287    0.0555675    0.0400446
    0.115846    0.0575646   -0.0535075   -0.0800963
    0.117271    -0.025228   -0.0310879    0.0584072
    0.105909    0.0640323    -0.165557    -0.212279
   -0.170349   -0.0333052     0.221267     0.127644
   0.0857711    0.0880142    -0.131686    -0.151126
  -0.0251538  -0.00613305    0.0145087    0.0363394
   -0.152199   -0.0787201     0.092429    0.0646806
     0.11171    0.0585483   -0.0530615   -0.0794918
  -0.0296115    -0.033066    0.0366126     0.112637
   0.0837464   0.00265171    -0.071232    -0.142245
    0.080162   -0.0287686   -0.0814726   -0.0984496
  -0.0163104   -0.0559114   -0.0307617    0.0227645
   -0.176125   -0.0707539  -0.00823482   -0.0744861
  -0.0118418    0.0542999    -0.103183   -0.0734299
  -0.0289049   -0.0357674    0.0310291  -0.00360765
   0.0146421    0.0317722   -0.0363648  -0.00150035
   -0.127505    -0.190801     0.628844       0.5318
   0.0513597    0.0459534   -0.0964239    0.0324867
   0.0331689    0.0779092   0.00315698     0.108741
  -0.0338541   -0.0573884   0.00186094   -0.0224013
  -0.0167137   -0.0546952   -0.0735588   -0.0129914
   0.0900155     0.062881    -0.239389    -0.226439
   0.0399515   -0.0168328    0.0079502   -0.0434645
   0.0302997   -0.0538526     0.177245    0.0470383
   0.0789302   0.00930814   0.00399426    0.0344332
   -0.155386    -0.142495     0.422445     0.337435
   -0.185176   -0.0973771     0.298789    0.0970052
  -0.0626489   -0.0827392     0.159773    0.0244568
   0.0622329   0.00501583     0.223184     0.208547
    0.162693    0.0643357    -0.165598   -0.0994367
    0.132267   0.00151592   -0.0456006  -0.00351189
 -0.00769696    -0.029693  -0.00632318    0.0540661
    0.038259    0.0554175 -0.000259748    0.0897509
   -0.110035    0.0349338     0.209432     0.137997
 -0.00987497   -0.0943565     0.157282    0.0743366
    0.109787    0.0629562    -0.103389   -0.0555539
   -0.183343    -0.126333     0.392288     0.307932
    0.126786   -0.0155069     0.149713     0.112159
   0.0201635   -0.0452396     0.134991     0.102193
  -0.0513562    0.0419344     0.022996   -0.0258103
  0.00811452    0.0308028   -0.0638535   -0.0329569
   0.0645713    0.0386397   -0.0625174   -0.0610534
  -0.0964208    -0.103548     0.130865     0.099705
  -0.0557992    0.0313443     0.129422    0.0905489
    0.067862    0.0123644   -0.0869733   -0.0438907
      0.2009    0.0416306   -0.0797853    0.0185213
  -0.0220092    0.0290409    0.0197785   -0.0687992
  -0.0492819   -0.0477056     0.103441    0.0942659
    0.032694   -0.0463353   -0.0602746   -0.0693753
    0.100333    0.0402084   -0.0337433   -0.0192749
 -0.00026723   -0.0366636     0.176395    0.0239654
   0.0199422   -0.0681202    0.0142029     0.045359
    0.134833    -0.012413   -0.0784471   -0.0700776
   0.0190586    0.0562189    -0.064069    -0.089548
    0.124727 -0.000947045    -0.105876  -0.00742426
   0.0115975    0.0119558   -0.0255656   -0.0445777
   -0.172973    -0.118845     0.353598     0.139821
   0.0515525    0.0436285   -0.0712317     -0.04656
   -0.068794   0.00498731     0.128224    0.0196264
  -0.0562538    0.0295697  -0.00661151  -0.00818681
   -0.116018   -0.0641732   -0.0375026   -0.0140259
 0.000142802    -0.042591   -0.0224572    0.0714363
  -0.0162036   -0.0881609     0.143278    0.0636392
  0.00532487    0.0321654     0.146283    0.0941786
  -0.0725466     -0.08672       0.2109    0.0813149
     0.11513   -0.0159809   -0.0882711   -0.0191459
  0.00804545    0.0282336   -0.0421469   -0.0355334
 -0.00858317    0.0398728   -0.0782053   -0.0241004
  -0.0170562  -0.00604689    0.0196107    0.0136502
   -0.142549  -0.00044574     0.206828     0.152565
  -0.0466134   -0.0168187    0.0129609    0.0482489
   0.0283447  -0.00902923   -0.0655942   -0.0597523
    0.129401    0.0197286   -0.0718293   -0.0372956
   0.0324129   -0.0188817     0.165333    0.0888238
 -0.00311853   -0.0297758     0.107907     0.125137
     0.10307    0.0576077   -0.0282921    0.0477263
   -0.120956    0.0381153    0.0912235    0.0281073
  -0.0658282    0.0322137    0.0926472   -0.0228793
 -0.00891178   -0.0636188   -0.0345104    0.0393546
   0.0152753    0.0546277     0.094643    0.0517927
 -0.00297362   -0.0154788    0.0816861    -0.023442
    0.199553     0.112349    -0.276726    -0.294492
  -0.0616038    0.0414645     0.079881    0.0705961
 -0.00787074    0.0201276   -0.0708223   -0.0230604
   0.0333962   0.00318802     0.006449   -0.0195814
  -0.0579137   -0.0465568    0.0927761    0.0755175
   0.0015976   -0.0130736   -0.0662905  -0.00880252
    0.161802    0.0579657    -0.132656    -0.133218
  -0.0966438   -0.0318403     0.253729     0.167647
   0.0239497    0.0423852     0.037885    0.0124225
    -0.16828    -0.145202      0.41317     0.322672
   -0.296844    -0.154403     0.188948     0.176085
   0.0160021    0.0759932     0.104537    0.0768998
  0.00205452   -0.0367609     0.141434    0.0790421
    0.174415    0.0965389   -0.0580037   -0.0874939
    0.104124   -0.0324024    0.0243888    0.0573173
  -0.0412895   -0.0483912      0.30404      0.18537
    -0.06481    0.0111871    0.0652038   -0.0211207
    0.108571    0.0307834    0.0503442  -0.00441991
   -0.114403    -0.101283     0.155147     0.138937
   0.0587078  -0.00743432   -0.0989675    0.0139228
   0.0671768   -0.0236256   -0.0718754   -0.0464243
   -0.189445   -0.0616805     0.281951     0.283562
   0.0410668    0.0392261      0.10711     0.100229
    0.055116    0.0429086   0.00822062  -0.00889616
   -0.117267   -0.0201409    0.0946699     0.121984
  -0.0570188    0.0298205    0.0339491    0.0413555
  -0.0119657 -6.15109e-05    0.0479784   -0.0440756
   0.0570769    0.0267641     -0.13044   -0.0987195
  -0.0962595   -0.0147425     0.155307     0.170854
   0.0235273   -0.0408904     0.182074     0.168032
   0.0328493    0.0166189    0.0643747     0.127674
  -0.0119125   -0.0424672     0.150103     0.173166
  -0.0345831   -0.0218751    0.0881053   -0.0157936
   0.0629816  -0.00414583   -0.0194613   -0.0336057
  -0.0166208    0.0103486  -0.00232294  -0.00391787
    0.084052    0.0477785    -0.124067   -0.0430915
   0.0729152  -0.00980558      0.10256     0.158523
   0.0960023   -0.0211823    -0.021737   -0.0181883
  -0.0126968   -0.0113592    0.0771886     0.158312
   -0.036029   -0.0244415    0.0967476     0.115033
    0.048214   -0.0123287   -0.0912555   -0.0553627
     0.10067    0.0388905     -0.11717   -0.0869416
  -0.0167253   -0.0297497    0.0203782     0.116111
    0.029833   -0.0206956    0.0226177     0.110489
   0.0148805    -0.012296     0.135355    0.0852278
  -0.0918265   -0.0220803    0.0286754   0.00340678
   0.0886982   -0.0351745    -0.138551   -0.0839099
   0.0346346   -0.0829929     0.265798     0.276483
  -0.0491724   -0.0637507    0.0407569    0.0920359
   -0.132318   -0.0834552     0.106137     0.157973
   0.0734017   0.00633383    0.0866642     0.117359
  0.00367713   -0.0315169  -0.00892636    0.0469783
   -0.113832   -0.0236935    0.0941411     0.102969
  0.00487741   0.00322493   -0.0415978   -0.0407954
     0.17547     0.113441    -0.287605    -0.226263
  -0.0164384   -0.0462914    0.0268299   -0.0127455
  -0.0449863   -0.0659633    0.0487952    0.0462476
   0.0057195   -0.0365923    0.0472993   -0.0135638
   0.0146698   0.00311569   -0.0391264   -0.0520488
  -0.0848621    0.0345081    0.0522249   -0.0238593
  -0.0363404     0.014472   -0.0263573   -0.0492669
    -0.03142   -0.0675857     0.239152     0.157487
  -0.0434591   -0.0766799     0.207734    0.0607083
    0.021174   -0.0765062   -0.0140782     0.027915
    0.121352    0.0232752   -0.0477521    0.0149538
   -0.109583    0.0123637    0.0709713    0.0154495
  -0.0136068   0.00464851     0.109066     0.071557
  -0.0818602    0.0580516    0.0297332    -0.075949
    -0.28669   -0.0137255     0.280444    0.0495363
   0.0918068    0.0138089   -0.0371562    -0.068165
    0.191081    0.0191638    -0.146532   -0.0911066
   -0.120896   -0.0678307      0.18772     0.158458
  -0.0338508    0.0558354    0.0585258    0.0598517
    0.141255     0.069889   -0.0899871    0.0680493
   0.0419139    0.0469512    0.0593422     0.101492
  -0.0507701   -0.0243954     0.206828     0.129644
   -0.178133    -0.146734     0.404819      0.29053
   0.0122541     0.014747     0.196765     0.209048
   -0.103308   0.00222194    0.0240884    0.0054475
   -0.125167   -0.0957386     0.061841    0.0692156
  -0.0764148   -0.0766404     0.182535     0.142737
   0.0115639   -0.0628141    0.0953565   -0.0381569
  -0.0753651   -0.0838221      0.24302     0.158475
  -0.0750913    0.0130953    -0.111564   -0.0946137
   0.0712371    0.0242223     -0.02189   -0.0670615
   -0.070142   -0.0596216    0.0145892    0.0292501
   -0.113027   -0.0300436     0.222591     0.209766
  -0.0371351    0.0272291  -0.00903507    0.0147044
  -0.0957076   -0.0338126    0.0482705    0.0158258
     0.18161    0.0438964    -0.179461    -0.213136
  -0.0417561   -0.0100287     0.020986   0.00743475
  -0.0332218   -0.0894476     0.135563    0.0732645
   0.0197934   -0.0070135   -0.0225881   -0.0585592
  -0.0663359  -0.00189368     0.092432   -0.0432294
   0.0258348   -0.0377185    0.0575534   -0.0542465
     0.17617    0.0971066    0.0221623   -0.0494326
   -0.250841   -0.0852515     0.374408      0.20278
    0.048687    0.0520835    0.0646979    0.0853081
  -0.0042769    0.0651032   -0.0225383   -0.0414459
  0.00464873    0.0134664     0.144654    0.0884532
     0.08599  -0.00351433    -0.097131    -0.109131
    0.111351    0.0118523   0.00405004   -0.0364187
  -0.0593184    0.0309251   -0.0915314    -0.099297
   -0.102739   -0.0931278      0.11913    0.0895665
   0.0581517    0.0747545    0.0407761    0.0107994
    0.149298    0.0699716    -0.240526    -0.183923
   -0.074259 -5.60675e-05     0.155332    0.0859713
  -0.0434151   -0.0656218    0.0427188    0.0677603
   0.0130619   -0.0227856        0.106    0.0584328
    0.065145   0.00841897   -0.0582936   -0.0827407
    0.105756   -0.0103344   -0.0087967   -0.0655084
  0.00334833   -0.0186857    0.0486897    0.0033571
   0.0719497    0.0256244    -0.110955   -0.0840469
    0.170122     0.023579    0.0140476     0.145662
  -0.0448747    -0.101545     0.238234     0.176866
  -0.0213044   -0.0591801  -0.00460931    0.0173488
 -0.00907796    0.0238887    0.0500012   0.00515361
   0.0532898    0.0698491    -0.127951     -0.07438
  -0.0666564    0.0001976     0.111693   0.00771561
   -0.103063      -0.1166     0.273862     0.223402
   0.0984991    -0.023306    0.0373142    0.0504324
   -0.076263   -0.0692212    0.0418608   -0.0325759
  -0.0824017   -0.0750995     0.019959    -0.129772
    0.122222    0.0408964    -0.143758   -0.0606785
  -0.0591644   -0.0018958     0.115024     0.047722
  -0.0280645   -0.0657223     0.122995    0.0564922
   0.0298621    0.0161358    -0.105995    -0.131998
     0.11785   -0.0262447     0.149171     0.190552
  -0.0334334    0.0373128     0.134851    0.0719904
    0.059072   -0.0315055    0.0231061    0.0194991
   0.0545218    0.0261537    0.0780404    0.0937415
    0.161506    0.0425631    -0.380711    -0.190659
   0.0670125   0.00158928    -0.035413    0.0620152
  -0.0516062   -0.0143596    0.0818536    0.0779877
   0.0428378    0.0293999    -0.150047    -0.142835
   0.0999764   -0.0108901     0.156739    0.0941048
  -0.0210521    0.0914697   -0.0320367    -0.109149
 -0.00932768   -0.0394447    -0.103948   -0.0280892
    0.128973    0.0313023    -0.165615    -0.167346
   -0.129423   -0.0527984     0.105202    0.0535434
    0.214703      0.11362    -0.318049    -0.313388
  -0.0242703   -0.0102673   -0.0326404   -0.0128651
   -0.150967    0.0252131   -0.0924295  -0.00989915
  -0.0594779   -0.0466737   -0.0578671    -0.061056
    0.118029  -0.00210432     -0.15569    -0.115364
   0.0236477    0.0592098     0.108435     0.115359
   -0.041547   -0.0530418    0.0863167     0.122323
   -0.039143      0.04289    0.0434156    0.0735534
  -0.0394528   0.00418695     0.101831    0.0836239
   0.0458931     0.105774    -0.128858    -0.138641
   0.0263195    0.0406985    0.0251487    0.0320333
    0.261055     0.140085    -0.298689    -0.243212
   0.0912864   -0.0317078   -0.0534424    0.0158948
   0.0354222    0.0477752   0.00563937    0.0923259
  -0.0679653   -0.0634434     0.135245    0.0684562
    0.107243     0.036188    0.0861743   -0.0079824
     0.14036    0.0915761   -0.0701304     -0.11919
   0.0558638    0.0422581     0.240805     0.210113
   0.0278135   -0.0723935     0.169489      0.15165
    0.200752     0.147906    -0.218238    -0.131392
   0.0723856    0.0880816    -0.171544    -0.192384
   0.0114403    0.0384949     0.035892   -0.0064401
   -0.110376   -0.0807602     0.104771    0.0852583
   0.0858028  -0.00132737  -0.00848892    0.0414639
  0.00928732    0.0141705    -0.175443    -0.160429
   0.0569707    0.0652833   -0.0370726   0.00265372
 -0.00765548    0.0480768   -0.0421889   -0.0536359
  -0.0458398   -0.0312389    0.0874083  -0.00791647
  -0.0653751    0.0349857     0.163591     0.171989
   -0.045571   -0.0587704     0.143867    0.0659471
   0.0543763    0.0232862    0.0314483   -0.0349931
   0.0444485    0.0570716   -0.0402847   -0.0221182
    0.103697    0.0810631    -0.154199    -0.120817
   0.0957906    0.0187653   -0.0979852   -0.0457773
   0.0541996    0.0712317    -0.119229   -0.0811328
   0.0610427    0.0633571    0.0179473    0.0881689
   0.0542322   -0.0464546    0.0480336    0.0657863
    0.132824   -0.0160009    0.0450938    0.0434407
   0.0647551    0.0287181    0.0647029    0.0251129
  -0.0779708   -0.0965258     0.159068    0.0369322
  -0.0629689   -0.0773155     0.141905    0.0585916
  -0.0923397   -0.0137652    0.0610945  -0.00816127
   -0.130021   0.00800496     0.101615     0.123665
   0.0607392   -0.0371879   -0.0957014   -0.0627615
   0.0630172   -0.0120638    0.0520218   -0.0921156
      0.1228   -0.0136707   -0.0832767    -0.176101
   0.0459183    0.0710794    0.0599023   -0.0334162
  0.00554218   -0.0359282     0.119836    0.0186084
   0.0351862    0.0588006      0.10547     0.113835
   0.0289069     0.104096    -0.210213    -0.204314
  -0.0391083   -0.0199797    0.0179756   -0.0114312
   0.0769154    0.0663745    0.0192091  -0.00485788
    0.148063    0.0770619    -0.102175   0.00641226
    0.060054   0.00473669   -0.0437963   -0.0243095
  -0.0350454    -0.067132    0.0187023    0.0723579
   0.0689019   -0.0688092     0.157806     0.210018
   -0.130383   -0.0646862    0.0916519   -0.0121424
 -0.00581081   -0.0264204   -0.0449654    0.0168151
   0.0457789   -0.0246729   -0.0648433   -0.0580831
  -0.0266726   -0.0493937   -0.0359219    0.0577342
   0.0578678    0.0147128    -0.116001    -0.110118
  -0.0451249    0.0375023    0.0540891   -0.0103618
   -0.034072    0.0163039    0.0675265     0.148987
  -0.0364021   -0.0413455   -0.0978627   -0.0600752
   0.0108281  -0.00842752     0.108198   -0.0205683
  -0.0341835    0.0176736   -0.0261336   -0.0399982
   0.0391021    0.0679176 -0.000199769   -0.0717906
   0.0450165    0.0480142  -0.00549617    0.0404883
  -0.0628864    0.0150361    0.0941468    0.0286459
   0.0618085    0.0164769    0.0513073     0.073389
   0.0847722     0.052575    0.0299893   -0.0456868
    0.185691    0.0658301    0.0929733      0.18325
   0.0391767   -0.0722666     0.201288    0.0469056
  -0.0257224   -0.0222275    0.0751494   0.00438054
   0.0517332   -0.0573182    0.0122836   -0.0422971
  0.00127207   -0.0176122     0.123432    0.0025486
  0.00926728    0.0382277     0.111109   -0.0236724
  -0.0232712    0.0685698   -0.0470221   -0.0608594
    0.121501    0.0799075   -0.0377089   -0.0425224
   0.0576306    0.0153425    0.0572551     0.122299
    0.051446    0.0587495     0.113497    0.0926568
   0.0483374   -0.0137862   -0.0020329   -0.0250052
  -0.0140355  1.16882e-05     0.114295  -0.00715267
    0.128312    0.0626261   0.00752052 -0.000968772
   0.0384675    0.0266131    0.0162367    0.0361503
  -0.0538458     0.016276     0.161774     0.130452
   0.0937662    0.0917817    -0.106407   -0.0742562
   0.0541815    0.0301436     0.227384     0.179209
   0.0304193    0.0425174     0.127656     0.181178
  -0.0598419   -0.0672526     0.114072     0.111334
   0.0162355   -0.0503799    0.0930288     0.143616
   0.0409695   -0.0311906   -0.0518341    0.0320903
   -0.143415    -0.100371     0.266702     0.272237
   0.0513001    0.0882029   -0.0313265   0.00191786
    0.185115    0.0190777   -0.0354928   -0.0858369
  -0.0846715   -0.0206282      0.14575     0.149593
  -0.0952751   -0.0627557     0.377509     0.335944
   0.0363553   -0.0323522   -0.0295886     0.035325
 -0.00562584   -0.0449823     0.193048    0.0903977
  -0.0182179   -0.0233219     0.185937     0.106001
  -0.0525095    0.0283149    0.0703774  -0.00644219
  -0.0461984   -0.0608813    0.0112994  -0.00133097
  -0.0179273   -0.0175873   -0.0541725   -0.0558554
  -0.0235955    0.0641621    0.0295843  -0.00263078
    0.156163    0.0521378    0.0294967    0.0268067
   0.0206675   -0.0185585   -0.0218211   -0.0500948
  -0.0503239   0.00432887   -0.0372176   -0.0401444
    0.186087     0.102652    -0.401278    -0.329204
  -0.0729096   -0.0362332    0.0812924    0.0399364
   0.0491874   -0.0358862     0.108654     0.111876
 -0.00919706   -0.0538028     0.106365    0.0249195
   0.0152957   -0.0563477     0.185676     0.146304
   0.0548631   -0.0173551    0.0315173  -0.00173143
   -0.112331   -0.0164788    0.0565595    0.0340173
   0.0125439   -0.0735156    0.0502618   -0.0414132
    -0.07604   -0.0850125    0.0966517    0.0710602
   0.0739701  -0.00890967    0.0338583    0.0420935
   -0.197774  0.000709133      0.21768     0.127666
    0.231633    0.0268569    -0.264727    -0.207375
   0.0433519    0.0157343   -0.0674723    -0.130288
  0.00940027   -0.0586358      0.12345   0.00782005
   -0.233006    -0.116048     0.358789     0.301612
   0.0715565    0.0559349    -0.212725   -0.0923708
    0.075762  -0.00543518    -0.042107   -0.0984284
   -0.125664   -0.0625293     0.217599     0.093074
   0.0122875    0.0437832    0.0352472   -0.0849888
  0.00882116    0.0715525   -0.0822721    0.0351317
   -0.146379    0.0038012     0.184077     0.211252
   -0.110107    -0.131079     0.335853     0.246245
   -0.239964    -0.153087     0.390681      0.31094
  -0.0370403   -0.0300096     0.109287     0.119354
    0.081752     0.106483   -0.0581908   -0.0640223
  -0.0185793    0.0243375    -0.139668    -0.127508
 -0.00385678    0.0319261    0.0374838    0.0234419
   0.0126943    0.0249243     0.279244     0.177983
   0.0688597   -0.0647038    0.0334438    0.0502022
    0.104452   -0.0677191     0.143877     0.107632
   0.0411921   -0.0336902    0.0450112    0.0906049
   0.0139005   -0.0103531     0.146589    0.0457604
 0.000575437   -0.0257621    0.0335478   -0.0828927
    0.148657    0.0656236    -0.187058   -0.0554703
  -0.0115106    0.0517326   -0.0608796   -0.0629457
  -0.0482265   -0.0452456     0.232622     0.200411