   0.0765167  -0.00222064    0.0572686    0.0478754
  -0.0512052   -0.0869805  9.06615e-06  -0.00699268
 -0.00180166     -0.16193   -0.0201349    -0.115315
  -0.0195992    0.0622509    0.0767967     0.107752
    0.134582    0.0688591   -0.0873192     0.012415
    -0.14091   -0.0353515    0.0495796   -0.0088895
     0.15642    0.0348946   -0.0718235     0.032066
  -0.0455781   -0.0345992     0.109221    0.0294853
  -0.0465831    0.0275934   -0.0385136    0.0875686
  -0.0862211   -0.0980646     0.024524    0.0679692
   0.0915722    0.0552668   0.00120526    0.0433166
  -0.0538225   -0.0276716   0.00717243    0.0728401
   0.0475789    0.0052851  0.000708279    0.0557246
    0.040739    0.0517031   -0.0832155    0.0224284
   -0.133518   -0.0488032    0.0196476    0.0653877
  -0.0609228   -0.0847354     0.042273    -0.069426
  -0.0833983     0.125541    0.0670962     0.115133
  -0.0956919   -0.0390708    0.0742089   -0.0124746
    0.166987    0.0528629    0.0338501   -0.0191519
   -0.102383   -0.0413589   -0.0150935    0.0429049
   0.0434433    0.0829886   -0.0545817    0.0919874
   -0.127525    0.0324343    0.0552838   -0.0315079
  -0.0118758   -0.0260569   -0.0463486    0.0415623
   0.0690666    0.0469817  -0.00237958    0.0613707
  -0.0845752   -0.0567853   -0.0234445    0.0148817
  -0.0697917    0.0182542    0.0421112    0.0590847
    0.124322     0.027468     -0.05849    0.0219778
    0.011513     0.077336    0.0481444    0.0306755
   -0.293851   -0.0177613     0.206268     0.175713
  -0.0378643   -0.0272114    0.0611051     -0.05227
   -0.141438   -0.0618732    0.0904919    0.0668526
  -0.0892058     -0.05235     0.107584     0.113571
   0.0548628    0.0211165   -0.0343059    -0.137767
   -0.273102   -0.0352495     0.120278    0.0728665
  -0.0451245    0.0633803    0.0538938     0.057005
    0.135298    0.0239752   -0.0847715    -0.063967
   -0.026218    0.0368182   -0.0414578      0.19007
   -0.157744    0.0435796  -0.00178202      0.12391
   0.0974707    0.0449619    -0.105419   -0.0112118
  -0.0141474   -0.0187622    0.0260272   -0.0195646
   0.0782181    0.0332055   -0.0858972   -0.0521181
  -0.0351128    0.0375645    -0.054477   -0.0182589
  -0.0347714    0.0104238   0.00529696     0.117232
  -0.0246721   -0.0958631     0.111796   -0.0679991
-0.000980972    -0.047108   -0.0322225   -0.0284552
   0.0533441     0.110351    0.0335177     0.112839
  -0.0836241   -0.0989213    0.0126224   -0.0666176
  -0.0747278   -0.0754033   -0.0486486  -0.00678184
   -0.125475    -0.131954    0.0723984  -0.00466519
   0.0236907    0.0777103   -0.0534597   0.00906635
 0.000917999   -0.0230452    -0.028249    0.0663132
   0.0856683  -0.00901392    0.0241965   -0.0122033
   0.0464198    0.0620947    0.0220196     0.012626
    0.104179    0.0187779    -0.015711   -0.0152296
   -0.370031    -0.124509      0.15353    0.0705274
   0.0295487   -0.0570322   -0.0493755   -0.0556431
  -0.0589505    0.0770867   -0.0465439    0.0865459
 -0.00355033  -0.00987559    0.0871182   -0.0457365
   0.0474151    0.0992625   -0.0859446    0.0590963
   0.0126727 -0.000558695    0.0690251   -0.0158714
    -0.15258   -0.0506084     0.068726    0.0490194
   -0.234155   -0.0701046    0.0988886    0.0360499
  -0.0490213   -0.0241778    0.0609811   -0.0853008
   -0.141949   -0.0990756     0.097483   -0.0296496
   -0.114247   -0.0644243    0.0252123   -0.0284199
  -0.0950818   -0.0273197    0.0525296     0.026331
   0.0198137     0.101663   -0.0710082    0.0638952
    0.186977    0.0898945   -0.0378956     0.012506
   -0.127988   -0.0791697        0.121  -0.00717428
   0.0463596   -0.0947969  -0.00249595   -0.0493672
  -0.0914529   -0.0259466    -0.014305  -0.00825117
   0.0021695   -0.0723928    0.0625569    -0.174011
   -0.185185    0.0138232    0.0760551    0.0656065
    0.130316   -0.0126403    0.0345897   -0.0150868
   0.0752838   -0.0439284    0.0227834    0.0739502
   0.0125993    0.0725444    0.0391421    0.0613629
   -0.113295   -0.0622355    0.0807545    0.0190293
   0.0651924   -0.0774232   -0.0741115    -0.165951
   -0.158408   -0.0644178     0.100571     0.131787
    0.123462    -0.048063   -0.0531444   -0.0794877
    0.186586    0.0976203    -0.112458     0.146193
  -0.0985854   -0.0561862  -0.00921359   -0.0315622
   0.0526854   -0.0636589     0.066596   -0.0815016
  0.00421948   -0.0378694   -0.0521387   -0.0244932
  -0.0848508    0.0118987     0.116331    0.0554213
   0.0187529   -0.0715123  -0.00632197   -0.0396093
   -0.016689    -0.126332    0.0409011   -0.0788829
  -0.0703175   -0.0107486    0.0915974   -0.0448371
  -0.0120118    0.0138175    0.0233127    0.0222052
  -0.0559842    0.0140799   0.00792005    0.0182571
-0.000102674   -0.0240314    0.0837413    0.0573296
   -0.104548   -0.0815765   -0.0276535   -0.0665199
 -0.00129093    -0.012495   -0.0626226   -0.0103542
  -0.0315179    0.0433463    0.0467698    0.0468762
     -0.1017   -0.0372989     0.068928    0.0323701
   -0.124058   -0.0668256    0.0140723   -0.0246512
    0.221224      0.11459    -0.108096     0.057655
    0.119777   -0.0692225   -0.0915805   -0.0237167
   0.0869876    0.0537068   -0.0766955   -0.0922872
  -0.0537613    0.0180834    -0.030465    0.0648537
   -0.184721   -0.0634897    0.0692348    0.0763552
  -0.0345014   -0.0147089     0.021592    0.0547354
   -0.128025   -0.0618729     0.132045  -0.00529112
   0.0503377  -0.00830121    0.0452077     0.133202
   0.0870291    0.0789042   -0.0643453     0.108379
    0.133712      0.13813   -0.0431805     0.113682
    0.221231    0.0102345   -0.0788366    0.0261267
   -0.119938     0.065255   -0.0407809    0.0374569
    0.134787   -0.0668935   0.00257256 -0.000295093
    0.259163   0.00749435     -0.11245   -0.0756294
   -0.250704    -0.128355    0.0532306    -0.002365
    0.107134    0.0746532   -0.0993395     0.114657
  -0.0613637     -0.10996    0.0948865   -0.0313889
    0.175642   -0.0462088   -0.0918074   -0.0376262
   0.0974364    0.0928234   -0.0904109     0.176482
    0.114482     0.138049   -0.0690495     0.138909
     0.15908   -0.0469742  -0.00896371    -0.135226
   0.0489627   -0.0976493    0.0162974    -0.153717
    0.101864    0.0588416   -0.0534116     0.143421
    0.120146    0.0175475    -0.113149    0.0514464
   -0.178582   0.00362948   0.00152571     0.145428
   -0.044427   -0.0297906   0.00564433   -0.0293599
  -0.0580196   -0.0377626    0.0165483    0.0548295
  -0.0447767   0.00680465    0.0036706   -0.0375079
  -0.0669714   -0.0105938   -0.0483752   -0.0758144
   0.0352075     0.141801   -0.0563452     0.164727
   -0.160739    0.0224761    0.0566658   -0.0116816
  -0.0580357   -0.0603038    0.0415178   -0.0462535
   -0.142459   -0.0697887    0.0431709    -0.102548
    0.119569   0.00949613    0.0219082   -0.0885972
  0.00472961   0.00739767    0.0401833   -0.0882476
    0.259972    0.0038133   -0.0089448    -0.117589
   0.0772283   -0.0206343   -0.0398703    -0.112216
 -0.00841263   0.00546065    0.0233197    0.0182509
   0.0778032    0.0221435    0.0411706   -0.0137863
  -0.0637624   -0.0403087    0.0153779   -0.0406114
   -0.217003   -0.0201634     0.026445    0.0579686
   0.0178224   0.00732861  -0.00644732   -0.0397305
   0.0925179   -0.0913107  -0.00235601    -0.115221
    0.127927    -0.034325   -0.0681927     0.034533
  -0.0982186   -0.0763746    0.0532677    0.0583554
   0.0751706   -0.0155677    0.0244283    0.0213699
    0.186738     0.139816    -0.102938    0.0616014
  -0.0919525   -0.0519993   -0.0229188    0.0709439
  -0.0512454   -0.0108208    0.0751248  -0.00225574
    0.061768    0.0521343   -0.0113758   -0.0973156
   -0.185832   -0.0128351    0.0505929     0.135965
  -0.0795819    0.0723739    0.0466807    0.0435119
   -0.167358    0.0143619    0.0134423    0.0986241
    -0.17633   -0.0235734     0.116032    0.0391118
   -0.078651    -0.142873     0.112246   -0.0795164
  -0.0317599   -0.0373595    0.0045457   -0.0915617
    0.161689   -0.0168707   -0.0795975     -0.07847
 -0.00332933  -0.00709602    -0.024538   -0.0708011
   0.0478617    0.0156153   -0.0202557   -0.0321478
   0.0412453    0.0726596   0.00691159    0.0333716
   -0.210649   -0.0991844    0.0712122   0.00879927
  -0.0250345   -0.0185173   -0.0183539    0.0251423
    0.037055    -0.146676    0.0701663    -0.121287
  -0.0170622   -0.0849903     0.049856   -0.0620748
   -0.021938   -0.0723111    0.0351635    0.0219653
    0.062479   -0.0454172   -0.0121633    0.0046805
  -0.0347414   -0.0124913    0.0607894   -0.0386066
  -0.0432609    0.0602471   -0.0660522   -0.0704149
   0.0301878    0.0560406    -0.098247    0.0104882
  -0.0496063  -0.00246359   -0.0141095   -0.0232193
   0.0853651     0.023452    -0.045512   -0.0222107
  -0.0550642   -0.0614211   0.00881093    0.0234267
 -0.00767985    0.0463075 -0.000317091    0.0651702
   -0.115225   -0.0697131     0.125756   -0.0388831
   -0.111068   -0.0401552    0.0672891    0.0314918
     0.25266     0.099004    -0.150137   -0.0118842
   -0.055105    0.0342706    0.0140013    0.0952817
   0.0126722    0.0252568    -0.069049    0.0475396
   0.0022052   -0.0104849   -0.0618417    0.0773483
  -0.0901591   -0.0327009    0.0186441    0.0995315
    0.184316   -0.0173154    -0.012347     -0.17479
   0.0218766    -0.139192    0.0515716    -0.156452
   0.0711809   -0.0393826   -0.0597236   0.00578782
  -0.0882269    -0.076437    0.0850748  -0.00722353
   0.0408272    0.0148427    0.0405807   -0.0869498
   -0.133149   -0.0767615  -0.00132624   0.00570102
   0.0429186    -0.106791    0.0108351    -0.014296
   0.0951559     0.116178    -0.136473     0.150071
  -0.0311147    0.0747907    -0.012582     0.119634
   -0.228099  -0.00577741    0.0175581    0.0179079
   -0.119583   -0.0966905    0.0364587    0.0625141
 -0.00489804   -0.0515882    0.0821454    -0.010299
   0.0716945    -0.054277   -0.0177514    -0.163766
  0.00531921   -0.0692075  0.000502504  -0.00308344
  -0.0514621   -0.0237594  -0.00131067    0.0569499
   0.0032491    0.0788846   -0.0439394    0.0419873
  -0.0246711   -0.0366708    0.0671731   -0.0627113
   -0.166694   -0.0326001    0.0246857     0.152085
   -0.139997    -0.041328    0.0314856   -0.0100555
  -0.0316841   -0.0712688   -0.0418405   0.00521305
   -0.155861    -0.172378    0.0550439    -0.132228
   -0.131752    -0.107104    0.0947138   0.00682354
   0.0508193    -0.145982    0.0463619    -0.198214
   0.0231919    0.0552188    0.0387829   -0.0287649
   -0.369513    -0.141324     0.144524    0.0267491
  -0.0580411   -0.0336592   0.00896219     0.036937
    -0.17736    -0.116731     0.148798   -0.0215486
  -0.0775969    -0.049596  -0.00369189    -0.138377
  -0.0875408   -0.0635948   -0.0260145    0.0198398
    0.199229    0.0705315     -0.10874   -0.0672643
-0.000539557    0.0327299    0.0299269   -0.0529082
   -0.260846   -0.0368034     0.139528     0.181112
   -0.150886   -0.0899737    0.0287295    -0.107493
  -0.0589596    0.0892235    0.0478862    0.0548748
   0.0315321     0.035928   0.00954126    0.0362312
   -0.176635 -0.000168066    0.0956174     0.112131
   -0.132053   -0.0748221   -0.0400137   -0.0233612
  -0.0732062    0.0603907   -0.0274724    0.0601267
   0.0655283     0.055071    0.0491146   -0.0452667
   0.0591871   -0.0814302  -0.00101309   -0.0759103
   0.0578299   -0.0479397   -0.0551799   -0.0461869
    0.141024     0.128208   -0.0925794    0.0444028
  -0.0102327    -0.120267  -0.00365461   -0.0645114
    0.042423    0.0558484    0.0291653   -0.0445911
  -0.0308191    -0.103356    0.0905245    0.0054766
   0.0730768    0.0424515     0.026719    0.0524035
   -0.138793   -0.0382674     0.114302   -0.0256812
  -0.0708967    0.0205569    0.0328649   -0.0234728
   0.0601413    0.0261824    0.0245425   -0.0489096
   -0.113147    0.0605374   -0.0276386    0.0496989
  -0.0539857   -0.0254705    0.0852331   -0.0249804
   0.0898982     0.045868   -0.0570304   0.00462115
   0.0649578   -0.0792799     0.038469     0.028088
   0.0314988    0.0699206   -0.0300692    0.0285301
    -0.13019   -0.0203977   -0.0102865     0.058948
     0.33908    0.0671345    -0.153806  -0.00411634
  0.00532379   -0.0434342    0.0506565   0.00809241
  -0.0190063   -0.0835802  -0.00901544   -0.0319142
    0.165741   -0.0368335   -0.0621169   -0.0762543
   -0.177988    -0.020634    0.0976388  -0.00616518
  -0.0487338    0.0460956   -0.0265243    0.0942875
   -0.110078   -0.0946153   -0.0131302    0.0509456
   -0.117242    0.0633983     0.107522    0.0421038
    0.162572   0.00332937   -0.0607228    -0.121443
  -0.0594226    -0.118504    0.0949179    -0.053035
    0.105493   -0.0722897    0.0513464   -0.0705554
   -0.132578   -0.0736212     0.046928  -0.00494673
   -0.111621    -0.115657       0.1368    0.0373718
    0.140305    0.0751763   -0.0768762   -0.0506662
   -0.136851   -0.0364905    0.0175767     0.124929
  -0.0528901    -0.014177    0.0220942   -0.0376291
    0.108216   0.00728047    0.0110471   -0.0653034
    0.123686    -0.061442   -0.0220782   -0.0262434
  -0.0671604    0.0307906    0.0157271    0.0788602
   0.0291243    0.0604368  -0.00757758   -0.0609309
   -0.147372     -0.05514    0.0665388    0.0189124
   0.0451124   0.00775747   -0.0464378  -0.00212013
    0.132309     0.110608   -0.0749587     0.133335
  -0.0704542    0.0126271   0.00706193   -0.0163335
  -0.0482616    -0.109161    -0.034372    -0.101968
   -0.124865   -0.0438971    0.0438987   -0.0852287
   0.0973546   -0.0297524   -0.0586139    -0.128718
  -0.0747368   -0.0667366    0.0192303  -0.00518519
   0.0692128    0.0356088   -0.0214246   -0.0474927
   -0.023248   -0.0354036   0.00272652    0.0289659
  -0.0279968     0.021554  -0.00224229     0.025906
    0.274557     0.165985   -0.0523554    0.0214405
    0.117041    0.0150112   -0.0403144   -0.0377355
   -0.137434    0.0272611    0.0472453     0.104077
   -0.229769   -0.0505167    0.0500096     0.103928
   -0.267852   -0.0366321    0.0510223     0.116007
  -0.0312809   -0.0208449    0.0624378   -0.0121672
   0.0383097    0.0605119   -0.0495723    0.0769089
  -0.0585769   -0.0307463   0.00619175   -0.0713142
  -0.0992533   -0.0309402  -0.00694337   -0.0297985
  -0.0683741   -0.0145401    -0.019089    0.0607658
   -0.225435    -0.031883    0.0486097    0.0557733
  -0.0354837    0.0795954   -0.0317729    0.0582937
    0.170476     0.137288    -0.101515      0.11289
  -0.0389886   -0.0105315    0.0497276   -0.0222054
  -0.0596404   -0.0561207     0.041746    0.0150509
   -0.052472   -0.0942647    0.0514017    0.0291988
  -0.0212756    0.0666361   -0.0296537      0.16477
   -0.195654    0.0775463    0.0237847     0.160985
  -0.0274071     0.104858   -0.0360822     0.135784
    0.250944   -0.0106147   0.00243247    -0.152695
   0.0230693   -0.0395631    0.0704281   -0.0638558
    0.111101   -0.0107587   -0.0218676   -0.0197333
  -0.0075287   -0.0175656  -0.00328824   -0.0223247
   0.0470872    0.0591263   -0.0244892    0.0270971
   -0.191591   -0.0484018    0.0713065      0.01532
   -0.124297    0.0490395     0.104896    0.0174463
    0.144097   -0.0205937   -0.0412946   -0.0340669
   0.0728439    0.0221863    0.0229217   -0.0664121
  -0.0593781   -0.0639581    0.0280372    -0.068549
   -0.200808   -0.0541245  -0.00619229   -0.0349937
    0.134083   -0.0137955     -0.10167   -0.0506122
    0.079475   0.00707521   -0.0794445    0.0282951
  -0.0399882   -0.0679491  -0.00511131    -0.019378
  -0.0228167     0.095317    0.0351538    0.0184742
  -0.0666322  -0.00103723   -0.0158907   -0.0561419
   0.0447822     0.103345   -0.0330054    0.0540841
   0.0124538   -0.0214093   0.00326886   -0.0186662
  0.00371193    0.0889224    0.0573302    0.0855579
  0.00337718    -0.039231    0.0537686    0.0240164
  -0.0857378   -0.0512615    0.0639703  -0.00445122
   -0.108697   -0.0979276     0.087677   -0.0885912
  -0.0524227    0.0734207   -0.0438587    0.0680702
   0.0420552   -0.0393613    0.0490768      0.07272
  -0.0144971   -0.0196274   -0.0661569  -0.00708885
   -0.352827   -0.0373659     0.161553     0.168287
   -0.406079    -0.101459     0.200718     0.111133
  -0.0625522   -0.0747339    0.0690209    0.0415119
  -0.0361422   -0.0103185   -0.0115739   -0.0321542
   -0.117883 -0.000558682      0.11752    0.0702813
     0.15753   -0.0302089   0.00500256   -0.0428786
   0.0827869   -0.0413825   -0.0965392   -0.0188111
 -0.00751302    0.0284928    0.0173956    0.0188242
   0.0190937  -0.00641135   -0.0356781     0.041362
  -0.0196587    0.0294195  -0.00806162    0.0475907
   0.0371595   -0.0204201    0.0346845    0.0138694
   0.0723818    0.0631346    0.0383376   0.00891903
  -0.0616429  -0.00317994   -0.0012535     0.025827
   0.0281033   -0.0641977   -0.0201058  -0.00897127
   -0.131273   -0.0429141    0.0796343  -0.00568236
   -0.217211   -0.0847169    0.0574245   -0.0151142
  -0.0578864     0.126886   -0.0100674      0.09378
 -0.00586993    0.0272413   -0.0456554    0.0559211
   0.0551176   0.00125503    0.0366197    0.0507457
  -0.0442165    0.0100735     0.049838    0.0400118
  -0.0480363   -0.0434133     0.057897  -0.00709926
   0.0734499   -0.0234191   -0.0678251   -0.0511187
   0.0178351    0.0445109   -0.0306367     0.154073
   0.0205307   -0.0889085    0.0308432   -0.0524161
   -0.246681     -0.13107     0.156042    0.0596335
  -0.0263729   -0.0560938    0.0359057   -0.0167162
  -0.0922568    -0.019216   -0.0300496    0.0527198
   0.0220105    0.0183826    0.0304278   -0.0654848
   -0.254484     -0.13136     0.122622   -0.0599869
   -0.120716    -0.026643    -0.013602    0.0269751
  -0.0164714   -0.0378253    0.0956707   -0.0988738
   0.0589237    0.0195783   -0.0552574     0.023987
   0.0266691    -0.099616    0.0435311    -0.118873
    0.127435    0.0946814   -0.0510382     0.022248
 -0.00850016    0.0119595   -0.0157637   -0.0275384
  -0.0651175   -0.0925598     0.043318    0.0499759
  -0.0489766    0.0139821   0.00770758   -0.0821386
  -0.0562595   -0.0593871    0.0461062    0.0394672
   0.0126119   -0.0271088   -0.0326845    -0.129056
   -0.161393    -0.103989     0.156131   -0.0314711
   -0.220629   -0.0151637    0.0137561   -0.0133401
   0.0717528    0.0252065   -0.0585665   0.00185765
   -0.236539    0.0239251     0.148475   0.00413722
   -0.109939   -0.0685197   0.00387344   -0.0790109
     0.17097   -0.0230143   -0.0632781     -0.05314
    0.122881    0.0328524   -0.0388074   -0.0149473
   0.0036475    0.0372424   -0.0601995    0.0355293
   0.0705468   -0.0413142    0.0543236   -0.0858569
  -0.0988271     0.044998    -0.055598     0.110555
   -0.207207   -0.0854515      0.10325   -0.0257646
   -0.162763   -0.0758183     0.098242   -0.0846899
   -0.279894    -0.116937    0.0408778    0.0220583
    0.197164    -0.054058   0.00519432      -0.1473
   -0.106796    0.0205762   0.00527684     0.141637
  -0.0836458   -0.0366308    0.0671475     0.111912
  -0.0405981    0.0382262    0.0218908   -0.0289307
     0.20183    0.0838264   -0.0603084   -0.0501146
   -0.017579   -0.0052059    0.0320525   -0.0365504
   -0.105274   -0.0225002   -0.0070741   -0.0245345
  -0.0688835   -0.0568461   -0.0357609   0.00439434
   0.0263834   -0.0506123    0.0411374   -0.0821331
  0.00833683    0.0288809   -0.0877959    0.0457997
    0.118276    0.0394249    -0.024822   -0.0679303
  -0.0596737   0.00865509    0.0168704    0.0254635
  -0.0344136      -0.0218    0.0480335    -0.134914
   0.0626244   0.00792723     0.042947   -0.0621091
  -0.0378303   -0.0636666     0.105379   -0.0509224
    0.125815    0.0525157   -0.0754472   -0.0368164
   0.0309034    0.0387894 -0.000674683    0.0316268
  -0.0308461   -0.0816901   -0.0496046    -0.044547
  -0.0349401    0.0411866   -0.0213372   -0.0249849
    0.113541    0.0336024   -0.0238365    -0.080707
  -0.0786618    0.0186005   -0.0294944    -0.084765
   -0.129534    0.0554265      0.01815    0.0905254
    0.118462    -0.164886    0.0546073    -0.161987
   -0.084807   -0.0219012    0.0644849     0.166093
   -0.101571   -0.0770965   -0.0328278    0.0528417
   -0.159328    0.0297424     0.107528     0.136542
   -0.337187   -0.0962338      0.15587     0.107875
     0.13791   0.00209181    -0.115406    -0.137911
   -0.243862   0.00740458    0.0920375    0.0408205
  -0.0724731  -0.00839766    0.0249206   -0.0533658
   -0.154478    0.0609543    0.0598349     0.100047
   -0.199339   -0.0577548    0.0855175    0.0754398
   0.0322073   -0.0723727    0.0613568    0.0401713
   -0.257726   -0.0941322     0.144726     0.110892
  -0.0666824   -0.0367014   -0.0124938     0.104044
   -0.161909    -0.056714    0.0671089    0.0890746
   -0.137252   -0.0281169    0.0593457 -0.000497393
  0.00915238    0.0326516   -0.0108471   -0.0420836
   0.0956466   -0.0669761   0.00641364   -0.0166831
 -0.00385207    0.0563393   -0.0602375   -0.0125022
  -0.0668424    0.0781258   -0.0234916    0.0503139
   0.0738268    -0.056778   -0.0677055   -0.0629457
  -0.0932779    0.0217761    0.0315172     0.157145
   0.0164786    0.0706796   -0.0328391    0.0431039
    0.118954    0.0216563   -0.0994341   -0.0717076
   -0.129443    0.0224938     0.058576   -0.0198338
     0.17757    0.0410934   -0.0822011   0.00395665
    0.156948   0.00508005   -0.0291299    -0.071545
    0.026313   -0.0120617    0.0572341    -0.108646
   0.0256499    0.0446969   -0.0244184    0.0840391
   0.0331177   0.00350131   -0.0821543    0.0604753
  -0.0682514    0.0493124   -0.0374008    0.0883409
   0.0284844   -0.0765135    0.0542139     -0.08233
  -0.0931334   -0.0543769   -0.0307776    0.0760018
   0.0882226    0.0338201    0.0312229   -0.0208788
  -0.0577672   -0.0645759    0.0777228     -0.11331
   -0.116339   -0.0397058    0.0105775    0.0148331
  -0.0555089   -0.0457532  -0.00154699    0.0113658
   0.0913426  -0.00753329    0.0326936    0.0299151
    -0.19569   -0.0274523     0.124412   -0.0343648
  -0.0601089     0.133606   -0.0585244     0.151311
   0.0526419   -0.0470569    0.0327337   -0.0486733
   0.0779261   -0.0706331   -0.0286047    -0.168631
    -0.20636   -0.0528895     0.130312      0.10504
   -0.209053   -0.0904047    0.0987171   -0.0640103
   -0.124915     0.042317    0.0122649     0.130391
    0.198334   -0.0600962   -0.0595547   -0.0143621
 -0.00741532    0.0706796   -0.0430763    0.0112316
   -0.277348   -0.0821026     0.147756     0.113317
  -0.0724892   -0.0306253   -0.0066433    0.0366943
   0.0515362    0.0566109   -0.0274808    0.0462766
   0.0778972  -0.00792562   -0.0566584   -0.0475691
   0.0738994     0.046421   -0.0671438   -0.0946659
    -0.11873   -0.0763024   -0.0277444    0.0106786
  -0.0881293    0.0783794  -0.00476363    0.0528735
   -0.106401   -0.0602987    0.0278205    0.0211278
  -0.0189647    -0.090144    0.0491833    -0.115499
    0.117488   -0.0327895    0.0215138    0.0261692
    -0.18632    -0.164912     0.111871    -0.091745
  -0.0101507   -0.0707929    0.0114908    0.0490095
   -0.227227    0.0274215    0.0483164     0.128046
   0.0322414   -0.0645084   0.00103268   -0.0646037
  -0.0303397     0.103468   -0.0151359    0.0612603
 -0.00431048   0.00590326   -0.0826679    0.0222278
  -0.0978441   -0.0332256   -0.0206978    0.0180806
  -0.0373202    0.0341618   -0.0192055   -0.0447454
    0.054689   0.00769363    0.0306258   -0.0691534
    0.199463   -0.0632216   -0.0997862    -0.157248
   -0.200624    -0.124208     0.113991   -0.0679372
  -0.0913303    0.0303833    0.0625264    0.0458484
  -0.0397907  -0.00360264   -0.0665023    0.0575105
  -0.0570559   -0.0377957    0.0772401     0.105122
     0.10686   -0.0948678    0.0156529   -0.0948126
    0.109689    0.0623791   -0.0497227    0.0782183
   -0.138437   -0.0305313    0.0688095    0.0815612
    0.132895   -0.0151541   -0.0370287   -0.0491997
    0.169723   -0.0859583    -0.100078    -0.122394
   0.0828085   -0.0163392   -0.0393894   -0.0587352
  -0.0730174   -0.0839966    0.0435005    0.0229396
   -0.102445   -0.0960425   -0.0371399   -0.0818186
    0.123945    0.0181866   -0.0671192   -0.0340642
  -0.0471256   -0.0213172    0.0506601     0.039055
   0.0184998  -0.00646528   -0.0362528   -0.0360496
   0.0581567    0.0266776    0.0133683   -0.0535547
  -0.0491132    0.0946904    0.0395282     0.150942
  -0.0884098   -0.0843489    0.0764914    0.0413653
   0.0193373   -0.0466398    0.0204111   0.00917081
   0.0548594    0.0554973    -0.011235    0.0367083
  -0.0309885    0.0436191    0.0248128    0.0704559
  -0.0511072    0.0104227  -0.00505669    0.0893117
  -0.0140167   -0.0984005    0.0732877 -0.000599147
   0.0640037 -0.000947817    0.0381001    0.0605198
  -0.0992761    0.0223972     0.012991    0.0107967
  0.00771425   -0.0914756     0.010084   -0.0354748
  -0.0181882    0.0499517    0.0572261    0.0446307
   -0.105215    0.0539347    0.0599677    0.0819695
    -0.14946    0.0321006    0.0801736     0.033704
   -0.110672   -0.0493404    0.0938096    0.0256672
   -0.254251   -0.0920647      0.13794    0.0955718
   -0.128793   -0.0708449    0.0890614    0.0247124
   0.0971293     0.020185    -0.029743    0.0102937
   -0.200795    0.0203032     0.116932     0.127255
    0.078056   -0.0524385   -0.0296188   -0.0482535
   -0.020751   -0.0176815   -0.0061608    0.0326867
   -0.105705    0.0735421   0.00559367      0.11909
   0.0191275   -0.0689006   -0.0264099   -0.0397227
   0.0165802     0.083018    0.0142702   -0.0328797
   -0.102039   0.00779424   0.00264005     0.104352
  -0.0600948    0.0513068    0.0139302    0.0733528
    0.234509   0.00823983   -0.0957268   -0.0681574
  -0.0784347   -0.0147054  5.38012e-05    0.0427607
  -0.0717749   0.00288878     0.103643    0.0749975
  -0.0215709     0.023815   -0.0598299      0.04732
    0.102149    0.0813889  -0.00396723   -0.0415601
   0.0376409   -0.0874773  -0.00329769   -0.0439784
   -0.069117   -0.0223985    0.0662261   -0.0541772
  -0.0912999   -0.0197877    0.0138561   -0.0117923
  -0.0682001    0.0246456   -0.0317485    0.0452531
    0.120372   -0.0738289   -0.0285659    -0.166023
  -0.0794767   -0.0103113   -0.0140613   -0.0796441
    0.054249    0.0200574  -0.00937718    0.0765683
  0.00492967   -0.0152351   -0.0121964    0.0273912
    0.086588   -0.0293738    -0.110067    -0.024109
  -0.0529246    0.0105638   -0.0215084    0.0653754
  -0.0730061   -0.0168538    0.0495602   -0.0812817
   -0.179705    0.0377155   -0.0280891     0.107947
   0.0153518   0.00668531    0.0692745   0.00756486
  -0.0584626   0.00550578  0.000662672    0.0544444
  -0.0324168   -0.0525801    0.0547884   -0.0347657
   0.0622966    0.0743251    0.0249035    0.0180898
   0.0555067    0.0333382    0.0471214   -0.0507285
   -0.138414   -0.0236689    0.0393477    0.0496368
  -0.0911653   -0.0692118    0.0438357    0.0329072
  -0.0445919    0.0920078   0.00200409    0.0846751