   0.0780189    0.0643956    0.0160564    0.0110868
  -0.0277203    0.0669401  -0.00980793   -0.0208029
 -0.00759384    0.0475646   -0.0406761   -0.0929449
   0.0548114    0.0568507    0.0475505 -0.000878206
 -0.00841179   -0.0175059    0.0220405    0.0495727
 -0.00417424   -0.0287778   0.00454942    0.0414251
  -0.0256619   -0.0485363     0.046751   -0.0308053
   0.0173159   -0.0157221   -0.0827343     -0.10391
   0.0193499     0.020323    0.0722398   -0.0362962
  -0.0722261   -0.0719487    -0.145026    -0.064182
  0.00259871    0.0259689    0.0387105   -0.0381932
  -0.0163774   -0.0795066  -0.00844905   -0.0738897
  -0.0292156   -0.0409985    0.0806034    0.0441515
    0.105723    0.0282155     0.050291   -0.0963557
   0.0216051   0.00221378    0.0859067    0.0263668
  -0.0481323    0.0169737   -0.0312633  -0.00704214
   -0.051637    0.0703676    0.0166515   0.00181268
   0.0510088  -0.00059048   -0.0060666   -0.0802432
   0.0402504    0.0634974     0.136413    0.0162297
   0.0397605   -0.0264978   -0.0399386   -0.0229745
   0.0594769    0.0229196   -0.0196844    0.0106064
  0.00768116   -0.0131747    0.0370951   -0.0124883
  -0.0564587   -0.0272327    -0.044437    0.0505019
  -0.0183305   -0.0148093    0.0775729    0.0625567
   0.0445695   -0.0059873   -0.0208404 -0.000259953
   0.0692722    0.0722755     0.140832     0.135748
   -0.038673   -0.0115584    0.0529125   -0.0243645
   -0.015655  -0.00726678    0.0943046   -0.0481301
   0.0434273    0.0723153    0.0664603    0.0358426
   0.0496531     0.006023     0.117096      0.10911
  -0.0210961   -0.0243562    0.0177812 -0.000454262
  0.00105899    0.0395239   -0.0490738   -0.0691892
  -0.0421842     0.130948      0.17216     0.173002
  -0.0573208  -0.00347616    0.0614204    0.0826436
 -0.00548486    0.0564876   -0.0316745    0.0495804
   0.0496266   -0.0581349   -0.0236593    -0.015802
   0.0995163    0.0183189    0.0238898    0.0300587
   0.0827027    0.0399231     0.064103   -0.0990103
  -0.0419789  -0.00497245   -0.0108862   0.00710418
 -0.00855883    -0.047397    -0.015447    0.0202895
   0.0774325   -0.0606984   -0.0481564    0.0288753
   0.0824901   -0.0319542    0.0114548    0.0542003
 -0.00271836  -0.00294334   -0.0382501     0.093979
  -0.0535557    -0.074271    -0.106286   -0.0666318
   0.0281497   -0.0642308   -0.0523762    -0.078833
    0.037082   -0.0163088    0.0506075   -0.0757549
 -0.00619276    0.0552458    0.0034776   -0.0463336
  -0.0968835   0.00305129   -0.0115367   -0.0610484
  -0.0574445   0.00194132   -0.0987305    -0.122374
   0.0792516   -0.0124635   -0.0230741   -0.0652853
   0.0396148     0.106495     0.117012    0.0608954
  -0.0759873   -0.0108468    0.0260509    0.0600221
  0.00876281    0.0365631   -0.0886282  -0.00332186
   0.0463717   -0.0850781   -0.0140363    -0.103217
  -0.0294447    0.0298376   -0.0152512   0.00904949
-0.000443163   -0.0270657    0.0282165    0.0220508
    0.026903    0.0204587    0.0172747    -0.115174
   0.0235939    0.0843785   -0.0165755    0.0646599
   0.0527954  -0.00513905  -0.00726157   -0.0256234
  -0.0246963    0.0460835    0.0340649    0.0363666
  -0.0311814   -0.0513608    0.0821056    0.0114296
  -0.0487736    0.0499606   -0.0296162   -0.0527037
   0.0533105    0.0206224     0.066431    0.0431318
  -0.0118237    0.0433033   0.00721923    0.0529765
  -0.0161751    -0.136558    -0.160597    -0.194097
  -0.0211571    -0.028357    -0.091604 -0.000468955
  -0.0520602   -0.0108212    0.0239878     0.110397
 -0.00561432    0.0290586    0.0304127    0.0262592
  -0.0358095   -0.0299127   -0.0461708    0.0556786
   0.0250486  -0.00331406    0.0253288   -0.0654925
   0.0544893    0.0668247   -0.0378767    0.0360769
  -0.0620413   -0.0331944   -0.0633944   -0.0360494
  0.00861558    0.0294209   -0.0574789    -0.103657
   0.0192957   -0.0460943   -0.0655449   -0.0165865
  -0.0250345    0.0649287    0.0215811     0.114459
   0.0191081    0.0838551    0.0769289   0.00224821
  -0.0744485    0.0687786      0.14123     0.152014
  -0.0228557   -0.0332973   -0.0476604    -0.104022
   0.0251272   0.00439087   -0.0386428   -0.0406093
  -0.0513432   -0.0198999   -0.0881917  -0.00826935
 -0.00486484   -0.0719507    0.0605652   -0.0220076
   -0.044039  0.000700465   -0.0476253    0.0556662
    -0.05437     0.100846    0.0813895    0.0920454
   0.0579636    0.0586494   -0.0263055   -0.0143732
  -0.0289823   0.00121321   -0.0643683     -0.09856
   0.0423228  -0.00619677   -0.0560055   -0.0567846
 -0.00818972   -0.0379011    0.0486397    0.0343311
    0.037677   -0.0300847    0.0154919   -0.0929385
  -0.0372649   -0.0197671   -0.0606059    -0.122464
  -0.0292828   -0.0222847   -0.0706674    -0.116316
  -0.0467624    -0.066736   -0.0449736 -0.000149558
 -0.00556877  -0.00544367   -0.0718783   -0.0150283
  0.00778253   -0.0147528    0.0425188   -0.0405297
   0.0655155    0.0425548   0.00712767    0.0761482
   0.0314605    0.0175611   -0.0768973    0.0424096
  -0.0758342     0.007219    0.0576867  -0.00183376
  -0.0446471  -0.00965995    0.0444943    0.0804388
  -0.0300123    0.0327462   0.00690444   0.00676612
  -0.0255688   -0.0510188   0.00814342   -0.0517809
  -0.0179766    0.0363476    0.0454481    0.0113406
   0.0602702    0.0292051    0.0360983    0.0943282
  -0.0116211   -0.0447704    0.0706846    0.0629931
 -0.00690073   -0.0643301    0.0481989    0.0705767
   0.0223627     0.011581    0.0821585     0.100707
   0.0677863   -0.0209424   -0.0638519   -0.0308802
   0.0380562    0.0631836      0.13037     0.148712
  -0.0525262   -0.0184259   -0.0003781    0.0582952
   0.0820848     0.128242    0.0463296     0.101312
   0.0414862  -0.00930226    0.0191016     0.100837
   0.0397627    0.0610834    0.0632531  -0.00922097
  -0.0670344  -0.00249364   -0.0265294   -0.0397226
  -0.0313412  -0.00995809    0.0429689    0.0348674
   0.0534875   -0.0371637   0.00212514   -0.0955449
  -0.0961584    -0.010275   -0.0744885   -0.0224089
  -0.0555539   -0.0527769   -0.0163763   0.00400429
  -0.0581012    0.0121101  -0.00635934   -0.0926209
   0.0972095    0.0311624      0.14735     0.178323
  -0.0115065   -0.0381223   -0.0265544   -0.0521793
   0.0720529   -0.0256384    0.0432584  -0.00823426
  -0.0567189   -0.0594033  -0.00936897   -0.0151951
   0.0469209    0.0545291    0.0760686     0.049846
   -0.049631   -0.0148999  -0.00335815   -0.0169734
  -0.0281792    0.0905365    0.0976502    0.0622973
    -0.05754  -0.00568029    0.0531313   -0.0269736
  -0.0463634   -0.0610043    0.0283251    -0.037248
 -0.00931304   -0.0360333    0.0061838     -0.11363
   -0.019198    0.0461714    0.0395616   -0.0163602
  -0.0278039    -0.022551   -0.0289995    0.0570162
  -0.0514459    -0.032827   -0.0394472    0.0446622
  0.00955857    0.0476041   -0.0460703   -0.0107096
   0.0258342    0.0502238    0.0337346   -0.0350839
  0.00579496   -0.0511418   -0.0540345    -0.135914
   0.0585612   -0.0568642   -0.0357687   -0.0104907
  -0.0691638    0.0741645    0.0343789    0.0164063
  -0.0504036    0.0326542   -0.0717005    -0.103042
   0.0324011   -0.0430613   -0.0444391   -0.0637155
   0.0530186    0.0015562   -0.0224758    -0.105416
 -0.00813189  -0.00323144    0.0939293     0.137038
    0.104967    -0.025968    0.0154115   -0.0157433
  0.00420014    0.0104349  -0.00400106   0.00568779
   0.0708783    0.0390626   -0.0361076   -0.0506664
   0.0408241    0.0701937     0.067255    0.0715917
   0.0527258   -0.0534484   0.00191602   0.00266271
   0.0379769   -0.0360178   -0.0353612    0.0133199
  -0.0556103    0.0017048   -0.0400664   -0.0423945
   0.0437909   -0.0505962     0.015698   -0.0726757
  -0.0546489    0.0523621    0.0492328   0.00523756
  -0.0607168    0.0239265    0.0328603    0.0395295
  -0.0649191    0.0128498   -0.0205001    0.0348268
  -0.0739592     0.031443   -0.0223555     0.013269
  -0.0600382    0.0383015   -0.0593837   -0.0402197
   0.0556105    0.0070752   0.00125467    0.0126931
  -0.0795604   -0.0139143    0.0506744   -0.0250392
  -0.0147404   -0.0254333  -0.00270427   -0.0210668
  -0.0654957   -0.0171152    -0.127508   -0.0564569
  -0.0166395   -0.0405935   -0.0047044   -0.0454126
    0.060858    0.0265831   -0.0228159   -0.0284408
  -0.0294338    0.0221675    0.0629307   -0.0220118
   0.0345941   0.00520623    0.0505777    -0.056518
-0.000698851    -0.119913  -0.00675537   -0.0761336
   0.0421592    0.0277296   -0.0188264   -0.0260529
  -0.0237616   -0.0176683    0.0321307  -0.00678037
  -0.0242732    0.0132733    0.0117633    0.0416716
   0.0459852    0.0279594    0.0150173    0.0455897
   0.0317497     0.010924    0.0392576    0.0830034
  -0.0145293   -0.0229917    0.0238666    0.0164264
    0.029957   -0.0746269    -0.100067   -0.0936682
  -0.0363636    0.0681701    0.0695454    0.0883194
 -0.00856384   -0.0226581   -0.0515728    0.0368948
  -0.0338205  -0.00250264  -0.00830283   -0.0928346
   0.0549386    0.0414291    0.0533886    0.0663373
  0.00638882   -0.0247449    0.0407387   -0.0355924
  -0.0429172   -0.0017517   0.00126291    0.0407402
  -0.0562507    0.0490543    0.0764336    0.0571681
  -0.0173647    -0.116005    -0.109291    -0.176933
  0.00612244    0.0622257    0.0369987   -0.0598501
  -0.0579202    0.0693571    0.0298925    0.0191358
 -0.00324612    0.0973555    0.0156179    0.0693788
 -0.00389816   -0.0128218   -0.0426319   -0.0278234
  -0.0655017   -0.0381988    0.0125316   -0.0901999
   0.0150343    0.0555857   -0.0467321   -0.0111776
   0.0236068    0.0182448    0.0609465     0.038003
   0.0939732    0.0925021    0.0605676     0.103428
   0.0604658   -0.0280942   -0.0300295     0.042913
  -0.0410096     0.045236   -0.0235542    0.0202372
   0.0646688    0.0284647   0.00796231    -0.019898
   0.0628965    0.0666137      0.10067    0.0568777
   0.0754913   0.00227637   -0.0885325   -0.0257561
  -0.0465151    0.0759415     0.148942     0.256957
   0.0012043   -0.0165052    0.0611649    0.0610578
 -0.00629969   -0.0141024    -0.151588    -0.120904
  -0.0479035    0.0725174    0.0352909    0.0705681
   0.0332768    0.0364693    0.0207843    0.0062953
   0.0120131   -0.0200954    0.0351581   -0.0212825
  -0.0215508    0.0557217    0.0701776     0.144631
  -0.0121543   -0.0960563    -0.119402    -0.117854
   0.0341145    0.0481023   -0.0235214   -0.0476226
    0.104778    0.0353293    0.0328713    0.0791446
   0.0337336    0.0812492   -0.0501325  -0.00936513
  -0.0493075   -0.0462124   0.00747482    0.0630756
 -0.00277111   -0.0517916   -0.0712332      0.01418
  -0.0221253  -0.00722709   -0.0206932     -0.09051
   0.0279408   -0.0225315   -0.0575416    0.0610671
   0.0192051    0.0229794    0.0198889   -0.0238864
   0.0461329  -0.00302181    0.0361367    0.0367224
   -0.047172    0.0671491     0.152344     0.135397
   0.0405006    0.0792548    0.0526127     0.110264
    0.012619   -0.0543367    0.0587963   -0.0542911
   0.0275968  -0.00765759   -0.0349121   -0.0493907
  -0.0122284    0.0116545   -0.0383444    0.0498079
    0.047049    0.0181675    0.0870461    0.0374138
  -0.0302912   0.00936347    0.0060925     0.063463
  0.00646613     0.058971  -0.00169513   -0.0715307
  0.00738577   -0.0239599   -0.0402398    0.0957784
    0.096041    0.0157946  -0.00357218   0.00416732
   0.0491831    0.0419004   -0.0731129    0.0180465
  0.00927811    0.0509964  -0.00384519   -0.0215027
   0.0321077   -0.0725021   -0.0632852   -0.0706364
   0.0686577   -0.0154786   -0.0674393   -0.0632193
   0.0617825   -0.0737234   -0.0116102    0.0434311
  -0.0627411     0.015774   -0.0560162    0.0762696
 -0.00806274  -0.00883056   -0.0127083    0.0286456
   -0.047032     0.073446   -0.0124315    0.0387836
  -0.0176053  -0.00147321    0.0764088     0.019452
     0.06368    0.0256401     0.041243    0.0428192
   -0.045902    0.0062664    0.0171407   -0.0070328
   0.0436502  -0.00902274   -0.0290396    0.0696763
   0.0163276  -0.00656772    -0.052183   -0.0725516
  -0.0451385   -0.0351239   -0.0472935  -0.00981045
   -0.042376   -0.0120236   -0.0509906   -0.0102964
   0.0603656   -0.0243009    -0.033952   0.00560728
  -0.0105787    0.0290955   0.00345669    0.0174321
   0.0302544   -0.0567243    0.0574739    0.0252401
   0.0348951    0.0253546    0.0156327    0.0153407
  -0.0100715   0.00348272    0.0198126   -0.0279705
  -0.0423587    0.0419012    0.0366609     0.108987
   0.0604557   -0.0393794  -0.00229549   -0.0518971
  -0.0593439   -0.0295052    -0.060606   -0.0269529
  -0.0530221   -0.0343023   -0.0773025   -0.0686261
  0.00896608   -0.0124154  -0.00438799   -0.0288764
  -0.0216522    0.0425172   -0.0548593   -0.0768974
  -0.0198708    0.0209901    -0.129048    -0.025931
  0.00685786    0.0174327  -0.00375016   -0.0854522
  -0.0502984    0.0214832     0.028994    -0.104621
  -0.0070928   -0.0934264    -0.109143   -0.0647919
   0.0375372    0.0216177    0.0158579    0.0905109
  -0.0379465    0.0156313   -0.0725445     0.035856
  -0.0593275    -0.048974    0.0295072   -0.0736695
  -0.0102359    0.0312777    0.0118081    -0.088274
   0.0547918   -0.0652776   -0.0699823   -0.0796438
  -0.0420653   -0.0625414   -0.0187589    0.0334446
   0.0651008   -0.0224255     0.049552    0.0524287
  -0.0279797   -0.0628176    -0.106753    -0.124471
  0.00759826   -0.0299984    0.0603334  -0.00551665
  -0.0288064     0.029188    0.0436195   -0.0204067
  -0.0690239    -0.125123    -0.161376    -0.207119
   0.0320609    0.0523992    0.0611048 -0.000152559
  -0.0464555   -0.0351667    0.0976111     0.008444
   0.0263688   -0.0100676   -0.0292603   -0.0622005
   0.0255486    0.0481544    0.0156139  -0.00734142
   0.0109165   -0.0605237    -0.120036    -0.108207
   0.0145546   -0.0751271    -0.101781    -0.126993
  -0.0201256   -0.0411716   -0.0783762  -0.00164066
 0.000582304   -0.0143954     0.038045    -0.093718
  -0.0469036    0.0396521    0.0329306     0.064736
 -0.00689389    0.0126926   -0.0414134    -0.110618
   0.0309996    0.0717682   0.00481768    0.0493427
  -0.0535218    0.0334048   -0.0737869   -0.0684958
  0.00322496   -0.0557966    0.0279626    -0.003313
   0.0242885   -0.0605354   -0.0431786    -0.105202
  0.00869873   -0.0244584    0.0305685    0.0180318
   0.0764002     0.112625     0.113533     0.104701
  -0.0320816   -0.0592411   -0.0210778   0.00909458
  -0.0768224   0.00106426    0.0409678     0.099643
  -0.0591248    0.0159065    0.0015187  -0.00138535
   0.0530645  0.000832933     0.102892     0.118726
   0.0505795    0.0800084     0.141166     0.124196
  -0.0421621  -0.00834907     0.065269    0.0558742
  -0.0695801   -0.0521749   -0.0399072   -0.0492815
   0.0105429    0.0683506     0.125309     0.159608
  -0.0300715   -0.0117922   -0.0903545    -0.085917
    -0.11997  -0.00142136     0.060833   0.00917919
  -0.0318574    0.0563778    0.0196571    0.0351417
   0.0276265     -0.14098    -0.123639    -0.177013
  -0.0116375    0.0593993     0.129699    0.0346936
   0.0392994   -0.0261918   -0.0696694    -0.139241
   0.0112862    0.0130363     0.116762     0.117782
   0.0245941   -0.0296119   -0.0293657   -0.0190704
   0.0730487     0.042201    0.0295849  -0.00232996
   0.0142141    0.0788013    0.0205741    0.0787598
   0.0179102   -0.0299539    0.0803099    0.0353586
   0.0225979   -0.0453674    0.0279482    0.0556409
  -0.0362178    0.0453913   -0.0224211      0.03555
-0.000958671 -3.15899e-05    0.0513212    0.0194466
   0.0106365    0.0324359  -0.00876175   -0.0682069
   0.0133693    0.0898143    0.0803226     0.162238
  -0.0529683   -0.0817713   -0.0909878   -0.0707997
  -0.0380704   -0.0093878   -0.0119386   -0.0564686
   0.0264316    0.0140896   0.00170566   -0.0623285
   0.0185355   -0.0577373    0.0224854    -0.106395
   0.0418324    0.0493851   -0.0597004   0.00325283
   0.0449307    0.0590419   -0.0635648    0.0463616
  -0.0139308   -0.0133294    0.0656233    0.0726936
  -0.0699855    0.0536548   -0.0156251  8.19532e-05
  -0.0358737   -0.0508114    0.0359632   -0.0203408
    0.025376    0.0832173    0.0343956    0.0544053
   0.0835865    0.0655492   -0.0684839   0.00996799
   0.0661906     0.065554    0.0114239    0.0797891
    0.035799   -0.0344327   -0.0355354  -0.00993875
    0.082249   -0.0027699    0.0365019   -0.0139074
  -0.0157059   -0.0294543   -0.0518823  -0.00835017
    0.068046    0.0269994   -0.0656532   -0.0296373
  -0.0752377  -0.00426103   -0.0471613  -0.00532553
   0.0294502   -0.0145856    0.0519748   -0.0114041
  -0.0211616    0.0491545    0.0138324    0.0443366
  -0.0496721   -0.0698813    -0.106937    -0.031638
  -0.0294493    0.0260043   -0.0634032   -0.0387022
  -0.0467587    -0.033822    0.0351751    0.0158443
   0.0391525   -0.0284756   -0.0747762  -0.00815963
  -0.0478635    0.0202036    0.0122823    0.0361853
    0.040866    0.0646124    0.0680656    -0.031044
  0.00227277   -0.0111621   -0.0677495    -0.052074
   0.0322463    0.0285599   -0.0591498   -0.0483089
   0.0466225    0.0695071    0.0114231   -0.0126262
  -0.0543049    0.0380661    0.0503708  -0.00747008
  -0.0538604    0.0062054   0.00356788   -0.0387888
   0.0177108  -0.00715109    0.0216693   -0.0708232
  -0.0416467   -0.0406303   0.00133897    0.0114646
  0.00139556   0.00859433    0.0495778   -0.0163419
   -0.084699   -0.0754284   -0.0918318   -0.0547707
   0.0250966    0.0160395   0.00855881    0.0168615
   0.0355808   -0.0945752   -0.0708776   9.7293e-05
   0.0378312    0.0570858   -0.0560049    0.0679468
  0.00333031    0.0144817    0.0824253   -0.0229672
  -0.0839392   0.00624589   -0.0383871    -0.124688
  -0.0525961    0.0337966   -0.0369632    -0.127546
   0.0741016   0.00297752  -0.00223305    0.0271985
    0.041169    0.0723398    0.0620089     0.104208
  -0.0666954     0.016804    -0.112522   -0.0975468
   0.0750705    0.0461995    0.0180617    0.0466742
   0.0746508    -0.073862   -0.0576777   -0.0724758
   -0.038971   -0.0724161   -0.0939296   -0.0192969
   0.0178161    0.0283769    0.0295767  -0.00651242
   0.0848457    0.0162567    0.0109502   0.00899862
  -0.0853377     0.010279    0.0506191    0.0912001
  -0.0422286   -0.0306182   -0.0623337    -0.111433
  -0.0373171   0.00964298    -0.031046    -0.111396
   0.0118617   -0.0216811     0.072848   -0.0262703
  -0.0109689  -0.00618659    0.0277212     -0.02991
  -0.0305885   -0.0196287    0.0982199     0.082784
   0.0136209    0.0426272   -0.0111463    0.0221288
  -0.0910692   -0.0131417     0.024086    0.0362803
   0.0176041   0.00101922     0.073286   -0.0833951
  -0.0558576    -0.033242   -0.0549181   -0.0972697
  -0.0374657   -0.0463372    -0.047734    0.0489933
   0.0652392    0.0103304     0.101454    0.0305582
   0.0199203   -0.0058345    0.0544091     0.130597
  -0.0274032    0.0193694  -0.00708584    -0.113131
   0.0730192   -0.0203663   -0.0787088   -0.0701049
   0.0084309   -0.0238822   -0.0052716    0.0621682
  -0.0258656    0.0353769   0.00633496   -0.0392642
 -0.00528621    0.0361326    -0.010491    0.0526529
   0.0146444   -0.0319799    0.0243132   -0.0131759
   0.0349926    0.0250611    0.0538811   -0.0566949
   0.0850502   -0.0117015    0.0187347    0.0716604
   0.0176782   -0.0192053    0.0517061   -0.0284644
   0.0393277   0.00317593   -0.0394209   -0.0843819
   0.0455614    0.0036258  -0.00619086  -0.00558346
 0.000824551   -0.0768249   -0.0352318    0.0345399
   0.0253586   -0.0403263   -0.0412316   -0.0677712
   0.0163902   -0.0564098   -0.0135152    -0.107692
  -0.0103392   -0.0896742   -0.0504722    0.0309483
  -0.0625456   0.00163304   -0.0062906   -0.0516243
  0.00956088    0.0307575   -0.0224811   -0.0753858
  -0.0122787  -0.00938397    -0.112995   -0.0698927
  -0.0713194    0.0665526   -0.0300876   -0.0407426
     0.01272   -0.0289354    0.0424613   -0.0168488
 -0.00807271    -0.033831   -0.0463949   -0.0577914
    0.038721   -0.0134408   -0.0122854   0.00140286
   0.0804873   0.00333621   -0.0132908   0.00523018
    0.102061   0.00837166    0.0133131   -0.0724817
  -0.0700033    0.0840231  -0.00761767   -0.0214029
   0.0679637    0.0789097    -0.018558    0.0287454
   0.0195623    0.0299036     0.136384     0.160175
 -0.00292273 -0.000958521     0.044611   -0.0356766
   0.0834079   -0.0841477   -0.0769958   -0.0797334
  -0.0244182    0.0064586    -0.041166   -0.0435029
   0.0921744    0.0640605     0.131515   0.00849139
  -0.0682561     0.015563    -0.117662   -0.0538393
   0.0343059    0.0565651  -0.00648566    0.0309651
  -0.0258518    0.0731901 -0.000816964   -0.0245749
  -0.0922285  -0.00210799      0.04156    0.0331571
   0.0260602     0.030703    0.0757665   -0.0346557
   0.0401469   -0.0614633   -0.0781848    0.0050517
 -0.00114669   -0.0373828  -0.00011486    0.0127977
 -0.00153508    0.0645006    0.0106225    0.0112163
  -0.0211192    0.0161235     0.057444    0.0596504
  -0.0381843    0.0244331    -0.104659   -0.0999327
   0.0152092   -0.0429085  -0.00171668   -0.0550242
   0.0516969   0.00114447   -0.0593793    0.0232367
   0.0493058    -0.012771    0.0376696    0.0302779
  -0.0278741    0.0291035    0.0377997      0.07294
  -0.0583302    0.0233574   0.00876087    0.0433126
   0.0803422    0.0885301     0.146336    0.0806059
  -0.0150071    -0.004951    0.0846559   -0.0491302
   0.0478619    0.0587626     0.129843     0.123344
  -0.0515204 -8.44482e-06   -0.0715122   -0.0582071
    0.027432   -0.0201367   -0.0128847   -0.0193953
  -0.0493021    0.0167203   -0.0866679    0.0246245
   0.0337413    0.0574221   -0.0134218    0.0753471
   0.0421203    -0.115901    -0.144265    -0.144849
  -0.0618778   -0.0366644    0.0145566   -0.0264981
    0.034525   0.00831607   -0.0096144   -0.0765688
   0.0433822    0.0760799   -0.0179451    0.0351263
  0.00981449     0.015293  -0.00513984     0.112337
  -0.0186534   -0.0295837    0.0129912    0.0400814
   0.0281098   -0.0477277    0.0127155   -0.0377003
   0.0896592    0.0620169    0.0238933   -0.0355855
   -0.052562    0.0296503   -0.0193392    0.0139146
  -0.0445815   -0.0522984    0.0551118    0.0499807
   0.0648042    0.0386217    0.0924003    0.0400703
  -0.0203065     0.027702    0.0521202    0.0570194
  -0.0476068    0.0163584    0.0043057   -0.0139402
  -0.0255226    0.0276038     0.134225     0.201741
  -0.0256944    0.0779092     0.106692     0.108181
   0.0440997    0.0496195   -0.0553457   -0.0704991
  -0.0446336    0.0497289   -0.0780018    -0.115731
  -0.0963186    -0.011058   -0.0128245    0.0761977
   0.0549719    0.0558665     -0.01408   -0.0151532
   0.0428807   -0.0276351    0.0634508  0.000962612
  -0.0491219   -0.0976917  -0.00832096   0.00851338
   0.0352409   -0.0699111    0.0105295  -0.00415614
   0.0192651    0.0425644   -0.0104297   -0.0458377
  -0.0491023    0.0239131   -0.0191608    0.0278686
   0.0412931    0.0760223    0.0682241   -0.0106163
  -0.0782801   -0.0538719   -0.0494838   -0.0720395
   0.0301665   -0.0427338   -0.0354369   -0.0312461
   0.0547319    0.0461288      0.12754     0.113813
   0.0470265    0.0822708 -0.000358737     0.135205
-0.000346004    0.0779879    0.0517495  -0.00978212
 -0.00782753   -0.0596938   -0.0981733   -0.0484369
   0.0161147    0.0809053   -0.0275982   -0.0290288
  -0.0236799   -0.0196521   -0.0140418     0.030713
   -0.013251     0.051582    0.0142492   0.00445338
   -0.031326    0.0390499   -0.0348958    0.0545427
  -0.0345391   0.00859484   -0.0217067   -0.0365174
   0.0262852   -0.0909163   -0.0790221   -0.0701994
   0.0907214    0.0518699    0.0359039   -0.0880495
  -0.0752278   -0.0367952   -0.0172187   -0.0565584
   0.0432484    0.0232138  0.000781945   -0.0699086
  -0.0328788    0.0821156    0.0214611    0.0362461
   0.0859142    0.0879937    0.0265705    0.0617772
  -0.0335974   -0.0226661 -0.000920888  -0.00957815
    -0.02712  -0.00639981   -0.0824546   -0.0253682
  -0.0177983   -0.0590104   -0.0467809    0.0343892
   -0.076512    0.0128898   0.00626774     0.111293
  -0.0344336  -0.00582609   -0.0227522   0.00824725
 -0.00763615   -0.0719319   -0.0591931     0.043577
   0.0432764    0.0227985    0.0913372    0.0500196
  -0.0503219   -0.0133593     0.068849   -0.0189199
  -0.0629034   -0.0151468   -0.0381922    0.0237204
  -0.0144492   0.00789646   0.00219955    0.0220616
   0.0580754    0.0167518    0.0623575   -0.0114426
    0.112329     0.102204     0.236616     0.260331
  0.00157944   0.00836589     0.114622    0.0593959
   0.0659522    0.0488233     0.114241    0.0713229
   0.0360896  -0.00456715    -0.059188   -0.0151117
  -0.0109453    0.0226254   -0.0202536    0.0723528
  -0.0265301   -0.0663096   -0.0114809   -0.0469477
   0.0189098  0.000100911  -0.00323186    0.0234853
   0.0399683    0.0610773     0.133421      0.18303
     0.07313  -0.00662643    0.0424192   -0.0779153
  -0.0420021   -0.0396421   -0.0498677    0.0019687
   0.0474997   -0.0146196  -0.00684271   -0.0427025
  -0.0508203  -0.00587566  -0.00800477   -0.0415654
   0.0211737     0.068928    0.0334816    0.0156924
  -0.0769933   -0.0334372    0.0741108    0.0708395
   0.0207437   -0.0682778   -0.0429874   -0.0870497
   0.0227259    0.0571387   0.00723036    0.0317447
  -0.0723295   -0.0172243   -0.0253712    0.0336316
  -0.0398077   -0.0457163   -0.0496308    0.0448522
    0.017921    0.0234482    0.0471991   -0.0103843
   0.0821599   -0.0783164   -0.0294458    -0.033011
 -0.00998264   -0.0368794   -0.0573237   -0.0395192
  -0.0723929   -0.0346135   -0.0946719   -0.0974321
   0.0231422 -8.05435e-05    0.0763907   -0.0114432
   0.0249188  -0.00616747   0.00145439   0.00966134
 -0.00266033     0.148939     0.161546     0.215559
  -0.0696467    0.0387136     0.023772    0.0651936
   -0.074784   -0.0243226  -0.00417642    0.0266168
  -0.0649597   -0.0505755   -0.0757742    -0.113053
  -0.0481907    0.0447596   -0.0313932    0.0462021
  0.00976337    0.0460558    0.0743505   -0.0398999
   0.0588197    0.0701799   0.00191648    0.0307368
  -0.0546055    0.0964834     0.089064    0.0755982
  -0.0491825   -0.0147079    0.0943215    0.0812275
  -0.0399808   -0.0499979   -0.0407509     -0.13784
     0.10184    0.0294986    0.0991736   -0.0245138
  -0.0274602    0.0305947   -0.0646476  -0.00695101
   0.0698013    0.0567099     0.096851    0.0820988
   0.0536815    0.0763593    0.0277328    0.0616571
    0.109169    0.0634668    0.0290394   -0.0540213
   0.0598542    0.0720938  -0.00214978    0.0460127
   0.0127953    0.0745802   -0.0156229   -0.0527979
   0.0452442   0.00994226   -0.0328171    0.0366381
   0.0694532    0.0236119     0.107693     0.109258
  -0.0263657    0.0644471   -0.0475665    0.0288499
   0.0490997    0.0268004   -0.0386843   -0.0033903
   0.0530945    0.0190032  -0.00637535   -0.0598271
 -0.00519646     0.165475     0.235109     0.227716
   0.0435797   -0.0593538  -0.00452475   -0.0278981
  -0.0303806   0.00772841   -0.0451461    -0.075157