   0.0395635     0.034806    0.0796546    0.0716403
   0.0106773    -0.107849    -0.124249   -0.0224441
  -0.0122815   -0.0387782    0.0754347  -0.00776757
  -0.0561832   0.00173362    -0.120899    -0.117447
 0.000465699   -0.0234589  -0.00980923    0.0555938
   0.0735684   -0.0597315    0.0187138   -0.0282707
  -0.0758103   -0.0465005   -0.0459094  -0.00130344
  -0.0423377  -0.00951887   -0.0665534  -0.00568551
  -0.0727575   -0.0511669    -0.104109   -0.0324249
  -0.0209664    0.0222766   -0.0963501    -0.030031
   0.0129011   -0.0373585    0.0402443    0.0377924
   0.0141402    0.0660886     0.128088     0.121465
   0.0464907   0.00553641    0.0389954    0.0163328
  -0.0496696    0.0126599   -0.0269165    0.0110939
  -0.0640936   -0.0181323   -0.0916832    -0.121338
   0.0469521    0.0168179     0.112699    0.0985952
   0.0147653    0.0554565     0.149512     0.157025
  -0.0273527   -0.0494792    -0.129305    -0.214138
  -0.0948929   -0.0541434    -0.227466    -0.142694
  -0.0166277    -0.291459     -0.40956    -0.490811
   0.0212364    0.0676568    0.0417347    0.0305098
  -0.0480365   -0.0217707    0.0438762    0.0109999
  -0.0493622     0.040171    -0.054105   -0.0277194
  0.00411721  -0.00834972    -0.032826    -0.103472
   0.0650028    0.0508545     0.136027    0.0232146
    0.053852   -0.0413038    0.0441172    0.0798441
   0.0417214    0.0720964   -0.0398007    0.0602735
   -0.128654    0.0173812     -0.05971   -0.0433381
  -0.0731674  -0.00431497     -0.08529   -0.0399431
   0.0715603    0.0301625    -0.113821   -0.0402373
   0.0827618   -0.0122919   -0.0723261   -0.0582891
  -0.0633352    0.0163837   -0.0272675   -0.0416752
  0.00862904   -0.0309356   0.00364483    0.0738802
  -0.0345517   -0.0671505    -0.209057    -0.119269
  -0.0284767     0.106276     0.184557    0.0616197
  -0.0193167    0.0486722      0.17115     0.204045
 -0.00881249     0.103873     0.126685     0.178322
  -0.0325612    0.0905406    0.0292157    0.0928202
   0.0668301     0.080591     0.177904    0.0770976
    0.034139    0.0544389    0.0360712   -0.0588866
  -0.0202002   0.00872812   -0.0400342   -0.0253632
  -0.0371254   -0.0252992    -0.111933    -0.115177
  -0.0888071   0.00269178   -0.0421007    -0.135489
   -0.055202    0.0329642   -0.0125287   -0.0443133
  0.00487504    0.0274699    0.0921958   0.00470549
  -0.0782536    -0.110721    -0.209141    -0.164619
   0.0468942  -0.00971934    0.0299786    0.0228412
   0.0476231    0.0496859     0.056733     0.144591
   0.0584555     0.123166     0.170084     0.155991
  -0.0258396   -0.0538397   -0.0705061   -0.0458324
   0.0625013    0.0919267    0.0670907    0.0471415
    0.013342    0.0834703    0.0908802     0.057665
   0.0128486    -0.049209   -0.0312577   -0.0411955
   0.0865422    0.0335134    0.0366389    0.0572923
   0.0694815   -0.0230452    0.0475344   -0.0687407
  -0.0530862     0.068427    0.0369889   -0.0318249
  -0.0659807    -0.111536    -0.184099     -0.23945
   0.0331766   -0.0841985    -0.162793    -0.181618
   0.0210533    0.0309926   0.00308871    0.0211198
   0.0300055   -0.0897914    -0.121687    -0.168428
   0.0677826    0.0243486    0.0934781     0.169867
  -0.0314006   -0.0903064   -0.0874139    -0.168124
   0.0415186    0.0137956     0.175379     0.182577
   0.0103331   0.00874979     0.098248     0.109523
   0.0301759    0.0795594    0.0729064     0.116209
   0.0136979    0.0504015    0.0314712   -0.0631887
    0.045187   -0.0531394    -0.111962    -0.130398
  -0.0599797    0.0221894   -0.0366532    0.0419073
 -0.00266264    0.0189987    -0.111747    0.0160962
  -0.0244407   -0.0403193   -0.0427345   0.00997727
 -0.00758513    0.0291127    0.0700729   0.00656344
 -0.00158143     0.134768     0.218389     0.194573
   0.0150275    0.0162008   -0.0473961    -0.127208
   0.0341751   -0.0654461   -0.0699564    -0.114044
  -0.0221333   0.00493918   -0.0781119   -0.0157135
   0.0872893  -0.00900626     0.141734    0.0127525
   0.0501233   -0.0403378   -0.0800182   -0.0602441
  -0.0228223    0.0477812    0.0332048   -0.0215207
  0.00801452   -0.0349677    -0.167178   -0.0789377
    0.013082   -0.0710136   -0.0246699   -0.0468737
  0.00517701   -0.0773548   0.00349392    -0.046892
  -0.0231825    -0.062641   -0.0982808    -0.159802
  -0.0409801  -0.00157716    0.0619496     0.157804
  -0.0415989    0.0167874    0.0556723    0.0334835
  -0.0331846    0.0602074      0.06233    0.0368989
    -0.07421   -0.0765247    -0.151193    -0.174089
  -0.0183481    0.0106765     0.028566    0.0398379
  -0.0275197    -0.119925     -0.20714    -0.276864
   0.0394244   -0.0203987    -0.134627    -0.150939
   0.0647926   -0.0252796     0.108597    0.0345152
  -0.0218811    0.0689958     0.117297    0.0698542
    0.028594     0.141892     0.133467    0.0958654
  -0.0427076   -0.0365991   -0.0203979   -0.0686702
   0.0799842    0.0790716     0.120798    0.0721275
  -0.0679548   -0.0635196    -0.102897    -0.149369
  -0.0300604   -0.0242643   -0.0198552   -0.0303431
   0.0376381    0.0648593    0.0823237     0.040058
   0.0389317      0.11145     0.123183     0.114627
   -0.025541    0.0902842    0.0747621    0.0135692
  -0.0381775    0.0302747    0.0445355   -0.0311387
  -0.0970501    -0.101611   -0.0770489     -0.17061
     0.02018   -0.0580802    -0.104827    -0.110258
  -0.0128101   -0.0761853    -0.112124   -0.0969269
   0.0315217   -0.0450803    0.0017691   -0.0248545
    0.012161   0.00629114   0.00892993   -0.0730699
    0.101742     0.183314     0.245537     0.228535
 -0.00954554   -0.0398654   -0.0484173   -0.0619887
   0.0057824    0.0440374    0.0250947   -0.0109775
   -0.030637    0.0619148    -0.010922  0.000767924
  -0.0238199    0.0435121 -0.000664201   -0.0604579
  -0.0275396     0.105266    0.0826732    0.0274231
   0.0722278    0.0870879     0.157541      0.11992
  0.00228416   -0.0948046   -0.0734085    -0.164155
  -0.0110292   -0.0104139   -0.0916048    -0.213985
  -0.0214925    -0.179809    -0.313563    -0.240784
   0.0290175  -0.00912934    0.0974529     0.168691
  -0.0145861    0.0312039     0.111911    0.0380434
   0.0325968     0.124435     0.277172     0.186649
  -0.0560607    -0.121623    -0.275516    -0.311862
  -0.0608422    -0.045078    0.0795658   -0.0170272
  0.00347007    0.0375787     0.102876    0.0482366
  -0.0328268    -0.152312    -0.102014    -0.204728
   0.0115222   -0.0627613   -0.0307851   -0.0247052
   0.0565633    0.0130073   -0.0743219   -0.0677412
  -0.0310187    0.0795137    0.0752893     0.108965
   0.0335646    0.0628117     0.144416     0.137111
   0.0498814   -0.0352595    0.0414245    0.0552143
   0.0358948   -0.0110427   -0.0612817   -0.0665515
 -0.00209697   -0.0688208   -0.0799673    -0.138583
  -0.0752116    0.0438997   -0.0914464    0.0028666
  -0.0686032    -0.195636    -0.325095    -0.304003
  0.00649225   -0.0175337   -0.0458763   -0.0604998
   0.0856794    0.0628352     0.125142     0.179515
   0.0451759   -0.0827278    -0.131034    -0.222884
  -0.0177234   0.00159462  -0.00405543   -0.0350375
   0.0305007  -0.00753863    0.0365764    -0.103827
   0.0425138    -0.114926    -0.108632    -0.243302
   -0.035855    0.0548334    0.0764434 -0.000216321
   0.0101349   -0.0421949   -0.0638478   -0.0507826
  -0.0439687     -0.06219   -0.0699581   -0.0386824
  -0.0124263    0.0086475   0.00511439    0.0256202
  -0.0795319    0.0120033   -0.0495945    0.0408694
  0.00562015     0.104391     0.182474     0.129193
   0.0155434   0.00759853    -0.092506   -0.0061779
  -0.0510997  -0.00475451    0.0243942    0.0244833
  -0.0670389   -0.0493227    0.0107012    0.0961743
  -0.0271519    0.0168176   -0.0183128   -0.0129546
 -0.00525976    0.0223116   -0.0606611   -0.0272128
 -0.00403808    0.0179247    0.0063529   -0.0161655
   0.0495016   -0.0233681      0.10648    0.0868671
  -0.0123369     0.023198   -0.0983953    -0.149164
  -0.0229599    -0.100049    -0.157887   -0.0989013
  -0.0538135   -0.0441176   0.00670498    -0.078851
  -0.0548208    -0.066379   -0.0904716    0.0365322
    0.011617     0.210293     0.261465     0.264023
  -0.0302058   -0.0579875   -0.0205564   -0.0748429
  -0.0148502    0.0622275     0.161819     0.099161
  -0.0635672    -0.047772    0.0734751     0.077923
   0.0113033    0.0491316   -0.0215316     0.029428
   0.0380133     0.123616     0.113618     0.171968
  -0.0494935    0.0192137   -0.0300624   -0.0755714
   0.0230864    0.0604346   -0.0239919   -0.0568616
  -0.0370173   -0.0422821   -0.0432326    -0.112878
  -0.0788057   -0.0113386   -0.0158231     0.034928
   0.0386659   -0.0799725    -0.069999    -0.221503
  0.00691265    0.0392263   -0.0951918   -0.0683255
   0.0132789   -0.0363497  -0.00527577    0.0609574
  -0.0184308   -0.0135218   -0.0450618    -0.101377
   0.0420986    0.0388793   -0.0081063   -0.0244773
 -0.00495254   0.00294308    0.0302725    -0.055903
   0.0174951    0.0165739   0.00681326   -0.0498898
  -0.0224434   -0.0378279    0.0435993    0.0297359
  0.00980137     0.102991     0.106693     0.102116
   0.0798126    0.0248187    0.0915174    0.0245392
  -0.0523015    0.0263833    0.0315548   -0.0436072
   0.0292809   -0.0733449    -0.107425    -0.124829
    0.025225    0.0114762   -0.0557156   -0.0410009
   0.0103374   -0.0103009    -0.040468    -0.125708
  -0.0313898   -0.0242461   -0.0575916   -0.0454385
   0.0686642   -0.0122144    0.0738838    0.0679689
   -0.038093    0.0858682    0.0938532    -0.015626
  -0.0507829  0.000395781     0.058373    0.0662346
  0.00239351   -0.0660639   -0.0266107    0.0353409
  -0.0814768   -0.0573878   -0.0482355   -0.0630358
   0.0259273     0.010411    0.0744667    0.0144622
    0.123279    0.0691178     0.281113     0.271417
  0.00149672   -0.0712301    -0.164538    -0.104895
  -0.0256192     0.111609    0.0945719     0.178522
   0.0843952    -0.034604     0.071439      0.10111
  -0.0429742   -0.0578865   -0.0432273    0.0490993
  0.00788363    -0.037501    -0.143101    -0.147971
  -0.0910802   -0.0706259   -0.0634708    -0.049716
   0.0342623   -0.0729711   -0.0135424   -0.0713081
   -0.100291   -0.0612824    -0.089427   -0.0027386
   0.0370537     0.150083     0.334983     0.374166
-0.000422048   -0.0217304   -0.0290793   -0.0640912
    0.061245   -0.0230511    0.0248115   -0.0233143
   0.0353982    -0.013738    0.0483439    0.0215485
   0.0504124   -0.0257353     0.123036    0.0730653
 -0.00167575    0.0284442   -0.0185726    -0.100532
   -0.028788    0.0617018    0.0374572    0.0370499
 -0.00390127    0.0181886   0.00404914    0.0396249
   0.0228163   -0.0503594   -0.0126931   -0.0836224
   0.0340796    0.0355574   -0.0200757   -0.0633293
   -0.133185    -0.189375    -0.315514    -0.326126
   0.0805601     0.226951     0.288219     0.328274
   0.0180135   -0.0697746    -0.018046   -0.0800812
  -0.0103874    0.0334893   -0.0307238    0.0286115
  -0.0379059   -0.0826039    -0.195651    -0.152994
  -0.0580913   -0.0111139    -0.118191    -0.014009
 -0.00461372   -0.0318881   -0.0762525    -0.175801
   0.0281989   -0.0187028    0.0399235    0.0259832
   -0.047591     0.108125    0.0921447    0.0592516
  0.00388893     0.161457     0.172923     0.273021
   0.0549005   -0.0306966   -0.0844518    -0.144821
  -0.0504464   -0.0586068    -0.130545   -0.0397735
  -0.0505192    0.0609217    0.0904373    0.0733669
   -0.044528   -0.0289818     -0.12014    -0.110624
  0.00106447   -0.0639034   -0.0348771   -0.0228892
  -0.0777444    0.0386919   -0.0493835  -0.00681315
   0.0230828    0.0281095   -0.0305363   -0.0920613
    0.035609  -0.00402228    0.0733411    0.0605961
  -0.0247863   -0.0825734     0.039269    0.0251996
 -0.00970027   -0.0914394   -0.0908483   -0.0409935
   0.0184242   0.00245419    0.0454786   -0.0143962
-0.000669471   -0.0088267    0.0199343    0.0438106
   0.0674261  -0.00256055    0.0500523    0.0841044
   0.0105793    0.0633377    0.0485387     0.081126
  -0.0292844   0.00546583   -0.0519416   -0.0810722
   0.0133971   -0.0585489   -0.0729533    -0.112499
  -0.0410206    0.0640438    0.0460614    0.0248358
 -0.00891113    0.0362328     0.093026    0.0842848
 -0.00196706   -0.0322756    0.0127005  -0.00854879
   0.0309176    0.0431946    0.0558193   -0.0189877
  -0.0457754    0.0744423     0.128107     0.106114
  -0.0201108   -0.0772424    -0.121995    -0.130663
  -0.0116375  -0.00417037   -0.0961116   -0.0604759
   0.0467132    0.0171153   -0.0443589    0.0146604
   -0.070211   -0.0229906    -0.108146    -0.239504
  0.00430618    -0.102585    -0.122134   -0.0939012
   0.0404894   -0.0380547   -0.0576315   -0.0260995
  -0.0189946    0.0319521    0.0217473   -0.0145063
   -0.053863   -0.0188961   -0.0837604   -0.0587664
   0.0133753    -0.117742    -0.247325    -0.238543
  -0.0526481   -0.0625875   -0.0172479   -0.0544263
   -0.108739   -0.0845477   -0.0825347   -0.0878661
 0.000857483    0.0300833   -0.0110517    0.0684076
   0.0256836    0.0398376     0.164521     0.118668
   0.0294926    0.0695534    0.0779241    0.0234288
  -0.0973175    -0.161252    -0.241516    -0.203812
  -0.0501328    -0.113571    -0.160897     -0.18822
  0.00190696    0.0952114     0.103144    0.0157734
  0.00402752    0.0172945     0.105705     0.137597
   0.0374382   -0.0359511   -0.0764667    -0.136122
    0.056998    0.0672388   -0.0613655    0.0260526
  0.00484779    -0.057274    -0.114699    -0.123789
  -0.0158578    0.0416311     0.109258     0.103142
   0.0386591   -0.0908194   -0.0945064    -0.161362
   -0.048978    0.0615244     0.092372     0.184157
    0.006279    0.0287594    0.0817557    0.0708903
   0.0238888   -0.0825394    -0.191248    -0.172194
  -0.0613904   -0.0794289   -0.0581259   -0.0546945
   0.0512081    0.0568444  -0.00543256   -0.0449455
  -0.0432748   -0.0236833    -0.102371   -0.0748551
   0.0427422    0.0382241   -0.0304569    -0.104047
  -0.0478703   -0.0250715    0.0526211    -0.034759
   0.0623786     0.135098     0.202139    0.0872987
  -0.0262001    0.0163206    0.0687364    0.0988315
   0.0549489   -0.0847998    0.0509956    0.0100476
   0.0100638    0.0267401  -0.00451384   -0.0480799
  -0.0608794     0.056345    0.0186335    0.0274273
    0.056434    0.0197659     0.034719    0.0636414
   0.0013477   -0.0370414   -0.0746488    -0.121512
  0.00247188   -0.0318182   -0.0107681   -0.0111172
  0.00659779    0.0286152   -0.0242065    0.0173173
  -0.0021672    0.0449924   -0.0466945   -0.0283945
   0.0197518    0.0649095     0.215981     0.206809
    0.050118    -0.024614  -0.00344023   -0.0253571
   0.0541748   -0.0495975   -0.0602881    0.0259263
   0.0234522       0.1182     0.329077     0.271339
  -0.0597906   -0.0449648    -0.024315    -0.106136
  -0.0306341  -0.00722045     0.036066   -0.0344616
     0.05323   -0.0919247   -0.0257298    -0.090111
  -0.0119457     -0.16783    -0.356253    -0.341507
  -0.0267265    0.0593846  -0.00434919    0.0286639
  0.00153411    0.0623776    -0.012881    0.0440282
  -0.0393871   -0.0178971   -0.0890612   -0.0146848
  -0.0386609   -0.0521643    -0.123339   -0.0865827
   0.0203047   -0.0381962   -0.0360035   -0.0339301
   0.0336905     0.123109    0.0932562    0.0668534
  0.00517701  -0.00266138     -0.10273    -0.101097
  -0.0131321    0.0632009   0.00827716    0.0772532
  -0.0179892   -0.0791111    -0.102449   -0.0725502
   0.0124145    -0.017415   -0.0240878   -0.0388071
  -0.0389558   -0.0380369   -0.0497637   -0.0940476
  -0.0905119 -0.000404878    0.0897625     0.117655
   0.0241289    -0.019452    -0.134897     -0.10778
    -0.03027    0.0169066    0.0509903   0.00127286
 -0.00835499   0.00207741   -0.0310071   -0.0423298
  -0.0144319    0.0173067   -0.0739019   -0.0198324
  0.00219606   -0.0780138    -0.133784   -0.0775251
   -0.055554   -0.0580177   -0.0429693   0.00253574
  -0.0254599   -0.0984702   -0.0574023    -0.172374
  -0.0574109   -0.0106579   -0.0531355    -0.111117
  -0.0523683  -0.00699179   -0.0531299    -0.072104
   0.0450654    0.0652357   -0.0621468    0.0451548
   0.0528609    0.0182509    0.0805013  -0.00643856
   0.0213714    0.0505882    0.0729015     0.056612
   0.0407234   -0.0575365     0.010326   -0.0470004
   0.0638511     0.148038     0.146193     0.163917
  -0.0634384    0.0448351     0.034098     0.038299
   0.0997631      0.13788      0.18012     0.202944
   0.0803484   -0.0330935    0.0730186    0.0165025
   0.0509013    -0.118391    -0.102288    -0.152573
   0.0634798  -0.00383462   -0.0475868    -0.026919
   0.0424047    0.0335628   -0.0110829   -0.0137166
   0.0127192     0.109879    0.0396784    0.0639014
  -0.0741184    0.0167055    -0.112216    -0.143193
  -0.0538692   -0.0178516    0.0534989   -0.0509732
  -0.0585855   -0.0228277   -0.0281377   0.00772666
   0.0318623    0.0594004     0.060738   0.00249454
  -0.0314757   -0.0457296    0.0164244     0.040429
 -0.00709702   -0.0177595    0.0741895    0.0269531
    0.068038    0.0768963    0.0594616    0.0343917
   0.0305626   -0.0270722    -0.129833    -0.149043
   0.0716681    0.0399931 -0.000676108    0.0129359
  -0.0313546    0.0589418   -0.0146629   -0.0404942
 -0.00496965   0.00330509   0.00883613   -0.0602909
  -0.0365599   -0.0396793   -0.0613696   -0.0833562
-0.000980359   0.00469541    0.0209077    0.0229174
   -0.010156    -0.124081    -0.296248    -0.217293
    0.040236    0.0513882    0.0779967     0.048813
  -0.0545929    0.0537343   0.00709004   -0.0139539
  -0.0354176  -0.00995847   -0.0300669   0.00205603
  -0.0606504   -0.0892291    -0.122107    -0.127895
  -0.0620673   -0.0295403   -0.0107717   -0.0146932
  -0.0776884    0.0132782    0.0131999 -0.000398513
   0.0357323    0.0202676   -0.0967028   -0.0263821
   0.0156515   -0.0575881   -0.0279278    -0.034918
  -0.0894802   -0.0615026   0.00569219   -0.0439678
  0.00888231   0.00590083   -0.0294157    0.0692626
   0.0454039   -0.0797848   -0.0461166    -0.088347
   0.0459223    0.0740858  -0.00599116     0.093689
  -0.0233974   -0.0237667    -0.143076    -0.109388
   0.0443916   -0.0420161    0.0534367   -0.0106751
   0.0381229    -0.122069    -0.177665    -0.245393
 -0.00756724    0.0254341    0.0847965    -0.032693
  -0.0516067   -0.0911044   -0.0247873   -0.0593258
   0.0686737   -0.0433348    0.0127054   -0.0517591
  -0.0177087  -0.00575826   -0.0850485    -0.184183
-0.000348544   0.00895293    0.0135811   -0.0182414
   0.0143198     0.147066     0.116583     0.153396
    0.018517    0.0400728   -0.0732237   -0.0113836
   0.0414287    0.0328575     0.123088     0.061724
  -0.0335027     0.104817     0.133939    0.0690488
  -0.0565324   -0.0210089    -0.112185    -0.157259
   0.0295379    -0.100033     -0.12609    -0.195312
   0.0483041     0.127366      0.11076     0.106472
  -0.0110931   -0.0708668   -0.0412333   -0.0523061
   0.0525866    0.0224305     0.037295    0.0487496
  -0.0922786   -0.0419163  -0.00483802    0.0163391
   0.0102545  -0.00608875    0.0277404   -0.0777276
   0.0104333   -0.0713353    -0.100398   -0.0433734
  -0.0824426   -0.0843582    -0.121793    -0.110018
   0.0502972   -0.0484738  -0.00933584    0.0315078
-0.000420688   -0.0481097   -0.0943265   -0.0011887
  -0.0185402    0.0271034    0.0644015    0.0371094
   -0.113762   0.00925097   -0.0723116  -0.00429436
 -0.00283505   -0.0390183    0.0117176    0.0324927
    0.042973    0.0863915    0.0742742    0.0782609
  -0.0245863    0.0639995   -0.0322952    0.0735649
   0.0708905    0.0339908    0.0307331    0.0109986
    0.057136     0.102807     0.154435     0.160403
  -0.0867418   -0.0329877    -0.135164   -0.0948609
  -0.0267228   -0.0301759     0.012632    0.0157578
  -0.0191112      0.06465     0.018733   -0.0330165
   0.0631532    0.0821081    0.0673665    0.0814264
   0.0793349   0.00518835     0.161639    0.0284264
  -0.0299798   -0.0830457   -0.0812883    -0.145579
  0.00936258    0.0279224    -0.118354    -0.149583
   0.0245852   -0.0674297     0.022728   -0.0845903
   0.0510799   -0.0326568   -0.0299523    -0.121162
   -0.064425    0.0880448    0.0297181    0.0694654
  -0.0391618     0.115215     0.125437    0.0121401
 -0.00428066    0.0840708   0.00174446    0.0198845
  -0.0221398   -0.0474549    -0.158675    -0.121347
  -0.0537524    -0.082138    -0.275172    -0.255723
   -0.121616    -0.066034    -0.106147    -0.085311
   0.0325647    0.0825623     0.125122    0.0829241
  -0.0445177    0.0373886     0.082398   0.00632892
   0.0490943    0.0207127    0.0435308    0.0241745
     0.10051   -0.0588821    0.0591192   -0.0306947
  0.00963358   -0.0419269    0.0113267   -0.0366688
  -0.0339103    0.0387951   -0.0861303   -0.0185116
    0.093974   -0.0108995    0.0863208   0.00542727
   0.0533123   0.00587085    0.0429837     0.035297
   0.0429011   -0.0809074     -0.12559     -0.11851
  -0.0173772    0.0930564     0.126485    0.0666192
  -0.0132955    -0.137344    -0.138718     -0.22365
  -0.0218404   0.00629006    0.0408644   -0.0522525
  -0.0968626    0.0493904  -0.00261459    0.0930995
   0.0209219    0.0701447    0.0625641   -0.0192424
  -0.0093509   -0.0126475    0.0242851    0.0409979
   0.0764483     0.075154    0.0608929    0.0889752
 -0.00245023   -0.0239861    -0.114297   -0.0172368
   0.0587768     0.113289    0.0736058     0.123811
  -0.0318453    0.0332363     0.109277     0.102092
   0.0102889   -0.0194651    0.0432311    0.0123766
   0.0220771    0.0383064   -0.0774577   -0.0153335
 -0.00197633   -0.0114661   -0.0827373   -0.0011497
   -0.028217     0.081925     0.213855     0.204851
   0.0998578     0.138918     0.182898      0.06216
   0.0018603     0.178021     0.251338     0.309667
  -0.0789475   -0.0589016   -0.0828048   -0.0762461
  -0.0656183    0.0828177    0.0654193   -0.0125525
   0.0580118    0.0478594    -0.077521   -0.0236945
   0.0298402    0.0452149     0.199081     0.139755
   0.0454395    0.0135866    0.0707762   -0.0355827
   0.0556535    0.0676748   0.00363648    0.0392349
  -0.0203813  -0.00257906   -0.0816559   -0.0982254
   0.0400347   -0.0560153     0.021493   -0.0362644
   0.0261084   -0.0502037    -0.134388    -0.142397
  -0.0386935    0.0815942   -0.0108154    0.0875608
   0.0261297    0.0825625     0.181568     0.129139
  -0.0252193   -0.0144575   -0.0201658   -0.0610626
  -0.0258148   -0.0616446    0.0380362   -0.0926754
   -0.123144    0.0224615    0.0255118   -0.0102374
  -0.0593429    0.0178481   -0.0018713   -0.0131094
  -0.0203933   -0.0595578    0.0223684   -0.0240496
   0.0558677    0.0802692    0.0915416    0.0609254
   0.0330062   0.00595147     0.056966     0.104083
    0.029189    0.0430565   -0.0360685   -0.0407244
  0.00980659    0.0619559    0.0716742    0.0931111
   0.0336419   -0.0495485   -0.0622871    -0.164466
   0.0591024    0.0965044     0.187816     0.244013
   0.0902286    0.0713807     0.196512     0.193004
  -0.0257291   -0.0687712    -0.137777    -0.171644
   0.0381693   -0.0750599   -0.0201783    0.0336334
  -0.0053167    0.0357541   -0.0188247   -0.0750803
   -0.031889   -0.0133887    0.0334163    0.0731255
   0.0588144    0.0146177    0.0891528    0.0263869
  -0.0199431   -0.0752953   -0.0785986    -0.135664
 -0.00459262     0.068121     0.170529     0.223214
  -0.0544473  0.000457005    0.0266387   0.00262722
   -0.018388    0.0118988    0.0498209    0.0524732
  -0.0320778   -0.0323172   -0.0399757   -0.0719546
   0.0657809   -0.0539261   0.00241922    -0.105832
  -0.0387789    0.0450237    0.0484116   -0.0506631
   0.0543499     0.111161    0.0482502    0.0966733
   0.0543461   -0.0175394   -0.0030741    0.0837492
  -0.0463384   -0.0099468    -0.114819   -0.0529942
 4.44051e-05    -0.132303    -0.208005    -0.221527
  -0.0354373   -0.0543569    -0.158539    -0.158286
   0.0490457    0.0634191    0.0810037     0.133049
   0.0484528   0.00241144    0.0344247   0.00749237
   0.0180426    -0.126584    -0.107937    -0.207723
   0.0523194  -0.00641361   -0.0704987   -0.0110545
   0.0505189  -0.00829753    0.0671827   0.00755397
   0.0121532     0.024457   -0.0543189    -0.125317
  -0.0280216    0.0418231   -0.0345791  0.000633701
    0.041096    0.0204949     0.146341     0.194566
   0.0197164    -0.069738   -0.0931562   -0.0243812
   0.0617935   0.00944098   -0.0193089    0.0437854
    0.106959     0.104528    0.0252904    0.0775795
 0.000502266    0.0644092    -0.022248   0.00228781
    0.013352      -0.0715    0.0404912   -0.0232048
    0.070744   -0.0672488    0.0248067   -0.0405363
  -0.0840023   -0.0969066    -0.133894     -0.14737
  -0.0384169    -0.109993   -0.0948401   -0.0905608
  -0.0446827   -0.0681797   -0.0281751   -0.0758547
  -0.0199591    0.0654116     0.139215    0.0435524
   0.0614742    -0.008558   -0.0671757   -0.0947921
   0.0596608   -0.0830788   -0.0310476    -0.138426
  -0.0373158   -0.0160334    -0.146061    -0.193598
   0.0282245   -0.0983574    -0.167943    -0.149215
 -0.00269027    0.0443216    0.0627372   -0.0553363
   0.0369971   -0.0295182    0.0249352   -0.0157759
     0.11218     0.110365     0.290632     0.196744
  -0.0200634  -0.00645321  -0.00988689   -0.0542906
   0.0286109   0.00663032     0.158372     0.133807
   0.0201801    0.0195167   -0.0622288   -0.0598142
   0.0372001   -0.0839922   0.00801989    0.0303367
  -0.0601202    0.0290519    0.0357991    0.0762967
  -0.0377018    0.0433952     0.114933      0.11673
   0.0155177   0.00870011    0.0916465    0.0128416
  -0.0345492    0.0729701    0.0793892    0.0296676
 -0.00458409    0.0543711     0.108443    0.0408631
  0.00577861    0.0300629    0.0761024    0.0311809
  -0.0672231    -0.100124   -0.0578459    -0.043696
  -0.0486069    0.0204788   -0.0292614   -0.0445016
   0.0159366   -0.0193548    -0.149099    -0.177702
   0.0451224   -0.0124903    0.0158118     0.119972
 -0.00661876    0.0251681    -0.054836   -0.0871008
   0.0455707   -0.0250662    0.0293369   -0.0960687
   0.0259889   -0.0198955    0.0259037    0.0946492
   0.0757519    0.0951278    0.0885006    0.0958188
   -0.102237   -0.0712291    -0.107765   -0.0958852
  0.00837747   -0.0636903    -0.139631    -0.115132
  -0.0254896     0.106465     0.140397    0.0940033
  -0.0611498    -0.062022    -0.184138     -0.17442
   0.0506177     0.037095     0.118876     0.112991
   -0.073315  -0.00203292    0.0145011    0.0272276
   -0.016183   -0.0945125   -0.0828507   -0.0626343
   0.0498034    0.0154749    0.0307249    0.0379205
  0.00271663   -0.0019223   -0.0515076    0.0789473
   0.0308634    0.0493689     0.136528     0.149506
   -0.086913   -0.0358675   -0.0506005    0.0134809
  -0.0375924    0.0206833    0.0319474   -0.0462599
  -0.0341308    0.0451071      0.01196   -0.0414573
   0.0306398    0.0865001     0.130884     0.145738
   0.0810935    0.0686523    0.0565311   -0.0610137
   0.0787469    0.0112134    0.0511595   -0.0320883