  -0.0300379   0.00496914   0.00884426    -0.055442
   0.0920209   -0.0306556  -0.00985237    0.0643386
    0.107007   -0.0130803   -0.0946852   -0.0113743
  -0.0291923   -0.0370288   -0.0243816    -0.124657
  0.00593144   -0.0625834    0.0462388    0.0801917
  -0.0341299    0.0614073    -0.153245    -0.105769
  -0.0963763   -0.0264364     0.135934    0.0761789
    0.141814   -0.0227416   -0.0053394   -0.0218464
   -0.182407  -0.00872715     0.186915  -0.00339282
  -0.0493087    0.0664159   -0.0963346     -0.15502
   -0.157913   -0.0335217      0.28262     0.299759
   0.0230615     0.033645     -0.08788    -0.114713
   -0.172542   -0.0229165      0.26193     0.229499
     0.17446   0.00791792   -0.0738191   -0.0489882
  -0.0718027  -0.00941753    0.0123732    0.0618992
    0.074453   -0.0208438   -0.0154892   -0.0808405
   0.0775342    0.0873232   0.00461363   -0.0656325
   0.0244683    0.0102711    -0.182251    -0.169359
   0.0861993  -0.00937068    0.0559686   0.00541016
  -0.0553604   -0.0245531  -0.00753519  -0.00486032
    0.151482    0.0327009   -0.0671837   -0.0480909
   0.0420552    0.0464793     0.138597     0.135422
  -0.0710422   -0.0212534    0.0569469   -0.0535672
   -0.017748   -0.0225437    0.0022635   -0.0588186
    0.119696    0.0613173   -0.0699017    -0.094327
  -0.0768643    -0.043293   -0.0806817     -0.14795
   0.0209652    -0.029854     0.144293     0.107773
  0.00883342   -0.0124627    0.0962576      0.11656
   0.0385381   -0.0402399     -0.14886    -0.169582
  -0.0578634    0.0412402    -0.129849    -0.219444
   0.0719976  -0.00249285    -0.158031    -0.162389
   0.0434292    0.0504409    -0.186702     -0.18067
   0.0176408   0.00655899     0.178373     0.128758
 -0.00206183  -0.00615829    0.0485855    0.0172997
     0.14976    0.0615411    0.0654944    0.0787553
  -0.0988554     0.047925   -0.0228244  -0.00302474
   0.0955435   -0.0029368   -0.0831537   -0.0493695
    0.035475   0.00566374   -0.0759536    -0.108742
    0.071569   -0.0359747   0.00971743  -0.00376283
     0.18177   -0.0411202  -0.00589753    0.0749456
   0.0293387   -0.0269848     0.012878   -0.0414187
   0.0309688   -0.0532503      0.12256    0.0357104
  -0.0479744    0.0207666   -0.0622179    -0.128804
   -0.122061   -0.0930354      0.16188    0.0369395
 0.000583127   -0.0124652   -0.0155334   -0.0750572
   0.0331592   -0.0178622     -0.15211   -0.0870514
    0.115122   -0.0141349    0.0954875    0.0507442
   0.0834976   -0.0014229   -0.0253052     0.066276
    0.105559   0.00803132   -0.0478345   -0.0617172
  -0.0958279  -0.00445108     0.041322     0.032523
    0.124631   -0.0184225     0.265301     0.295552
   0.0443201  -0.00061441     0.261346     0.229702
   0.0414701    0.0115627    0.0323348   -0.0739847
    0.101094    -0.010299    -0.101573  -0.00141729
  -0.0142036   -0.0840701    0.0462937    0.0334309
  -0.0315564   -0.0498763      0.11783    0.0725192
 -0.00542391   -0.0528258    0.0879451     0.184364
   0.0703056   -0.0124718    0.0227578    0.0569525
   0.0492746    0.0237873    0.0283818    0.0672971
   -0.065397   -0.0234953    -0.098804    -0.158937
   -0.166844    -0.110467     0.276716     0.216492
    0.028069   -0.0543673   0.00423831    0.0157057
   0.0362912    0.0245874     0.174786    0.0999267
   0.0957067    0.0816515    -0.106246    -0.114935
    0.217465    0.0150134     0.135033     0.198498
   0.0345969    0.0118349    0.0990098    0.0843299
    0.203872    0.0756366    0.0214737    0.0723034
   0.0858496    0.0367021    0.0452791     0.117018
    0.036806   -0.0532339     0.195013     0.154605
   -0.112012   0.00785833      0.16445    0.0809298
  0.00206586    0.0166332     0.061811     0.135883
  -0.0343079   -0.0348004   -0.0143713    0.0271651
   0.0706569    0.0630468     0.079405   -0.0354663
   -0.010551   -0.0464493    0.0269749    0.0608929
   0.0257237   -0.0113338    0.0383017    -0.038346
  -0.0572413   -0.0584663    0.0517417    0.0466482
  -0.0467404    -0.042623      0.23118     0.205095
   0.0546014     0.102984    -0.447876    -0.367972
  0.00806579   0.00981194   -0.0689365     -0.07736
  -0.0690508    0.0248416    0.0645461    -0.025251
   0.0183335   -0.0170794    0.0335581    0.0685554
    -0.11822     0.018431     0.126408   -0.0190344
   0.0157065  0.000857157    0.0180112    0.0476108
   0.0199992     0.054515   -0.0502931   -0.0840023
  -0.0310264    0.0630905    0.0288574    -0.034906
    -0.13336   -0.0745535     0.205333     0.212722
 -0.00473469   -0.0185666   -0.0406404   -0.0402303
   0.0927986   -0.0404891    0.0583314   -0.0161146
   -0.003099    0.0666143   -0.0899752    -0.106039
  -0.0632816    0.0307651     0.171436     0.028008
    0.184131    0.0114225    -0.165252    -0.155425
    0.015368    0.0695011   -0.0837265   -0.0807054
    0.110475     0.090417   -0.0453406   -0.0752277
    0.056948   -0.0398676    -0.166937   -0.0894103
   -0.123047    0.0458902    -0.145914    -0.165822
   0.0912051    0.0263395    -0.146623    -0.151934
  -0.0238487   0.00206281     0.231093     0.119169
    0.030825    0.0122978   -0.0438821   -0.0645719
 -0.00907074   -0.0602452    0.0292577    0.0796691
    0.061002    0.0482337    0.0394429   -0.0712522
   0.0805293    0.0470789    -0.218828    -0.241278
  -0.0255654  -0.00458464      0.21513      0.12154
    0.176633    0.0232741   -0.0403798   -0.0376419
   0.0432106     0.036242    -0.183054      -0.1976
   0.0719421    0.0979107    0.0337539    0.0785599
 -0.00812914    0.0099389    0.0333275   0.00907428
    0.132917    0.0130975     0.243867     0.273033
   0.0447328  -0.00512515    -0.128889    -0.108584
     0.10147   -0.0370004     0.171347     0.168293
    0.170037   -0.0269873    -0.059784  -0.00314853
   -0.140714   -0.0984946     0.126435    0.0805747
  -0.0124278    0.0556522    -0.270725    -0.266074
     0.18323     0.128163    -0.178341    -0.111765
   -0.155721   -0.0192587    0.0432184    0.0167185
   -0.038922    0.0314347   -0.0553106   -0.0781259
    0.108079     0.117251    -0.164071   -0.0746621
   0.0104397   -0.0572807    0.0691838    0.0271914
   -0.101699  -0.00465343    0.0877514    0.0452277
   0.0545518   -0.0463942   0.00857544   -0.0713908
   -0.161882    0.0164434     0.134856      0.10358
   -0.047255   -0.0125278  -0.00243989    0.0834995
   0.0892006  0.000258593    -0.126108    -0.100747
  -0.0555582    0.0245636     0.171863     0.142311
   0.0116526    0.0244785    0.0335913     0.081543
    0.104088 -0.000599888   -0.0252546  -0.00740089
   0.0487934    0.0450803    0.0719789   -0.0574389
   0.0324798    0.0426754    0.0839583    0.0825161
   -0.033667    -0.058815   0.00651216    0.0586782
    0.105827  -0.00954648  -0.00601567  -0.00330043
  0.00419025    0.0198487     0.252255     0.320219
   0.0126542    0.0909189   -0.0974003    -0.104842
   0.0483604     0.112313   -0.0959361    -0.122548
    0.111205    0.0272903    0.0790283    0.0973019
  -0.0139058   -0.0685377    0.0604887    0.0177936
   0.0424628  -0.00745131   -0.0682353   -0.0939487
   -0.209231   -0.0534789     0.315427     0.143602
   0.0856957    0.0900155    -0.222061    -0.118192
   0.0283116    0.0387496     0.142642     0.103448
   0.0578602    0.0688787     0.104918     0.113742
   0.0294848    0.0608953    -0.108518   -0.0547661
  -0.0124969    0.0747074   -0.0379728   -0.0124185
   -0.145182   -0.0909942    0.0269936   -0.0560339
  -0.0302063    0.0294969    -0.142549    -0.188719
   0.0487467    0.0601005    0.0781361     0.139478
   0.0904674    0.0564099    0.0257275   -0.0366377
   0.0846677   -0.0253246    0.0143961    0.0372461
   -0.017485    0.0341439     0.130017    0.0426668
   -0.130167   0.00180155  -0.00918891     0.022784
    0.106472    0.0555831   -0.0381357    0.0365987
  -0.0110039     0.074679    -0.160935    -0.228292
   0.0314265    0.0415032    0.0945964     0.018845
  -0.0746805   -0.0175664   0.00381263   -0.0378575
   0.0203634   -0.0275658   -0.0401905     0.057188
  -0.0200424    0.0125599    0.0701353    0.0835053
    0.141109     0.112609    -0.294392    -0.200859
  -0.0314856   0.00873003    0.0138922   0.00325577
    0.131591  -0.00384252  -0.00621666    0.0164106
   -0.142157   -0.0179719      0.23665     0.117781
  -0.0208215    0.0304643    -0.116597    -0.209981
  0.00360344    0.0347699    -0.171091    -0.133981
   0.0719242    0.0674923    -0.094114    -0.116586
   0.0696405    0.0127709    0.0606176  -0.00841926
  -0.0130238   0.00917063   -0.0528686   -0.0848399
 -0.00953219   -0.0442706    0.0538719     0.032561
  -0.0398361    -0.044858     0.244147     0.253124
   0.0664366    0.0820232   -0.0414708    -0.057967
    0.118922    0.0739094       -0.102   -0.0219183
   0.0373136   -0.0543732     0.034475    0.0592925
   0.0117565    0.0300862    0.0500637    0.0166308
 0.000602246      0.06238      0.10356    0.0244974
   -0.176252    -0.101954    0.0114258    -0.109454
   -0.108815    0.0167741     0.026695   -0.0444089
  0.00369892    0.0492448    -0.024701    0.0294042
   -0.168858   -0.0357304     0.125532   -0.0927658
   -0.135617   -0.0223664     0.246037    0.0771069
    0.157135    0.0722095    -0.131737   -0.0737933
  -0.0351502    0.0125611     0.134034     0.178561
   0.0862146     0.022064    0.0400984    0.0493917
   0.0555692   -0.0151445   -0.0421455   0.00526934
   0.0768294   0.00281946     0.103017    0.0637584
   0.0358107   -0.0235132    0.0308819    0.0626493
   0.0886897    0.0704898  -0.00631249    0.0095025
   -0.204219   -0.0530299     0.356819     0.240476
   -0.022907    0.0116191     0.189526     0.209983
   -0.109374   -0.0191526     0.128538  -0.00304645
   0.0898418    0.0891512    -0.201038    -0.179892
    0.036407   -0.0382619    0.0866207   -0.0551428
    0.138346     0.100203    -0.240239    -0.176109
   0.0604474    0.0209225    -0.152014   -0.0198084
  -0.0754594    0.0366406    0.0483554 -0.000912252
     -0.1372   -0.0353939    0.0857545   -0.0361967
 -0.00608237   -0.0545142    -0.043538  0.000985125
  -0.0754818   -0.0256913   0.00176971   -0.0609013
   0.0111277   -0.0293357   -0.0978681    -0.143832
  -0.0480062   -0.0350857   -0.0375712    0.0291935
  -0.0424306   0.00789581      0.23798    0.0785903
   -0.168524   -0.0952603     0.132082    0.0407547
   -0.126834   -0.0712001   -0.0408722    -0.086573
   0.0151194    0.0799454   -0.0266829    0.0234475
 -0.00715993    0.0285367    0.0832151   -0.0183104
    0.126899     0.120506    -0.183661    -0.175104
   0.0231766     0.080259    -0.138472    -0.172811
   0.0521461    0.0509399   -0.0460505    -0.120203
   0.0658683    0.0388862    0.0615536     0.057142
   0.0986786    0.0637128    -0.164333     -0.13357
   -0.114271   -0.0665633    0.0356059  -0.00778359
 -0.00970722    -0.037833    0.0602092    0.0935134
   -0.141626   -0.0986514     0.191315     0.091711
   0.0420647    0.0265089     0.198549     0.178224
  0.00611055   -0.0177687   -0.0245936    0.0531544
    0.143261     0.100071    -0.192936    -0.193973
    0.203421  -0.00591683    -0.029053  0.000435147
   0.0483662  -0.00124959   -0.0838663    -0.114433
   -0.133455   -0.0451762     0.145487    0.0232056
  -0.0546376    0.0570522    0.0315696    0.0659499
   0.0595376    0.0620482  -0.00647238    -0.120673
  0.00804218   -0.0349489     0.153754     0.178638
    0.130211    -0.034798   0.00175259   -0.0327636
  -0.0329305    0.0111354   -0.0449327   0.00423973
  -0.0813312    0.0207666    0.0453148   -0.0542064
    0.123773    0.0619502    0.0965976    0.0836047
   -0.196464   -0.0934781     0.146967     0.102597
   0.0717449    0.0543333   -0.0929559    -0.115039
  -0.0683506    -0.026514  -0.00610614    0.0130789
  -0.0357256   -0.0494715    0.0879664    0.0280178
   0.0905422   -0.0590498   -0.0234444   0.00352102
 -0.00333817   -0.0753487    0.0399042    0.0991003
  -0.0541256   -0.0643792     0.077275     0.112428
   -0.177793   -0.0899956     0.158646  -0.00422476
    0.132958    0.0856689    -0.067593    0.0843551
   0.0708298   -0.0263875   0.00618786    0.0273128
   0.0339356   -0.0411565   -0.0590744    -0.045427
   0.0422057    0.0669819   -0.0355393    0.0549724
  0.00998762    0.0505626   -0.0209188    0.0129885
     0.12078     0.110779    -0.237932    -0.176142
   0.0571026    0.0409426     -0.29557    -0.361955
   0.0351823   -0.0778083     0.132826     0.132193
  0.00439533    0.0571197    0.0945773    0.0186714
   0.0315839    0.0548561   -0.0782022   -0.0432175
   0.0446955    0.0868831    -0.196523    -0.166883
  -0.0392773   -0.0109585    0.0539814   -0.0636568
  -0.0928333   -0.0401463     0.206633     0.170202
   -0.109635   -0.0814222    0.0524347    0.0478293
    0.110613    0.0713567    -0.114489     -0.20107
  -0.0115016    0.0332045     0.102053    0.0473332
     0.18832  -0.00557786    0.0527924    0.0377908
   -0.067731   -0.0269002      0.13896   -0.0149015
    0.106324   -0.0186493  -0.00469845    0.0884675
    0.132547   -0.0142607    0.0342018     0.116733
  -0.0183277   -0.0384621    -0.149438    -0.162482
   0.0271413    0.0522313     0.163858    0.0864434
   0.0199729   -0.0439162   -0.0510512   -0.0254278
 0.000930331   -0.0358103    0.0917788   -0.0510763
  -0.0244835     0.038148    0.0114757   0.00134827
   0.0508993  -0.00702306    0.0202273    -0.041769
  -0.0670551   -0.0254295    0.0634554    0.0424146
   -0.117415    0.0132483    0.0355767   -0.0722668
  -0.0243363   -0.0268855  -0.00129116  -0.00291972
   0.0479575    0.0486224   -0.0323078    0.0307854
  -0.0712662    0.0242184     0.122528    0.0707377
   0.0966837    0.0123218    -0.107162   -0.0349066
   0.0829482    0.0846159    0.0712718    0.0331416
    0.104139    0.0902161    -0.220615   -0.0845828
   0.0293449    -0.049839     0.122277     0.196831
   0.0574792    0.0807402   -0.0661008    -0.104492
    0.120249    0.0252751   -0.0355416   -0.0229071
    0.158708    0.0246189   -0.0122484   -0.0779164
   0.0290653      0.10658    -0.356016    -0.309529
  -0.0140046    0.0139448    0.0399352   -0.0496959
   0.0748335   -0.0442181    0.0367465     0.136004
   0.0216023    0.0234481   0.00821333    -0.028617
   0.0774357    0.0698439    0.0385899 -0.000847104
    0.130702    0.0343906   -0.0535498    0.0466606
 -0.00343179    0.0491996  -0.00282369   -0.0805684
 -0.00167227    0.0109997    0.0140269    -0.012848
   0.0932109   0.00219355     0.125333     0.183707
   -0.104636    0.0226251    0.0870178    0.0819685
    0.153794    0.0975704   -0.0869639    -0.027464
  -0.0115488    0.0532124   -0.0394709   -0.0390318
   0.0884136    -0.029007    -0.094951    -0.108829
   0.0899586    0.0815265  -0.00525429   -0.0179106
    0.052298    0.0288593      0.01001    0.0563998
   -0.173186   -0.0874497     0.135892    0.0722506
   -0.147499    -0.102403     0.244497     0.174955
    0.119988    0.0177821   -0.0258404   -0.0784746
    0.175434    0.0569744    -0.154446    -0.024707
  -0.0394356    0.0305438    -0.031685    -0.148061
     0.10226   -0.0508401     0.083604    0.0966608
  -0.0249351    0.0703916    0.0467851     0.107215
   0.0968836    0.0369818    -0.176787    -0.085159
   -0.111667    0.0338643    0.0475292     0.102795
   0.0126297   -0.0437041    0.0321393    0.0438582
   0.0207621   -0.0408278     0.153013     0.157767
   0.0835209    0.0405481   -0.0163541    0.0694874
 -0.00760226  -0.00846372   -0.0340668   -0.0885477
   0.0890995  -0.00974468   -0.0814428    -0.141582
    -0.04445   -0.0653715     0.173922     0.178722
  -0.0813501    0.0495704    0.0514172    0.0226713
   0.0721951    0.0556297     0.147494    0.0649272
   0.0224731    0.0841713    -0.215846    -0.194735
   -0.087147   -0.0832498     0.124255    0.0154969
    0.125545    0.0538818    0.0530409    0.0611084
    0.189416    0.0521577    0.0251237     0.119595
  0.00885081     0.024028    0.0737504   -0.0285272
  -0.0330803  -0.00248192    0.0206225    0.0134021
   -0.229422   -0.0946592     0.195601    0.0319758
  -0.0307908   -0.0510427    -0.018384  0.000694154
   0.0799064    0.0266682   -0.0340317   -0.0768884
   0.0643472   -0.0246052   -0.0860146    -0.154926
  -0.0821526   -0.0713978   -0.0404995    -0.134055
    0.059901    0.0348988    -0.138685   -0.0558478
  -0.0491673    0.0662043 -0.000975372    0.0825122
   -0.102491    0.0074454     0.119344    0.0866867
   -0.206475   -0.0292083     0.243871     0.205147
   0.0157616   -0.0589304      0.10041    0.0977859
   0.0705646   -0.0759239      0.21205     0.156511
 -0.00333725   -0.0212427     0.199674     0.196128
  0.00359754 -0.000622288     0.129393    0.0257118
   0.0068685   -0.0412881  -0.00432024    0.0359028
   -0.105644   -0.0446099   -0.0182493    0.0124533
   0.0903901   -0.0377709  0.000323224   -0.0890742
    0.039106   -0.0540199    0.0768731    0.0792144
   0.0562881     0.010378    0.0392474    0.0388155
  -0.0475779  -0.00973198  -0.00923073    0.0445326
 -0.00710768    0.0281508    0.0991678     0.044033
   -0.146692  -0.00695011     0.116511     0.103285
  -0.0101148    0.0204345   0.00813599  -0.00351795
    0.168036   0.00581945    -0.165478   -0.0657141
    0.168839    0.0605051     0.124097    0.0697283
  -0.0607081   -0.0129272     0.226951     0.137937
   0.0437488    0.0890623    0.0260479    0.0260631
   0.0430535    0.0445554    0.0122815   -0.0146978
  -0.0660718   -0.0316043   -0.0174152    0.0124492
  -0.0103598     0.025089    0.0357308    0.0270083
  -0.0577371   -0.0268435     0.133909     0.129741
  0.00267244    0.0606219  0.000610471   -0.0675351
   -0.175118   -0.0272676     0.179372   0.00865307
   -0.214344   -0.0429894     0.150252    0.0407167
  -0.0148635   -0.0157004     0.100264   -0.0182547
  -0.0426266    0.0368431   -0.0151207   -0.0755481
   -0.087911   -0.0232023     0.184653    0.0741239
  -0.0233496    0.0797039    -0.102027     -0.12224
  -0.0199573    0.0141268    0.0251288   -0.0537073
  -0.0476294   -0.0212152    0.0835306   -0.0156873
   -0.165054   -0.0031211    0.0581773    0.0430201
   -0.231863  -0.00596504     0.105199   -0.0650067
   -0.168303    -0.047645     0.157837    0.0920193
 -0.00102703   -0.0316564   -0.0883259   -0.0582772
 -0.00764919     0.014762   -0.0636728   -0.0492117
   0.0386067    0.0786978    -0.186755   -0.0955467
   -0.119644    -0.070299     0.112361    0.0240648
    0.125573   -0.0121479     0.107436     0.177576
  -0.0757501    0.0271072     0.106616     0.126372
   0.0384581    0.0491783   -0.0140356    0.0198888
    0.100822     0.102453   -0.0272138    -0.056883
   0.0540301    0.0742178      -0.1451    -0.141285
    0.144415    0.0682753   -0.0657983    -0.104675
   0.0731193     0.044597   -0.0738056    -0.104125
 -0.00124539    0.0577133     0.052085    0.0998763
  -0.0644553   -0.0123312   -0.0427579   -0.0647471
   0.0852035    -0.047495    0.0268508    0.0991074
   0.0655691    0.0475368    0.0765547    0.0612666
  -0.0693384   -0.0755705      0.24339     0.246772
   0.0765838   -0.0217404     0.108636    0.0595234
  -0.0382177   -0.0262644    0.0451043    0.0207986
   0.0158563    0.0337812    -0.107086   -0.0760322
   -0.116938   -0.0709906    0.0344661   -0.0717441
    0.134128    0.0924759    0.0383254    0.0866302
  -0.0457294   -0.0530052    -0.102291   -0.0915092
   0.0122069   -0.0206268     0.150009    0.0697957
    0.015782    0.0299056    0.0410271  -0.00244155
    0.195386    0.0516913     0.163917     0.170914
  -0.0304825   -0.0540312     0.157337    0.0543856
   -0.130727   -0.0544961  -0.00332346    0.0470403
  -0.0247983    -0.069185    0.0902662     0.117382
  -0.0467276    -0.040527    0.0124186   -0.0217403
   0.0785772   -0.0402911   0.00350393   -0.0549267
  -0.0366205  -0.00311033    0.0331398    0.0504909
  -0.0322676   -0.0162612   -0.0499619   -0.0873021
   0.0722394    0.0246413   -0.0181179    -0.112606
  -0.0838527   -0.0196253     0.024663    0.0147715
   0.0962954     0.031982     0.161489     0.090783
   0.0689903   -0.0522009    0.0469428    0.0227917
   -0.090249   -0.0345113     0.161925    0.0614524
    0.130342    0.0546965    -0.276367    -0.231392
   0.0753451    0.0479816    0.0847898    0.0182987
   0.0119086  -0.00923935    -0.114328   -0.0544014
   -0.123201   -0.0875447     0.309383     0.136275
    0.122368    0.0565248    -0.258121     -0.10488
    0.246914   0.00253134    0.0715042     0.164646
   0.0016258   0.00192982    0.0876556    0.0363808
    0.022832    0.0616516    -0.208595     -0.21215
    0.112284    0.0804953    0.0289612    0.0367184
    0.154632     0.104677     -0.11265    -0.113545
   0.0633351    0.0572443   -0.0814867    -0.139578
  0.00664729   -0.0437416   -0.0757841   -0.0686292
   0.0424368  -0.00525889    -0.057267 -0.000241103
    0.104421    0.0761704    -0.121147    -0.100464
  -0.0671622   -0.0609297    0.0850426    0.0710114
  -0.0226718   -0.0118171   -0.0631609   -0.0465841
  -0.0599309   -0.0126049  -0.00346207     -0.10559
    0.106246     0.064503   -0.0579834    0.0429076
    0.123925   -0.0208737    0.0933825  0.000548828
   0.0698554    0.0572155   -0.0289006    0.0350802
  -0.0570781   -0.0576547  -0.00666248    0.0593471
 -0.00101644   0.00939939    -0.045319    -0.127332
  -0.0360714    0.0586932  -0.00694094   0.00258664
   0.0144366   -0.0490221    0.0925667    0.0540305
  -0.0503721    0.0161036     0.131995      0.17389
    0.129451    0.0151393   -0.0520291    -0.135909
    0.012655    0.0633916   -0.0996822   -0.0736881
   0.0776345  -0.00807787   -0.0518806   -0.0353351
   0.0396999    0.0435882     0.197213    0.0568329
 -0.00339471    0.0359255     0.172475     0.137842
   -0.010707    0.0248665    0.0888004   0.00944226
 -0.00649071    0.0159456   -0.0889631   -0.0859019
  -0.0886193    0.0239702    0.0327772    0.0672974
    0.037773    0.0509771     0.140755   0.00472101
   -0.103799    0.0441137   -0.0321638   -0.0828086
   0.0581147   -0.0637975     0.192431      0.21925
  -0.0627991   -0.0649275    0.0154931    0.0783205
     0.15264    0.0582431    -0.113453    -0.156185
   0.0366192   0.00649931   0.00238212   -0.0149612
    0.149085     0.073202    0.0428091    0.0667589
    0.138047  -0.00761011    0.0410421     0.141107
  -0.0853528   -0.0437283    0.0387478   -0.0266202
   0.0399817   -0.0120066    -0.259103     -0.25763
   0.0044993    0.0339359   -0.0468246   -0.0433142
   0.0689009  -0.00803632   -0.0568889   -0.0557057
   0.0443131   -0.0305804    0.0206544    0.0512454
  0.00506815   -0.0917694   -0.0145298    0.0257916
   0.0510156    0.0290914     -0.15852   -0.0860907
   0.0216314   -0.0500773   -0.0384662   -0.0406328
  -0.0722783   -0.0581679 -0.000979856   -0.0913374
   0.0746675   -0.0265035   -0.0582711   -0.0423943
    0.166564   -0.0193682     -0.11209     -0.01856
     0.10764    0.0595925    -0.336028     -0.35047
   0.0342745   -0.0281939    0.0783106   -0.0252202
    0.100091    0.0146727    -0.216364    -0.211776
  -0.0615148   -0.0503226     0.133874      0.13806
   -0.189567   -0.0639715     0.167778    0.0609369
    0.095375   -0.0688426     0.166135    0.0165116
   0.0504106    0.0581846    -0.122297   -0.0599433
  -0.0456306  -0.00289754    0.0559345    0.0176902
   0.0948935    0.0384602    0.0933762    0.0852883
 -0.00831667   -0.0329934     0.205499     0.177601
  -0.0166711   -0.0926501     0.229489     0.163653
   0.0548164   -0.0119297   0.00717914    0.0364121
 -0.00693172    0.0272025    -0.165742     -0.11664
    0.062775    0.0594116   -0.0169156   -0.0262579
  0.00375864   0.00507174     0.236197       0.1211
   -0.152612   -0.0587371     0.232594     0.127185
   0.0729675    0.0341598     -0.19543    -0.264426
   0.0546913   -0.0703465   -0.0617097    0.0314074
  -0.0561925   -0.0354354       0.1452      0.08336
   0.0419335    0.0200759    0.0679172    0.0786479
    0.151505   -0.0310031    0.0590908    0.0973257
    0.175802    0.0365795    -0.104274    -0.097873
    0.081159   -0.0199901    0.0886805     0.105424
   0.0445104   -0.0194965    0.0388135  0.000217596
   0.0443749    0.0414069   -0.0882593    -0.035732
   0.0352462  -0.00590051 -0.000705459   -0.0355725
 -0.00177878    0.0699233   -0.0677335    -0.198639
   0.0217557    0.0485555    -0.148628    -0.175301
  -0.0485635   0.00765825  -0.00662199    0.0158139
 -0.00122054   -0.0379748      -0.1115    -0.113581
   0.0145894     0.063469    -0.119116   -0.0420296
   0.0100248    0.0607745   -0.0229357   -0.0298785
  -0.0845351   -0.0448828      0.11875   -0.0353766
   0.0457768   -0.0562806  -0.00191158    0.0716346
  -0.0552352   -0.0508089     0.139886    0.0883784
  -0.0911007    0.0320387     0.117405    0.0747345
   0.0402845   -0.0552494   -0.0162875    0.0865985
  -0.0697191    0.0493258    0.0947353   -0.0308832
   0.0956025   0.00515161    -0.119447     -0.08038
   0.0120677    0.0470293    0.0927822    0.0618505
   0.0840094    0.0331539   -0.0286758     0.038628
   0.0418138   -0.0247767   0.00417287    0.0429314
  -0.0103758   -0.0380176   -0.0385161    0.0294906
  -0.0669299    0.0400252    0.0160813   -0.0515041
   -0.050515   -0.0627597     0.157033     0.135927
   0.0305168    0.0432034   0.00124141  -0.00253093
   0.0440804   -0.0338831   -0.0181432   -0.0952815
  -0.0399906    0.0109229     0.128641    0.0507393
   0.0516784     0.042284    0.0563909     0.134982
  -0.0178426  -0.00693099     0.178899     0.211106
  -0.0229366   -0.0436796    0.0971134    0.0445449
  -0.0152737   -0.0255468   -0.0709941    -0.151683
    0.205784   -0.0231221    -0.119791   -0.0657199
   0.0129306    0.0398406    -0.131428    -0.136724
 -0.00973563   -0.0109785    0.0498506    0.0961517
   0.0204539    0.0133226     0.129133     0.131877
   0.0348342     0.049722    0.0323529    0.0954981
  -0.0466097   -0.0708917     0.170791     0.127572
   0.0139356  0.000569989   0.00804111   -0.0642356
   0.0392488   -0.0156465   -0.0651839    -0.107479
  -0.0204701   -0.0247228    0.0215575    0.0465326
  -0.0142128   -0.0464917     0.102358    0.0501077
  -0.0586483   -0.0532841     0.117452    0.0941226
  -0.0355078  -0.00742275     0.152847     0.241275
  -0.0298706   -0.0323128    0.0178314    0.0735214
   -0.147064    0.0113057   -0.0613875    -0.155205
  -0.0992425   -0.0437805     0.115477     0.076053
  0.00873619    0.0164524    -0.144167   -0.0614045
   0.0250096   0.00959009  -0.00707437   0.00119762
  -0.0832404    0.0315756   0.00107531  -0.00734587
  -0.0875674   -0.0583212    0.0323923    0.0120364
   -0.137066   -0.0672382   -0.0484044    -0.142237
    0.118589   -0.0254638    0.0694589    0.0839175
    0.164486    0.0250852    -0.118073    0.0110195
    0.138021    0.0931975   -0.0191108    0.0508329
   0.0370622    -0.027636    0.0180383   -0.0322517