    0.148362    0.0549472  -0.00467166   -0.0690588
  -0.0895182    0.0223388   -0.0126736    -0.025295
  -0.0339886      -0.1168    0.0700424    -0.106972
    -0.13139    -0.068598    0.0681613    -0.034079
   -0.162477    0.0334076     0.046861     0.106528
    0.209667    0.0353216   -0.0800809   -0.0848452
   -0.123317   -0.0639438     0.012794    0.0551333
   0.0446576   -0.0140896   0.00184202    -0.107297
   0.0293628      0.10244    0.0103877 -0.000809275
   -0.100835   -0.0719603    0.0580652    0.0131453
    0.072993    0.0345518   -0.0309293   0.00717978
   -0.272777    0.0532533    0.0481481    0.0985141
      -0.171   -0.0515828    0.0430738      0.01776
   -0.348917    -0.169634     0.157306    0.0338156
    0.223217     0.137216    -0.108031     0.105933
  -0.0972231    0.0230301    0.0074229   -0.0320591
   -0.192035   0.00737949    0.0403092    0.0924262
   -0.279291     -0.17277    0.0826753   -0.0197344
  0.00779072    0.0552695    -0.054567   -0.0583941
  0.00226211   -0.0876956    0.0924121   -0.0489591
    0.278989   -0.0668165   -0.0891749    -0.135246
    0.125309     0.110351   -0.0148121   0.00480703
    0.136735   -0.0426603   -0.0315987    -0.122769
  0.00197126   -0.0217664    0.0719729    0.0010508
   -0.214127   0.00420472    0.0986005   -0.0104431
   -0.244246 -0.000243614  0.000254945     0.135379
   -0.135124    0.0317542   -0.0305348    0.0409946
  -0.0796331    0.0261928    0.0528892    0.0681469
   -0.203209   -0.0553767     0.107372      0.10846
   0.0383471    0.0144124   -0.0180208    -0.103342
  -0.0505193    0.0355993    0.0351032   0.00877951
  -0.0798961   -0.0545864    0.0333196    -0.050766
   -0.131129   -0.0072611    0.0697595     0.110232
    0.351936  2.89408e-05    -0.196649    -0.104577
    0.118734    0.0606572    -0.112755  -0.00182629
   -0.241918   -0.0545938     0.156182      0.17405
   -0.272565   0.00164934     0.102897    0.0879872
    0.203406      0.16971   -0.0999321    0.0465888
  0.00941427   -0.0812869   -0.0219772   -0.0893116
    0.104663   -0.0314827   -0.0443992   -0.0977597
  0.00239219    0.0016556    -0.101477  -0.00933969
    0.165876      0.10503    -0.147447    0.0646323
     0.13393   -0.0367459   -0.0850446    -0.101522
   -0.172041   -0.0515492    0.0574634  -0.00477095
   -0.193656      0.04841        0.083    0.0849237
   -0.275565    -0.142727    0.0546176    0.0268744
   -0.196093    -0.088513     0.139823    0.0338917
   0.0157217   -0.0183884    0.0689039    0.0165562
   0.0562969    -0.008174   -0.0251143   -0.0202523
   -0.191367    -0.106417     0.125648   0.00333977
    0.104705  -0.00186316  -0.00616041    -0.109117
   0.0425537    0.0525408   -0.0222641   -0.0534369
  -0.0926638   -0.0195714    0.0968438   0.00558692
   -0.085862   -0.0727765   -0.0266668    0.0213054
   -0.122035    -0.120287    0.0543649   -0.0498271
   -0.278335   -0.0264107     0.103868    0.0166388
   -0.222258    -0.142227    0.0637845   -0.0762909
    0.153773    0.0783918   -0.0939798     0.047569
  -0.0103597   -0.0761954   -0.0135125  -0.00972871
   -0.215169   -0.0174982     0.107798     0.115072
    0.151202    0.0111215    -0.101349    0.0557745
   0.0802883   -0.0167057   -0.0050353   -0.0556636
  0.00757375  -0.00587461   -0.0120197   -0.0334692
   -0.147614    0.0108326    0.0762591    0.0536557
    -0.19839   -0.0322001    0.0949717    0.0838856
  -0.0366298    0.0234272   -0.0175382   -0.0144576
    0.249589     0.121416   -0.0899021   -0.0279856
   0.0399617    0.0457647   -0.0356396    0.0378195
  -0.0165466   -0.0746819    0.0908485   -0.0458735
   -0.145635    -0.092181   -0.0251936  7.31279e-05
   0.0309958  -0.00517636   -0.0210895   -0.0215264
    0.337024     0.191219    -0.089101   -0.0151281
  -0.0647715  -0.00870693   0.00664029    0.0112005
  -0.0962189   0.00743273     0.110335   -0.0459306
  -0.0430397   -0.0852118  -0.00143176    -0.103583
   -0.278144   -0.0743366     0.122758    0.0643593
   0.0534148   -0.0601412   -0.0469983   -0.0814684
  0.00863449   -0.0408546   -0.0111659    -0.155656
  -0.0871725    -0.174601    0.0924789   -0.0136171
    0.028971    0.0480999   -0.0388203    0.0660677
   -0.062716   -0.0300034    0.0441867    0.0610915
  -0.0151164    0.0185306   0.00717882    0.0368934
    0.121061   -0.0230301    0.0360796    -0.110611
    0.128456     0.054855  -0.00446133   -0.0735578
   -0.181843    -0.021098     0.113584    0.0109708
   -0.154917     0.107477   -0.0215599     0.199735
     -0.1288   -0.0344647   -0.0170585   -0.0303966
  -0.0402729   -0.0556327    0.0919844    0.0334912
   -0.118625   -0.0550221    0.0793007    0.0681159
   -0.115815   -0.0834957    0.0627547    -0.124656
   0.0052689    0.0895177    0.0359514    0.0102015
 -0.00939456   0.00372295    0.0226338    -0.063904
   -0.036162    0.0179377    0.0940308      -0.0556
  -0.0319104    0.0264524   -0.0104382   -0.0348316
   0.0375013   -0.0797557  -0.00548459   -0.0181118
   0.0840694   -0.0661942    0.0471517    -0.139364
   -0.280801   -0.0286631     0.104257    0.0728949
  -0.0288509   -0.0124436    0.0827608    -0.023451
  -0.0325974    0.0625704   -0.0535737    0.0492016
   0.0658431   -0.0621431   0.00526025   -0.0496016
   0.0320943   -0.0284436   -0.0493914    0.0591996
    0.201738    0.0556625   -0.0594597     0.117359
   0.0958636    -0.128657   -0.0464428    -0.121823
    0.125182    -0.131275   -0.0659633      -0.1905
   -0.352366    -0.103141     0.153468    0.0311116
  -0.0273181     0.058208 -0.000228712      0.10449
   0.0100269   -0.0359829    0.0780692    -0.121561
     0.17107    0.0372727    -0.010519  -0.00788172
   -0.269463     -0.12904     0.118619    0.0206994
   -0.149033    0.0755787    0.0657336     0.174394
  -0.0658389   -0.0112634   -0.0599705    0.0297612
 -0.00691077   -0.0907912  -0.00136856   -0.0880354
   0.0174866   -0.0592881   -0.0363075   -0.0200233
    0.168638  -0.00937984   -0.0225794    -0.164621
  -0.0840678    -0.023519   -0.0172139     0.178185
    0.168546    0.0378304   -0.0626185   -0.0588693
   -0.368211    -0.100803     0.200947     0.147954
  -0.0401611    -0.123979    0.0219215    -0.154349
  -0.0338525    0.0409168    0.0015587    0.0929948
  -0.0105921 -0.000879897   0.00870518   -0.0142162
   0.0953701    0.0735203   -0.0504598    0.0512162
   -0.162096   -0.0515918     0.047041    0.0615694
    0.326974    0.0356898    -0.169784    -0.110902
  -0.0882339   -0.0455035  0.000786299 -0.000339157
    0.058652   -0.0519136    0.0390092    0.0466431
  0.00432545    0.0419619   0.00765009   -0.0800386
   -0.087086   -0.0604759    -0.032063   -0.0591045
    0.048109   -0.0333931  -0.00307757    -0.088755
  -0.0219667    0.0121514   -0.0263897    0.0393163
   -0.122698    -0.122362   0.00990454   -0.0104581
  -0.0298766    0.0446024    0.0728334    0.0677122
  -0.0692095   -0.0175775    0.0199924    0.0433781
   0.0700586   -0.0881248    0.0615678   -0.0382584
  -0.0522504   -0.0621155    0.0116848    -0.142799
   0.0814173   -0.0372099    0.0296881    -0.117634
    0.081659    0.0156541    0.0338354    0.0698887
    -0.33448   -0.0649727     0.120545     0.145217
    0.229077   -0.0449801   -0.0703593    -0.171601
    0.144232    -0.127745   0.00474788    -0.166963
   -0.153925   -0.0518048    0.0439148   -0.0185475
   -0.120925   -0.0486703   -0.0299749   -0.0316152
   -0.102842    0.0318048    0.0439372    0.0873399
  -0.0595431    -0.020825    0.0778374    0.0741527
   0.0178677    -0.118193  -0.00386358    -0.115076
    -0.17224   -0.0841992    0.0560499     0.107638
   0.0665414   -0.0709731    0.0482235    -0.122714
-9.51182e-05   -0.0443665    0.0186614   -0.0577025
    -0.15643   -0.0557465    0.0512864    0.0465067
   0.0513098   -0.0477036    0.0477701    -0.000389
  -0.0498123   -0.0387519    0.0423878   -0.0507717
  0.00294382    0.0810669   -0.0777523  0.000698021
   -0.236588     0.070443    0.0206713     0.139677
     0.17672    0.0395792    -0.105973    -0.105509
   -0.235913    -0.107212    0.0485477   -0.0125041
     0.18661    0.0632392    -0.094168   -0.0288536
   -0.142392   -0.0655522     0.127139    -0.121551
   0.0120169      -0.0769    0.0476792   -0.0490949
   -0.171401   -0.0367263     0.108282    0.0282852
   0.0797319   -0.0133053   -0.0565273   -0.0781267
  -0.0876442    0.0114438   -0.0357278    0.0651075
   -0.104672  -0.00140973    0.0526308   -0.0388448
  -0.0736934   -0.0244148   -0.0358276   -0.0206996
   0.0730678   -0.0356802   -0.0107638   0.00337204
  -0.0209962   -0.0733698    0.0674804       0.0842
   -0.141412    -0.100515    0.0545626    0.0281716
   -0.141239    0.0136411    0.0195029    0.0633432
    0.118163   -0.0498756   -0.0111343   -0.0744684
  -0.0501199    0.0227601    0.0584222   -0.0369326
  -0.0129674   -0.0680794    0.0863529   -0.0711912
  -0.0024612   -0.0240839   -0.0446401    0.0494038
   -0.183819   -0.0469083    0.0223539     0.118024
 0.000455355    0.0693219    0.0263085    0.0271945
  -0.0445192   -0.0659886    0.0635086    0.0453446
   -0.328318   -0.0264212     0.161489    0.0842399
     0.26052    -0.022687    -0.134036    -0.107159
    0.195176    0.0181665    -0.137501   -0.0252098
  -0.0137868  -0.00450773    0.0405824    -0.032951
   -0.074302   -0.0442216    0.0793553   -0.0365378
    -0.01256    0.0455605    0.0186291    0.0287286
   -0.183542   -0.0180932    0.0698108   -0.0722502
   0.0279882   -0.0899529  -0.00490767   -0.0874575
   0.0829762    0.0184648  -0.00886581     0.021232
  -0.0122053    0.0434845    0.0381119    0.0159007
   -0.298173    0.0108824     0.130726    0.0984699
   0.0825024    0.0796246     0.039818   -0.0376938
   -0.160081    -0.204842    0.0731066   -0.0894169
   -0.131048    0.0549734    0.0518145     0.155829
   -0.194945   -0.0131209     0.117961     0.153888
   -0.125184      0.04597     0.124901   0.00612737
    -0.17515   -0.0312544     0.143846    0.0721947
  -0.0677202    0.0121386    0.0757031   0.00604394
   0.0152101    0.0133496    0.0247918    0.0494133
     0.11167     0.103228   -0.0888109     0.100654
  -0.0258309    0.0674663   -0.0252501     0.086529
     0.12597   -0.0101621   -0.0387665   -0.0356424
    0.037812   -0.0424902   -0.0191814   -0.0313366
   0.0548697   -0.0156565   0.00268995    -0.033666
  0.00814127   -0.0451357    0.0669672   -0.0343917
  -0.0291663  -0.00508702    0.0321428   -0.0157746
  -0.0551214    0.0427864     0.028726    -0.053627
    0.110462    0.0154009    -0.125744    0.0100018
    0.238938   -0.0100176    -0.112153    -0.103608
   -0.163815   -0.0944699    0.0623446   -0.0382912
  -0.0768282    0.0156776     0.042243    0.0108091
   -0.260817   -0.0684747      0.07655     0.053924
   -0.095578    -0.111162    0.0550733    0.0340501
   -0.142111   -0.0136767      0.11108    0.0543485
   0.0471526   -0.0405891    -0.104632    -0.136336
    0.261912 -0.000546982   -0.0845964    -0.121598
  -0.0357741  -0.00654681     0.039444     0.141551
   -0.118621    -0.080039    0.0553027   -0.0576128
   0.0500938    0.0468651    -0.104983  -0.00255045
    0.116111   -0.0895075   -0.0196149     -0.20436
  -0.0981347    -0.112628    0.0749859    0.0318074
   -0.085782    -0.021397    0.0616591   -0.0687894
   -0.188224   -0.0494516    0.0449723    0.0180653
 -0.00406396   -0.0208411   -0.0662021     0.056096
  -0.0418332    0.0847714  -0.00557315     0.203291
    0.255327     0.078397    -0.128325    -0.090189
   -0.129661    0.0207346  -0.00291941    0.0735209
   -0.131504  0.000552263    0.0291454  -0.00554897
   -0.145382  -0.00656393     0.115117    0.0869235
  -0.0403829    0.0264627     0.039432    0.0492732
   -0.120231     0.103187    0.0114166     0.114898
   0.0238269   -0.0475837   -0.0311991   0.00309941
   0.0163285   -0.0908142   0.00624988    -0.063598
   -0.104979    -0.201995    0.0911335    -0.163119
   0.0164178   0.00125507    0.0534732   -0.0878727
  -0.0298567   -0.0453502   -0.0204729  0.000595494
  -0.0145745   0.00397763    0.0538762    -0.117842
   0.0484925   -0.0136327   -0.0109457    -0.090609
  -0.0634118   -0.0344651    0.0145681   -0.0792612
  -0.0289644   -0.0654512    0.0149391   0.00911163
    0.340252    0.0932032   -0.0846912    0.0203849
    0.215429    0.0750629    -0.127843    -0.075524
  -0.0167773   -0.0344701    0.0568266    -0.166856
  -0.0292838   -0.0011057   -0.0017719      0.10312
  -0.0138685   -0.0639736  -0.00486496    0.0272866
   -0.160375    -0.101011     0.097028   -0.0326263
   0.0764309  -0.00946889  -0.00254327   0.00187906
 0.000316036   -0.0201152    0.0483101     0.012649
    0.184617     0.060145   -0.0884239   -0.0154101
   -0.100942    0.0973707   -0.0531395     0.165533
   0.0244397   -0.0813854   -0.0170592   -0.0509859
  -0.0170334   -0.0734138   -0.0137736   -0.0964932
  -0.0688687   -0.0423575    0.0807111   -0.0565021
   0.0960767    0.0472819   -0.0312625    0.0208492
  0.00243842   -0.0438514    0.0441649    0.0633141
  -0.0205494    0.0703895   -0.0428598    -0.051406
    -0.13035   -0.0136949    0.0669934   -0.0324166
   0.0487195    0.0304743   -0.0220093    0.0850907
  -0.0792442  -0.00657041    0.0558851  -0.00333188
    0.160021   -0.0394621   -0.0250269    -0.165237
   -0.127485    0.0220533    0.0479308   0.00996464
  -0.0812851  0.000668022    0.0762375    0.0564135
  0.00582066    -0.055662    0.0417034   -0.0153923
  -0.0242892    0.0613554   -0.0236526    0.0621561
   0.0593988   -0.0500907   0.00883714    -0.138368
   0.0901105     0.184533    -0.067121     0.104218
   0.0553977   -0.0791163   -0.0294277   -0.0123853
    0.102884    0.0542176   -0.0322356    0.0387803
   0.0737778  -0.00822884   -0.0638798   -0.0175544
   -0.113455   -0.0295266     0.131194      0.10619
    0.263717    0.0191022    -0.169403   -0.0685055
   0.0235272    -0.116174    0.0914527   0.00424688
    -0.11119   -0.0712272     -0.02356   -0.0342564
    -0.21013   -0.0794788     0.131662   -0.0366906
    0.133111    0.0484418    -0.106734   -0.0597703
   0.0810718   -0.0815852   -0.0151973    -0.164153
   -0.112208    0.0148438    0.0594068    0.0266362
    0.243776    0.0555066   -0.0998784    0.0253894
   0.0296573     0.125388   -0.0663788     0.114305
    0.159488   -0.0920308   -0.0743571    -0.183772
   -0.216839   -0.0698268    0.0504864    0.0701011
  -0.0303253   0.00460645    0.0144087    0.0515195
  -0.0183155   0.00403665 -0.000745836   -0.0520733
  -0.0978267  -0.00567841   -0.0158373   -0.0664632
   0.0183561   -0.0568432   0.00315822   -0.0391053
  -0.0133013  -0.00101351    0.0547027    0.0060114
   -0.088604    0.0284246   -0.0332885   -0.0446615
   0.0770659   -0.0173399   -0.0894973   -0.0354644
    0.125767    0.0936267  -0.00889744   -0.0401512
  -0.0792943   -0.0465005    0.0926615    0.0385406
   -0.203649   -0.0451805     0.083057     0.158949
  -0.0471005  -0.00310939    0.0327804    0.0744184
   -0.119344   -0.0284218    0.0566393    0.0313863
  -0.0549554   -0.0316013   -0.0158873    0.0844924
   0.0421636    0.0170489   -0.0218047   -0.0478663
   -0.023249    0.0119299    0.0147836    0.0216376
  -0.0356163    0.0949296    0.0559539    0.0672616
   0.0878807   -0.0416837    0.0423882    -0.117542
     0.03028   -0.0450453   -0.0809452   -0.0970533
   0.0267965    0.0596346    0.0139794   -0.0349478
    0.013409   -0.0702665    0.0452966   -0.0786891
  0.00705211   -0.0251886   -0.0238193    -0.145161
   0.0875385   -0.0149128    0.0107253   0.00870883
  -0.0231577   -0.0383775   -0.0547222  -0.00402132
  -0.0669002    0.0151803    0.0585397    0.0636774
    0.235092  -0.00617739    -0.116146   -0.0792957
   -0.034811    0.0160847    0.0185791  -0.00999377
   0.0279162    -0.108213   -0.0302158   -0.0646498
   -0.127594   -0.0802724     0.016417    0.0668439
  -0.0162412     -0.10694    0.0650326    -0.174068
  -0.0940716   -0.0702198   0.00496904    0.0333439
  -0.0966056   -0.0662717    0.0708085   -0.0230538
   -0.315205   -0.0566446    0.0897589    0.0138093
    0.217717    0.0264887   -0.0440022   -0.0287183
   -0.144921   -0.0406333    0.0954709    0.0494631
    0.094117    0.0279338   -0.0130974     0.104225
   0.0984665   -0.0164474    0.0244315    0.0178643
   -0.146408    -0.108275     0.127016    0.0309718
   0.0177516   -0.0913198    0.0607524    -0.172254
   0.0486304   -0.0698369  -0.00271656   -0.0162025
    0.159594    0.0568598   -0.0283685   -0.0741675
     0.13653    0.0486608     -0.04586    0.0720084
   -0.246476    0.0680098    0.0155229     0.139202
    0.203025      0.19885     -0.11583     0.137372
   -0.149878   -0.0698303    0.0281823     0.028322
   0.0803101    0.0954158   -0.0302205     0.139155
  -0.0780683   -0.0281374    0.0862243   -0.0346862
   0.0431056   -0.0177511   -0.0575983   -0.0666401
  -0.0678759   -0.0172407    0.0309622  0.000801123
     0.12671    0.0877285    -0.106801    0.0116504
    0.104875   -0.0333575    0.0557883   -0.0160663
  -0.0888814    -0.144574    0.0349143     -0.18767
  -0.0758472    0.0299622  -0.00150069    0.0672527
    0.086124    0.0317224    0.0454135   -0.0491871
  -0.0718892    -0.034759    0.0191702   0.00335802
    0.233646  -0.00382836   -0.0675447   0.00175832
   0.0282154   -0.0443716   -0.0679781   0.00302947
   -0.431724  -0.00163034     0.153655     0.284106
 -0.00946287   -0.0729179   -0.0312129   -0.0353488
    0.279574    0.0626922    -0.104123    0.0297571
  -0.0437932   -0.0203885    0.0633908     0.064116
  -0.0979147    0.0315889     0.063071    0.0911246
    0.219591    0.0509988    -0.136099     -0.13493
   0.0951602   -0.0293767   -0.0833766    0.0849589
   -0.050118     0.038035  -0.00474536     0.113627
   0.0911602    -0.026983    0.0347303   0.00640642
    0.111853    -0.019391   0.00736388    0.0509768
   0.0119495    -0.115947   -0.0340445    -0.099483
    0.126701   0.00864869     -0.02568   -0.0583573
  -0.0270226  -0.00571482    0.0558682    0.0754366
    -0.06224   -0.0336657   -0.0419193    0.0336389
   -0.110246   -0.0741635    0.0264866    0.0122389
  -0.0939168    0.0105551    0.0341508    0.0414297
  -0.0913687   -0.0580954   -0.0044842   0.00819755
    0.163899    0.0207399  -0.00175168     0.016621
    0.078312  -0.00483826      -0.0149   0.00342703
    0.157238    0.0801043   -0.0399694   -0.0462732
   -0.128273   -0.0572726     0.108802    -0.029603
    0.132472     0.115584   -0.0749708    0.0359549
    0.257578   -0.0206427    -0.142039   -0.0959298
   -0.047089   -0.0405059    0.0722348    -0.059378
     0.25188    0.0800692   -0.0837203   -0.0290955
  -0.0471856    0.0206723    0.0125901    0.0297845
   -0.187834   -0.0976092     0.132079    0.0651287
  -0.0728781   -0.0558757    0.0473586   0.00983923
    0.079822    -0.139406    0.0287993   -0.0696128
    0.323366     0.143548    -0.106237     0.123702
   -0.112411    0.0195647    0.0148545    0.0563207
  0.00833581   -0.0417677    0.0197927    0.0235287
  -0.0798607   0.00719576    0.0935424   0.00896809
    -0.20431    -0.143295     0.129574    -0.104178
   0.0573692    0.0729813   -0.0623932    0.0112173
   -0.110599  -0.00216612    0.0817415    0.0597025
   0.0845747    0.0957051    0.0302089    0.0156563
   -0.186397    0.0234546    0.0336704    0.0384645
    0.162814     0.139676   -0.0879144   0.00495759
   -0.283277    -0.108005     0.176945      0.12422
  0.00954981   -0.0570239   -0.0563522   0.00665766
   0.0690185    0.0730994  -0.00942494    0.0574303
   0.0113456    0.0699101   -0.0473829    0.0241336
    -0.14136   -0.0936744     0.114162   -0.0660754
   0.0260306   0.00381445   0.00142852    0.0401094
     0.10869   -0.0342636  -0.00199753   -0.0696654
  -0.0242176    -0.030695   -0.0148418    0.0745274
  -0.0363323   -0.0730845    0.0392399   -0.0487662
   -0.164335   -0.0711484    0.0617029    0.0701376
   -0.058849   -0.0069989    0.0786723   -0.0279771
   0.0384252   0.00479563   -0.0738111   -0.0791145
   0.0871288    0.0612521    -0.039922   -0.0652973
    -0.10054   -0.0606538    0.0231618  -0.00182613
    0.156346    0.0844628   -0.0936785   0.00805152
   -0.205101   -0.0485423      0.17852    0.0559425
   0.0664579    -0.125154    0.0222883   -0.0676659
    0.155766    0.0860067   -0.0822978     0.153886
  -0.0165678    -0.191276    0.0824492     -0.08989
  -0.0923287   -0.0203855    0.0255605   -0.0262361
   0.0131998    0.0282257   -0.0259131     0.052736
   -0.135616  -0.00356308    0.0371008    0.0373344
     0.20368    0.0599478   -0.0459787  -0.00582248
  -0.0992603  -0.00352493   -0.0190921   -0.0379037
    0.192335  -0.00425567   -0.0855247    -0.127877
    0.137846   -0.0236608   -0.0297261    -0.100259
    0.196183     0.152395    -0.109371  -0.00782968
   -0.102563   -0.0149658   0.00296047   -0.0284904
   0.0418618   -0.0313381   -0.0138978   -0.0354993
  -0.0175121    0.0474715     0.018961    0.0767391
  -0.0850634    0.0661721   -0.0109643      0.11565
   0.0585416    0.0271582    0.0534788   -0.0194421
    -0.11702    0.0173157     0.100971   -0.0253938
    0.166361    0.0634948    -0.105273    0.0559852
   -0.139469   -0.0847653    0.0165244   -0.0299824
  -0.0267561   -0.0332307    0.0627533      0.02143
    -0.07401    0.0743138    0.0416045    0.0285411
   0.0277125    0.0419451    0.0498804    0.0813092
    0.166608    0.0303947    -0.111444    -0.104865
    0.177166   -0.0348898   -0.0660194    -0.149297
   0.0630722    0.0664055   -0.0616988   -0.0284388
    0.110468   0.00960365   -0.0896514   -0.0114223
  -0.0185428     -0.11028  -0.00456425    -0.078271
  -0.0790136   -0.0233179    0.0217077   -0.0444807
   -0.121813   -0.0325975    0.0265948    0.0732224
   -0.112958    0.0580092     0.110398     0.121458
   -0.107695   -0.0588082    0.0264115    0.0379162
  -0.0349788   -0.0379633  -0.00605237    0.0410609
  -0.0451984   -0.0264568    0.0187137    0.0290653
  -0.0105182   -0.0388613  -0.00682105   -0.0256493
   -0.135137   -0.0712354    0.0641392    0.0725512
   -0.163314   -0.0408485    0.0952405   -0.0726374
   0.0296647     0.117286    0.0532019     0.109443
   -0.163428   -0.0273424    0.0257961    0.0615199
    0.105052    0.0842883  -0.00943153    0.0416478
    -0.11485   -0.0618602    0.0505664   -0.0648324
   -0.205553    -0.108463    0.0978848   -0.0447594
  -0.0776177   -0.0220701   -0.0361793    0.0333189
  -0.0163947   -0.0660772    0.0378832   -0.0142001
    0.081351   -0.0560371   -0.0504096   -0.0853798
   -0.166735   -0.0426887    0.0668478    0.0433138
    0.265802    0.0602777    -0.125788    -0.135795
   0.0773861   0.00742715   -0.0904445    0.0851473
  -0.0118489   -0.0401365  -0.00127155    0.0433894
  -0.0188522    -0.100529  -0.00809713    -0.170153
   0.0996919   -0.0290022   -0.0317889   -0.0563422
  -0.0368949   -0.0500376   -0.0131992    -0.091413
  -0.0020498   -0.0350245   -0.0481175   -0.0299793
   0.0142907   -0.0392065   -0.0443334    -0.026358
    0.102922   -0.0717076   -0.0309365   -0.0816959
   -0.114488   -0.0601323    0.0263529     0.103955
   0.0693216     0.126814   -0.0800046    0.0375587
  -0.0425815   -0.0498441    0.0223546    0.0472565
  -0.0426759   -0.0673766     0.100954   -0.0764361
  -0.0217386   -0.0449781     0.101901   -0.0299111
  -0.0112899    0.0265914   -0.0568502    0.0409218
   -0.145961     -0.12646     0.099608    0.0345223
   0.0977215     0.043568   -0.0232945   -0.0175347
   0.0779726   -0.0212355    -0.023319     0.049413
  -0.0442944    0.0155175   -0.0478303    0.0295839
  -0.0760167   -0.0946963    0.0682702    0.0306756
   -0.106591    -0.084499   0.00884874   -0.0255974
 -0.00818237    0.0723675    0.0589675     0.158853
    0.185036     0.132154    -0.032906    0.0297566
    0.113685       0.1519   -0.0463527    0.0353658
   -0.103454    -0.035107     0.063342    0.0259192
    0.130766   -0.0472978   -0.0223944   -0.0389825
  -0.0853371   -0.0355891    0.0282768   -0.0981331
  -0.0819189   -0.0528125    0.0623994    0.0532741
   -0.238173   -0.0362488    0.0462728    0.0684459
   0.0774385   -0.0237788   -0.0586533   -0.0328135
   0.0634779    0.0724823   -0.0491841   -0.0195695
   -0.236041   -0.0811016     0.113207     0.117793
   -0.082255  -0.00282813    0.0503874     0.060789
   -0.205333    -0.104339     0.108157     0.111412
   0.0108486     0.069669   -0.0643482  -0.00280218
  -0.0742631    0.0120387    0.0292025    0.0709317
   -0.150588    -0.015608     0.105051    0.0133176
  -0.0257627   -0.0439697   -0.0680626   0.00619058
  -0.0175573  -0.00181798    0.0509376   -0.0139158
  -0.0706036    0.0128669   -0.0302531   -0.0503202
   0.0646163    0.0187145   -0.0155558    0.0347691
  -0.0303205   -0.0681531    0.0113459   -0.0292496
   -0.113115    -0.121357    0.0743318   -0.0952006
  -0.0680385   -0.0139061    0.0512248   -0.0012195
  0.00944498   -0.0446448   -0.0159618   -0.0547699
   0.0483543    0.0556474     0.050184    0.0748844
   -0.019139  -0.00311124   -0.0112459   -0.0505514
    0.109092     0.138126   -0.0422986    0.0791623
  0.00946971   -0.0742648   -0.0136032    0.0287412
  -0.0253607   0.00611688   -0.0214309    0.0807578
  -0.0472038    0.0117496    0.0261201    -0.026917
  0.00665288   -0.0218293   -0.0236105    0.0378711
   0.0661101    -0.023495   -0.0058216   -0.0771878
   0.0967049    0.0322198   -0.0453107   0.00346754
   0.0294598   0.00118512    -0.060207   -0.0225706
   -0.113135   -0.0728206   -0.0178432   -0.0252811
    0.181223     0.114299   -0.0327085   -0.0240964
   0.0918246  -0.00868848     0.018353    -0.104869
    0.136563   0.00741477   0.00564698   -0.0187397
  -0.0908514    -0.109103    0.0119167    -0.142868
   -0.289582   -0.0749624     0.153822     0.146255
    0.165915   -0.0858568   -0.0870836   -0.0964588
    0.103063    0.0488709  -0.00312917    0.0457078
    0.444923    0.0785497    -0.200301    -0.120396
   0.0102265   -0.0823595    0.0494011   -0.0819361
 -0.00965946    0.0136529    0.0240316     0.111884
   0.0576145    -0.127099    -0.086515   -0.0894902
   -0.179564   -0.0434269     0.133196   -0.0145944
   -0.116266    0.0233067     0.105937    0.0962431
  -0.0536846   -0.0508579    0.0443732    -0.016762
    0.276566     0.060668    -0.142783    -0.082722
   -0.201323   -0.0519161    0.0560174    0.0357424
  0.00234123    0.0168459    -0.028136   -0.0302935
   -0.283803   -0.0444726     0.141354    0.0254135
  -0.0593426    0.0467799   -0.0503694    0.0758739
   -0.200709   -0.0406768    0.0519376   -0.0138121
   -0.111172    0.0568557    0.0061424     0.114363
   0.0785905    0.0279545   -0.0322519    0.0262261
 -0.00516895    -0.112084   -0.0288855   -0.0669176
  -0.0523124   -0.0021724    0.0784028   -0.0297277
   0.0745018   0.00262265    0.0504219    0.0624171
  -0.0984246    0.0142458    0.0682277    0.0309888