   -0.174667    0.0497412    0.0478805     0.125727
   0.0805201    0.0298968   -0.0113361   -0.0972836
    0.124928    -0.102426   -0.0402239    -0.116169
  -0.0462437   -0.0951015    0.0435579   -0.0366336
  -0.0378872    0.0606766   -0.0263996     0.154837
   0.0458146    0.0019615  0.000565424     0.113662
  -0.0103919   -0.0440933    0.0301706    0.0137584
    0.115901    0.0280075   -0.0475884   -0.0998096
  -0.0746969   -0.0451694    0.0105781  -0.00114602
    -0.03825    0.0327137  -0.00285287  0.000170485
   -0.121836   -0.0751288   -0.0103863  7.17995e-05
   0.0385609    0.0515635    0.0222492    0.0513478
  0.00310768    0.0662074    0.0407267    0.0783035
    0.119088     0.120659    0.0180571     0.122899
   0.0358974    0.0560106    0.0618143   -0.0552863
   0.0508394   -0.0527367    0.0599977    0.0555994
  0.00184917     0.137756   -0.0508156     0.106738
    0.207876    0.0307456   -0.0756518   -0.0469109
    0.119366      0.13674   -0.0633154   -0.0202251
    0.164871    0.0553046  -0.00243584    0.0050731
 -0.00441962   -0.0437582    0.0448994   -0.0336904
   0.0262435   -0.0239646    0.0128476   -0.0457326
   0.0936621   -0.0425742   -0.0752443   -0.0652982
     0.09987   -0.0591811  -0.00560873   -0.0446139
  -0.0230311   -0.0442505   -0.0255842    0.0241065
  -0.0039485    0.0128629   -0.0312515    0.0738158
   0.0228502   -0.0448276    0.0436514   -0.0484034
  0.00262986    0.0104744   -0.0175639  -0.00767135
  -0.0343395    0.0510977   -0.0153526    -0.075227
   0.0690379    0.0530548    -0.088448    0.0651333
   0.0725836    0.0473132   -0.0524829     0.061256
   0.0393721     0.108105    0.0386296    0.0826416
  -0.0882676    0.0844387    0.0813217     0.130083
   0.0394531   -0.0261019     0.109974     -0.14379
  -0.0731178    -0.122557   -0.0244402    0.0440626
  -0.0567801    0.0217423   -0.0234689   -0.0167959
   -0.127799    -0.111338    0.0554222    0.0244676
  -0.0866646   0.00243168   -0.0107886     0.112347
   -0.152439   0.00602816    0.0192133    0.0805531
  -0.0740308    -0.057425    0.0888117   -0.0169663
   0.0620148  -0.00713927   -0.0103018    -0.019763
   -0.121286   -0.0125885     0.143039  -0.00471648
   0.0549253    -0.101819    0.0380031    -0.107087
   0.0220585   -0.0221142  -0.00973474   -0.0288222
    0.162595    0.0337972   -0.0317031   -0.0211181
  -0.0325351   -0.0362652    0.0725188  -0.00212999
  -0.0352079   -0.0959432   0.00883447    -0.169027
   0.0790154   -0.0768839   -0.0332032   -0.0319741
  -0.0940822    -0.042537     0.064468    0.0139196
  -0.0607179    -0.131663    0.0571954    -0.115003
   0.0678884  -0.00390842  -0.00494714    0.0421024
   0.0754235    -0.036838   -0.0683728  -0.00174812
   0.0254377   -0.0525369   -0.0590007    0.0605124
     0.12154    0.0411488  0.000750538    0.0442429
  -0.0818444   -0.0659742   -0.0526377     0.041588
    0.118887     0.101917    -0.114503    0.0725293
    0.392833     0.133586    -0.146247    -0.126171
   0.0830899     0.103141   0.00438442    0.0513121
  -0.0517858   -0.0526968   -0.0248679   -0.0726422
  -0.0486685    0.0607089   -0.0140368  -0.00811513
  -0.0288849  -0.00623463   -0.0590202   -0.0272132
   0.0627798   0.00494995    0.0348621   -0.0135031
  -0.0109797   0.00846185   -0.0449667   -0.0219343
   -0.108186   -0.0378253   -0.0192743    0.0294721
    0.110486   -0.0753734   -0.0284244    -0.195969
  -0.0709933    0.0524515  -0.00251147   -0.0252527
   -0.123837   0.00717565    0.0168089    0.0604835
   0.0624303    0.0522734   -0.0984006    0.0157602
    0.155489    -0.131361   -0.0355021    -0.147111
   0.0548162   -0.0631384    0.0672154    -0.068067
   -0.166852    0.0299202     0.132165     0.009749
    0.127822    -0.130321    0.0174984    -0.222765
    0.185425    0.0318172   -0.0578894    0.0844738
   0.0723257   0.00950838  -0.00578159    0.0625244
   0.0525131    0.0399861   -0.0365993   -0.0755089
  -0.0727408    0.0632993   -0.0352528     0.101271
    -0.14066   -0.0703166    0.0672114    0.0599503
   0.0510655   -0.0212629    0.0362279  0.000916338
    0.125162     0.035915   -0.0736205   -0.0388105
    0.127985     0.107128    -0.113797    0.0260961
   -0.212799   0.00987966    0.0566036     0.138727
   0.0898105     0.121171   -0.0535311     0.116073
   0.0634016   -0.0244903   -0.0348285    0.0262476
  -0.0365439    0.0134304    0.0245085    0.0436998
    0.034839   -0.0572713    0.0549909   -0.0192603
    0.141405    0.0932034   -0.0542888    0.0676843
 -0.00569274    0.0628826   -0.0446537     0.116545
   0.0546787   -0.0334944   -0.0394365    -0.140934
    0.116969     0.112026   -0.0399449    0.0309913
   0.0719614    0.0706432   -0.0160995    0.0622301
   0.0595744    0.0262421   -0.0546831    0.0732174
   -0.131257   -0.0493633     0.054071   0.00210736
    0.053319   0.00867393   -0.0382658  -0.00420921
    0.192318    0.0939617   -0.0746035   -0.0550614
   -0.058398   -0.0691231    0.0249965   0.00954753
  -0.0717316    -0.121482    0.0819327    0.0328251
   0.0582996    0.0827485    -0.121532   0.00620182
    -0.18062   -0.0534511     0.102973    0.0442435
   0.0420037    0.0171318    0.0377569    0.0225468
     0.19996    0.0749905   -0.0527307    -0.100016
   0.0679616     0.030841    0.0096842   -0.0295159
    0.103971    0.0729796   -0.0417521    0.0467672
  -0.0563607  0.000713057    0.0389258   -0.0220587
   -0.121229    -0.066611    0.0494903   -0.0257701
   0.0523466   0.00290946   -0.0224172   -0.0540248
  -0.0461162  -0.00697856  -0.00994198    0.0979948
  0.00473289     0.053416   -0.0361326    0.0259697
    0.016547    -0.060925    0.0184253    0.0329322
  -0.0116631   -0.0437214    0.0288407    0.0177062
  -0.0175166    0.0335293     -0.07764    0.0305536
     0.10985    -0.012119   -0.0170021    0.0935795
  -0.0930519    0.0258885    0.0233499     0.120416
   -0.050689    0.0526751   0.00383241    0.0575965
  -0.0266532   -0.0589801    0.0210883   -0.0792133
    0.210105     0.031488    -0.063019   -0.0529899
  -0.0525122  -0.00326746   -0.0232543     0.112684
  -0.0224507     -0.11813     0.102701   -0.0756471
   -0.123913   -0.0136758   0.00303177  -0.00166117
 -0.00845122    0.0912285  -0.00970427    -0.087176
  -0.0225139    0.0178448    -0.016951    0.0428684
   -0.104201    0.0256066   -0.0296018    0.0304591
  -0.0162576    -0.057111    0.0800672   -0.0392751
  -0.0424013    -0.075091     0.142101    -0.104911
   0.0334752  -0.00159297   -0.0471407     0.105552
   0.0133794    -0.058506    -0.032095    0.0118699
   0.0872293     0.145461    -0.116097   0.00735966
   0.0763201     0.016834    -0.102627    0.0621594
   0.0623807   -0.0785757   0.00348361    -0.148439
  -0.0285842    0.0032634    0.0196054    0.0553231
   0.0367016    0.0371781    0.0586424    -0.103585
   0.0799211    0.0491629    0.0801288    -0.153314
 -0.00192342     0.106023   -0.0973998     0.225299
  0.00996578    0.0138073  -0.00649886     0.130359
   -0.084699   -0.0362652    0.0144107    -0.055027
  -0.0171074   0.00785286    0.0213077   -0.0845782
   0.0112451    0.0727007    0.0144512     0.121639
  -0.0216755   -0.0344841     0.012597    -0.106298
   0.0685607   -0.0358969    0.0497698   -0.0301806
   -0.257136    -0.208312     0.141505    -0.154971
   -0.074474  -0.00434407   0.00438924    0.0850704
    0.126295  -0.00868562    0.0162515     0.103826
   -0.045564   -0.0096361   -0.0488905   -0.0801289
   -0.172705   -0.0846502    0.0234898    0.0983605
   0.0585404   0.00378811   -0.0696047   -0.0717775
   0.0999021    0.0123812   -0.0254374    -0.103076
  -0.0862952   -0.0554757  -0.00754345   -0.0341072
   -0.259256    -0.113597     0.070561   -0.0358344
  -0.0418538   -0.0432963    0.0448736    -0.111084
   -0.153013    0.0620402    0.0493615     0.213984
  -0.0551799    0.0130736   -0.0181405    0.0837585
  -0.0391954    0.0282083      0.13782 -1.76617e-05
   0.0807894   -0.0638781    0.0314749   -0.0818343
   0.0300359  0.000962872  -0.00148809   -0.0547864
   -0.111808    0.0285774     0.135055    0.0149051
   -0.141297    -0.154232   -0.0245154    0.0399971
   -0.110696    -0.062035    0.0866395   -0.0160749
  -0.0584836    0.0169986   0.00697866     0.063893
  -0.0364009    0.0389992   -0.0460435    0.0638252
  -0.0131084     0.066381   -0.0943421     0.109238
   -0.113741     -0.12166    0.0710236   -0.0487087
    0.107496    0.0516714    0.0373553    0.0565405
   0.0101955    0.0274468     0.060351   -0.0378851
   -0.130092   -0.0201267    0.0991919    0.0462702
   0.0452139    -0.040117   -0.0236808    0.0245861
   0.0680722    0.0812342   -0.0569576     0.141506
   0.0956249    0.0704637   -0.0660046   -0.0124642
   -0.168142   -0.0529737   0.00685389   -0.0182164
 -0.00751281    0.0319192   -0.0268197   -0.0407633
   -0.125256    0.0218056  -0.00925292    0.0425071
  -0.0790196    -0.045989    0.0810085   -0.0865768
   -0.112245   -0.0811413     0.109272   -0.0500089
  -0.0135597     0.129846   -0.0554695     0.181262
  -0.0195532    -0.032789    0.0472413    0.0182732
   -0.117649    0.0248866      0.11233    0.0972909
   -0.162807   -0.0514238    0.0294636    0.0419105
  -0.0460525     0.011439   -0.0329102     0.126919
   -0.189521   0.00342575     0.028282   0.00453931
    -0.10891    -0.035112    0.0508786    0.0985157
   0.0789191    0.0524542    0.0247096   -0.0264686
  -0.0964705   -0.0640213    0.0796903   -0.0100119
   -0.104169    -0.081532    0.0109937   -0.0670821
  -0.0460288   -0.0665459    0.0475791   -0.0268233
    0.230748     0.106564    -0.081647    0.0201963
   -0.318455    -0.145512     0.162817   -0.0990002
  0.00878365    0.0278602   -0.0116264   -0.0242754
  -0.0662347  -0.00112948    0.0273699    0.0644655
  -0.0273623   -0.0538195    0.0292038    -0.110133
   0.0142156   -0.0845373    -0.077491   -0.0433061
   0.0219766    0.0483804    0.0390828    0.0457915
  -0.0151095    0.0556739  -0.00847154   -0.0683633
    0.293443    0.0414053   -0.0310346      -0.1115
    0.105661      -0.0252    0.0146948   -0.0804796
   -0.221536   -0.0734556    0.0441541    -0.073244
   0.0270403    0.0608367    0.0472704   0.00466836
   -0.152181    -0.122823   -0.0414472    0.0733177
  -0.0660542    0.0912031   -0.0347809     0.107665
 -0.00555328    -0.109784   -0.0270713   -0.0787431
  -0.0327176    0.0743938   -0.0365921   -0.0145279
  0.00719104  -0.00114621  0.000398823   -0.0570954
   0.0210423  0.000226717    0.0132317    -0.173482
   0.0994389    0.0685007  -0.00778734   -0.0476112
  -0.0727575   -0.0910305   -0.0243931   -0.0564702
  -0.0495898   -0.0445539    0.0615152   -0.0644853
   0.0382466  -0.00965832  -0.00222931    0.0305574
    0.243376    0.0388303   -0.0535409     -0.12792
   0.0417342      0.09345   -0.0149968    0.0391846
     0.11584    0.0418907    0.0231775    0.0106495
  -0.0592164   -0.0746081    0.0488033   -0.0804904
   -0.010061   -0.0293256    0.0413272   -0.0337665
   0.0838427   0.00773554   -0.0178204    0.0411796
   0.0326275    0.0329602   -0.0130116    -0.095297
  -0.0794949  -0.00564608    0.0420036   -0.0394195
   0.0339177   -0.0670933   -0.0751201  0.000295839
  -0.0441433   -0.0542248   -0.0683172   -0.0088846
  -0.0824181   -0.0380644     0.017547  -0.00479552
    0.076981   -0.0293626    0.0300741   -0.0606282
   -0.062812    0.0824793    0.0516831    0.0189169
   -0.135159    -0.015979     0.124248   -0.0209729
  -0.0885857     0.032347     0.051284   -0.0333603
   -0.048174   -0.0564661     0.109657    0.0264664
  0.00551138   -0.0766076    0.0630089    -0.143049
   0.0076509    0.0379056  -0.00169616    0.0421889
  -0.0231704   -0.0495406    0.0594485   -0.0306964
 -0.00717974   -0.0356329   -0.0489827    0.0365009
   0.0846565    0.0605301   -0.0710261   -0.0611199
   0.0911721     0.101714    0.0278639    0.0499945
   0.0545851   -0.0691166   -0.0274417   -0.0311201
  -0.0435393    0.0295266    0.0165106    0.0480293
  -0.0585868    0.0669971   -0.0234437    0.0791918
     0.11369    0.0830419   -0.0810996    0.0507316
   -0.161785    -0.022768    0.0895902    0.0441463
   -0.164448 -0.000192155    0.0932132   -0.0365526
  -0.0208018    -0.121743  0.000806292    -0.032632
   -0.147662   -0.0699509    0.0819436   -0.0495719
   -0.106322    -0.209344    0.0330483     -0.21007
   0.0837098    0.0629319    0.0040245   -0.0637077
   0.0748635    0.0248536   -0.0987159   0.00592646
 -0.00882582    0.0348174   -0.0365973    0.0295911
    0.156642   -0.0568171    0.0651719    -0.163354
  -0.0533174   -0.0274717     0.126216   -0.0317552
  0.00575238   -0.0176256     0.050918    -0.154492
  -0.0441409    -0.218484    0.0448088    -0.181876
   0.0718172   -0.0356228    0.0181711   -0.0696879
    0.193021    0.0471568    0.0107373    -0.108152
   0.0329023    0.0453258    -0.048119    0.0850658
 -0.00667384     0.122848    0.0625257     0.103237
  -0.0751272   -0.0515795    0.0378069    0.0125178
  -0.0257028     0.019914   -0.0190333    0.0379221
    0.235558    0.0315028   -0.0654949    -0.057943
    0.194043   -0.0047963    0.0371171   -0.0168777
   -0.277812  0.000396974    0.0995365  -0.00625528
  -0.0457663    -0.019824   -0.0392992  -0.00835995
  -0.0544035   -0.0602961   -0.0315814     0.025434
   0.0210997  -0.00968505    0.0156577  -0.00282272
   -0.072864    0.0116604    0.0214986   -0.0151505
  0.00785528     0.072319    0.0404845    0.0393302
    0.120457 -0.000397284   -0.0181176    0.0185265
    0.157086     0.186983   -0.0238583    0.0491215
  -0.0379144    -0.179296   -0.0136567    -0.204233
   -0.100502   -0.0732674    0.0853537  -0.00743583
   0.0986613    0.0788936    0.0619378    0.0395649
   0.0469032   -0.0132554    0.0484713    0.0681754
  -0.0272628   -0.0108934    0.0230445      0.10635
    0.161527     0.112625   -0.0803394   0.00925964
  -0.0100888     0.012155   -0.0281293    -0.101293
  -0.0708177   -0.0326196   -0.0386315    0.0499448
 -0.00893343   -0.0311076   0.00460626   0.00106233
    0.056441     0.112814   -0.0410699    0.0419389
   0.0917248   -0.0767602   -0.0500415   -0.0774427
  -0.0204316   0.00805678     0.042892    -0.030773
   -0.192277   -0.0758612    0.0383073   -0.0455495
   0.0747457    0.0833813    0.0315863    0.0620971
   -0.094761   -0.0924879     0.125908   -0.0303882
  -0.0128203   -0.0564745    0.0345172    0.0212158
  -0.0671174    0.0310588    0.0647468    0.0469673
    0.126818     0.038103   -0.0380899   -0.0157284
  -0.0460548    -0.136446     0.047422   -0.0550737
  -0.0724136    0.0509162    0.0839752      0.09419
   0.0839353    0.0384448   -0.0420848      0.10249
   -0.250896   -0.0600603     0.019219    0.0512932
    0.193337    0.0758845    0.0156973   -0.0430743
  -0.0848447   -0.0475289    0.0789642  -0.00822775
   0.0231101   -0.0427103    0.0312544  -0.00351924
    0.169284     0.103145   -0.0307089   -0.0533634
   -0.130516    0.0570879    0.0749402     0.100846
   0.0975046    -0.112032   -0.0250826    -0.118994
   -0.132764  -0.00203749     0.103529    0.0185428
  -0.0679039     -0.15383    0.0326994   -0.0434519
    0.117293      0.02668   0.00282316    0.0968537
   0.0320723   0.00680568   -0.0718386   0.00076147
 -0.00849117    0.0429441    0.0752586   -0.0141305
   0.0494656    0.0667683    0.0294832    0.0129299
   0.0514008    0.0968818    0.0290347   -0.0380599
   0.0903816   -0.0376967   0.00669236   -0.0407965
   -0.273363   -0.0185498     0.179849     0.103323
 -0.00971703    -0.142112   -0.0364822    -0.199843
  -0.0329687    0.0532677    0.0213611   -0.0225345
   0.0617702    0.0352994  0.000991994    0.0918016
    0.124172   -0.0541717    -0.028782   -0.0610755
    0.125526     0.093348     0.026395    0.0510057
  -0.0912027   -0.0621477    0.0143333   -0.0704896
   0.0283593   -0.0913608    0.0603767   -0.0812231
  -0.0653123    -0.010068    0.0695876   -0.0427355
    0.163611    0.0389584    -0.100225    -0.109932
    0.101533    0.0578786  -0.00850917    0.0183839
    0.138289   -0.0241714   -0.0681277    -0.204857
   -0.124328   -0.0141145    0.0543854    0.0855777
   -0.126021    0.0153665    0.0391177      0.11045
   0.0480778    0.0851812   -0.0335167   -0.0127324
   -0.145511    0.0446407     -0.02488     0.219431
   0.0900716    0.0913414   -0.0148505    0.0733522
    -0.13268    -0.117396   0.00176518   -0.0473777
  0.00125188    0.0585152    0.0439725    0.0831175
   0.0432268     0.046465   0.00585865    0.0138304
   -0.061403   -0.0348959    0.0472231    0.0192458
   0.0658003   -0.0165008    0.0118058   -0.0234782
   0.0221883   -0.0783965  -0.00154379   -0.0645168
   0.0419631    -0.109995    0.0359548    -0.123573
    -0.14372   -0.0565494    0.0962841   -0.0521874
  0.00937358   0.00352221   0.00351491   -0.0612406
   0.0211151    0.0363957    -0.026979 -0.000918018
    0.108241   -0.0332666   0.00303017   -0.0328258
   -0.111194   -0.0603379  -0.00269444    0.0184927
   -0.137735    -0.016981     0.041864    0.0851551
   0.0992116   0.00500179   -0.0626592    0.0271174
      0.1533     0.119872    -0.125595     0.166965
  -0.0335804   -0.0686347   -0.0230949    -0.111434
   0.0740177    -0.070233    0.0198395   -0.0812475
   0.0266054    0.0239071     0.012743   -0.0323791
   -0.169139   0.00342512     0.151302  -0.00298419
    0.286723     0.187908    -0.102618    0.0495651
   0.0518472   0.00164103   -0.0216698     0.046973
   0.0249532   -0.0634601    0.0178524 -0.000619504
   -0.268834    -0.087787    0.0816514   -0.0210682
    0.119726    -0.047052    0.0695684    -0.153323
   0.0208503   -0.0310446    0.0158917     0.012132
   -0.107261   -0.0487062   0.00466675   -0.0259148
  0.00113818   -0.0325556  -0.00433304    0.0218543
  -0.0753987     0.044118    0.0791296   0.00280161
   -0.150988     0.117617    0.0691461     0.142957
   0.0717121 -0.000255546   -0.0299656   -0.0249644
   -0.223871    -0.116661     0.163247    0.0405245
   -0.163223    -0.099518    0.0973193    0.0453869
   0.0557424   -0.0176816    0.0291003   -0.0279523
    0.067436    0.0219898   -0.0596117   -0.0575055
    0.313031    0.0324707    -0.174374   -0.0704459
 -0.00284463    0.0872099   -0.0751676    0.0423115
   -0.126097   -0.0119223    0.0951562   -0.0326641
   0.0654916   -0.0729807   -0.0213909   -0.0329876
   0.0101603     0.053351    0.0798819    0.0920142
  -0.0930448   -0.0960859    0.0105013     0.012523
   -0.251334   -0.0713149    0.0761868     0.102983
   0.0193617   -0.0361251    0.0183271   0.00199108
   -0.151119    0.0115305      0.02573    0.0112534
   0.0408757    0.0185527   -0.0642569   -0.0511763
    0.280553    0.0166736   -0.0678476    -0.185632
   -0.290965    -0.126472     0.171124    0.0869497
  -0.0795523   0.00693542    -0.037507     0.118429
   0.0365855   -0.0351302   0.00372278    -0.130164
    0.177572    0.0367201    -0.094636    -0.139922
    0.214147     0.106012   -0.0706526   -0.0318316
  -0.0336165    0.0144789     0.029794   -0.0488635
    0.155959   -0.0640761   -0.0732709   -0.0175771
    0.044036   -0.0915639     -0.05019     -0.14489
   0.0274962   -0.0709975    0.0582953   -0.0238136
  -0.0166141    0.0743111   -0.0445881    0.0375527
   -0.145899   -0.0759787    0.0656212     0.041095
     0.12739    -0.118187   -0.0503087    -0.125515
   -0.126719  -0.00566551    0.0631196    0.0733121
  -0.0085655   -0.0750797   -0.0066067   -0.0154409
  -0.0976803    -0.118817    0.0881314    0.0267019
   -0.171288   0.00523793  -0.00930669     0.110978
  -0.0459054     0.037239   -0.0935434    0.0354136
   0.0896923   -0.0123736   -0.0602635   -0.0503361
    0.102631   -0.0592037    -0.043748   -0.0594942
   0.0695059   -0.0294735   -0.0492694  -0.00916175
  -0.0667717   0.00356545    0.0224562    0.0376281
  -0.0177772    0.0676371   -0.0076164    0.0952625
   0.0607599     0.032981   -0.0571191  -0.00839213
   -0.134394    0.0284799     0.127483    0.0969033
  -0.0232048    0.0161758   -0.0191409    0.0487483
  0.00488717    0.0202222    0.0127886    -0.122854
   0.0750153   0.00511111    0.0210633   -0.0967972
   -0.117011    0.0408878    0.0616143    0.0242479
   0.0155173   -0.0606397    0.0665537    -0.149383
  -0.0752799    0.0140944     0.129206    0.0214017
    0.267832      0.14372   -0.0822192    0.0082721
  -0.0458077    0.0756384    0.0427491    0.0584983
   -0.309395    -0.118629     0.156627   -0.0833672
  -0.0671325    -0.018878     0.105085    0.0555086
   -0.121233  -0.00452341     0.110525    0.0430058
   -0.176444  -0.00822925    0.0946816    0.0871761
  -0.0571086     0.139186   -0.0246945     0.142815
   0.0225543    0.0490907   -0.0841107   -0.0168704
  -0.0498457   -0.0236795    0.0645576   -0.0307795
 -0.00756904   -0.0510916   -0.0246882  -0.00566051
   -0.102987    0.0374043   -0.0161513    0.0661273
   -0.102368   -0.0414476  -0.00828244     0.103684
   0.0109419   -0.0730436     0.034586   -0.0475966
   -0.129897   -0.0410297    0.0656969    0.0173328
   0.0038227   -0.0677941  -0.00320228   -0.0570288
  -0.0373988   -0.0832782   -0.0364464  -0.00947194
    -0.18858   -0.0777149    0.0935089    0.0508427
  -0.0951461   -0.0369809    0.0384889    0.0682427
  -0.0427021  -0.00853389    0.0282319   -0.0436994
   -0.249806    -0.150889     0.040572    -0.064337
   0.0645599  -0.00520465    0.0563986    0.0198526
   -0.103945   -0.0863607     0.067043    0.0326365
   0.0295436   -0.0218521    0.0317386    0.0883679
  -0.0556302    0.0236325    -0.027967     0.126642
   -0.120914   -0.0167347    0.0427275    -0.034408
   -0.155644   -0.0254365   -0.0215793    0.0101037
   0.0160011    0.0977947   -0.0250614     0.111542
  -0.0498807  -0.00782338    0.0606923     0.042489
    0.200984     0.136335   -0.0488278    0.0733142
  -0.0719598   0.00179536    0.0659621     0.119898
   -0.110004   -0.0523929  -0.00909477    0.0312269
 -0.00809015   -0.0481583     0.029505    0.0376773
   0.0759137   -0.0903016   -0.0375888    -0.108636
     0.13416      0.10656    0.0206474   -0.0176819
   0.0718322   -0.0490099   -0.0318752   0.00151687
   0.0784162    0.0182179   -0.0518083    -0.100112
    0.070632    0.0167898   -0.0180471   -0.0134773
  -0.0688363   -0.0517214    0.0628271    0.0788097
   0.0907602    0.0922719    -0.120916    0.0938817
 -0.00641716  -0.00836495    0.0150951    0.0166202
  -0.0210193    0.0373294   -0.0254439     0.116492
   0.0476454    0.0261932   -0.0376233    -0.100759
  -0.0212409    0.0733783    0.0122996     0.152732
  -0.0565873   -0.0100445    0.0294183   0.00136863
   0.0230789    0.0151932    0.0031238     0.132064
  -0.0806099   -0.0875275   -0.0200401   -0.0115523
    0.103827     0.123217   -0.0242586    0.0436273
   0.0244956    -0.071826    0.0157495    -0.163474
  -0.0667556   -0.0939869    0.0248384   -0.0594175
   -0.105762   -0.0793559   -0.0132837   -0.0504725
    0.120902    0.0226429    0.0111089    -0.117659
   0.0220956    0.0426752    0.0270063    0.0409084
  0.00638388     0.114217    0.0430697     0.110389
   -0.136106     0.107235   -0.0105558      0.12892
    0.184096      0.13302   -0.0113587    0.0526934
   0.0415561   -0.0163231  -0.00494589    0.0240747
   0.0137799  -0.00642862   -0.0480957    0.0524089
-0.000372573    0.0249506    0.0133552   -0.0731239
   -0.010197    -0.031072   -0.0761993    0.0185538
  -0.0310619    -0.140131    0.0404358   -0.0982243
  -0.0123735   -0.0900574   -0.0222864    -0.151291
    0.209021  -0.00820823   -0.0812332   0.00153538
  0.00339755   -0.0384513     0.041069   -0.0472981
  -0.0612652   -0.0217661    0.0027868   -0.0407401
     0.13979   -0.0258186   -0.0549382    0.0172039
  0.00475502    0.0933506    0.0636009     0.116079
    0.150455   -0.0337471   0.00236971   -0.0794287
  0.00230955  -0.00366707    0.0321577   -0.0429656
   0.0566264   -0.0226004    0.0184459   -0.0131328
 -0.00966518    0.0273985    0.0592878   -0.0642159
   0.0868317   0.00445967   -0.0712092    0.0481654
   -0.117272     -0.04043      0.12016   -0.0296929
   0.0293032  -0.00461022    0.0705329     0.014932
   0.0768872    0.0528981    0.0366714    0.0518488
   -0.180704    -0.110791    0.0139849    0.0238027
   0.0963045    0.0816158    0.0185174  -0.00538454
   0.0308823   -0.0341229   -0.0440741    0.0598257
  -0.0418524    0.0069043   -0.0375644    0.0359941
  -0.0339372   -0.0416694   -0.0189722     -0.08294
  -0.0727942   -0.0251359    0.0581059    0.0786436
    0.131953     0.146878    -0.105439    0.0102031
  -0.0922753   -0.0937711    0.0239555   -0.0222743
    0.082817    0.0356855   -0.0139543     0.114841
   0.0611719    0.0406096    0.0103112   -0.0766004
   -0.070768    -0.103471   -0.0134222     0.038195
    0.185665    -0.130005   -0.0566033    -0.203647
    0.120138    0.0462448   -0.0243906     0.123243
  -0.0299621     0.104491     0.061342     0.140427
  -0.0518016   -0.0227859    0.0675159    0.0736042
   0.0117852   -0.0031108   -0.0251366   -0.0240361
    0.113576    -0.129448   -0.0722758     -0.17325
     0.13244   -0.0197781 -0.000212395     0.016402
   -0.021265    0.0583294    0.0493642   -0.0266751
    0.138505    0.0224443   -0.0468851   -0.0181735
  -0.0487028    0.0474729    -0.060335      0.11915
    0.135274    0.0848164   -0.0964498   0.00126604
   -0.106321    -0.086752    0.0580248    -0.032693
  -0.0438604    -0.152635    0.0710714    -0.218734
   0.0311241    0.0286533   -0.0620883  -0.00131117
  -0.0331082    -0.031783   -0.0297513   0.00886236
  -0.0999726    -0.113324    0.0189768   -0.0119086
    0.111647   -0.0224397   -0.0150467    -0.114648
  -0.0161703   -0.0624326    -0.024461    -0.064446
  -0.0160189     0.018852   -0.0168909   -0.0421343
  -0.0131888    0.0618136    0.0211636    0.0151816
   0.0609523   -0.0259904   -0.0165674   -0.0855369
   -0.145495   -0.0791651    0.0637064    0.0116465
  0.00281227    0.0165081     0.008788    0.0492883
  -0.0247279  -0.00380645    0.0261214    -0.132387
    0.103669   -0.0641263   -0.0240454   -0.0749175
  -0.0872151     0.136633    0.0138669     0.179897
   0.0638143     0.129754   -0.0200646     0.032749
   -0.031135   -0.0475851    0.0353496    0.0778876
  -0.0504161   -0.0655526    0.0643576  -0.00459833
   -0.173321   -0.0510465    0.0494046   -0.0220388
   0.0784867   -0.0547257    0.0590051   -0.0519582
   0.0707303    0.0831063     0.023691    0.0314985
    0.141172    0.0573392     -0.09647    -0.033238
    0.056087   -0.0711424    0.0179004    -0.070544
   -0.193308  -0.00655082    0.0495176     0.158404
   0.0686516   -0.0687882   0.00444943   -0.0523937
   0.0827273   -0.0436484   -0.0121591   -0.0318155
  -0.0413383    -0.114013    0.0449891    0.0217763
  -0.0242228   0.00725811     0.008816    0.0213459
  -0.0101659    -0.115471    0.0442941   -0.0782714
   -0.123443   -0.0937046    0.0534792   -0.0641234