    3.46741
    2.71181
   0.260075
  0.0586184
   0.353078
     3.5985
    2.18577
   0.680454
    1.20526
    2.54023
    2.82262
    1.85331
   0.524111
    1.22419
   0.708601
 -0.0782362
  -0.507331
    1.05057
   0.487623
    0.36966
   0.380733
   0.116444
  -0.106407
  -0.156984
   -0.30871
 -0.0335919
   0.367137
  -0.315506
   0.201921
 -0.0442996
  -0.332518
  -0.520285
  -0.231855
  -0.181314
 -0.0819319
  -0.549753
  -0.192728
  -0.128049
   0.257334
    0.53302
  -0.208555
  -0.293811
  -0.453151
   0.157421
  -0.431359
  -0.289459
  -0.061865
  -0.426271
 -0.0682504
  -0.215244
  0.0396212
    0.17568
  -0.289213
  -0.208218
  -0.394974
  -0.194891
   -0.19619
  -0.328807
   -0.43129
  -0.337633
 -0.0325343
   0.139225
   -0.34597
   0.397513
  -0.450907
  -0.386236
  -0.145925
  -0.216426
   0.164524
   0.162668
 -0.0854696
  -0.279853
  -0.406019
   -0.25798
  -0.429844
  -0.375182
  -0.396954
  -0.395519
  -0.455725
  -0.381085
  -0.409208
  0.0962538
  -0.371727
   0.122651
  -0.377425
  0.0414557
  -0.339256
  -0.358291
  0.0450828
  -0.398432
  -0.167437
  -0.440096
  0.0379861
  -0.301026
  -0.413062
  -0.425117
  -0.414864
  -0.488279
 -0.0126306
   -0.48908
   0.169422
   0.289129
   0.179994
    0.61468
   0.885926
   0.999222
  -0.148885
   0.443796
  -0.278264
   0.333092
   0.595144
  -0.407973
  -0.297888
  -0.218603
  -0.377836
  -0.282852
  -0.456935
   -0.16837
 -0.0122824
   -0.34203
  -0.372915
  -0.418245
  -0.388333
   0.251921
  -0.360157
 -0.0818281
  -0.232356
   -0.28819
  -0.320175
  -0.295813
  -0.228228
   0.064636
   -0.20766
  -0.172073
   -0.47992
  -0.396112
  -0.321202
  -0.440654
  -0.221334
  -0.296083
  -0.467118
  -0.426099
-0.00840496
  -0.469471
  0.0472975
   0.160592
  -0.449355
  -0.443591
  -0.461229
  -0.461655
  -0.359647
  -0.101496
    2.97312
-0.00436192
  -0.260252
    0.55162
 -0.0385446
   0.208146
    1.10597
  -0.263787
    0.63224
  0.0771346
   0.551877
   0.445836
  -0.337716
  0.0339569
  -0.336087
  -0.325721
  -0.217909
  -0.338478
  -0.295542
 -0.0442351
   0.145341
   -0.32124
  -0.163133
 7.2203e-05
  -0.196302
  -0.309881
  -0.352736
  -0.341932
  -0.213364
  -0.329468
  -0.339107
  -0.319912
  -0.257542
  -0.333612
  -0.315021
  -0.326645
  -0.316962
   -0.27671
  -0.228847
  -0.299447
   -0.34752
  -0.335825
  -0.349357
  -0.299688
  -0.347801
  -0.345291
   -0.36125