   0.0175831      0.09651     0.208454    0.0327213
  -0.0938415   -0.0221005    -0.372547    -0.238981
     0.12398  0.000312619    -0.385233    0.0784773
   -0.156693    0.0732998   0.00144792    -0.164035
  -0.0783585    0.0257516     -0.13964  -0.00629603
    0.160615   -0.0148216    -0.307195    -0.140873
   0.0575095    0.0032655   -0.0791918   0.00533537
    0.232138    -0.045152    0.0766168    0.0615964
   0.0505351    0.0362784     0.085493     0.295946
   0.0796709     0.110927     0.119178     0.104951
   -0.274383    0.0662045    -0.226991     0.063704
   0.0804854    0.0926863    -0.183375    -0.104117
  -0.0527276   -0.0428997   -0.0188322     0.226627
   -0.265914     0.167128   0.00259092    -0.131529
  0.00264308    0.0330974     0.157213   0.00352356
    0.215054    0.0581575    0.0411769    -0.397378
    -0.18695   -0.0233275      0.33497     0.106768
   -0.256279    0.0157873    0.0802456   -0.0507388
   0.0359665   -0.0161916     0.276017   -0.0162263
    0.150164   -0.0246391      0.11766     0.219601
   0.0037664    0.0768954   -0.0424563   -0.0447248
   0.0429335    0.0617475     0.129728    -0.111395
   0.0511608   -0.0136538   -0.0348007     0.225085
   -0.269184     0.122088     0.154987   -0.0721059
   0.0935198    0.0570279    0.0937742     0.176645
  -0.0669764   -0.0356908     0.339688     0.160141
  -0.0967862    0.0241388     0.162967    0.0149523
    0.144911    0.0203004    -0.147103   -0.0855238
    -0.44841    0.0769082    0.0855093     0.118465
   -0.313018   -0.0472629    0.0607328   -0.0338101
    0.160069    -0.116424   -0.0409698     0.189526
  -0.0226372   -0.0377256    -0.212877    -0.205034
   0.0384961    0.0250266   0.00571257    -0.388667
   -0.186484     0.084227  -0.00358188   -0.0113911
    -0.17159    0.0670227   0.00594536   -0.0955802
  -0.0384579   0.00455543    0.0974621   -0.0733268
    0.203264   0.00287579    -0.186099    -0.370179
   -0.136415    0.0150267    0.0902272    0.0824475
  -0.0596441    0.0946222     0.214772    -0.178385
  0.00328477   -0.0121896    0.0881839    -0.046749
   -0.102521     0.119817     0.138948     0.206121
    0.158547     0.102924    0.0215733   -0.0471091
  0.00380688    -0.022587   -0.0738539   -0.0304237
   -0.147676   -0.0772071    0.0627676    0.0841242
    0.164886    0.0778485   -0.0171305     0.101085
  -0.0472886  -0.00964747   0.00662408     0.268146
    0.153359   -0.0114454   -0.0760427     0.122559
  -0.0618408     0.066917     0.390484    -0.503426
    -0.14165   -0.0501694   -0.0539143   -0.0947129
   -0.204418     0.104038     0.297491   -0.0122424
   -0.229698    0.0181293     0.174541     0.219273
    0.143844    0.0864648    0.0782338    0.0621819
  -0.0472395  -0.00530054    0.0819824     0.252863
   -0.107781     0.020322   -0.0656306     0.228345
   0.0573744    0.0952073    0.0437629    -0.160132
    0.134885    0.0816362   -0.0105808    -0.175628
  -0.0906327   -0.0396019    -0.017671   -0.0698544
  -0.0915009   0.00874611     0.355548    -0.212646
    0.151228   0.00167184     0.161336     0.265244
   -0.477421     0.113481    -0.268968    0.0643524
   0.0779039   -0.0106047     0.170173     0.019298
   0.0612345    0.0351536     0.150835   -0.0284525
  -0.0189871    0.0790517     -0.20893      0.42069
   -0.200783    0.0458348    -0.199933     0.218275
   -0.132034    0.0560879    0.0225576    0.0928764
    0.244612    0.0858219    -0.168119    -0.100311
    0.187526     0.043907   -0.0229022     0.117219
   0.0610882    0.0545828    0.0211385    0.0679204
    0.165217   0.00518814     0.163576     0.242173
   0.0771895   0.00708684    -0.071273    0.0467576
    0.456981    0.0746356    -0.189381    -0.124915
   -0.231194    0.0490085 -0.000703772     0.065705
  -0.0472836   -0.0384227     0.154421     0.301223
    0.196746   -0.0535132   0.00994446     0.320314
   -0.222643    0.0516364   -0.0969339    -0.090078
    -0.11811    0.0719189    0.0273705   -0.0667679
   -0.353356    0.0292165  -0.00772662      0.12533
  0.00365574    0.0238047    -0.114327    -0.223454
  -0.0417061      0.14438     0.384181    -0.567808
    0.220609    0.0210938    -0.277507     0.285719
    0.052138    -0.106692    -0.217533     0.126012
   -0.178023  -0.00514632     0.161783    0.0568634
    0.121453     0.119545  -0.00149921     0.101294
    -0.40962     0.120594     0.182796   -0.0833169
   -0.185747    0.0286701    0.0289337    0.0615877
  -0.0285572    0.0337558     -0.05955    -0.119692
    -0.22497    0.0559801     0.007989     0.252514
  -0.0313619   -0.0261492    -0.199945   -0.0255907
   -0.280343  -0.00555709     0.329697   -0.0341554
  -0.0582278    0.0513367     0.139775     0.156974
     -0.1055     0.138273     0.247781    -0.509751
   -0.214131   -0.0203106   -0.0162372      0.10499
   0.0607861   0.00989233    -0.130562    -0.164135
  -0.0803883    0.0375877     0.240757     0.313458
   -0.151856    0.0350893   -0.0325809    0.0587231
    0.120414   -0.0484865    -0.221314   -0.0246899
  -0.0741255    0.0226815   -0.0265864    0.0394905
   -0.273756    0.0472131     0.175973    -0.158963
   0.0320292  -0.00406444    0.0744177   -0.0554622
  -0.0381845    0.0126099      0.60699     0.303681
   -0.144741    0.0578965     -0.25238   -0.0648862
  -0.0224721   -0.0299264   -0.0540502   -0.0626924
   -0.136281     0.059235     0.050197    0.0536393
  -0.0825982   -0.0414984    -0.207872     0.315372
   0.0597931  -0.00173586    0.0636031     0.201947
  -0.0563356     0.107206    0.0174587   -0.0199042
    0.139755   -0.0105303    0.0501252     0.112592
   0.0351259     0.120219    0.0399834    0.0281713
    0.136842    0.0334986    0.0403912     0.156543
 0.000269457    0.0849794     0.131642    0.0176656
  -0.0494954     0.136127    0.0719349    -0.352757
   0.0761209   -0.0566752   -0.0892749     0.031566
  -0.0231363     0.116596    0.0802004   -0.0705171
   0.0296109    0.0272599    -0.264322     0.113929
  -0.0565843    0.0941463     0.181262    -0.133965
   -0.166782    0.0873553     0.216349     0.203915
   -0.282142    0.0834058     0.223585    0.0332665
   -0.178369   -0.0264947   -0.0805553    -0.181919
  -0.0942846     0.102038    0.0594856    0.0834597
  -0.0661925    0.0918134   -0.0394071   -0.0864131
  -0.0759164     0.016321   -0.0235587     0.073486
  -0.0202877    0.0360221     0.158527     0.172881
-0.000324914    0.0277556   -0.0694523   -0.0939693
  -0.0304395   -0.0230679    -0.111165     0.268333
     0.10628   -0.0521575  -0.00134705    0.0727081
   0.0984695     0.129851     0.038354    -0.424648
   0.0472423    0.0815652    0.0159828    0.0506484
    0.154634   -0.0113851   -0.0594066     0.172775
  -0.0624492   0.00773683     0.057293     0.275244
   -0.101116  -0.00279411      0.35104     0.299179
   0.0466466    0.0102565   -0.0809786   -0.0373494
    -0.21325   -0.0405229    0.0309914    0.0547034
   0.0978263   -0.0619928   -0.0262726     0.327778
   -0.154548     0.142831    -0.025876     0.129067
   0.0957189    0.0186618    -0.220987       0.1134
   0.0393873  -0.00310914   -0.0567798     0.160716
   0.0511465    0.0217099    0.0601471     0.136175
    0.137549   -0.0249891     0.117804  -0.00150231
  -0.0978346    0.0780874    0.0291817    -0.159894
   0.0985809    0.0540628      0.07772  -0.00257759
   0.0957405   -0.0148534    0.0849718   -0.0187939
   -0.146584    0.0829667    -0.289079     0.272012
  -0.0341711   -0.0210272     0.282423     0.369008
   -0.125097    0.0184025    0.0235215    0.0162948
   -0.249698    -0.104925    0.0158187     0.259305
   -0.102466   -0.0657811    -0.248269    0.0393512
  -0.0355817    0.0344211    -0.251987     -0.10892
    0.174566    0.0314872    0.0370529    0.0276245
  -0.0903337   -0.0218333     0.157593     0.173738
    0.103395    0.0670288    0.0643268    -0.036272
 -0.00800351    0.0400605    -0.129778    0.0716462
    0.247388    0.0704522    -0.198767    0.0138709
    0.239368     0.106014     0.447961   -0.0947455
    0.228565   -0.0239759   -0.0692069    0.0429683
  -0.0238059    0.0431709   -0.0644058    0.0528549
   -0.243019    0.0629573    -0.159002    -0.256229
   -0.155161   -0.0145557     0.119247  0.000270999
  -0.0161605  -0.00389296    -0.259231    0.0696127
     0.12486   -0.0528309    -0.349758    0.0897906
   0.0266608    0.0705178     0.166804     0.290136
  -0.0633091   -0.0019045   0.00222555     0.246714
   -0.195978    0.0489524      0.31698    0.0838419
   -0.304878  -0.00805837    0.0433398    -0.138238
   0.0488122   -0.0405981    -0.175622     0.255046
   0.0583344     0.026952   -0.0067657    -0.172863
    0.299845    0.0252593    0.0168457     0.129615
    0.434028   -0.0454604    -0.185108     0.227573
  -0.0346696     0.075443    0.0684902    -0.208425
    0.363809    0.0195537    0.0185418     0.214954
  -0.0345806    0.0499119    0.0294902   -0.0472231
  -0.0965089    0.0190185      0.10165    0.0292274
     0.17978    0.0742391     0.121438     0.181584
   0.0552962    0.0553527    -0.181442     0.161144
  -0.0106635     0.073487   -0.0122752    -0.204166
   -0.199925    0.0373155   -0.0449187  -0.00419155
   0.0458916    0.0789847   -0.0110813    -0.189718
     0.21291    0.0325632    -0.133261    -0.169159
   -0.393649     0.022681      0.06808  0.000507306
    -0.32751     0.182704    -0.131711    -0.485651
  -0.0127174    0.0515693    -0.159152    -0.269136
  -0.0100843    0.0275463    -0.262066     0.313432
   -0.119946     0.100832     0.217311    0.0551918
  -0.0776307    0.0209736    -0.452875    0.0605423
   0.0214131        -0.02    -0.414951    0.0372333
  -0.0282358   0.00892236    -0.231236     0.175914
   0.0665924    -0.116832    -0.200098      0.19817
  -0.0142992  -0.00373649     0.477652     0.696627
   -0.142993     0.099861    -0.118289   -0.0142369
   0.0524481    0.0857491      0.14133    -0.020169
    0.106954    0.0221158    -0.326698   -0.0391834
   -0.276924    0.0910579    0.0414141    0.0998254
    0.126683   -0.0508707   -0.0879645    0.0940322
  -0.0220009  -0.00387404   -0.0876779     0.140907
    0.306205    0.0100099  -0.00673414     0.106325
    0.303569   -0.0129737  -0.00481686     0.108983
    0.320422    0.0616338     0.569568     0.174716
  -0.0754341    0.0186081    0.0513501    -0.316408
   0.0830092    0.0627785    0.0334059     0.027538
  -0.0259678    0.0657013     0.323635   -0.0285128
  -0.0723631   -0.0321607   0.00238474   -0.0306831
    0.172642     0.043674     0.202546   -0.0208924
  -0.0884473    0.0500949    0.0221489     0.534213
    0.296201    0.0322543      -0.1357   -0.0735068
   0.0619387    0.0906082     -0.26687    -0.127655
   0.0170163     0.104766     0.133128     0.177265
    0.185454  -0.00471873    0.0402714     0.570097
   0.0596557     0.125506    0.0620235     0.269758
   0.0142765     0.056148   -0.0731558     0.176394
   0.0234273   -0.0646917     0.163619     0.567743
    0.134404  -0.00559427      0.17179   -0.0214926
  -0.0300656     0.048878     0.278711     0.187602
    0.110856     0.101474    0.0493907    -0.291487
   0.0864916   -0.0711603     0.140191    -0.198568
   -0.137795    -0.046295   -0.0612785      0.24458
 -0.00229049    0.0747048     0.180952    0.0112317
   0.0758952   -0.0276392   -0.0900269     0.437458
  -0.0468683   -0.0625917     -0.22763  -0.00785574
 -0.00200245     0.120864    -0.125324    -0.100362
    0.115875   -0.0862613   -0.0963133     0.163067
   0.0717493   -0.0274897    -0.278706    -0.169842
   0.0406038  -0.00171257     0.500546   0.00582426
   0.0707851   -0.0262001     0.314983    0.0468959
   -0.150408    0.0579089    -0.061402    -0.228571
    0.241522    0.0525716     -0.03137    -0.150797
    -0.18283  -0.00529739     0.131608     0.109503
   0.0535457    0.0187296     0.199172    -0.159361
   -0.188249    0.0228827   0.00900943     0.105318
    0.307737    0.0456322   -0.0544064    0.0545686
   -0.219991     0.146066   -0.0546152   -0.0479104
   -0.258259    0.0878574     0.163809   -0.0961243
  -0.0200449    0.0310294    -0.128542    0.0396103
   0.0189867   0.00917697     0.233503     0.240806
    0.256782   -0.0377541   -0.0794778     0.179736
    0.122515    0.0524895    0.0470046    -0.203141
    0.170024    0.0391041     0.153994    -0.325495
  -0.0460863    0.0670891     0.111398   0.00164474
  -0.0977346  -0.00825897  -0.00467826     0.326228
   -0.235457   -0.0206643      0.25404     0.112615
   -0.101516    0.0595161    -0.206789    0.0256404
  -0.0308409    0.0615229      0.18754   -0.0481357
   0.0955367    0.0143692    -0.171856     0.224865
     0.19385   -0.0417577     0.208169     0.294159
   0.0701812   -0.0249247     0.279941     0.176725
   0.0662354    0.0958489    0.0317342    -0.168168
   0.0435105  -0.00959964    -0.214423    -0.181613
   0.0805274    0.0248585     0.177508     0.077594
   -0.248245    0.0618466     0.129209   -0.0536222
    0.077697    0.0055267    -0.162253   -0.0642754
    -0.11359     0.147242     0.236699     0.248603
   0.0350728    0.0709824   -0.0642493     0.068888
  -0.0354669    0.0326566   -0.0887723    -0.032652
    0.338455     0.051109    -0.278828   -0.0986177
    -0.33436   -0.0110927    -0.421759     0.576258
    0.363178  -0.00518108     0.041424   -0.0542938
   0.0457502   -0.0562263    -0.485576      0.28968
   -0.253831    0.0818011   -0.0396167     0.441745
   -0.127738    0.0402918   -0.0582383     0.144988
    0.102587    0.0666294     0.288939   0.00933085
    0.213987  -0.00766755    -0.397372     0.221159
  -0.0879112    0.0182314     0.136883    -0.183592
   -0.023908     0.103452    -0.592137    -0.350789
   -0.120329   -0.0352276    0.0668377    0.0993517
  -0.0682797     0.065499    -0.180691    0.0403599
   -0.352409    0.0503134     0.419284    0.0758104
   -0.065052     0.108646     0.264138   -0.0470099
  -0.0577419   0.00997397    0.0125116    0.0709371
  -0.0409483    0.0713821   -0.0630372   -0.0607769
   -0.341816     0.139183   -0.0893226    -0.223565
   -0.025704    0.0809442   -0.0421666   -0.0915027
   0.0780739     0.086002       0.1191    -0.056765
   0.0584705   -0.0616846     0.158173     0.283225
    0.125785   -0.0394226   -0.0767208    -0.016426
  -0.0353918   0.00510555  -0.00498181    -0.157353
    0.162317  -0.00921133   -0.0894006       0.2083
    0.106406    0.0641433     -0.11118  -0.00479074
   0.0751591   -0.0471501    -0.111982   -0.0822465
  0.00710206   -0.0645398    -0.299945    0.0430748
 -0.00764854   0.00600256     0.097088    0.0435482
   0.0193414    0.0930201     0.171716    -0.113508
   0.0515492  -0.00154985     0.287105     -0.14177
  -0.0369821  0.000652836    -0.130773     0.350783
  -0.0219419   -0.0411637    -0.170652     0.262709
   -0.165976  -0.00625156    -0.208753   -0.0314294
   -0.220734    0.0262399     0.264343    0.0189775
   -0.102105     0.113632     0.181684    -0.205404
   -0.231389    0.0900123   -0.0201382   -0.0268242
   -0.182712    0.0101585    -0.283301    -0.191367
     0.10211   0.00190194   -0.0955976   -0.0513365
 -0.00710684   0.00670558    -0.231323     0.292455
  -0.0635126    0.0159406     0.031812     0.047423
   0.0275951    0.0371219  -0.00874918    0.0665186
  -0.0129737   -0.0736784   -0.0297506    -0.192035
   0.0969892     0.101854    0.0572805    -0.163255
    0.446315    0.0691997     0.325988    -0.177714
      0.2377     0.148974     0.126407    -0.170553
   0.0617623    0.0418165     0.162943    -0.144987
  -0.0501222   -0.0931689    0.0413024     0.189462
    0.129719     0.066062     0.206517    0.0241599
   -0.110994    0.0354979     0.087388     0.157001
  -0.0639824    0.0192844     -0.22941   -0.0131549
    0.080992   -0.0590359    -0.245725     0.175544
   -0.286759     0.113146    0.0509225     0.163928
    0.133754  -0.00685116    0.0226495      0.21898
  -0.0548432     0.106295     0.418758    -0.146913
     0.19264    0.0511381   -0.0414496   -0.0645317
    0.350541    0.0680233    -0.215262     -0.28031
  -0.0954979    0.0958771    0.0587752    0.0809062
   -0.139432     0.120134     0.159633      0.32023
   -0.268158   -0.0498389     0.041257   0.00792324
   -0.152787    0.0780479     0.123872   -0.0172949
  -0.0543035    0.0327949  -0.00531509     0.182862
    0.183975    0.0664182   -0.0557046   -0.0466213
      0.2543   -0.0680039    -0.150056     0.185376
   -0.212467     0.107244    -0.062203    -0.243675
   -0.085049   0.00244502   -0.0269933    -0.132754
  0.00518965     0.150886    -0.233859   -0.0650689
   -0.198346   0.00581412    0.0938223    -0.163616
  -0.0844195   -0.0102753     -0.20198    0.0485535
   -0.134713    0.0411273     0.349889     0.162923
   -0.152884    0.0100703      0.27706   -0.0440434
    0.241212    0.0341786    0.0595221    0.0351714
   -0.280316   -0.0171464    0.0639268     0.285674
   0.0763898    0.0390135     0.222449      0.14504
  -0.0462891  -0.00106457    0.0680028     0.130746
   -0.083414     0.096087    0.0615331     0.064243
    0.157359   0.00409134   0.00465871     0.170621
  -0.0398852    0.0102283     0.230337     0.139438
    0.206374    0.0358034    -0.121926    -0.200731
  -0.0367195    0.0195381    0.0594726     0.292541
    0.132004   0.00816605   -0.0480985     0.213611
   0.0984179    0.0268313    -0.233188    -0.198012
    -0.19466    0.0531623     0.124152   -0.0488337
   -0.118117   -0.0159019    0.0947422    -0.178696
    0.238254   -0.0416605     0.204323    -0.276649
    0.179987   -0.0406656    -0.242081     0.109478
    0.158448    0.0961003    -0.433051    0.0213762
  -0.0380463   -0.0468756    -0.168593    -0.223198
  -0.0685018   -0.0337552   -0.0426962    0.0573418
   -0.131746    0.0256733      0.30913    -0.239331
   -0.179791    0.0201767      0.19966    -0.011495
   -0.312536      0.16678    0.0518247    -0.223689
  -0.0339944    0.0503057   -0.0223225      0.13426
    0.275315      0.02822    -0.118615     0.192549
    -0.29764     0.100079   -0.0646593    -0.121437
   0.0647061    0.0377889   0.00345088   -0.0682137
  -0.0353417    0.0106953    -0.199264   -0.0933573
    0.149201    0.0670702   -0.0813698      0.23286
   -0.115707    0.0454597     0.311074    -0.311097
    0.248344   -0.0135158    -0.257213   -0.0277115
    0.499091   -0.0409812    -0.476668    0.0200997
    0.145059    0.0311723     -0.18736     0.603857
    0.180569  -0.00912281    0.0935046     0.176386
   -0.152575    -0.079778   -0.0356596     0.350042
  -0.0317779   -0.0629627    -0.145982     -0.15616
   -0.136071   -0.0203562   -0.0503194    -0.274869
   0.0899112   -0.0327301       0.1328  -0.00771394
   -0.256825   -0.0311048   -0.0406346    -0.119186
    0.212107   -0.0386468    -0.100211    0.0940169
    0.142016    0.0295654   -0.0960555     0.278339
   -0.198711    0.0469417   -0.0330942   -0.0820097
   0.0307037   -0.0665325    0.0435366     0.298236
    0.220842   -0.0439685    -0.287157     0.398389
   -0.012558     0.151749     0.820806     0.116125
  -0.0227588    0.0701964    -0.190868    0.0956727
   0.0373412    0.0431406      0.20457    -0.172709
   -0.252302    0.0425179     -0.20658   -0.0562152
   0.0069409    0.0519567     0.177711     0.376532
    0.132569    0.0663462     0.102081    0.0113413
   -0.127543   -0.0436682    -0.151168    -0.207039
   -0.264995    0.0601244     0.190783    -0.139935
   0.0109022    0.0929678     0.220047    -0.179388
    0.107127     0.059212   -0.0931456      0.15778
    0.149785    -0.062743     0.125852    -0.106859
  -0.0799247 -0.000504539     0.195746     0.031234
   -0.294723     0.169538   -0.0115384    -0.170924
  -0.0411473    0.0263932   -0.0144876  0.000653361
  -0.0847294    0.0776626   0.00863652   -0.0120566
   0.0290969   -0.0244834   -0.0808972     0.188691
   -0.226679     0.111117   -0.0231737     0.181615
  -0.0146997    0.0824533    -0.136103    -0.184562
    0.180207    0.0471805   -0.0679236    -0.314114
  -0.0555594    0.0297969     0.263153     0.196377
    -0.17632     0.125286    -0.196816    -0.660602
     0.08357   -0.0409598   -0.0864289     0.566245
   0.0468224  -0.00485922    0.0166038      0.17783
   0.0602101    0.0993022    0.0198042     0.196212
    0.103616     0.030931     0.168056    -0.151265
   0.0191748   0.00897377    -0.116763    -0.236419
    0.101547   -0.0212217    -0.171221   -0.0292227
  0.00334893    0.0147612   -0.0818248   -0.0377638
    -0.08037 -0.000770464    -0.366025   -0.0361446
    0.169381    0.0107136    -0.301495     0.105265
   -0.230678    0.0599622     0.107935     0.163956
  -0.0271807     0.012258     0.044937     0.227844
  0.00817299    0.0785053    -0.525798    -0.382686
    0.141022   -0.0200475     0.190533     0.415439
   -0.169283    0.0741089     0.108203    -0.315461
  -0.0469725     0.111801    0.0362748    -0.239728
  -0.0455315    0.0201683    -0.276824     0.417733
    0.127117    0.0537746     0.362914     0.106452
    0.357851    -0.036501   -0.0487233   -0.0582917
   0.0251779    0.0168912    -0.302179    0.0836698
  -0.0946114    0.0782536      0.36037   -0.0493238
   -0.085854   0.00471756   -0.0587375    0.0446935
    0.399796   -0.0440847   -0.0599347    -0.114837
   -0.264814     0.183166      0.24267    -0.351914
    0.012513 -0.000452872    -0.332274     0.566963
    0.212157    0.0902088   -0.0827418     -0.27128
    0.053655  -0.00892318    -0.133071     0.150821
    0.079089     0.119367    0.0515667    -0.210681
   0.0491834   -0.0244575     0.181416     0.332358
   -0.126311    0.0638408     0.102082     0.246858
    0.100633   -0.0248386    0.0670015     0.117075
    0.121708    -0.062008    -0.396818    -0.274305
     0.13776    0.0578611    -0.122367     0.013754
  -0.0936753  0.000459933     0.151398   -0.0664469
     -0.1025    0.0222473    -0.188965    -0.149344
  -0.0118588      0.07319     0.182594     0.323285
  -0.0777235   0.00879798     0.185311    0.0745289
  -0.0752603    -0.010132  -0.00819987     0.107786
   -0.061591    0.0527865     -0.18677   -0.0144298
    0.271549   -0.0199295     0.114149    -0.117529
 -0.00788991    0.0921319  -0.00986709   -0.0644039
  -0.0617719  -0.00867452   -0.0163235     0.151837
  -0.0311845    0.0644443    0.0188929     0.139587
    -0.10074   0.00765944      0.12663    0.0765137
  -0.0952833    0.0253698   -0.0352128     0.283516
  -0.0219761     0.166355     0.542759     -0.19479
  -0.0496246    0.0770429     0.316465   -0.0810754
   0.0432316    0.0163592      0.30137    0.0602779
    0.125508    0.0580987     0.281301    -0.292968
  -0.0253123    0.0276463     0.030936     0.306314
   -0.136688    0.0594491   -0.0215664    -0.193403
    0.160928 -0.000590339    -0.130108      0.11009
    0.242008   -0.0258839     0.103557    0.0178154
  -0.0547853   -0.0466157    0.0174953     0.305674
  -0.0735781     0.072761   -0.0278647   -0.0614395
   0.0699415  -0.00373253   -0.0640853     0.108398
    0.228369    0.0338331    -0.223874   0.00860875
  -0.0651924    0.0459955     0.230625   -0.0961118
    -0.23893   -0.0944872   -0.0288806     0.489007
   -0.251514     0.107665   -0.0875316    0.0895177
   0.0220269    0.0704896   -0.0324986   -0.0428678
  -0.0554558   -0.0167783    -0.301106    0.0769861
   0.0292577    0.0449822    -0.236803    -0.142701
   0.0142473    0.0362926     0.144101    0.0765655
    0.259889    0.0077483    0.0512619     0.239469
  -0.0403022     0.116731    -0.299977    0.0194637
   0.0449975    0.0444378    -0.475145     0.024243
     0.15448   -0.0252655  -0.00254256    -0.297551
  -0.0108894   0.00739666     0.204995    -0.122624
    0.101142    0.0318257      -0.2359    -0.243693
   -0.289859   0.00678536    0.0248364    -0.132529
    0.329296    0.0401444    -0.226442     0.202512
   0.0755197     0.010508     0.125807    0.0982058
   0.0907313    0.0235863   -0.0580543      0.43805
  -0.0439289     0.109705      0.29659    0.0599537
   -0.122474    0.0427992     0.126335    0.0256564
     0.26527    0.0867859     0.423359   0.00435732
  0.00526682     0.103407    0.0380298    -0.121608
   0.0344272    0.0306113     0.207345    -0.122255
  -0.0815988     0.162883     0.249657    -0.167888
  -0.0077262    0.0233448     0.179342    0.0954582
  -0.0297905   -0.0354064    -0.200294   -0.0718653
    0.501613    0.0724215    0.0273731     0.164759
    0.171317    0.0208688    0.0712994      0.20086
   0.0455447    0.0311591    -0.152378    0.0734364
  -0.0933337    0.0523766     0.218129     0.246971
    0.222463      0.13582    0.0329705    -0.139812
    0.262585   -0.0420607     -0.71406    -0.196379
   -0.150348      0.14286     0.381264    0.0689637
  -0.0355126     0.106778   -0.0820694   0.00555077
    0.107598   -0.0569888     0.115606     0.118742
   0.0514795  -0.00516753    -0.171119     0.057107
   0.0888945   0.00410197    -0.121232   -0.0283424
    0.065474   -0.0225233     -0.14289   -0.0583816
     0.10487     0.118741     0.320655    -0.170404
    0.406602   -0.0644764    -0.159731    -0.115697
  -0.0466467    0.0311113     0.133259    -0.169523
     0.14272   -0.0297203    -0.130659     0.311719
 -0.00733327     0.088552    -0.118292    -0.271558
   -0.127245   0.00831569    -0.124507   -0.0790438
   0.0230579    0.0370491     -0.37876     0.158633
    0.273377   -0.0163559    -0.147423   -0.0880991
    0.114402    0.0465746     0.178436   -0.0749143
  -0.0906867      0.03891     0.130626     0.143802
   -0.282119    0.0595197     0.159919     0.160214
   0.0213427   0.00385117    0.0344988   -0.0230317
   -0.126938    0.0446509    0.0554278    -0.234734
   -0.179266   -0.0898474    -0.259911   -0.0869691
  0.00677483    0.0223723    -0.104762     0.395632
  -0.0445192   -0.0501635      0.13372    0.0374337
    -0.24298    0.0409332     0.144218    0.0677628
    -0.23527   -0.0624733    0.0137482     0.222658
   0.0414675    0.0373237    0.0889601     0.132255
    0.232179    0.0433037     0.279889    -0.215028
   -0.063742    0.0504564    0.0721599     0.149201
    0.133848   -0.0823619    0.0079451    -0.176286
    0.247728    0.0687818     0.306111     0.131216
  -0.0832506    0.0200947   0.00828742    0.0650058
    0.329722  -0.00192061    -0.119937   -0.0115311
    -0.31854    0.0867183    -0.272187    -0.244374
  -0.0139759   -0.0622277    0.0209048    -0.115097
  -0.0212921    0.0421759    -0.430215    -0.377907
  -0.0359119   -0.0627827    -0.262699     0.443037
   0.0722695    0.0174818    0.0740018    0.0625277
   -0.200806   0.00965194   -0.0572378     0.198481
   -0.158638     0.132974     0.168618    -0.188498
   0.0358941    0.0778383 -0.000310238    -0.151229
    -0.36268     0.107586   -0.0267978     0.372329
  -0.0442439    0.0570712    -0.180521   0.00748282
  -0.0573414      0.14701   -0.0679962    -0.102989