   0.0590875    0.0954304   -0.0782704   0.00423145
   0.0397796    0.0975023   -0.0116978  4.45447e-05
   0.0169531    0.0117094    -0.065441    0.0890424
  -0.0429876    0.0451653    0.0167266 -0.000378528
 -0.00165622   -0.0725455   -0.0269513    0.0118868
 -0.00911925  -0.00932648    0.0252444    0.0176371
   0.0758238    0.0464141    0.0688865   -0.0453223
  -0.0487673    -0.141513    0.0275072     0.054109
    0.080304    -0.259442    -0.098737     0.109748
   0.0253041   -0.0695253   -0.0105547  -0.00793357
 0.000375411     0.116034    0.0175983   -0.0625246
  -0.0474772     -0.10277   -0.0781252     0.116373
 -0.00144562     0.323431   -0.0479924    0.0913273
   0.0546205    0.0939226   -0.0525995   -0.0210186
  0.00727087    -0.103428    -0.099485    0.0611363
   0.0281805     0.401068     0.057474    -0.122894
   0.0639204    -0.209133    -0.065805    0.0143046
  -0.0362201       0.2095    -0.119104  -0.00919882
  -0.0177986   -0.0222568    -0.062178    -0.059078
  -0.0586227   -0.0115007  -0.00572058     0.126636
   0.0341933    -0.198941   -0.0333756   0.00578307
  -0.0634273    -0.101889  0.000140726    0.0846184
   0.0467044    -0.151285   -0.0513439     0.109464
    0.103486     0.134365   -0.0166857   -0.0277974
    0.018093    0.0467595     0.033046   -0.0390724
   0.0200887     0.064144   -0.0847452    0.0564092
    0.016642     0.113654    0.0566205   -0.0171958
   0.0162489     0.158646   -0.0134893     0.044989
    0.115213     0.158653    0.0671684   -0.0933553
   -0.037694   -0.0425153   -0.0075686    0.0432253
 -0.00467246    0.0821761   0.00715626    0.0426871
   0.0688064     -0.17646   0.00493935  -0.00733251
   0.0168849     0.127563     0.102849    -0.119161
   0.0278688      -0.4422   -0.0673955    0.0857185
   0.0844847    0.0660201    0.0361974    -0.081635
   0.0346944     0.102523   -0.0232167   -0.0843865
   0.0353377     0.126709    0.0778043   -0.0190896
 -0.00971953     0.062676   -0.0293458    0.0432942
  -0.0127019      0.31367    0.0142554    0.0130803
   0.0680512    0.0631631    0.0967038    -0.211319
  -0.0340687    0.0975769   -0.0690916 -0.000458917
  -0.0292137    0.0742334   -0.0316501   -0.0197204
    0.115219    -0.219404   -0.0481942     0.122919
     0.09958     0.448665    0.0615514   -0.0709809
   0.0857509    -0.170934   -0.0656723    0.0802677
   0.0389826     0.317623    0.0157609   -0.0540587
   -0.013999     0.264261     0.131002   -0.0916952
    0.042522    -0.300038   -0.0283381      0.14887
   0.0491415    0.0831881   -0.0914801    0.0699105
   0.0323756      0.15478     0.144356   -0.0836692
   0.0406494    -0.186674    0.0330809   -0.0232466
   0.0491846    -0.309142   -0.0306683    0.0233909
   0.0157946  -0.00704227    0.0316682    0.0784437
   0.0151266   -0.0443325  -0.00112262    0.0249698
  -0.0104561    -0.229415   -0.0323035     0.118305
  -0.0232858    0.0920312   -0.0367126   -0.0315385
  -0.0200799     0.143281    0.0343254   -0.0198315
  0.00924371    -0.315829   -0.0711189    0.0679552
   0.0208901   -0.0082716    0.0402105    0.0284009
   0.0441505    -0.130381    -0.131024     0.166573
   -0.112944     0.217707   -0.0505028    0.0740184
  -0.0479693    -0.183926    0.0017399    0.0368685
 -0.00650604     0.220241     0.139434    -0.199069
 -0.00386715    -0.216492   -0.0458538    0.0446933
   0.0131161   -0.0268926    0.0221636   -0.0416363
  -0.0204661    0.0417341   -0.0816381    0.0273792
  -0.0179269    -0.124602   -0.0731152    0.0654326
   0.0276516    0.0118763    0.0235408    0.0524283
   0.0312086   -0.0374019    0.0447955   -0.0285923
  -0.0337556   -0.0820655   -0.0575202    0.0400801
  -0.0441365     0.108093     0.142458   -0.0511536
   0.0133573  -0.00767197    -0.131118      0.14487
   0.0348914     0.137323    0.0146642   -0.0256717
  -0.0116073    -0.509289    -0.156915     0.174052
   0.0332279    0.0710067    0.0304131   -0.0103908
  0.00534009    0.0257714    0.0331246   -0.0791211
   0.0429085   -0.0303072    0.0108126   -0.0138987
     0.07811    0.0789976   -0.0132866   0.00451564
   -0.030114   -0.0314515  -0.00340707  -0.00101693
  -0.0244336     0.356374    -0.116627     0.201086
   0.0233376     0.118111    0.0384449   -0.0673979
  0.00784597     0.237222     0.107188   -0.0630768
   0.0506988    0.0222737    0.0296739   -0.0615969
  0.00177878    -0.243159   -0.0751982     0.143458
   0.0871358     0.195825    0.0391482   -0.0837366
  -0.0117642    -0.107032   -0.0462125   0.00237702
  -0.0189809    -0.213334   -0.0365948    -0.029171
   0.0068383     0.167534    0.0284509    -0.010112
   -0.011584     0.138775     0.140949    -0.152121
  -0.0404767      0.02109   -0.0744391   -0.0197399
 -0.00635931    0.0058589    0.0328718   -0.0126452
   0.0215742     0.112693   -0.0131876    0.0833081
  0.00031567      0.15641    0.0278755   -0.0516547
   0.0107132    -0.116013    0.0290503   0.00696889
  -0.0629831    0.0410149   -0.0481109    -0.027822
 -0.00297433    0.0826593   -0.0098967    0.0237912
   0.0441802     -0.17479    0.0132871    0.0380782
   0.0252606    -0.287994    0.0985164    0.0136923
  -0.0651472     0.187793   -0.0704457    0.0968906
  -0.0318973    0.0449078   -0.0245223    0.0596993
-0.000192653     0.163547   -0.0240912   -0.0512002
   0.0165688     0.783711     0.133547    -0.210496
    0.088534     0.424214     0.118745    -0.051137
   0.0544541     0.198146    0.0552051   -0.0731224
   0.0177185   -0.0218774    0.0465858   -0.0237063
   0.0425059   0.00521657    0.0339257   -0.0141187
  -0.0398794    -0.213091   -0.0532069    0.0409875
  -0.0641833   -0.0383034    0.0621493   -0.0227469
 -0.00158349    -0.171157   -0.0480849    0.0536019
  -0.0786981    -0.132544    -0.023307    0.0588989
   0.0412552     -0.49293   -0.0667224     0.105677
   0.0747071    0.0439151   -0.0112919    0.0666794
    0.070908    0.0871621   0.00894032   -0.0689609
   0.0164122   -0.0491519  -0.00905147     0.116208
   0.0821467    0.0769305    0.0495663   -0.0309036
  -0.0297956    0.0681487   -0.0247741    0.0216919
   0.0181033   -0.0798602   -0.0937126    0.0836134
  -0.0108883   -0.0103376   -0.0256121    0.0496156
   0.0673775    0.0683464    0.0205015   -0.0279788
   0.0389915     0.286246    0.0832158    0.0286355
  0.00870747    -0.123556    -0.028222  -0.00755788
  -0.0304298   -0.0862089   -0.0414083    0.0574381
   0.0425437   -0.0091317   -0.0178925     0.023278
    -0.02227    -0.242149  -0.00791485     0.148597
   0.0346176     0.591584     0.038129   -0.0913718
   0.0662822   -0.0772704   -0.0043312    0.0461769
  -0.0130456    -0.102347  -0.00834792   -0.0539663
  0.00552873    -0.227444     0.024486   0.00404533
  -0.0203182    -0.111287  -0.00997961   0.00747536
-0.000108736     0.200726     0.109225    -0.170177
   0.0637997    -0.253657      0.02938    0.0723302
 -0.00201063     0.149854   -0.0736984     0.101856
 -0.00801857   -0.0094376   -0.0971374    0.0555956
   0.0115028  -0.00922604    0.0751587   -0.0935283
   0.0364927    -0.185668     -0.11806     0.150702
  -0.0164629     0.266782    -0.109842     0.109432
   0.0323944   -0.0934314   -0.0949873    0.0908738
   0.0702445   -0.0164649  -0.00522093   -0.0981926
   0.0165844     0.260366   -0.0523607   -0.0278114
  -0.0261416    -0.108403   -0.0274277     0.100945
   0.0642768    -0.187132    0.0166201    0.0547374
   0.0699743     0.170906    0.0114085   -0.0107216
  -0.0292559    0.0162652   -0.0351695   -0.0717642
  -0.0142106    -0.212049   -0.0551134    0.0807798
 -0.00332002   -0.0233926  -0.00251896    0.0898563
  -0.0262192    0.0703673    0.0285944    0.0207499
   0.0595037    0.0351978    0.0387214   -0.0740062
   0.0456296     0.231186    0.0466014   -0.0455402
   0.0112585    -0.142124    0.0537502    0.0252082
    -0.01738    0.0654231   -0.0371231    0.0142744
   0.0907224       0.1291 -0.000654293   0.00157417
    0.042568    0.0431983    0.0294211    0.0144291
  -0.0136844    0.0707507    0.0652258   -0.0728813
   0.0570055     0.232994    0.0859931    -0.118399
   0.0672038    0.0601923    0.0544033    0.0423579
  -0.0781177     0.108625   -0.0241777    0.0291908
   0.0674036    0.0891629   0.00719622   -0.0710443
    0.100497     0.223332   -0.0118052    -0.107481
  -0.0128154    0.0937411  -0.00997387    0.0601762
   0.0489752     0.605929    0.0436849   -0.0746573
   0.0318822      0.28482    0.0619594   -0.0210164
    0.061924    0.0343419      0.11379   -0.0901512
   0.0412441    0.0634852     0.070893   -0.0178419
  0.00632233     0.172402    0.0799472    -0.105564
  -0.0367268     -0.23745    0.0168797  -0.00297799
   0.0265647    0.0527065    -0.040395    0.0104238
  -0.0118285     0.575343    0.0837857    -0.157857
   0.0931887   -0.0745424     0.121196   -0.0313952
   0.0195987     0.333522    0.0476912    -0.120489
   0.0708974    -0.179607   -0.0267081     0.105772
  -0.0932239     0.575762     0.041067    -0.106749
   0.0808162   -0.0469807   -0.0266366    0.0675371
   0.0802863    0.0726864    0.0109302   -0.0768475
  -0.0256603     0.300822   -0.0455976     0.056429
  -0.0214376     0.332668    0.0424921   -0.0432004
   0.0625501      0.13962  -0.00177927  -0.00261262
  0.00364251    0.0829586  -0.00879213    0.0165872
   0.0769731    -0.148365   -0.0892233    0.0667185
   0.0468439     0.283131    0.0934674   -0.0656797
    0.097693     0.165984    0.0106152   -0.0723206
   0.0908605    -0.135465   -0.0585933    0.0262183
   0.0557635   -0.0993852    0.0557291   -0.0579232
   -0.036223    0.0592328   -0.0492933   -0.0340935
  -0.0179539    0.0277294   -0.0595643    0.0872891
   0.0107155    0.0294115   -0.0417154    0.0457209
  -0.0369447    -0.323324   -0.0460285    0.0770683
  -0.0226626   -0.0285659    0.0302561    0.0315738
   0.0111171     0.141317    0.0691656    -0.018435
   0.0134482     0.482088   -0.0688326     -0.02516
   0.0494362    -0.197368   -0.0339191    0.0337355
   -0.106027    -0.238237    -0.117326    0.0606223
   0.0468332    -0.356553   -0.0601617    0.0828017
  -0.0375021     -0.22607   -0.0438188    0.0700052
   0.0957267     0.197882    0.0127908   -0.0449708
   0.0230626     0.286007    0.0930762  -0.00688958
   0.0275029      0.12772     0.064354   -0.0571023
   0.0505954    0.0805102    0.0760455   -0.0801792
 -0.00990273      0.14436    0.0343722   -0.0980881
   0.0773521     0.119258   -0.0241723   -0.0410289
   0.0248124    -0.228847    -0.030727    0.0994137
   0.0294663   -0.0766147  -0.00025532    0.0229268
   0.0945279    -0.121828    0.0977766   -0.0583387
-0.000705489     0.455219    0.0391405   -0.0929953
   0.0693046     0.211624    0.0690563   -0.0208852
  -0.0511172      0.19571   -0.0619831    0.0382943
   0.0406304     0.256532   -0.0816565    0.0201089
   0.0779699     0.462441     0.107995    -0.126177
   0.0442048     0.181428     0.053744     -0.10415
   0.0253106     0.110153     0.026552   -0.0450676
  -0.0290457     0.061767    0.0453679   -0.0255037
   0.0157094    -0.503934    -0.108586    0.0620471
   0.0334019    -0.105131    0.0335212    -0.045557
   0.0385046   -0.0172072   -0.0125006    0.0785399
   0.0743404     0.296812     0.142097    -0.145872
   0.0428519   -0.0061055    0.0205408    0.0260373
   0.0191977      0.10134  -0.00698736   0.00133396
  -0.0157971  -0.00272547   -0.0137566  -0.00411686
   0.0658191    -0.186458   -0.0264092    0.0680034
   0.0276404    -0.170481   -0.0501147  -0.00103671
    0.016001    0.0118328    0.0211651   -0.0218951
   0.0194978    0.0692171    0.0163709    -0.100332
   0.0115988     0.125049    0.0565938    0.0170961
   0.0436814    0.0158074    0.0789111    0.0428658
 -0.00199775     0.117632     0.159251   -0.0765388
  0.00806519     0.128739   -0.0084789   -0.0644721
   0.0438574     0.155661   0.00201769     0.028801
   0.0623134     0.353571      0.03924    -0.148473
    0.073531    -0.420512   -0.0717171     0.122444
   0.0217365     0.252946     0.188669    -0.101838
   0.0160469     0.290655     0.047101   -0.0957008
    0.110466     0.432362    0.0724855    -0.138429
   0.0618652    -0.100775    0.0139323   -0.0490657
 -0.00675093     0.217218   -0.0789554    0.0635768
  -0.0197049    -0.407289    -0.137382     0.164131
   0.0204074    0.0608765    0.0180113   -0.0212107
   0.0162176    0.0391171  -0.00926421    -0.076851
   0.0541057     0.291758    0.0568777    0.0140383
 -0.00244815    -0.326606   -0.0406335    0.0485139
  0.00133315    0.0713234    0.0729085   -0.0183852
  0.00585731   -0.0522619     0.118752  -0.00554114
   0.0780688     0.404766    0.0382282   -0.0822685
   0.0245229   -0.0826361    0.0183711     0.127268
   0.0390319    0.0980127    0.0209612    0.0643709
    0.062995    -0.133806   -0.0935391     0.141817
  -0.0225685     0.237429    0.0103524   -0.0169408
  -0.0301684   -0.0309526   -0.0944212     0.102135
  -0.0113376     0.337171       0.1229    -0.194427
   0.0951465     0.182975  -0.00740796   -0.0307208
   -0.029474    -0.123675   -0.0166129     0.104559
   0.0239342    0.0672573    0.0136346    0.0730894
   0.0461305    0.0300749    0.0538248   -0.0709417
   0.0396927    -0.240471   -0.0989393    0.0135715
   0.0553204    -0.244207   -0.0650988     0.077889
  -0.0476223    0.0318932    0.0896877   0.00675291
   0.0162438    -0.194263   -0.0435289    0.0628674
  -0.0116816     0.221884    0.0605694    -0.076468
   0.0723493     0.312691    0.0220892   -0.0358976
  0.00428485     0.141078     -0.12864    0.0405492
  -0.0410917    -0.126948     -0.05673    0.0828312
 -0.00944134     0.196294    0.0857475   -0.0834585
  0.00359235      0.12928     0.107394    -0.102001
   0.0108393     0.174904    0.0297725   -0.0786841
   0.0757191     0.177456    0.0445081    -0.105951
   0.0500013     0.138977    0.0671941   -0.0950741
   0.0182242    0.0460827   -0.0378246     0.137093
  -0.0367641     0.630337     0.036404    0.0225349
   0.0325234    -0.122291     0.042484    0.0241733
   0.0350561     0.381526     0.086458    -0.082372
   0.0147765    0.0652454    0.0794953    -0.050795
   0.0715847   -0.0355077  -0.00307192     0.130113
    0.138055     0.168128    0.0242956   -0.0467519
   0.0188245   -0.0211674    0.0170788    0.0473606
  0.00749773     0.225306     0.134806    -0.117957
 0.000839659   -0.0479003   -0.0704193   0.00476129
 -0.00695566    0.0129051   0.00624833    0.0483565
   0.0358439    -0.065629   0.00187926   -0.0582304
  0.00470769    -0.110425    0.0631045   -0.0246256
   0.0482157     0.113157    0.0403003   -0.0281723
   0.0520806     0.107327    0.0589333   -0.0332866
   0.0435278     -0.10732    0.0182023    -0.017094
   0.0452916    -0.253465    -0.132913      0.16492
  -0.0331793    -0.159507    -0.133616     0.187054
  -0.0700289     0.447399     0.112866    -0.105504
   0.0811514    0.0880786   0.00229463    0.0105657
  -0.0115673    -0.264023   -0.0666779     0.111967
   0.0406696    -0.205614    0.0310978    0.0376019
   0.0595805    0.0131707   -0.0100112    0.0178191
  -0.0526144     0.179285     0.109744      -0.1091
  -0.0383832    0.0194243   -0.0680372   -0.0187757
   0.0131018     0.130947   -0.0232271    0.0539327
  -0.0182377    -0.189548   -0.0653586    0.0864733
   0.0878251    -0.143137    0.0360615    0.0167831
   0.0396561    0.0702257    0.0343802   -0.0384268
   0.0633749     0.249751    -0.105669    0.0336783
   0.0205398    -0.107253  -0.00485481    0.0550122
   0.0331337     0.355992     0.019664   -0.0498395
  -0.0376698   -0.0376386    0.0484576   -0.0352299
 -0.00395352    -0.261877   -0.0894023    0.0552145
  0.00656179   -0.0799519    0.0637449    0.0405253
   0.0325102   0.00830194  -0.00498604     0.104168
    0.050037     0.330531   -0.0331311   0.00275558
  0.00342535    0.0200508  -0.00296659   -0.0311384
   0.0270402    0.0790477    0.0567281   -0.0819333
  -0.0328718      0.04778   -0.0877752     0.149557
   0.0547656  -0.00488855   0.00767863    0.0290284
   0.0473779      0.12959    0.0860646   -0.0777181
   0.0493659    0.0846627   -0.0314621    0.0525462
   0.0402412     -0.10788   -0.0596793   -0.0281734
  -0.0331947    -0.176796   -0.0052449    0.0787554
  -0.0116117   -0.0776706    0.0216494    0.0838803
    0.069007    -0.200077   -0.0168799     0.021499
   0.0119152    -0.180481   -0.0815507    0.0311494
   0.0607209     -0.37184    0.0221903      0.07739
  -0.0477961    0.0432003   -0.0476174    0.0799193
  -0.0183186    -0.132655   -0.0737584     0.107912
    0.019897    0.0455485    0.0451098     0.070656
  -0.0433497    -0.465908   -0.0887607    0.0456006
  -0.0225005     -0.21231   -0.0481835     0.106264
   0.0597865    -0.143804   -0.0369531    0.0972111
   0.0216951    0.0275601   0.00132372  -0.00991412
    0.052256    -0.241824    -0.106913     0.166757
   0.0805137    0.0800844    0.0902652   0.00214399
   0.0705302   -0.0451345    0.0142005   -0.0713408
   0.0260881     0.210166     0.056243   -0.0652779
   0.0489339   -0.0144947   -0.0401333    0.0154316
  0.00762565   -0.0669781  -0.00606286     0.103131
   0.0099885   -0.0404527    0.0319041   -0.0203995
  0.00520415   -0.0178222   -0.0261448   -0.0363759
   0.0718636     0.136302    -0.107409    0.0895977
   0.0413982     -0.10086   0.00834408   -0.0504844
    0.036007     0.318215 -0.000287117    0.0588156
  0.00834481    -0.119512   -0.0330884    0.0907912
  -0.0272319    -0.310138   -0.0339692     0.109636
  0.00559529    -0.198555   0.00709162   -0.0683076
   0.0333086      0.58375     0.180143    -0.173782
   0.0330999     0.122075   -0.0212972   -0.0135273
   0.0821812    -0.162248    0.0252728    0.0450324
   0.0262185   0.00529424   -0.0377336   0.00884783
   0.0468676    -0.336344   -0.0552745    0.0769238
   0.0248882    -0.133125    0.0147007   0.00152802
    -0.04412     0.130402   -0.0230726    -0.055345
   0.0566173    -0.137306     0.116507    0.0366874
   0.0915762    0.0554627    0.0307389    0.0170281
   0.0482137     0.536942    0.0373954    -0.206439
  -0.0459641     0.026668    0.0173273  -0.00731966
   0.0105135     0.093364   0.00732539    0.0243478
  -0.0385016    -0.147512    -0.107675    0.0587977
   -0.059972    -0.202619   -0.0753992     0.111471
  -0.0134021   -0.0635787   -0.0505654     0.119649
    0.025172   -0.0845863    -0.083205     0.135086
 -0.00397504   -0.0837794     0.056295    -0.071398
   0.0297386    0.0337883   -0.0505782   0.00910325
   0.0158235   -0.0539058   -0.0218495    0.0190346
  -0.0594687   -0.0689924  -0.00254973    0.0109416
   0.0398918   -0.0683213   -0.0281462    0.0507662
   0.0268808   -0.0488376   -0.0230868     0.119244
  -0.0230773    0.0551831    0.0574978    0.0186655
  -0.0475174    0.0702538   0.00183628   -0.0465243
   0.0216093     0.318889     0.169092    -0.137623
   0.0140374   -0.0534267    0.0552812   -0.0689718
   0.0777011    -0.203587    0.0337453    0.0226617
   -0.013756     0.304391    0.0190358   -0.0300194
   0.0721578    0.0939267  -0.00549571    0.0357166
   0.0469599    -0.075086   0.00473306   -0.0189876
    0.102861    -0.197819    0.0463468   0.00158595
   0.0391653   -0.0253566    0.0242524   -0.0191767
  -0.0442614      0.11429   -0.0643224   -0.0137423
  -0.0195473    -0.420661   -0.0215518    0.0815695
  -0.0185004    -0.137239    0.0244954    0.0394514
   0.0624815    -0.290696   -0.0910967     0.163409
    0.127805    0.0884016    0.0579304   -0.0160835
   0.0091466    -0.401217   -0.0153776    0.0408961
   0.0671406     -0.17336   -0.0142109    0.0507102
   0.0654819     0.293109    0.0888014   -0.0674016
   0.0246761    -0.452439   -0.0162538    0.0550605
   0.0335317    0.0954973    0.0194152   -0.0191423
  -0.0414433   -0.0314938  -0.00860444   -0.0125053
   0.0811953     0.569172    0.0778705   -0.0114612
   0.0380986    -0.158585   -0.0772892    0.0439235
  -0.0170866    0.0951686   -0.0168589   -0.0208947
  0.00664871    -0.179535  -0.00738048    0.0628851
    0.101267     0.094428    0.0193904    0.0270332
   0.0849547     0.180023    0.0972149   -0.0397202
  -0.0483377     0.179476    0.0610405   -0.0632365
  -0.0573642    0.0305028   -0.0189998    0.0611983
   0.0687068   -0.0481614   -0.0755042     0.144129
  0.00386161   -0.0210782   -0.0150913   -0.0275969
   0.0653123    -0.156012   -0.0799574    0.0724958
  -0.0341491     0.028095   -0.0573559     0.128873
  -0.0488433   -0.0931564   -0.0529333    0.0985103
   -0.075797    0.0650979   0.00680808   -0.0359471
   0.0980952     0.321851     0.120386    -0.110038
   0.0498592   -0.0388417    0.0287043    -0.055879
   0.0316393     0.168577     0.055178    0.0234269
  0.00627444     0.284272   -0.0427549    0.0786297
   0.0340116   -0.0422309    0.0213053    0.0358341
   0.0251142     0.106535    0.0421811   -0.0280489
   0.0626789    0.0627802    0.0367719    0.0152954
  -0.0314904    -0.112973   -0.0861644   0.00649691
  -0.0417729   -0.0961134   -0.0061278    0.0315406
   0.0172799      -0.0217    0.0126082   -0.0742233
   0.0264388    0.0745588    -0.126488    0.0405701
  0.00828645    -0.445394    -0.132818     0.178267
  -0.0224399    -0.187019   -0.0179507   0.00718605
   0.0202443 -0.000577487 -0.000939443    0.0945677
   -0.043441    -0.121416   0.00370399    0.0731453
 -0.00616295    -0.165718   -0.0394735   -0.0101622
  -0.0495039    0.0978095   -0.0207213  0.000904577
    -0.03351     0.133261    0.0253134   -0.0471969
   0.0827573    -0.124332  -0.00857381    0.0168818
   0.0559812     0.104384    0.0508445    0.0153366
  0.00902269    0.0268614   0.00269963    0.0384403
   0.0782907    0.0515865   -0.0455102   -0.0612397
   0.0146031     0.254294     0.024927   -0.0717362
   0.0326042   0.00559477   -0.0867742     0.130994
    0.116662    -0.167525    0.0263152    0.0521642
   0.0704135   -0.0753106    0.0627143   -0.0667523
  -0.0223675    -0.201043  -0.00812315     0.152942
   0.0473918   -0.0170508   -0.0845353   -0.0236287
   0.0652118    0.0743299    0.0329761   -0.0281918
 -0.00349812     0.160023   -0.0178463   -0.0155238
   0.0514803     0.227225    0.0838985   -0.0207574
   0.0688726    0.0348056    0.0157215   0.00763171
   0.0807832   -0.0555757     0.026397   -0.0442678
   0.0630459     0.118147   -0.0378399     -0.05645
  -0.0438207   -0.0310816    0.0124876   -0.0358943
  -0.0185658     0.116643    -0.086458     0.102827
 -0.00305481     0.438058    0.0939053    -0.153025
   0.0873465    -0.113091  -0.00385593   -0.0948757
 -0.00854265     0.132229   -0.0256534   -0.0700353
   0.0351511    -0.286515 -4.80712e-06     0.101857
  0.00933128     0.127479   -0.0133442   0.00325409
  -0.0249729      0.10969     0.116288    -0.175636
   0.0304497     0.539688    0.0616871    0.0379021
    0.112706     0.279837    0.0741253    -0.179867
  -0.0470667   -0.0939714   -0.0593975    -0.018845
    0.062442    -0.196449    0.0742874    0.0555932
  0.00485476     0.225586    0.0730296    -0.111146
 -0.00952796    -0.146926   -0.0873427    0.0807044
  -0.0148881   -0.0852202   0.00659677    0.0755334
  -0.0532053     0.166096     0.032313    0.0209307
  -0.0380465     0.197627   -0.0523966   -0.0169185
   0.0560198     0.114933   -0.0527964    0.0211385
   0.0939585     0.122527     0.175453   -0.0975307
   0.0848755    -0.150528   -0.0701865     0.131055
  -0.0298748     0.287212  -0.00827624   -0.0821295
   0.0411677    -0.297939    -0.119782     0.161119
    0.036231     0.102498    0.0213703   -0.0785771
  -0.0167256     0.201133     -0.08251     0.100198
 -0.00313809    -0.158665   -0.0746056    0.0807787
  -0.0362704     0.111028    0.0579204    0.0572093
    0.043518     0.249114   -0.0122293   -0.0353334
  -0.0361414    -0.178187  -0.00583432    0.0516173
   0.0567077     0.107076   -0.0719918    0.0613435
   0.0336011     0.537203      0.16704    -0.206413
   0.0855009    -0.251332    0.0185283     0.058899
 -0.00565276   -0.0183433   -0.0376715    0.0510773
  -0.0623981   -0.0884083   -0.0676438     0.103208
  -0.0603894     0.328804    0.0164601   -0.0329256
  0.00547079   -0.0968259    0.0132056    0.0216366
  0.00192631   -0.0904204   0.00523451    0.0397707
  -0.0144968    0.0700628   -0.0297528    0.0507726
   0.0620298   -0.0386989   -0.0588821    0.0724621
    0.024087     0.355066    0.0675184   -0.0798007
  -0.0580518     0.121029   -0.0360842   -0.0236183
    0.061229   0.00727354   -0.0485986   -0.0305046
   -0.031093     0.278913   -0.0708819   -0.0157926
  -0.0110208     0.134523    0.0311149   -0.0959628
   0.0739743     0.065814    0.0504446   -0.0841672
   0.0187583      -0.1424   0.00595651     0.109977
  -0.0177691    -0.132226    0.0475719   -0.0185557
   0.0908555    0.0204533   -0.0836349    0.0744323
    0.079721   -0.0438995    0.0412473   -0.0247419
   0.0369242   -0.0890726    0.0077308   0.00588189
   0.0348738      -0.1268   0.00296767     0.166938
  -0.0100033    -0.126585   -0.0639234    0.0278245
  0.00127417   -0.0371472   0.00351291   -0.0551434
   0.0197379     0.220747   -0.0504643    0.0281813
   0.0350157   -0.0987919    0.0558368   -0.0208138
   0.0757439     -0.12025   -0.0597501    0.0493684
   0.0234304  -0.00370505  5.59615e-05   -0.0282816
  -0.0532382     0.130633    0.0361108   -0.0402315
 -0.00827898   -0.0649903   -0.0237762     0.104469
   0.0246478     0.217612    0.0610066   -0.0880059
  -0.0633077    -0.265871   -0.0338493      0.18069
  -0.0192003    -0.424942    -0.120212    0.0730808
   0.0120355   -0.0387068    0.0379771   -0.0806442
  -0.0323981    -0.370535    -0.117565     0.142101
   0.0264747    -0.140579    -0.103339   -0.0286948
    0.027505    -0.200708   0.00230077    0.0223673
    0.027481     0.311792    0.0051523    0.0484257
   0.0274132     0.020596   0.00330368   -0.0499633
   0.0829244   -0.0013568    -0.049241    0.0522802
   0.0206112     0.108507    0.0717982   -0.0204996
   0.0234652     0.190811    0.0513546    -0.077991
   0.0828976   0.00295447    0.0519742   -0.0273649
   0.0446272    0.0522321    0.0572409   -0.0471062
   -0.051312    -0.140403   -0.0108568    0.0622196
   0.0777648    0.0331926   0.00668349    0.0367479
   0.0722544    0.0187579    0.0151801   -0.0468687
   0.0129813     0.179339  0.000887968   -0.0128486
   0.0386253    -0.149996   -0.0483963    0.0450707
 -0.00162501    0.0412052    0.0883796   -0.0678893
  -0.0103832   -0.0656712   -0.0035902   -0.0224189
   0.0289531     0.189031   -0.0773626    0.0549801
   0.0481527    0.0104444    0.0262219    -0.111967
   0.0368868     0.169157    0.0313794    0.0447268
   0.0233216     0.168572   -0.0406701     0.111639
 -0.00884073    0.0329796    -0.053344    0.0115155
   0.0496619    -0.150976    0.0145706    0.0189892
  0.00912513 -0.000993332  -0.00664169    0.0176248
  -0.0332657      0.35069     0.157869    -0.104486