  -0.0486103    -0.243683  -0.00545906   -0.0105373
   0.0720398     0.120681  -0.00830997     0.024994
  -0.0264715    -0.109326    0.0558219  -0.00632943
  -0.0669982   0.00649387    -0.018328   -0.0614638
  -0.0816926    -0.334028   -0.0953952    0.0528874
   0.0133467    -0.422624   -0.0291995   -0.0385009
  -0.0388755    0.0208556   -0.0220842   -0.0321839
   0.0918671     0.197384   0.00731061   -0.0275946
  -0.0298442    0.0531797   -0.0536852   -0.0172475
  -0.0211903    0.0467018   -0.0682858    0.0104981
  -0.0966351    -0.188341    -0.011455   -0.0388629
   0.0045506     0.165839     0.113827   -0.0184811
   0.0846749     0.326948    0.0294346   -0.0773017
   -0.109189    -0.101014   -0.0641361    0.0677697
 -0.00805536     0.120335    0.0969206    -0.103791
    0.149782     0.165497     0.142803    -0.048666
  -0.0342674     -0.23772   0.00270252    0.0552238
 0.000766511     0.102367    0.0280168   -0.0471743
  -0.0895929   0.00819626   0.00670626   0.00489689
   0.0760277   -0.0271226    0.0794008   -0.0642487
   0.0405347    0.0562183     0.118258   -0.0501023
  -0.0627972    -0.115088    0.0454497   -0.0367366
  -0.0459031     0.347971    0.0860932   -0.0763574
  0.00493911     0.131484   -0.0255522   -0.0739838
   0.0453729   -0.0207445    0.0801291    -0.033696
   0.0537565    -0.568959  -0.00177897     0.041083
 -0.00602196  -0.00769947   -0.0299242    0.0481151
  -0.0355358    -0.502331   -0.0376793    0.0801872
   -0.103314     -0.17645    -0.103648    0.0341905
   0.0134965    -0.105732   -0.0367866    0.0258049
   0.0566451   0.00615723   -0.0210612    -0.055887
  -0.0457618     0.087894   0.00282712     0.116724
   0.0555062     0.123455    0.0164443   -0.0408012
 -0.00965931      0.33496   -0.0256947  -0.00619037
  -0.0875774    -0.131136   -0.0297294    0.0530203
 -0.00733425    -0.166666   -0.0338342    0.0848012
  -0.0262947   -0.0870955   -0.0936282     0.131775
  -0.0919308    -0.438485    -0.128055     0.152604
  -0.0197663     0.306505      0.14641    -0.248262
    0.015849   -0.0867891   -0.0352489     0.058385
   -0.043711    0.0859489   -0.0787388    0.0306686
   -0.123925     0.120203   -0.0178885   -0.0256047
  -0.0728059     0.307738     0.116828    -0.207419
  -0.0790163     0.127536    0.0648523   -0.0285973
  -0.0461664   -0.0463583  -0.00619206   -0.0473235
   -0.102449    0.0444567    -0.063387   -0.0166004
-0.000160256   -0.0899712     0.026729   -0.0254696
    0.202494    0.0910196     0.023528    0.0668091
   0.0605577    -0.253433   -0.0399728    0.0440442
   -0.131314    -0.105794   -0.0474472   -0.0121244
  -0.0252808     0.108283   -0.0800268    0.0110553
    0.005682     0.328879    0.0202251   -0.0522143
   0.0820132     0.352137     0.191881    -0.115261
    0.024471   -0.0257166   -0.0387467    0.0961469
  -0.0683526    0.0312421   -0.0371768   -0.0124664
  -0.0163948   -0.0451221    0.0278134   -0.0452114
  -0.0158193     0.101558    0.0770504  -0.00676095
  -0.0261763    0.0209662   -0.0318032    -0.070855
 -0.00184687   -0.0314592   -0.0215844    0.0116793
  -0.0634732   -0.0844721    -0.103958   -0.0117495
   0.0651962     -0.36308    -0.103087     0.163153
  -0.0381153   -0.0977049     0.029081   -0.0105555
  -0.0489498    -0.116157   -0.0157807    0.0782496
   0.0646813     0.249952     0.134901   -0.0400921
    0.145589     0.307239    0.0986254   -0.0256608
   -0.120162     0.100479   0.00201899   -0.0584784
  -0.0172941    -0.203923   -0.0458907    0.0219397
   -0.124232     0.109719   0.00374244  -0.00745589
  -0.0533793     0.478363   -0.0532769   0.00108318
    0.054121     0.097937   -0.0474667    0.0117324
  -0.0249283   -0.0911272    0.0685077   -0.0741733
  -0.0618369    -0.097818   -0.0169754    -0.048002
  -0.0204401    -0.135244  -0.00222008   -0.0742556
  -0.0611833   -0.0411061   0.00778737    -0.101586
   0.0451441    0.0205275   -0.0557985  -0.00364763
   0.0037234     0.133699    0.0559884   -0.0727729
    0.109372   -0.0365299     0.051735    -0.120754
   0.0386178     0.170606    0.0583197   -0.0631534
 -0.00810414     0.404031    0.0538382   -0.0133665
    -0.01235    -0.103136   -0.0249661     0.100562
   0.0206041     0.158513   0.00830602    0.0411255
  -0.0576072      0.19086     0.023619    -0.148532
  -0.0565015     0.289903   -0.0038571   -0.0298114
   -0.125093     0.131888    0.0190124   -0.0354735
   -0.143985   -0.0628716    0.0210706    0.0789721
  -0.0320824    0.0513048   -0.0440561   -0.0250932
   0.0774901    0.0329091   -0.0194439   -0.0218508
   0.0159959     -0.18795   -0.0174864    0.0552471
   0.0929477   -0.0390319    -0.111656    0.0474399
   0.0158715     0.128349     0.110525   -0.0758348
   0.0145021      0.36069    0.0884086   -0.0836369
   0.0140739     0.172101      0.10495    -0.156268
  -0.0845076    -0.443457   -0.0935851    0.0460811
   0.0771097     0.037772     0.114559    -0.124855
  -0.0412574   -0.0348119   -0.0277032   -0.0415484
  -0.0850899    -0.347445    -0.136889     0.108062
   0.0571595     0.285987 -8.21616e-05    0.0562593
   -0.030419   -0.0773082    -0.063454     0.135611
  -0.0752355    -0.040793    0.0294687    -0.115944
   -0.105595    -0.362361   0.00678279  -0.00318553
  -0.0422367   -0.0413042    0.0894033   -0.0129306
  -0.0105941    0.0262873   -0.0131604   -0.0678415
  -0.0519898    -0.218475   -0.0851057    0.0407231
  -0.0214766    -0.468235    -0.110474    0.0755545
     0.11415   0.00744298   0.00571735  -0.00619185
  -0.0215084     0.189402   -0.0195954   -0.0159319
 -0.00705713    -0.153581   0.00467623   -0.0775016
  -0.0253376     0.248156    0.0798333     -0.06953
   0.0319146     0.273794   -0.0185767   -0.0282052
  0.00608483     0.265303    0.0434457   -0.0908549
 -0.00880608   -0.0119994  -0.00848501  -0.00623075
    0.013224    0.0358435      0.10743   -0.0206507
   -0.193661    -0.363151    0.0381518   -0.0759304
  -0.0205137     0.295226   0.00485023   -0.0188129
    0.139025     0.218826    0.0441458    0.0170252
   -0.005318    -0.105276   -0.0132737    0.0389401
   -0.107645     0.113696    0.0278834   -0.0665103
  -0.0185952     0.105022    0.0846903   -0.0255025
   -0.081336     -0.01697    0.0277939    -0.133749
  -0.0860645    -0.301496    0.0371623    0.0231939
  -0.0290291   -0.0658818    0.0393497   -0.0568463
  -0.0612958    0.0640047  0.000329354     0.048776
   0.0739204    -0.098881   0.00646003    0.0440826
   0.0438389   -0.0542105    0.0455817   -0.0388547
   0.0119872     0.108325    0.0812032  -0.00946931
  -0.0692871    -0.176228   -0.0466289      0.09301
    0.078659     0.161336     0.078848   -0.0902934
    0.165048  -0.00519872    -0.020136   -0.0111395
  -0.0338595      0.10383     0.015276   -0.0868452
  -0.0300168   0.00659341   -0.0311347    0.0167023
   -0.028046    -0.054128    -0.014294    -0.013288
   0.0692872     -0.42949   0.00927258   -0.0350504
   0.0675777     -0.16897   -0.0382034     0.094294
    0.133503     0.181059    0.0381987    -0.105105
 -0.00474058   -0.0200955  -0.00674821    0.0351485
  -0.0964889  -0.00665836     0.082522    -0.117183
  -0.0607218  -0.00840685    0.0819495   -0.0859564
  -0.0133384     0.217805     0.101106   -0.0454336
   0.0109317     0.224517    0.0531029   -0.0772454
  -0.0792373     0.147073   -0.0803673   -0.0506694
  -0.0544383    0.0500855   -0.0237252    0.0209759
  -0.0755936     0.187841   -0.0393861   -0.0127525
  0.00765295     0.182782    0.0795217  -0.00119943
   0.0251214     0.184957   -0.0263545    0.0420501
   -0.111259     0.144544     0.124765   -0.0547943
   -0.108421    -0.272851    -0.128255     0.181136
   0.0371089    -0.012221    0.0434829  -0.00367727
  -0.0339612     0.398086   0.00688521    0.0045145
   -0.063004    0.0538564    -0.126926    0.0635208
    0.109666    -0.314843    0.0246059     0.114099
   0.0743668   -0.0245054   -0.0148043    0.0226718
    -0.01039    -0.117993   -0.0910005     0.107633
    -0.12619    -0.340755    0.0234084    0.0201336
    0.122994    0.0371082   -0.0802961     0.101268
  -0.0491385   -0.0330617   -0.0428012   -0.0364693
   0.0820149   -0.0920645    0.0423449   -0.0782284
  -0.0446995    -0.205974    0.0323926    0.0586234
  -0.0661301   0.00720481    0.0483131    0.0122871
  -0.0125934     0.235385   -0.0646951   -0.0300957
  -0.0389704     0.197572   -0.0386139   -0.0115345
  0.00384828    0.0878719    0.0493124    0.0460671
 -0.00887133    -0.131223   -0.0304411   -0.0314359
  -0.0623988    -0.142588    0.0375118   -0.0523257
   -0.045632       0.1727    0.0182428   -0.0440325
  -0.0535257    -0.225948    -0.010883  -0.00744937
  -0.0113075     0.208813   -0.0413724   -0.0488734
  -0.0323709    -0.184636   -0.0463514   -0.0142525
  -0.0124099    0.0566128    0.0478378   -0.0659976
  0.00393561     0.170693   -0.0661996    -0.032953
   0.0303215    0.0624584 -0.000317703   -0.0231393
  0.00164077   -0.0649467    0.0146186   -0.0113718
   -0.110229    -0.230158   -0.0849532      0.14023
 -0.00801206   -0.0499335   -0.0528077     0.112318
  -0.0169962    0.0248701   -0.0151751  -0.00689113
    0.027513     0.190381    0.0599063   0.00486402
    0.189422    0.0244516    0.0845057   -0.0646755
  0.00936531    -0.256797   -0.0433959   -0.0407202
  -0.0415978     0.403286    0.0806983    -0.151504
   0.0207892     0.101803   0.00970343    -0.104138
  -0.0513222    -0.126535   -0.0271996    0.0102617
  -0.0710079     0.315376    0.0620501    -0.140132
  -0.0714843    0.0285164    0.0664889   -0.0417339
 -0.00368543    -0.167974   -0.0913646      0.11443
  -0.0316935   0.00130082   -0.0269324   0.00417315
  0.00411737    -0.146515    0.0191142 -0.000528435
   0.0604295     0.218988    0.0871206   -0.0206042
   0.0333323   -0.0828789   -0.0417323    0.0205155
  -0.0212491    -0.111876    -0.031326    0.0942732
   0.0989693  -0.00801318    0.0503929   -0.0140327
  -0.0765288    -0.123125   -0.0612202    0.0705751
    0.187329     0.323608    0.0522853    0.0289922
  -0.0544704    0.0941702  0.000276716   -0.0359696
  0.00388813    -0.070371    0.0590724   -0.0791185
   -0.017364     0.752389     0.103731    -0.106786
   0.0335984   -0.0939329    0.0328105    0.0821739
 -0.00415129   -0.0766471   -0.0487086    0.0805108
  0.00216073   -0.0826134    0.0010038    0.0363109
  -0.0760291     0.255925     0.045409  -0.00766021
    0.027106   -0.0702872    0.0458989    0.0100428
  0.00380261     0.127178    0.0617561   -0.0368759
  -0.0806364   -0.0417442   0.00334482    0.0196159
  -0.0473537    0.0497826    0.0215481    0.0674341
 -0.00613109    -0.195418 -0.000593157  -0.00967839
 -0.00648176    0.0464238   -0.0318591   -0.0483746
 -0.00375336     0.075981  0.000669721  -0.00768237
   0.0470274     0.166346   -0.0189287  -0.00356452
   0.0435616    0.0634382   0.00717145     0.106658
  -0.0291175     0.088192     0.121125     -0.17271
  -0.0838773     0.114042   -0.0219424   -0.0390048
 0.000871145   -0.0763623   -0.0897679    0.0925573
  0.00816116    -0.020243    0.0376428   -0.0446368
  -0.0411063     0.143917    0.0407276   0.00250205
   -0.117194   -0.0931973 -0.000118747    0.0248571
  -0.0441061    0.0762125   0.00543418    0.0374386
 -0.00667632    -0.163063    -0.016091   -0.0903803
  -0.0502015     0.226197    0.0159595  -0.00738333
  -0.0774296     0.613127       0.1703    -0.117897
   -0.044441     0.055805   -0.0261803     0.064825
   0.0368864     0.112239    0.0694316   0.00874698
   -0.114808     0.186681   -0.0045992  -0.00674947
   0.0939303     0.285094    0.0803928   -0.0574212
   0.0732891   -0.0589603     0.039304    0.0352078
   0.0839261     0.207064     0.106969   -0.0396629
  -0.0846244    -0.429983    -0.101864     0.113638
  -0.0422031   -0.0833996    0.0549893   0.00308576
  -0.0329186    0.0139208  -0.00153004    0.0597176
   0.0549401     0.035214    0.0587378   0.00715242
   -0.059741     0.123523    0.0046786   -0.0184285
   -0.187033    -0.177117    -0.135821     0.113471
     0.05318    -0.117504    0.0203265   -0.0745559
  -0.0200337    0.0562991   -0.0130772   -0.0426563
   -0.104297   -0.0545132    0.0987614 -4.55312e-05
   0.0799416   -0.0646968   -0.0735894 -0.000946788
  -0.0170184   -0.0247939    0.0111545    -0.025796
  -0.0837782     0.201367    0.0133956   -0.0563689
  -0.0654919    -0.244039   -0.0723649    0.0780994
  -0.0121494     0.213985     0.101636    -0.119521
   0.0119611   -0.0367857   -0.0730784    0.0730674
   -0.142194      0.38241     0.112369    -0.151029
   0.0561543     0.190081  -0.00556151   -0.0409145
   0.0383412    0.0106521   -0.0185359     0.021647
  0.00881716   -0.0514145    0.0453972   -0.0494794
  -0.0326161     0.113787   -0.0508261   -0.0212335
  0.00663097    0.0363109   -0.0682423   -0.0658894
   -0.104798    0.0931119     0.080758   0.00530928
  -0.0555419    -0.144854  0.000184438   -0.0168593
   0.0133016      0.01102    -0.098916     0.119554
   0.0165677    -0.125757    0.0605024    0.0393147
  -0.0602022    -0.162724    0.0225954   -0.0246051
  -0.0422858    -0.439948   -0.0445938     0.054734
  -0.0247907    0.0115713   -0.0152851   -0.0279045
  -0.0483857   0.00502524  -0.00787408   -0.0134946
   0.0268688   -0.0424896    0.0340633   -0.0232435
   0.0851494    -0.128477    0.0493465    -0.109638
   0.0504812    -0.097622   -0.0754822    0.0608112
   0.0223042     0.042132    0.0160019    0.0383723
   -0.111769    -0.165098    0.0517171    0.0764739
  -0.0679059    -0.128028    0.0270512    -0.021483
   -0.015293    0.0661286    0.0158186   -0.0396956
   0.0357575    -0.113448   -0.0485451    0.0152862
   0.0752821     0.581426    -0.102237    0.0492753
  -0.0492116  -0.00218876     0.083849    -0.011664
 -0.00213208    -0.165424   -0.0502922   -0.0333626
  -0.0376278   -0.0928197   -0.0410083    0.0832376
  0.00796962   -0.0953765  -0.00783973   -0.0821152
  -0.0856644    -0.108979    0.0149979   -0.0661464
   0.0757781   -0.0445613    0.0406562   -0.0505881
  -0.0899858    -0.262853    0.0285417   0.00119635
  -0.0605014    -0.288419    0.0367387    0.0795849
  0.00265098    0.0456527    0.0289851   -0.0503174
    -0.13306   -0.0142687    0.0155885   -0.0832599
  -0.0602356     0.352012    0.0119944    -0.102988
  -0.0857577    -0.303257     -0.14786     0.182101
  -0.0383542   -0.0131569    0.0212615    -0.047802
  -0.0624177     0.135459   -0.0683056     0.078341
 -0.00547431      0.12768   -0.0125204   -0.0738764
   -0.070988    -0.309816    -0.100065    0.0829815
  0.00390534     0.202806    0.0224475  -0.00144288
  -0.0116019   -0.0100074   -0.0632738    0.0514233
  -0.0599193   -0.0830289    0.0551801   -0.0481548
  -0.0753241    -0.184287    0.0518258   -0.0555269
  -0.0458348    -0.122938    0.0104899   -0.0335402
    0.036898    -0.115596   0.00549203     0.019505
   0.0410903    -0.479176   -0.0485804     0.118343
   -0.118731   -0.0419585   -0.0671319 -0.000121459
   0.0574047    0.0243437   0.00163474     0.107117
  -0.0164028    -0.212549   -0.0332135    0.0336094
  -0.0614599    -0.524697    -0.145346     0.103191
  -0.0739545   -0.0976549   -0.0571646   -0.0202399
 -0.00831635     0.250747    0.0832923    -0.184209
   0.0083471     -0.13508   -0.0531546    0.0420513
  -0.0303809   -0.0434109   -0.0517023     0.100588
  -0.0435655     0.102621   -0.0571681   -0.0633562
  -0.0275068    -0.216842    0.0546751   -0.0398732
     0.07298    0.0986188    0.0241051    0.0129284
   -0.164361    -0.288755   -0.0650045     0.116368
   0.0777141     0.326685    0.0841695   -0.0547088
  -0.0649189    0.0500444    0.0535402   -0.0437772
   0.0169478    -0.108231   -0.0144561   -0.0303202
   0.0207078     0.211471    0.0454063    -0.028176
   0.0712844     0.250074    0.0958903   -0.0951558
   0.0575592    -0.107072   -0.0553333     0.159466
   0.0489279   -0.0121665    0.0360997   -0.0415457
  -0.0208887    -0.135971  -0.00567898   -0.0221381
  0.00473355     0.135778    -0.062799     0.013992
    0.124328     0.101423   -0.0398955    0.0510921
   -0.086669    0.0963744    0.0608302   -0.0314208
   -0.106578     0.372758     0.169339    -0.114582
    0.236591       0.2538     0.080076   -0.0267223
   0.0304657     0.108377    0.0497565    -0.154272
  -0.0810265     0.151214     0.069624   0.00806944
   0.0425191    -0.228105   -0.0138832    0.0710251
   0.0199213    0.0667994    0.0729075   -0.0912132
   0.0694468    -0.103193    0.0336001   -0.0776289
   0.0505551   -0.0952751   -0.0430813  -0.00711107
    0.104422    0.0963754    0.0719197  -0.00500799
  -0.0131764    0.0609387   -0.0859579   0.00372268
 -0.00650101     0.175172    0.0613343    -0.169241
  -0.0112696   -0.0793824    0.0231445   -0.0507346
   0.0109985    -0.118258     0.066341   -0.0811677
  -0.0989828   -0.0471787  -0.00176879    0.0169702
   -0.199251    -0.174215   -0.0850617     0.075123
   0.0333691     0.134366 -0.000897832   -0.0681248
   0.0156153   -0.0381561   -0.0180501    0.0618265
   0.0627437     0.790123     0.142527    -0.314112
   0.0258901    -0.187651   -0.0079543    0.0663755
  -0.0749629     0.224522    0.0552041   -0.0759624
  -0.0728166    -0.570301   -0.0928128    0.0310256
 -0.00553416    0.0675383    0.0591626     -0.10685
    -0.12563    -0.269957   -0.0794986     0.160199
   0.0884017    -0.502325    -0.137842     0.143176
-0.000933002    0.0915822    0.0194534    -0.063428
  -0.0548216    0.0796358    0.0464765   -0.0771218
  -0.0621794      -0.2458    0.0560571    0.0541925
  -0.0396465    0.0586772   -0.0470085     0.020555
  -0.0680473     0.344756    0.0788056   -0.0801956
  -0.0586697   -0.0842638    0.0103733    0.0712051
   0.0537753    -0.120325   -0.0728745    0.0249431
   0.0401339    0.0010004    0.0341879   -0.0209562
  -0.0561783   -0.0698299    0.0138352   -0.0445045
  -0.0638525    -0.012184   0.00950264    0.0511733
    0.116753    0.0790807     0.127054    -0.146385
    0.101551     0.341333    0.0321032   -0.0299634
  -0.0579875    -0.224567    -0.126222    0.0534384
   0.0248909     0.199759    0.0639279   -0.0114495
   0.0238306     0.174236    0.0552942    -0.158532
  -0.0546722     0.112822    0.0760891   -0.0834579
   -0.144041   -0.0166399    -0.036323     0.072676
   0.0322175     -0.11451    0.0136197   -0.0766936
  0.00606435     -0.17704  -0.00373536    0.0553908
   -0.068209   -0.0522014   -0.0462111    -0.116465
   0.0367676    0.0176208   -0.0466772    0.0601548
   0.0520069    0.0568927   -0.0481803    0.0243473
   0.0559267   -0.0780546    -0.015261   -0.0318614
     0.05688   -0.0379144    0.0654787   -0.0379523
   0.0290206    0.0971928    0.0291025    -0.121232
   0.0519574     0.348651     0.042561    -0.151586
 -0.00131624     0.507749    0.0518036    -0.101851
   0.0633744   -0.0104477    0.0628925    -0.043156
  -0.0073374    -0.233015    0.0108504   -0.0501514
   -0.109768  -0.00384875    0.0540368    0.0271663
   0.0457365    -0.283609    0.0113989  -0.00110248
 -0.00542432   -0.0210574   -0.0632739   -0.0243253
   -0.178396     0.212374    0.0292672     -0.13385
  0.00409256     0.121522     0.104831   -0.0702817
   -0.107402   -0.0131121    0.0282992   -0.0269307
  -0.0936335   -0.0711862     0.054647    0.0496545
  -0.0770141    0.0967312    0.0118035    0.0432506
 -0.00302933    -0.109816  -0.00309057   -0.0419558
   0.0158366    0.0520384    -0.040815   0.00401966
   -0.111353    -0.084834   -0.0473362    0.0805819
   0.0378357      0.24587    0.0191271    0.0456303
   0.0464686      0.10558    0.0809812   0.00940723
   0.0352572   -0.0389999   -0.0257371    0.0220214
   -0.114067     0.189183     0.046635   -0.0114751
  -0.0379141   -0.0101441     0.016242   -0.0354353
  -0.0358853    0.0257987  0.000764475    0.0454946
   -0.112852   -0.0289651   -0.0239371   -0.0104834
   -0.019334    -0.199185   -0.0241099  -0.00835275
  -0.0443281    -0.267171   -0.0839182  -0.00267353
  -0.0294084    -0.497617   -0.0489096    0.0998621
  -0.0344699   -0.0920837    0.0419822   -0.0940706
  -0.0360114   -0.0086478   -0.0226186    0.0266401
   -0.155531     0.370448    0.0968483      -0.1433
   0.0259237   -0.0849785   -0.0783712    0.0479181
  -0.0553414    0.0312725    -0.028618    0.0890521
   -0.073584      0.19909   -0.0610461   -0.0821917
  -0.0259186     -0.20086  -0.00293736    0.0118044
   0.0705352     0.377146     0.084838    -0.120436
   -0.151056     0.115843     0.147654   -0.0862603
    0.221639  -0.00784313    0.0436421    0.0956579
  0.00360612    -0.469233   -0.0249316    0.0347607
   0.0191578   -0.0857286    0.0557875   -0.0331084
   0.0569274    0.0583328    -0.078034    0.0841938
  -0.0373584     0.402975     0.164029    -0.182733
   0.0896126     0.165775    0.0900398    -0.117417
  -0.0378724    -0.181086  -0.00944134   -0.0663637
  -0.0342562    0.0135185    0.0410191    0.0377913
  -0.0220085   -0.0632559    0.0737321    -0.129715
  0.00601674      0.15521    0.0959378    -0.105244
   -0.113295    -0.068937   -0.0508068    0.0998513
    0.133523     0.136357    0.0787588   -0.0785485
 -0.00091221     0.149388  -0.00824627   0.00570603
   0.0343293    0.0230033   -0.0135454    0.0166926
  -0.0180898     0.185183    0.0422545    -0.086439
  -0.0229485     0.235567   -0.0127362   0.00880881
   -0.046145    0.0391799    0.0831784    0.0130605
  0.00235836     0.329331    0.0110407    0.0500041
   0.0625611    0.0516578   -0.0414519    0.0369104
   0.0564388    0.0487952   -0.0710424     0.100763
  -0.0754138    -0.295049     0.035183     0.100953
     0.19394    -0.145854    0.0476178   0.00663203
  -0.0311555   -0.0777746    0.0266483    0.0804513
   -0.132642    -0.434659   -0.0932324    0.0553278
   0.0290517      0.15183    0.0654584   -0.0948297
   0.0458662    -0.290692   -0.0990787    0.0299564
  -0.0667503    0.0608877    0.0216737   -0.0209153
   0.0250173    0.0485513    0.0751518   -0.0060592
   0.0363037    -0.118903    0.0649866   -0.0281834
   0.0983616     0.316075    0.0828718   -0.0571506
   0.0679454    0.0695247    0.0532551    0.0150655
  -0.0245475    -0.275112   -0.0935329      0.16035
  0.00230714  -0.00955342   -0.0772787     0.101661
  -0.0737339     0.216786     0.101921    -0.163658
   -0.108637   -0.0523781    -0.127868      0.04445
   0.0830777     0.248163     0.155522     -0.11845
 -0.00582235     0.156887    0.0320284    0.0639945
  -0.0959518    0.0107202    0.0230255   0.00407068
   -0.180989     0.311661    0.0152768  -0.00772336
   0.0353678    0.0452232    0.0767403   -0.0290222
  -0.0392655     0.147327   -0.0225323   -0.0407582
    0.166742     0.248411     0.029247   -0.0406415
  -0.0753309      0.17128   -0.0306941    0.0570534
   0.0140854     0.148599    0.0898398   -0.0453674
   0.0341923     0.152329    0.0668158   -0.0570581
    0.111143      0.25156    -0.040307     0.118716
     0.11743     0.137247   -0.0406562   0.00537882
  -0.0212514    -0.237318   -0.0386494    0.0448603
  -0.0915614    0.0789463   0.00305336   -0.0456622
  -0.0276117    -0.142378    0.0147525    0.0293019
   0.0865097    0.0942661    0.0593841    0.0265067
  -0.0786279   0.00114409   -0.0442482   -0.0018262
   -0.135906    -0.222101   -0.0450576     0.146209
   -0.101925     0.109335     0.105835   -0.0932169
 -0.00237758    -0.328529    0.0213791    0.0933643
   0.0891479     0.227491  -0.00406786   -0.0499778
   0.0189223   -0.0864286    0.0248999   -0.0508901
  -0.0361033     0.103766    0.0227829   -0.0527635
   -0.128948     0.899691     0.202755    -0.382288
   0.0229304     -0.19862   -0.0515004     0.066557
  -0.0140782    -0.249672    -0.108113     0.107274
   0.0126181   -0.0256305   -0.0331587   -0.0128154
   0.0546877     0.333083    0.0658421   -0.0603945
 -0.00354922     0.130072   -0.0315615   -0.0325626
   0.0118603     0.426853    0.0628088   -0.0660826
    0.060924     -0.14885    0.0378535    0.0326064
   0.0729792    -0.121553   -0.0762419     0.117466
    0.257123     0.352335    0.0742257   -0.0325784
 -0.00492168    -0.138764    -0.030508    -0.049415
    -0.14993     0.236626    0.0712139     -0.16992
  -0.0418145    -0.342471   -0.0680022     0.143874
   0.0425615   -0.0608515    -0.084914    0.0664734
   0.0728172      0.12427    0.0815858   -0.0774051
     0.10255     0.813688     0.109884    -0.186713
  -0.0651544    -0.120285   -0.0842159   -0.0215979
   0.0585923   -0.0250084     0.117595   0.00218683
   0.0250089    -0.483053  -0.00409154     0.128735
  -0.0741248     0.119785   -0.0172383   -0.0340791
  -0.0880224      -0.1712   -0.0467338    0.0659525
 -0.00872883    0.0575803    -0.043709   -0.0131931
   0.0240478    0.0571588    0.0699237   -0.0644097
   0.0490363     0.145093    0.0373302   -0.0756933
   0.0263032     0.028421    0.0154542   -0.0316297
  -0.0578731    0.0795041    0.0207553   -0.0564295
    0.119441     0.126132   -0.0609877     0.016307
  -0.0773854      0.12845    0.0168004   -0.0273353
  -0.0178382      -0.1593    0.0228707  0.000865996
  0.00906536    -0.334612     0.110492    -0.102204
    0.131859    0.0769895   -0.0307714    0.0493475
   -0.064047  -0.00481889   0.00412018    0.0847879
   -0.036906    -0.216259   -0.0636927   -0.0540695
   0.0707029     0.756766    0.0442319   0.00517384
  -0.0797781   0.00678834   0.00247544   -0.0966936
   -0.114706     0.242054     0.113665   -0.0734115
    0.104474    0.0119729     0.111224   -0.0481636
   -0.118405   -0.0699032    0.0596194   -0.0019909
   -0.122103     0.158338  -0.00226135   -0.0552433
   0.0242363    -0.138272   -0.0158987   -0.0349911
  -0.0702519    -0.057532    0.0721922   0.00549149
  -0.0665241    -0.220269   -0.0748367   0.00445311
  -0.0214397   -0.0558127   -0.0197551   -0.0420347
   0.0833999     0.135866   -0.0881604     0.059516
  -0.0034656     0.300173    0.0600121    -0.146475
   -0.129269     -0.30114  -0.00127929   -0.0500873
  -0.0057241    -0.137345   -0.0297677    0.0178526
   0.0219366     0.123498   -0.0488074   -0.0198345
  -0.0735292    -0.246853   -0.0213481     0.079299
  -0.0560166     -0.25725   -0.0377217   -0.0532307
  -0.0648418    -0.101104   0.00160597    0.0411206
   0.0316106   -0.0852182   -0.0930166    0.0584736
 -0.00387497    -0.100699    0.0366008    -0.068149
  -0.0161835     0.100896    0.0278847    0.0457804
  -0.0674871    -0.206644  -0.00783553    0.0743883
  -0.0677326    0.0195953    0.0011087   -0.0257215
   0.0292309     0.189719    0.0430246   0.00834611
  -0.0507615    0.0175533    0.0172771  -0.00372606
   -0.107488     0.116531    0.0325863   -0.0883623
  -0.0185256     0.142584      0.10719   -0.0318464
  -0.0380843     0.160046    0.0795422    -0.113054
   -0.119126     0.047249    -0.034597    0.0339192
   0.0449009    0.0191995    0.0693685   -0.0556118
    0.348299      1.16927     0.241294    -0.288208