 -0.00734153   0.00823702    0.0368087    0.0383493
   0.0791688     0.126126    0.0549111    0.0301435
  -0.0583393    0.0479884   -0.0122836   0.00876534
  -0.0157145    0.0615625    0.0741569    0.0300179
   0.0302994   -0.0265318      0.10477   -0.0212888
  -0.0394412   -0.0481482   0.00778121     0.108424
   0.0953596    0.0174337    -0.146238 -0.000456699
  -0.0254714    0.0112803   0.00455891   -0.0926261
   0.0230302    0.0286167  -0.00721956    0.0207637
  -0.0234292    0.0276108    0.0794039    0.0254392
  -0.0071933    0.0457616 -0.000848373    -0.042468
   0.0504239    0.0769899   -0.0621045  -0.00286565
   0.0116618    0.0251487    0.0378103    0.0470406
   -0.112673    0.0375181     0.151409     0.100377
  -0.0680959   -0.0387216   -0.0490213    0.0296631
  -0.0293029  -0.00013485    -0.122633    0.0132173
 -0.00771742    0.0438007      0.15141   0.00641779
   0.0259548  -0.00548386   -0.0181569     0.099149
  -0.0619328    -0.071115    0.0624398   -0.0313871
 -0.00660872    0.0320901    0.0935777    0.0647199
  0.00793103    0.0525019 -0.000885304    0.0259423
   0.0394091   -0.0363022    0.0607437    0.0188142
   0.0603346    0.0330746   -0.0608575   -0.0156094
   0.0248434    0.0170049     0.059816    0.0249484
  -0.0706417  -0.00768212    0.0146958    0.0657379
  -0.0618025   -0.0600367   -0.0995735   -0.0628511
   0.0126484    -0.115519    0.0503534   0.00730391
   0.0422135     0.046593    0.0553384   -0.0332349
  -0.0130137 -0.000592685   -0.0509936   -0.0506962
 -0.00565497     0.032327   -0.0129826    0.0907254
   0.0262073    -0.033165   0.00549517     0.021425
  -0.0273087    -0.055034    0.0373311   -0.0314162
   0.0798523   -0.0388452  -0.00067592   -0.0248779
  -0.0365852    0.0787285   -0.0396447   -0.0220146
  -0.0647694    0.0191198     0.100658    0.0621275
  0.00784519     0.021732   -0.0191453    0.0357065
   0.0880684    0.0164129   -0.0795677   -0.0190812
   0.0359899   -0.0925866   -0.0598538   -0.0221578
     0.10265     0.109463   -0.0521801  -0.00264115
 -0.00081239   -0.0350876    0.0684435   -0.0318087
   0.0573135   0.00829009   -0.0408295    0.0931062
   -0.110035   -0.0476914    0.0850135     0.105133
 -0.00377984    0.0304054  -0.00777773    0.0391066
  -0.0450449  -0.00465585  -0.00917477    0.0832473
   0.0155686    0.0593253   -0.0308237   -0.0131688
  -0.0376083   -0.0950084      -0.1013    0.0293801
 0.000767339     0.126383 -0.000332456     0.040626
  -0.0197816   -0.0964822    -0.030041    0.0687173
   -0.163962   -0.0950571     0.150406      0.03317
  -0.0309185   -0.0839337  -0.00454125   -0.0206034
  -0.0473402    -0.109856    -0.101235   -0.0170279
   0.0123046   -0.0753555    0.0635271    0.0987099
 -0.00416688   0.00613102   -0.0398947    0.0246172
  -0.0040834     0.058429    0.0650754    0.0024423
   0.0253806    0.0691723   -0.0654135    0.0317413
   0.0185634    0.0228317    0.0286436     0.020723
   0.0422173   -0.0374733    0.0604654     0.034914
  -0.0512135   -0.0370911    0.0733459   0.00305738
   0.0997123    0.0540205    0.0425133   -0.0344241
  -0.0540134    0.0268054    0.0167424     0.066975
  -0.0484489    0.0143926    0.0858679   0.00990223
   0.0214452    0.0415858   -0.0288192     0.056822
  -0.0429372    0.0944672   0.00636545    0.0617296
  -0.0442054    0.0107588   -0.0352998   -0.0510493
   0.0468434     0.127307    0.0173364    0.0737849
  -0.0651115    0.0928586    0.0439045    0.0251067
   0.0226223   -0.0666639   -0.0401462    0.0780506
   0.0400848   -0.0420598 -0.000614405    0.0562191
   0.0612519     0.160167   -0.0351254    0.0510497
 -0.00145586    0.0137706  -0.00482225    0.0100582
   -0.020651   -0.0281861    0.0271481    0.0548874
   0.0960493     0.079795    0.0153544    0.0290613
  -0.0526704    0.0456734    0.0406321  -0.00162449
   0.0288317  -0.00142888    -0.101764    0.0478785
   -0.127983    -0.038109    0.0534052    0.0406623
  -0.0950591    0.0362694    0.0278961      0.07131
   0.0185892    -0.018828   -0.0305942    0.0334347
  -0.0213462   -0.0323927    0.0562205    0.0457962
 -0.00324764    0.0795617   -0.0680122   -0.0113467
  -0.0210673   -0.0121813   -0.0544175    0.0207327
  -0.0586631   -0.0767562  -0.00308129   -0.0258425
  -0.0608678    0.0896461    0.0129991     0.118094
   0.0382937    0.0390976    0.0149851    0.0404099
  -0.0015487    -0.028245    0.0895759   -0.0209307
  -0.0708115  -0.00825093    -0.102517   0.00347578
   0.0197219   0.00526192     0.065725    0.0152729
   -0.124072   -0.0224755    0.0142222     0.071003
  -0.0960393   -0.0476806   -0.0197414   0.00428156
  -0.0435286   -0.0889569   -0.0311247  -0.00428617
  -0.0534032   -0.0442148   -0.0119882    0.0685605
  -0.0679523    0.0110386   -0.0613019   -0.0499441
  -0.0643143    0.0667423   -0.0290087    0.0543445
  -0.0973403   -0.0142117   -0.0411625    0.0543958
   0.0753559   -0.0372525   -0.0679922   -0.0758987
  -0.0262286   0.00260361    -0.025111   -0.0321428
   0.0591862    0.0552997    -0.100596    0.0014515
   0.0653364      0.06883   -0.0297843  -0.00575275
   0.0406392   -0.0373743   -0.0317169    0.0522428
  -0.0246516   -0.0327579    0.0236411    0.0217477
   0.0108262   -0.0914522    0.0742241   0.00782515
  0.00917273    0.0810148   -0.0897091   0.00369341
 -0.00542203 -0.000276244    0.0652944  -0.00405407
  -0.0390149   -0.0193928   -0.0928355  -0.00330587
  -0.0788817   0.00756613  0.000829555   -0.0038738
   0.0140497  -0.00331351   -0.0795453    0.0420428
 -0.00805985    0.0774247    -0.081629    0.0753704
  0.00170938   -0.0379536    0.0078048   -0.0133741
   0.0193617   0.00956686   -0.0100976    0.0316643
   -0.063548   -0.0267987    0.0552849   -0.0330779
    0.071546    0.0652185   0.00138226    0.0011762
  -0.0273777  0.000727721   -0.0127603    0.0219157
   -0.017093    0.0299299    -0.016251    0.0650118
   -0.126232   -0.0307952  -0.00911364     0.100319
  -0.0877802    -0.015053     0.108295   -0.0133622
   -0.055664     0.076986    0.0113987   -0.0427029
  -0.0479778    0.0347567    0.0208184    0.0597703
  -0.0244981    -0.102293   0.00908541    0.0693867
  -0.0335412    0.0600138   -0.0323058    0.0175905
  -0.0639654   -0.0278165    0.0226757     0.081279
  -0.0594219   0.00585615   0.00867991    0.0676916
 -0.00350125  -0.00838278    0.0180351    0.0764728
  0.00217257    0.0453393   -0.0506694    0.0168741
   0.0383536    0.0169355   -0.0284938   -0.0149467
   0.0168649    0.0582129   -0.0174432   -0.0321153
  -0.0993394   -0.0687915   -0.0140932    0.0149462
   -0.105597    0.0440167    0.0766074    0.0225137
  0.00807558     0.078503    -0.113653    0.0406297
   0.0120277    0.0583079    0.0577514   -0.0550937
   -0.102837   -0.0477917    0.0892275    0.0494998
  -0.0227485     0.113289   -0.0395185    0.0893552
  -0.0754055    0.0338135    0.0732003    0.0843336
   0.0165195   -0.0850942    0.0160587     0.047309
   0.0170316   -0.0196447  -0.00579551    0.0530314
  0.00368004  -0.00760375   -0.0703002   -0.0140486
  -0.0220936    0.0713481    0.0735743    0.0936762
   0.0437495   -0.0325093   -0.0623493    0.0412001
  -0.0411901   -0.0421369   -0.0582379   -0.0247859
  -0.0837818   -0.0710528   -0.0309821    0.0852857
  -0.0310927   -0.0391034    0.0655824    0.0215713
  -0.0156603  -0.00536564    0.0468985    0.0458257
   0.0392694   -0.0228099   -0.0252019    0.0467878
   -0.038464   -0.0144767   -0.0446586    0.0453326
 0.000491286  -0.00607256     0.119691   -0.0263011
  -0.0529407  -0.00829661    0.0335104    -0.038412
   -0.018828   -0.0576064     0.039927   -0.0741205
   0.0645647    0.0164991   -0.0828016    0.0354252
  -0.0531832    0.0373868     0.116336  -0.00632114
  -0.0145899    0.0674013    0.0162476   -0.0448288
   -0.021573   -0.0568806   -0.0492109   0.00785823
   0.0115806 -0.000505982   -0.0200474   -0.0133429
   0.0631675    0.0588055    -0.013128    0.0316352
  -0.0333211    -0.067798   -0.0321084    0.0510473
  -0.0485359   -0.0119978    0.0322618    0.0629368
   0.0321967    0.0521952    0.0332796    0.0529578
   0.0556211    0.0143772   0.00664354    -0.057919
  -0.0145691    0.0547763    0.0192952   -0.0260731
    0.079473    0.0361763   -0.0920774   0.00420221
  -0.0397997   -0.0553328     0.074047    0.0487153
   -0.093512    0.0289824     0.049054    0.0358708
   0.0194627    0.0379819     0.172354  -0.00253616
   0.0018387   -0.0720315    0.0533722  -0.00740899
  0.00323162    0.0640867   -0.0112651   -0.0323304
  0.00132018   -0.0303541   -0.0438608    0.0251045
   0.0604151   0.00174684    0.0444173   0.00558235
  -0.0533071    -0.055943      0.07142   0.00305937
  -0.0508853    0.0281537   -0.0164291    0.0217315
   0.0322245   -0.0401514   -0.0853072   0.00469052
  -0.0272961    -0.110809    0.0781796    0.0761692
   0.0910234     0.050352    -0.057323     -0.03735
   0.0180605  -0.00517381    -0.046593    0.0277452
   0.0788883    0.0250886   -0.0437663   -0.0308632
  0.00517026   -0.0177852    0.0573646    -0.013807
   -0.075826   -0.0820626   -0.0393391    0.0969239
  -0.0193899    0.0667847    0.0452795    0.0167637
   -0.025892    -0.048652   -0.0172277    0.0349294
   0.0526382    0.0605802   -0.0529767   -0.0651685
  -0.0534886    0.0186934     0.102033    0.0677879
  -0.0765595     0.131583   -0.0631273   0.00368336
  -0.0634258   -0.0129531    -0.100747    0.0438433
  -0.0102047   -0.0148083   -0.0913106    0.0515578
   0.0417757    0.0948151     0.021299    0.0953748
  -0.0552273    0.0680746   -0.0038567     0.098781
   0.0176285   -0.0312171   -0.0904207  -0.00931408
  -0.0256707   -0.0585037    -0.166282    0.0271528
   -0.107831    0.0451374     0.179032     0.143289
   0.0389695    0.0408416   -0.0521614 -0.000430976
  0.00667429    0.0880783    0.0329337   -0.0146664
   -0.021343    0.0850393    -0.124309   -0.0204337
    0.167712     0.149589    -0.153321   -0.0933241
  -0.0631032    0.0106309   -0.0276869    0.0798397
    0.033781    -0.018439    0.0330175   -0.0682606
  -0.0159577    0.0275466   -0.0601759    0.0555511
  -0.0220169   0.00572991     0.010165    0.0269953
   0.0448168   0.00309786 -5.02152e-05   0.00533846
 -0.00782411    0.0799127   -0.0298357    0.0187374
   0.0132234   -0.0230878   -0.0924601 -0.000247899
  -0.0817265   -0.0105785    -0.108762    0.0504721
   0.0142987    0.0621124    0.0418067    0.0729687
  -0.0214915   -0.0330275   -0.0122301   0.00861436
   0.0616158  -0.00778275  -0.00198003    -0.126758
   0.0143004    0.0168849    0.0463259    0.0268424
  -0.0167234    0.0167204     0.110063    0.0145381
  -0.0159221   -0.0392642    -0.099852   -0.0403154
 -0.00562745     0.014394   -0.0578101    0.0170354
   0.0287919   -0.0460554   -0.0654229    0.0198718
   0.0116349     0.119856    0.0483513  -0.00361248
   0.0147991    0.0576758     0.024093   -0.0138662
   0.0109024   0.00702463    0.0456768   -0.0693864
   0.0579859    0.0194528    -0.051896    0.0278077
   0.0904423    0.0771114   -0.0257113  -0.00887524
   0.0204042   -0.0917963  -0.00248858    0.0118779
 -0.00231732    0.0303745   0.00718611    0.0512567
  -0.0569696   -0.0106517    0.0352155      0.04597
  -0.0517044    0.0542424    0.0232285   -0.0371508
  0.00784596  -0.00397375   -0.0251312    0.0165751
 -0.00764725    0.0729745   -0.0225165    0.0049637
   -0.079435   -0.0478225    0.0201015   0.00523315
  -0.0827089    0.0164768    0.0648381    0.0437969
   -0.130592     0.101794     0.157868    0.0802585
  -0.0437071   -0.0859769    0.0137652   -0.0993194
   0.0105182   -0.0323597    0.0525098    -0.026955
   0.0393116    0.0922673    -0.073999    0.0412153
  -0.0199757    -0.111458   -0.0452187    0.0769871
 -0.00538266    0.0728636   -0.0431196   -0.0185892
  -0.0159924  -0.00909746    0.0269684    0.0929413
  -0.0201248    0.0365773   -0.0793988  -0.00416937
   0.0676457    0.0435912    0.0423098    0.0319842
  -0.0618365    0.0634344   -0.0043106    0.0501647
  -0.0497777    0.0243815    0.0556485    0.0369066
  -0.0204843   -0.0311978    0.0499138    0.0960813
   0.0524027    0.0363526    0.0366214   0.00127309
  -0.0734554    0.0101442    0.0225373    0.0621882
  -0.0452558   -0.0843527    0.0397613   -0.0505408
  -0.0171862    0.0598417   0.00763237    0.0241203
   0.0235217    0.0195557   -0.0460681    0.0321166
  -0.0294945    0.0443506   -0.0114417     0.109099
   0.0324815    0.0110971    0.0252689   -0.0188064
  -0.0548549   0.00470348   -0.0651071   -0.0175095
  -0.0710472     0.029042   -0.0252017    -0.048845
   0.0152994    0.0578189    0.0984598    0.0962405
    -0.08799    0.0237645    0.0623424   0.00346125
  0.00672735  -0.00464027   -0.0277957    0.0656121
  -0.0605355   0.00419776   -0.0720113    0.0673828
  -0.0673761     0.036611    0.0177231    0.0750733
   0.0219955   -0.0279901   -0.0486964    0.0909966
   0.0458954   -0.0336014   -0.0415282  -0.00628576
   0.0775346    0.0127959    -0.179712   -0.0424686
   0.0650938  -0.00174376  -0.00232664    0.0219795
  -0.0865957  -0.00515454   0.00473744     0.118132
  -0.0475445    0.0350651   -0.0760162     0.071092
   0.0172804   -0.0242476     0.095363    0.0816194
 -0.00704145    0.0634792    0.0744108   -0.0437477
   0.0316383     0.091416   0.00965396    0.0462969
   0.0339692   -0.0854036   -0.0622355   -0.0291339
  -0.0252809   -0.0646233    -0.022998   0.00458064
  -0.0978578   0.00319797    0.0295272    0.0752842
   0.0415941    -0.119621    -0.075574    0.0885679
   -0.166786    0.0507969  -0.00949788    0.0624607
  -0.0234077   -0.0325504   -0.0686948   -0.0473088
  -0.0101877    0.0697463   -0.0688225   -0.0754056
   0.0296458   -0.0230323    0.0326886   -0.0958185
  -0.0226231     0.031155    0.0592103    0.0195905
   0.0861922   -0.0867844   -0.0930278    0.0654313
   0.0688031  -0.00753956    0.0327412   -0.0183001
 0.000741735    0.0549405    -0.011263    0.0263091
    -0.08837   0.00815541   -0.0230076    0.0480479
  -0.0253395    0.0549685    0.0339441   -0.0287144
   0.0172998   -0.0515812   -0.0633355   -0.0303394
  -0.0174919   -0.0292789  -0.00885068   -0.0181901
   -0.021939   0.00373911    0.0362256  -0.00938276
  -0.0443745    -0.044471    -0.126199  0.000123156
  0.00884971     0.102063   -0.0370654    0.0199384
  -0.0140087    0.0048998   -0.0645651    0.0173226
   0.0187446    0.0538971    0.0995263   0.00291957
  -0.0088039     0.056922    0.0483076   -0.0354618
  0.00963072    0.0638312   -0.0180765    -0.017823
  -0.0131078   -0.0365938   -0.0983047  -0.00527858
  -0.0154103   -0.0424012   -0.0257478    0.0051706
   0.0136801   -0.0531859   -0.0973433    0.0687496
  -0.0475442   -0.0571043    0.0971645   0.00479892
   0.0457199  -0.00808839   -0.0853184   -0.0367758
-0.000996484   -0.0532351    0.0530361    0.0287895
   0.0516857  -0.00801954    0.0911622   -0.0518263
  -0.0566479   -0.0244252    0.0638981   0.00533918
  -0.0336617    0.0770215     0.106475    0.0141032
  -0.0809925   -0.0191544    0.0207599      0.10169
 -0.00950324    0.0026744    -0.033872    0.0118573
  -0.0736919    0.0188313   -0.0105237  -0.00306454
    -0.02871   -0.0323899   -0.0405636    -0.022497
   0.0746961     0.057573   -0.0559355    0.0151963
  0.00541646    0.0103406    0.0519443    0.0447283
    0.059141    0.0141203   -0.0632352   -0.0305018
   -0.037927    0.0371172    -0.047797    0.0348715
  -0.0169599    0.0250748   -0.0596361   -0.0116466
  0.00874355   0.00230624    0.0435008    0.0517938
   0.0032455    0.0894327    -0.045261    0.0521744
   0.0932905     0.009255   -0.0149539    0.0520731
   0.0313091    0.0697766    0.0864396      0.01867
  -0.0653773   -0.0256052   -0.0215442   -0.0363682
  -0.0328423   -0.0217671    0.0308724   -0.0471977
  -0.0627353   -0.0413049    0.0351047   -0.0547169
   -0.012145    0.0184349    0.0157698    0.0497262
   0.0442341   -0.0579575    -0.112246    0.0256924
   -0.080218   0.00742691    0.0123515   -0.0640305
  0.00384659    0.0849444    0.0378389   -0.0541283
   0.0282101    0.0638455    0.0504932    0.0228074
   0.0576223    0.0107015    0.0147986   -0.0240421
    0.116798    0.0831498     -0.10306  -0.00197258
  -0.0119769     0.119542    0.0307005   -0.0390067
  -0.0133289    -0.014347     0.167463  -0.00523362
  -0.0418296    0.0288708     0.082204    0.0483435
   0.0230335  0.000206351    0.0443921    0.0155908
  -0.0450481   -0.0481202   -0.0160708    0.0357855
  -0.0357463       0.0814     0.166365    -0.018768
   -0.053124     0.119762    0.0780073     0.026446
   0.0125417     0.163471    0.0709267    0.0502596
  -0.0518295   -0.0439218   -0.0589185  -0.00098381
   0.0668663    0.0312973  -0.00682606    0.0204444
   0.0832063   0.00600127   -0.0342231    0.0385328
  -0.0662981    -0.118016     0.028343    0.0356434
  -0.0011517     0.090586    0.0726009    0.0138695
  -0.0147308    0.0314775   0.00696564      0.11744
   0.0208341    0.0751573   -0.0543211   0.00906473
   0.0473183   0.00698833   -0.0253944   -0.0590819
   0.0365253   -0.0147912    0.0413991   -0.0169366
  -0.0349979    0.0215902    -0.048843    0.0313567
  -0.0328086    0.0239917    0.0399776    0.0635057
  -0.0347056    -0.100182    -0.168852    0.0528059
   -0.125563   -0.0213127   -0.0345538   -0.0170278
  0.00204623    0.0153093    0.0792127    0.0781191
    0.015455   -0.0233611   -0.0221228   -0.0471848
  -0.0362535    0.0579669    0.0651974    0.0115804
   0.0329423  -0.00191891     0.045805    0.0167538
   0.0305212     -0.07461    -0.049922    0.0431315
  -0.0623339    0.0118396   -0.0895165     0.085456
  -0.0264665    0.0892144    0.0492201    0.0223729
  -0.0376761    0.0219769   -0.0876081    0.0249713
 0.000178733     0.057146   -0.0579348     0.044094
  -0.0198357     0.125171    0.0615882   0.00835588
   0.0434602       0.1262   -0.0104624   -0.0279985
  -0.0612275    0.0776813    -0.044377    0.0689164
   0.0339946    0.0553087    0.0606441   -0.0163195
   0.0106927 -0.000216119   -0.0643668    0.0384575
  -0.0285054   0.00296405    0.0684012   -0.0319598
  -0.0408307   -0.0561299   -0.0183608    0.0277691
   -0.075179    0.0116369   -0.0512149   -0.0518313
  -0.0619241    0.0587922    0.0697678     0.112971
   0.0230555    0.0271648   -0.0305457    0.0564157
   -0.020472    -0.113649    0.0571316    0.0184179
   0.0136615    0.0384924   -0.0866692    0.0409816
   0.0630815  -0.00123062   -0.0484701 -0.000163784
  0.00953373   -0.0140402    -0.012573 -4.72704e-05
   0.0108122    0.0153326    0.0476512    -0.041215
  -0.0123812    0.0678598    -0.119527   -0.0400716
  -0.0311397    0.0623322    0.0613046    0.0238061
  -0.0979384   -0.0109562  -0.00448406     0.022148
  -0.0226969   -0.0414626   -0.0149493    -0.130539
   -0.063225   -0.0296823    0.0536405    0.0642318
  -0.0447422     0.094381    0.0952469    0.0195902
  -0.0514355    0.0106701    0.0342067   0.00933238
  0.00811547    -0.100372     0.037443    0.0395176
  -0.0452534    0.0762997    0.0270722   0.00557903
 -0.00867309   -0.0602528    0.0755347    0.0745329
   0.0266808   -0.0158201   -0.0783134   -0.0380467
    0.020807    0.0188761    0.0336417    0.0395551
  -0.0880789     0.149194   -0.0236884    0.0154984
   -0.029595    0.0606174   -0.0274014    0.0513324
  0.00993435    -0.032549  0.000905157   -0.0160964
  -0.0349766   -0.0191438  -0.00124779    -0.040519
 -0.00114083   0.00328036    -0.102172   -0.0265914
   0.0320758   -0.0397777   -0.0369322   -0.0188193
  -0.0143937    0.0378056    0.0605963    0.0171033
  -0.0252801  -0.00195667     0.024739  0.000516106
  -0.0371056    -0.165041    0.0400774   -0.0420387
   0.0129028    0.0991457   0.00119862    -0.034811
  -0.0549337   0.00900434    0.0384508   -0.0541855
  -0.0303776    0.0381423    0.0779351  -0.00022159
  0.00910314   -0.0356701   -0.0740814    0.0598302
   0.0159652     0.117634    0.0111923   -0.0868978
  -0.0224594    0.0107573  -0.00193499    0.0399729
   0.0506981     0.063751  -0.00127249   -0.0303467
  -0.0199996   -0.0846023    0.0573959    0.0168285
  -0.0547245    0.0177385    0.0183415    -0.011844
  -0.0114143    0.0784739    0.0657826    0.0534731
   0.0523967    0.0602368    0.0547449   -0.0745305
   0.0272435   -0.0153789   -0.0727106    0.0287748
  -0.0428313     0.033816    0.0612717   -0.0267174
    0.025803    0.0264249  -0.00656727   0.00920896
   0.0559524    0.0599988   -0.0262116    0.0144677
    0.022945    0.0723236    0.0892054    0.0619243
 -0.00924647   -0.0248176   -0.0251538  -0.00604327
  -0.0335052    0.0232021  -0.00651127   -0.0120414
  -0.0529134   -0.0108087   -0.0943431    0.0540145
   0.0706745   -0.0109824    0.0374086   -0.0175984
     -0.1352    0.0220796    0.0295018     0.123643
     0.10052    0.0872198    0.0491037  -0.00645815
   0.0647282   -0.0118161     0.011056    0.0761185
   -0.047521    0.0160763  -0.00597934   -0.0100477
   -0.101346    0.0524635    0.0572495    0.0879955
  -0.0580094  -0.00225162    0.0807739    0.0148271
   0.0332791   0.00619981     0.078639    0.0222659
  -0.0508058    0.0435606   -0.0442384    0.0546546
   0.0831593    0.0664905    -0.197729  -0.00713524
  -0.0713974    0.0676531     0.131407   -0.0188746
   -0.079442   -0.0292149     0.124366    0.0120248
   0.0203627  -0.00640171    0.0259353   -0.0429128
  -0.0619305   -0.0530447     0.124421    0.0412883
  -0.0526803   -0.0224857    0.0498084   -0.0220583
  -0.0229864    0.0401717    0.0236747    0.0257507
    0.029349     0.102549    0.0925412  -0.00497917
  0.00370852   0.00366909    0.0202936   -0.0121756
  -0.0467637    0.0726833   0.00556456    0.0959133
   0.0106802    0.0328468   -0.0667879    0.0692959
   0.0180056    0.0281849    -0.132293   -0.0229481
   0.0158798     0.109521    0.0108991    0.0361383
   -0.127671   0.00595304    0.0349792     0.103059
  -0.0155038  -0.00693311   -0.0258743    0.0493452
  -0.0698088    0.0534601     0.043978    0.0591742
   0.0805661    0.0382564    0.0355956    -0.026201
  -0.0526197   -0.0758558   -0.0312626   0.00126392
   0.0664427    0.0614817     -0.02874   -0.0135769
  -0.0543344    0.0463632   -0.0123309    0.0763959
   0.0526623    0.0992315   -0.0501568  -0.00204222
    -0.09832     0.101001  -0.00374639    0.0969562
  -0.0235596   -0.0475526    0.0605938   -0.0107594
  -0.0611389   -0.0815293     0.120237    0.0418696
   0.0916805     0.029736   -0.0154148    0.0222276
   0.0943327    0.0339538  -0.00117557    0.0414632
   0.0137892     0.137086   -0.0436353    0.0388858
  -0.0501538    0.0119656    0.0265784   -0.0269193
  -0.0702749    0.0917894   -0.0753467   -0.0730818
   0.0484571    -0.010114   -0.0685241    0.0531774
  -0.0437631   -0.0142738   -0.0367107   -0.0483347
    0.102744    0.0110965   -0.0722341    0.0175227
   0.0385373    -0.144228   -0.0506897   -0.0628286
   0.0663715     0.114306    0.0109194    -0.078134
   0.0274327      0.02702   0.00127386     0.044657
   0.0216432   -0.0784184    0.0510162   0.00207161
   0.0508679    0.0577011   -0.0262966   0.00837699
  -0.0964193   -0.0124036   0.00464699    0.0308242
   0.0577184     0.024803    0.0477831     0.016843
  -0.0318981  -0.00502084   -0.0496595    0.0375152
  -0.0398918     0.127001   -0.0458032    0.0457205
   0.0150049    0.0159988   -0.0271155    0.0440181
   0.0532121   -0.0506709    0.0528715    0.0954411
   0.0214282    0.0949608   -0.0194731   -0.0289541
   0.0518842   -0.0386433   -0.0244093    0.0427072
  -0.0587604    0.0700589   -0.0723665    0.0251167
    0.120159    0.0477119   -0.0930729   -0.0669959
   0.0385349     0.043479    0.0368892     0.012628
 -0.00809558    0.0803476   -0.0988966    0.0518966
   0.0968448   0.00864314    -0.065065   -0.0257777
  -0.0263169     0.055269  -0.00618908   -0.0451513
  -0.0457302   0.00969287    -0.022488   0.00937199
   0.0887086   -0.0595481    -0.112182   -0.0734714
   -0.026066    0.0497144     0.048724   -0.0109068
  -0.0351851    0.0652155  -0.00947072    0.0397843
   0.0917773    0.0617421    -0.071027   0.00583022
   0.0699928    0.0110087   -0.0214669   0.00283559
  -0.0258377    0.0552217   -0.0178814   0.00530317
   -0.106078   -0.0839021   -0.0721917    0.0771895
  -0.0523761    0.0721905    0.0249646   -0.0224563
 -0.00440248     -0.10237    -0.042542    0.0593217
 -0.00386619    -0.050098    0.0173527    0.0144873
  -0.0419844   -0.0392254    0.0498595   0.00217642
   0.0146108    0.0479412   -0.0478034    0.0226719
  -0.0759103    0.0910096   -0.0781022    -0.015063
  -0.0169227    0.0427297    -0.033615    0.0701463
  -0.0641329    0.0439006   -0.0264561  -0.00818203
   0.0521995    0.0774753    0.0632081    0.0826153
   0.0382972   -0.0490581  -0.00963876   0.00233351
   0.0405288   -0.0247556    0.0590344   0.00841755
  -0.0265528    0.0323169    -0.061052    0.0185505
   0.0780859   -0.0279515   -0.0035216    0.0439836
   0.0564527    0.0820602  -0.00102083    0.0596771
  -0.0460376   -0.0364633   -0.0698327    0.0137415
 -0.00847309    0.0177846     0.102398  -0.00959313
   0.0676457    0.0306682    -0.028246  -0.00422258
 -0.00492821    0.0183571    0.0296991   -0.0294554
   0.0291788    0.0554521    0.0536306    0.0415364
   0.0371804    0.0777152    0.0609174   -0.0177199
   0.0596815   0.00116947   -0.0334787   -0.0575545
  -0.0290552    0.0425133     0.117936   -0.0206562
   0.0285165  -0.00980633   -0.0405629   -0.0204721
 -0.00936737    0.0291517    0.0336889    0.0196489
  -0.0157111    0.0287265     0.068993  -0.00164501
  -0.0467529    0.0340929   -0.0872218    0.0172094
  -0.0333038   -0.0126269    0.0014485    0.0907137
  0.00856859   0.00725001    0.0402335    0.0223833
  -0.0229779     0.135925    0.0063757    0.0283115
   0.0399361   0.00518315   -0.0165898   -0.0187656
    0.039914    0.0364599     -0.02431   -0.0318119
   -0.056091    0.0856945   0.00401375   -0.0100707
  0.00941109    -0.106881   -0.0332496    0.0272225
   -0.112923   -0.0869438     0.100495    0.0521294
  -0.0042836     0.114814    0.0792673   -0.0378608
   0.0165013   -0.0304889     0.061821    0.0586693
    -0.12519   -0.0590005    0.0199742    0.0561499
   -0.111246     0.102244    0.0100835     0.121738
  -0.0997552   0.00630777    0.0679792  0.000931677
   0.0355026    0.0733159   -0.0394087    0.0702902
  0.00650654   -0.0158586    0.0181953    0.0298987
   0.0787497    0.0468148    0.0324922   -0.0390576
   -0.074733  -0.00502618   -0.0563956   -0.0097517
   0.0325761   -0.0408241    -0.047291   0.00343966
   0.0345883    0.0417088   -0.0303653   -0.0240716
  -0.0894719   0.00259305   -0.0306758     0.089114
  -0.0624777   -0.0640802   -0.0085283  -0.00313028
  0.00498517   0.00296016     0.042518    0.0222251
  -0.0232953    0.0659828   -0.0134715    0.0504023
  -0.0531059    0.0118923   -0.0220424    0.0155389
   0.0948202   0.00867107    -0.083513    -0.070381