  -0.0194162     0.154514    0.0472777   -0.0757964
  -0.0145203    -0.101362    0.0301175     0.013724
  -0.0321065   0.00999425   -0.0131317   -0.0477905
  -0.0683076    0.0182757    0.0385232    -0.013518
   0.0283618      0.10479   -0.0604311    0.0346283
   0.0480171      0.29212     0.020667   -0.0362245
    0.104507     0.261961    0.0483839    -0.148783
  -0.0280175  -0.00527409   -0.0754372    0.0282534
   0.0723988   -0.0853061     0.064366     0.083267
   0.0256394    0.0878074    0.0851249   -0.0473598
   0.0546397    -0.150757   -0.0501063  -0.00425391
   0.0315943    0.0964019    0.0734931    0.0370031
  -0.0291301    -0.262016   -0.0291641    0.0731203
   0.0102351    0.0912731   -0.0182152   -0.0244615
  -0.0460935    -0.160668    0.0340726    0.0823951
   0.0897956    0.0601544    0.0480454   -0.0537378
   0.0848909   -0.0421158    0.0109518   -0.0192793
   0.0273464     0.147411   -0.0277676    0.0497871
  -0.0712951    -0.109398   -0.0740478    0.0932927
  -0.0280934    0.0968723   0.00774462   -0.0290563
   0.0484033    -0.178494   -0.0420195    0.0722631
   0.0318233     0.141564   -0.0317661   -0.0346541
   0.0149699     0.016181    0.0210058  -0.00246374
   0.0447767     0.244395    0.0295327   -0.0606527
   0.0135256   -0.0919485   -0.0103321      0.05759
  -0.0533774     0.317262     0.029971   -0.0905899
   0.0157069     0.209226   -0.0287707   -0.0463336
  -0.0175596    0.0559264    0.0364911   -0.0567446
   -0.077304      0.50255    0.0779379    -0.187835
   0.0159995    0.0371676     -0.02641    0.0385655
  -0.0399436    -0.434725   -0.0996619     0.130549
  0.00865875    -0.125613   -0.0749047    0.0316964
  -0.0318063      -0.1182   -0.0785159   -0.0190118
  -0.0312347    -0.155788   -0.0415767     0.125792
    0.013663    0.0461861   -0.0605855    0.0177355
  -0.0760231    -0.157584     -0.11677    0.0330788
  0.00799742    -0.309781   -0.0754195  -0.00670575
  0.00864564     0.149879    0.0507814  -0.00203395
  -0.0653396    0.0346453   -0.0412306    0.0224553
   0.0426593     0.116333    0.0399557    0.0021493
  -0.0257947   -0.0179828   0.00880016    0.0356836
  0.00191675     0.224213   0.00954488    0.0177406
   0.0565717    0.0173346   -0.0186569    0.0287006
 -0.00399076     0.134086   -0.0445339    -0.045716
   0.0196207    0.0367243   -0.0613504   -0.0376894
   0.0210694   -0.0496797    0.0479436    0.0620814
   0.0726708    -0.177691    0.0522964   -0.0206826
   0.0153917     0.321101    0.0936223    -0.130885
   0.0592972     0.260465    0.0146684    0.0224049
   0.0779888     0.248582    0.0306547    -0.100082
 -0.00627993      0.36824     0.038039   -0.0902635
   0.0315693     0.550642    0.0113787   -0.0856023
   0.0488332   -0.0949213    0.0689762   -0.0286308
   0.0578624    0.0856787    0.0566812     -0.13357
  0.00541082     0.182922    -0.056818   -0.0042536
  -0.0361498    0.0305603   -0.0479337   -0.0478722
   0.0180113     0.381841    0.0155866     0.016362
  -0.0801255    -0.108674 -0.000457725    0.0590349
  -0.0195253    0.0935957    0.0465526  0.000191297
 -0.00559571    -0.174207   -0.0346483    0.0509563
  -0.0104453    0.0146445   -0.0497919   -0.0057577
   0.0116446   -0.0909183 -0.000933242   -0.0534441
   0.0125828   -0.0298712    0.0305154   -0.0230582
   0.0493796    -0.148978   -0.0606336     0.137132
   0.0249842    0.0664592     0.014101    0.0664004
  -0.0287147    -0.203459    0.0567782    -0.034009
   0.0644111      0.13126   -0.0184867   -0.0721664
   0.0145557    -0.138441  -0.00354051    0.0261063
   0.0548686    0.0986456      0.10057    -0.173986
 -0.00928627   -0.0684103    0.0317414   -0.0176995
  -0.0471362  -0.00201316   -0.0465446   -0.0528466
    0.033673     0.163012    0.0603628    -0.107465
   0.0565507   -0.0695421    0.0179289   -0.0329417
   0.0269259    0.0765359    -0.105504    0.0230007
   0.0641124     0.194036     0.117371   -0.0902714
-0.000828333    -0.270858   -0.0612391    0.0731088
   0.0265062    -0.324941   -0.0149568    0.0982008
   0.0841004    0.0289386    0.0348022   0.00529981
   0.0191973    -0.384559   -0.0714743     0.121101
   0.0698822    -0.202559    -0.032557     0.169172
   0.0086516    -0.198728    -0.139687    0.0739503
   0.0579738    -0.220745   -0.0331725    0.0163936
   0.0654647     0.324409  -0.00506175   -0.0691963
   0.0165758    -0.260715    -0.112395     0.136129
   0.0535562    0.0397173    0.0723257   -0.0311415
   0.0153379    -0.119083   -0.0662129     0.131151
   0.0420117     0.137152   -0.0191041    0.0392427
   0.0843944    0.0483282   0.00979376     0.084195
   0.0012493     0.127462    0.0414673    0.0121837
   0.0959902    -0.187463    0.0199819    0.0879707
  -0.0516551    -0.147528   -0.0551037  -0.00881903
   0.0755688    -0.163626    0.0799162   -0.0117889
   0.0607791    0.0635562   -0.0510781   -0.0289709
  -0.0120379     0.354315   -0.0764797    0.0214324
   0.0114917    -0.152987   -0.0645034   -0.0533617
   0.0520574      0.12338     0.128823   -0.0671809
  0.00907698    -0.188811   -0.0922403    0.0145415
  0.00928943     0.373194     0.142257     -0.18794
   0.0896237     0.131218     0.093596   -0.0489599
  -0.0545524     0.316153    0.0206985   -0.0547557
   0.0574781     0.246583    0.0368179   -0.0147089
   0.0744431    0.0760679    0.0486677  0.000660665
   0.0866404     0.200848    0.0127257   -0.0437072
   -0.069982     0.366545     0.074623    -0.134744
  -0.0117785     0.112943    0.0580941    0.0275931
   0.0201405   0.00864824   -0.0113052    0.0266967
  -0.0259143     0.264954   -0.0188527   -0.0579295
  -0.0463401    -0.268329   -0.0314653    0.0680785
 -0.00357319    -0.273227    -0.103982    0.0304155
   0.0233635   0.00559123  -0.00757354    -0.048036
   0.0539242     0.052162  -0.00574866   0.00367181
  -0.0332844   -0.0219744   -0.0254218   -0.0123596
   0.0657477     0.158664    0.0304234  -0.00218813
  -0.0113006    -0.260263  0.000700835    0.0366231
   0.0141426   -0.0267842   -0.0356022   -0.0322797
   0.0122016    -0.340158   -0.0705012     0.177584
   0.0755052     0.198953   -0.0383946   -0.0399806
  -0.0314611    -0.403262  -0.00319113     0.154311
   0.0626886      0.04164  -0.00298153   -0.0167316
   0.0666864     0.269851   -0.0425023    0.0168871
  -0.0418624    0.0757133    0.0348156   -0.0507558
   0.0336573    0.0781023    0.0305124  -0.00223749
  -0.0168369    -0.105912   -0.0437545     0.031578
  0.00225178     0.279037    0.0441967   -0.0624541
   0.0611939    -0.185535    -0.051527    0.0780851
  -0.0257006     -0.37602    -0.110877     0.124037
   0.0708006    0.0761748   -0.0287057  -0.00085848
   0.0373922    -0.176906    0.0173264    0.0477654
   0.0188291   -0.0124736   0.00790527    0.0840524
  0.00837151     0.222712    0.0835095   -0.0292617
   0.0614903   -0.0986493   -0.0280315    -0.074447
   0.0359445     0.283537   -0.0227933    0.0933515
  -0.0419243   -0.0809288   -0.0470221    0.0689849
 -0.00440603   -0.0794026   -0.0228621    0.0426284
  -0.0116006    -0.237359    -0.043546    0.0650744
  -0.0636135     0.147079   -0.0425594     0.118861
   0.0675169    0.0445516    0.0916542   -0.0745782
   0.0127669       0.1884    0.0512842   -0.0934985
  -0.0211078     0.295812      0.01997   -0.0843275
  -0.0135861   -0.0433442    0.0722847    -0.067058
  -0.0291673    0.0528282    0.0629419    -0.014159
   0.0293761     0.719835     0.169785    -0.165603
  -0.0174309  -0.00597653   0.00480634   -0.0663759
    0.018868   -0.0874174   -0.0017623   -0.0189926
  0.00552755    -0.577639   -0.0859508     0.105965
   0.0275248     0.417489    0.0517905   -0.0288946
  -0.0338064    -0.197971   -0.0610228    0.0684914
   0.0188959   -0.0599523    0.0492959   -0.0545042
   0.0511786     0.255217    -0.034858     0.027438
   0.0429098   -0.0194726   -0.0073631    0.0139078
  -0.0158236    -0.199111    0.0808287   -0.0674794
   0.0531703    0.0665093    0.0875365        -0.03
  -0.0175623    -0.103735     -0.02448    0.0663157
   0.0519236    -0.153259    0.0209603     0.102865
   0.0127335   0.00467221   -0.0115239  -0.00698531
  -0.0477912     0.145694     0.040061    -0.135234
   0.0282127     0.089619   -0.0674512    0.0691268
 -0.00385253    -0.358063   -0.0128429    0.0194435
  0.00818774    -0.248727    0.0116707     0.094052
  -0.0712872    -0.150268   -0.0239282    0.0475795
  -0.0163369    0.0527356   -0.0628558    0.0128085
  -0.0360813     0.171174    0.0159879    0.0506816
   0.0765283    0.0563151  -0.00142773   -0.0160591
   0.0116191    0.0180137    0.0219786   -0.0638607
   -0.020611   -0.0452664    0.0349937    0.0490381
   -0.017482   -0.0189126   0.00715379    0.0708426
    0.107001     0.290112    0.0353126   -0.0100866
  -0.0379842      0.49059     0.115013   -0.0792522
  -0.0199215    0.0733708   -0.0134105   -0.0160714
  -0.0361836   -0.0356726    0.0569684   -0.0558684
  -0.0189956     0.300176    0.0723306   -0.0171836
   0.0156414     0.111608   -0.0359643    0.0608884
   0.0781208     0.979881     0.192888    -0.208606
   0.0344406    -0.191891    -0.102273  -0.00189872
   -0.041423     0.116326     0.021413    0.0625335
   0.0147084     0.103847 -0.000491804    0.0420603
   0.0477295    0.0768386    0.0786455   -0.0523314
   0.0115134    -0.644444   -0.0438858     0.173365
 -0.00490005     -0.30858   -0.0707114    0.0010419
   0.0812358    0.0108052    -0.049396     0.112586
   0.0901722    -0.171314   -0.0416267    0.0266983
  0.00453849   -0.0414323   -0.0222825   -0.0700048
   0.0156541    -0.153142   -0.0623455   -0.0176523
   0.0621184     0.111281    0.0540224   -0.0950349
    0.122762    -0.042928   -0.0455528   -0.0491172
   0.0691445    0.0347542   0.00548783    0.0474972
   0.0569654     0.193671     0.023723    0.0382287
   0.0390528    0.0999147   -0.0372597  -0.00397628
    -0.07185    -0.138183   -0.0348272   -0.0520802
    0.048211   -0.0633378    0.0806896   -0.0544591
  -0.0463735    -0.124175    0.0300642   0.00772191
   0.0136152    -0.109539    0.0234763   -0.0160325
  -0.0021293    -0.140325   -0.0490747    0.0131227
    0.010716     0.172865  -0.00313407    0.0266319
   0.0185693    -0.103489   -0.0191303   -0.0165269
   0.0439815   -0.0131713   -0.0260957    0.0621852
  0.00183463     0.254874   0.00489797   -0.0373301
   0.0362004    -0.167093   -0.0413982    0.0184167
 -0.00674912    0.0762684   -0.0419522   -0.0577837
   0.0365771    -0.268384   -0.0197222    0.0969762
 -0.00364917   -0.0058273   -0.0165928   -0.0411784
    0.018416    0.0528225     0.100758   0.00651578
   0.0321176     0.133387   0.00413321   -0.0527386
   0.0792756   -0.0398951 -0.000128057    0.0101261
  -0.0237574   -0.0484604   -0.0368792   -0.0253728
   0.0635657   -0.0305016     0.179594    -0.195349
   0.0177608    -0.106167  -0.00980641    0.0571004
   0.0352841  -0.00533223    0.0538353   -0.0235653
  -0.0400069       0.4003    0.0882773   -0.0405623
  0.00933133      0.21024    0.0507991  -0.00365969
  -0.0150191     0.229208   -0.0509369 -0.000680898
    0.123842    -0.205908   -0.0203045    0.0790817
   0.0338892       0.1027    0.0789349     0.039697
    0.113206    -0.196777   -0.0416659    0.0547105
   0.0811616    0.0899788   -0.0495477    0.0837943
   0.0735348   -0.0903994    0.0742674    0.0237093
   0.0116997    -0.383705    -0.170448     0.222787
   0.0318375    -0.424921    -0.108676     0.132069
   -0.013114     0.184941   -0.0261057   -0.0349126
   0.0226072     0.193745   -0.0256251   -0.0593368
  -0.0282515    -0.021505   -0.0404075   -0.0102807
   0.0188999    0.0444205   -0.0737406    0.0933455
  -0.0348039     0.195936   -0.0115992   0.00675888
    0.101492    -0.069224    0.0164796    0.0191497
  -0.0848724     0.195465    0.0422999   -0.0310582
  -0.0174696     0.132607   0.00715082    0.0814413
   0.0223985   -0.0667475    0.0093045   0.00789966
   0.0349121    0.0440989  -0.00594718   -0.0274907
   0.0668971    0.0630895    0.0371003    0.0214529
   0.0535593     0.186994   -0.0119455    0.0476709
   0.0123315    -0.178288    -0.105606    0.0379177
   0.0361029   -0.0552906    0.0672091    0.0351451
   0.0232906     0.162808   0.00920235   -0.0259327
   0.0955876    0.0400962    0.0563989    -0.139506
    0.020285   -0.0458367   -0.0579267    0.0483557
   0.0366832   -0.0416196     0.042536   -0.0157304
   0.0226577    -0.394455    -0.115377     0.137971
   0.0489768    0.0083477  -0.00221567   -0.0160729
   0.0125659    -0.398012   -0.0778182     0.189824
 -0.00178121    -0.157404    -0.109063    0.0469234
   0.0262833  -0.00390014   -0.0036638    0.0487932
   0.0645782    0.0391267    0.0553904   -0.0490687
   0.0598799    0.0222956    0.0448403   -0.0427576
 0.000237054   -0.0905321   -0.0133195    0.0724845
   0.0595774   -0.0732196    -0.040091   0.00807789
   0.0237956     0.126998   -0.0743601   -0.0429995
    0.119623   -0.0274874    0.0195942  -0.00971383
   0.0428782   -0.0252953   -0.0261327     0.025009
   0.0632206      0.14705   -0.0305633   -0.0659061
    0.114907     0.244001    0.0206813   -0.0897767
   0.0315521    0.0504544    0.0162875   -0.0143376
    0.041769   -0.0422735    0.0216734    0.0492476
    0.040914    0.0340881    0.0387743    -0.072441
   0.0140388      0.13813    0.0052828  -0.00691531
 0.000596521    -0.174074    -0.122658    0.0730262
   0.0587212     0.157261    0.0538242     0.038544
   -0.038585     0.102434   -0.0795683    0.0114855
   0.0738604     0.208095    0.0967843   -0.0357181
 -0.00305538      0.17634    0.0105309   -0.0802254
   0.0157713    -0.246325   -0.0368695    0.0087628
  -0.0519677    0.0800946    0.0920878   -0.0954252
  0.00789104    -0.136077   -0.0282408    0.0109716
  -0.0545588     0.235355    0.0263267   -0.0138037
   0.0282495     0.167282   0.00309778     0.078243
  0.00309739    0.0780727    0.0127717   0.00742992
   0.0396471      0.38967   -0.0670823    0.0351262
  -0.0151766    -0.156443   -0.0538431   -0.0517898
  -0.0460195    -0.157351   -0.0890999     0.037792
   0.0145869    0.0812368    -0.021932   -0.0601531
   0.0592703    0.0900775    0.0316034   -0.0939891
   0.0423884     0.253257   -0.0639516   -0.0337475
   0.0772715    -0.544516    -0.131293     0.179349
   0.0113751     0.197424    0.0890874    -0.109305
 0.000161976   -0.0306901   -0.0644593  -0.00169513
    0.117564     -0.25904   -0.0247791     0.107992
   -0.024584   -0.0455841    0.0384558    0.0571794
   0.0440163    -0.273807     -0.11879    -0.018571
   0.0941541     0.125526    0.0969035   -0.0868589
   0.0584807   0.00161131  -0.00256834    0.0588788
   -0.034817     0.233022   -0.0363363     0.032751
   0.0167525     0.358155    0.0821433   0.00959975
    0.112856    0.0637862   -0.0460662   -0.0279072
   0.0288768    -0.256462    0.0422983    0.0143394
  -0.0319768     0.119473   -0.0927054    0.0606793
   0.0787644   -0.0206959    0.0440131   -0.0727401
  0.00867517   -0.0711448    0.0714938    0.0643331
 -0.00350756    -0.087876     -0.12722  -0.00915475
    0.111756     0.108377    0.0481395    -0.043644
    0.055439    0.0690443   0.00577599   0.00855137
    0.032254     -0.17716   -0.0393142  -0.00969983
    0.032694    0.0943719    0.0147532   -0.0743747
  -0.0560146     0.412637    0.0789224    -0.184904
-0.000576194    -0.048467   0.00355748    0.0630694
   0.0369666    -0.249739  0.000909667     -0.01479
   0.0510559    0.0867932    0.0377134    -0.122796
    0.118866   -0.0748805   -0.0266782    0.0616459
     0.03575    -0.221558    0.0368671    0.0450195
   0.0946902    0.0170467    0.0199002   -0.0576497
  -0.0623672    -0.149114   -0.0475468  -0.00133209
  -0.0363781    0.0694708    0.0506455   -0.0489343
  -0.0146447   -0.0191603   -0.0714083    0.0546908
   0.0396729    -0.161709  0.000299911    0.0914313
  -0.0128694     0.437007   0.00743887   -0.0658741
   0.0630789   -0.0623117     0.119261   -0.0351912
  -0.0341411     0.279725     0.041255     0.041699
  -0.0326452   -0.0711638   -0.0488108   -0.0617736
    0.066935      0.21343     0.136563    -0.129738
  -0.0734982     -0.19347   -0.0130572  -0.00962486
   0.0147455  -0.00900327    0.0244071   0.00950928
    0.020403    0.0444552    0.0299161    -0.106402
   0.0182375     0.184815    0.0416866   -0.0770196
  0.00736688    -0.128135     0.031049   -0.0190392
    0.021642    -0.206936   -0.0970091    0.0712325
  0.00628661    -0.215452   -0.0148216    0.0755433
   0.0259688     0.233851     0.108317   -0.0996195
  0.00100849    0.0568301    0.0995898   -0.0891386
   -0.050883    -0.125886   -0.0654399     0.107845
   0.0135758     0.213556    0.0992847   -0.0386855
  -0.0371629    0.0379311   -0.0539775    0.0495092
    0.132359   -0.0572669   -0.0988549   0.00788615
 -0.00817181    -0.121393   -0.0420582    0.0468942
   0.0107373     0.451165     0.113231    -0.189679
   0.0321838    -0.358302   -0.0955605   0.00860087
   0.0559201    0.0343447    0.0409174    0.0232257
  -0.0208669     0.359777     0.125478    -0.108309
   0.0312826     0.159296    -0.037749   -0.0567609
   0.0454916    0.0880739   -0.0322359   0.00185285
   0.0328881       0.4105     0.141447    -0.165889
   0.0342713     0.198043    0.0566346    0.0421812
   0.0232676  -0.00464988   0.00165182    0.0689586
  -0.0471283    -0.241728    0.0535594    0.0379271
   0.0581391   -0.0852784   -0.0958779   -0.0032026
  -0.0561854    -0.163576   -0.0995838    0.0693187
  -0.0622346     0.583731     0.074191    -0.188388
   0.0264386      0.25203    -0.160793     0.117962
   0.0482931   -0.0315054   -0.0315002   -0.0320143
  -0.0252737     0.294864    0.0016723    -0.129033
  -0.0130525    0.0322654    -0.077819    0.0271637
   0.0763365    -0.125117    0.0554717    0.0415364
  -0.0301659     0.110166   -0.0156837   -0.0316453
   0.0677048    0.0794741    0.0152622   -0.0054619
  -0.0118292    -0.120067   0.00114463    -0.079524
   0.0448009    0.0288131    0.0111596    0.0474355
  -0.0213173   -0.0667186     0.007163    -0.015182
   0.0412861     0.172429   0.00617711    0.0850362
 -0.00128472    -0.113541    0.0132458    0.0470821
   0.0421005     0.206927    0.0446486   -0.0210061
   0.0659124     0.341717     0.155325    -0.127088
   0.0141028     0.358394     0.133264    -0.217998
   0.0486976     0.184273    0.0377695    0.0105667
    0.106866    0.0519842    0.0856402  -0.00802272
  -0.0188648    -0.140851     0.027395   -0.0199662
  -0.0527848    -0.258642   -0.0378526     0.092523
   0.0485645    -0.298659    -0.127104     0.165059
   0.0358191     -0.32434  -0.00832081     0.103351
   0.0875534     0.236443     0.014898   -0.0226368
  -0.0622457    -0.192499   -0.0749432    0.0382207
  -0.0486716    -0.135539   -0.0150791     0.130539
    0.057819   -0.0666071     0.012847   -0.0947244
   0.0483633    0.0852957   -0.0443458   -0.0264271
   0.0640619      0.37258    0.0234227   -0.0934774
   0.0142842    0.0440098   -0.0175772   -0.0174344
 -0.00332743    -0.296297    -0.124878     0.127963
  -0.0226627     0.255797    0.0753203   -0.0761793
   0.0633524     0.221037   -0.0280157    0.0613949
   0.0937279    -0.371257   -0.0680295     0.067617
   0.0341112     0.147107 -0.000629908    0.0582664
   0.0548454      0.05671    0.0507863    0.0430253
   -0.037878     0.243591   -0.0561784   -0.0573963
   0.0210392   -0.0592873    0.0434655   -0.0821016
  -0.0270102    0.0956159    0.0198635    0.0189966
  -0.0175874    0.0459583   0.00109837   -0.0909766
   0.0865354    0.0825914     0.093892   -0.0839872
 0.000264668      0.50222    0.0247517    0.0269003
   0.0375988    -0.183224   -0.0951217    0.0775507
    0.058179    0.0475198   0.00131505   -0.0579892
  -0.0507922    0.0861963   -0.0155914   0.00100562
    0.118881    -0.245643    0.0178972     0.104455
   0.0463492   -0.0288753   -0.0355189    0.0871424
  0.00559413    -0.387878    0.0606387    0.0897445
   0.0247201    0.0239307     0.105871   -0.0793294
  -0.0162631     0.408093    0.0093585   -0.0569288
    0.048781   -0.0631262    0.0891454   0.00966547
   0.0412862  -0.00944899   -0.0086249   -0.0896223
   -0.044789    -0.159301   -0.0738363    0.0568768
    0.037566     0.140525    0.0731181   -0.0795937
  0.00496286   -0.0278358    0.0181489    0.0360801
   0.0307848    -0.104439   -0.0201089    0.0865715
   0.0436581   -0.0102455   -0.0395879    0.0480997
   0.0971348     0.111241  -0.00622609   -0.0204782
  -0.0492359    0.0027936    0.0320665   -0.0198008
   0.0262906    0.0444157     0.041881   -0.0460568
  0.00493297   -0.0216141   -0.0439063  -0.00236229
  -0.0308057   0.00720063    0.0508574   0.00870306
   0.0998123   0.00465945   0.00454129   0.00468304
  -0.0307893    -0.240436   -0.0184197    0.0432011
    0.002353    -0.148899    -0.110353     0.063994
  0.00339952     0.220445    0.0152047   -0.0125602
  0.00420199    0.0995436  0.000325997    0.0214112
   0.0559738    -0.100663  0.000414083    0.0682466
   0.0557111   -0.0111391    0.0463654    0.0629387
  -0.0611955  -0.00280107   -0.0870495    0.0280265
    -0.01897     0.201876     0.115006    -0.141285
   0.0434686    -0.200428    0.0029627   0.00188569
   0.0584114    -0.101048     0.035036   -0.0566493
   0.0368518   0.00880048    -0.027139   -0.0286881
   0.0133368    0.0877224   -0.0739753    0.0148118
   0.0470255     -0.18319   -0.0870144   -0.0211966
   0.0237836    -0.177175   -0.0751819    0.0912376
  -0.0110481    0.0559024      0.01942    -0.108593
   0.0481994     0.162017    -0.052975    0.0705564
  -0.0493013   -0.0217267   -0.0682644     -0.02384
 -0.00704799     0.186826   -0.0365845    0.0170857
   0.0298904     0.138877    0.0690639    0.0160214
   0.0148544   -0.0737695    -0.066124    0.0143962
   0.0349231     0.485678     0.110677    -0.157227
   0.0676336     0.712489    0.0794491     -0.18572
  -0.0573055     -0.13852     -0.10039    0.0205547
  -0.0468196     0.151047    0.0469368    0.0170748
  0.00945139    0.0773718   -0.0265594  -0.00460357
   0.0179385     0.119453   -0.0456579    0.0217325
  0.00164746     0.221433    0.0356964    -0.076517
  -0.0123168    0.0318079    0.0782593  -0.00332975
   0.0246995   -0.0396487    -0.024937   -0.0294797
 -0.00969746     0.116121    0.0455943   -0.0266524
   0.0181065  -0.00390954    0.0551556   -0.0644106
  0.00126811   -0.0963756    0.0426922   -0.0369345
  -0.0165312    0.0778359     0.026784   0.00455246
   0.0680195    -0.540111   -0.0606059    0.0906665
   0.0646241    -0.239407    -0.104242    0.0502746
   0.0756363     0.143281   -0.0110937    -0.133623
   0.0359647    0.0364144    0.0477133    0.0752637
   0.0461287    -0.205371   -0.0602559    0.0789177
   0.0285963   -0.0647499    -0.121857    0.0392288
 -0.00699446     0.085479    0.0212195   -0.0943818
   0.0215565    -0.524235   -0.0494434     0.110162
  -0.0366713    -0.106286   0.00061961   -0.0195913
  -0.0157075    -0.237765    0.0177734   -0.0630662
  0.00206769    -0.380583   -0.0951814     0.125429
    0.042654     0.257806   -0.0245536   -0.0245496
 -0.00249143   -0.0426976   -0.0878849    0.0100457
 -0.00851381    -0.133902  -0.00402549    0.0129765
   0.0817092     0.180009    0.0606683   -0.0543246
   0.0261842     0.131131    0.0290526    0.0275571
  -0.0354239     0.558835  -0.00314666    0.0194398
  -0.0251097  -0.00720993    0.0353225    0.0243353
   0.0286666     0.309727    0.0415581    -0.136049
   0.0429094    0.0366114    0.0165822   -0.0124172
  -0.0378791    -0.310603   -0.0250147     0.150489
   0.0351455     0.265079    0.0812553   -0.0490275
 -0.00326796    -0.155185   -0.0966381    0.0567886
 -0.00846137     0.249369   -0.0107824   -0.0123476
  -0.0292559    0.0610252    0.0591311   -0.0926645
 -0.00982145   -0.0751393  -0.00557813    0.0408782
  -0.0529922    0.0531173   -0.0225443    0.0117976
   -0.030417   -0.0452942   -0.0494295    0.0584511
   0.0871506     0.371567    0.0245146    -0.114603
   0.0113438     0.344125     0.095779    -0.186275
    0.071615    0.0488711    0.0281576   -0.0478878
   0.0554686   -0.0183045   -0.0376106   -0.0222582
  -0.0323163     0.199186   -0.0287052    0.0110753
  -0.0187084    -0.172891    -0.010538    0.0484661
   0.0294922     0.477042    0.0146229   -0.0136339
  -0.0801249    -0.423908   -0.0485067    0.0231459
   0.0514835     0.142974    0.0100769    0.0495657
   0.0165007    0.0646303     0.025146   -0.0863943
    0.112252     0.244122   -0.0299626    0.0168053
    0.123158     0.119364   0.00735301   -0.0733482
   0.0546227    0.0345675   -0.0247059   -0.0341989
   0.0142651     0.119803    0.0321075   -0.0227408
   0.0432491    0.0973917    0.0452017   -0.0379249
  -0.0196996   -0.0148355   -0.0590691    0.0742932
   0.0353148   -0.0569996   -0.0155054    0.0582182
 -0.00882815    0.0955058   -0.0600606   -0.0415289
  -0.0371299    0.0236018    0.0206113    0.0835071
   -0.037473     0.158522    0.0511219     0.020152
   0.0802154     0.254828    0.0113896   -0.0506247
   0.0266839   -0.0753281    -0.032971    0.0706395
   0.0333067   -0.0946155   -0.0197413      0.10849
  0.00240424    -0.198427     0.055437   -0.0175651
   0.0222576    -0.248934   0.00480341    0.0931758
  -0.0366575   -0.0634047    0.0210863    0.0526007
   0.0304687   0.00696742     0.034049   -0.0176411
   0.0582215   -0.0682158    0.0382964  -0.00865932
  -0.0206711    0.0108136   -0.0283872    0.0287536
   0.0808433    -0.178915   -0.0219306    0.0566659
   0.0992834    -0.194415    -0.112308  -0.00509202
  -0.0110271   -0.0806223   -0.0410845    0.0950793
   0.0387682     -0.17586   -0.0194893    0.0979629
   0.0637196   -0.0397296  -0.00991785    0.0297961
  -0.0483251   -0.0465541   -0.0015292    0.0239991
   0.0221604    -0.327652   0.00866346    0.0376556
     0.10789    0.0861308   -0.0816494    0.0343968
    0.039397     0.717616     0.115736    -0.139309
  -0.0831189    0.0700874    0.0561016   -0.0107449
   0.0626154    -0.106867    0.0169187   -0.0197614
   0.0161526  -0.00565897   -0.0587332    0.0416503
  -0.0458852    0.0830104    0.0667665   -0.0436594
   0.0739584    -0.163489    0.0705184   -0.0038772
  -0.0230635     0.145485   -0.0113655   -0.0462279
   0.0434855   -0.0357215   -0.0604483    0.0138574
  -0.0110794    -0.114896    -0.030757   0.00556463
  -0.0368598    -0.144941     0.009715     0.104261
  -0.0328512    0.0895384   -0.0418059   -0.0156061
 0.000277092   -0.0543844    -0.023273    0.0426223
   0.0438974    0.0300108  0.000298924   -0.0553429
   0.0800967    -0.441892  -0.00380689    0.0315983
  -0.0245478     0.200326    0.0424687    0.0538407
   0.0107128    0.0232451      0.11439    -0.127847
 -0.00129612   -0.0615515   -0.0102421   -0.0544144
  -0.0083542     0.355712    0.0910937    -0.105263
  -0.0107573     -0.41601 -0.000603148    0.0680688