    0.115234  -0.00623515    0.0537213    -0.121889
   -0.015507  -0.00857098    0.0428542   0.00374295
   0.0184744    0.0532655    0.0714893    0.0177119
   0.0713982    0.0428293   -0.0310258   -0.0176975
   0.0689702    0.0956861   0.00156748   -0.0276812
   0.0356021    0.0990917    -0.046243   -0.0512179
  -0.0292883  -0.00522507    0.0507282   0.00655474
  -0.0791428   -0.0455993    0.0235116    0.0687593
   0.0794625   -0.0784309   -0.0572016   0.00160886
  -0.0269491   -0.0736622    -0.042674    0.0765353
   0.0423881   -0.0134546     0.052817   -0.0451418
  -0.0373761    0.0635252    0.0625757   0.00758128
   0.0475764 -0.000436839    0.0301747    0.0599675
    0.131536   -0.0271468   -0.0406639   -0.0815457
  -0.0812629    0.0953467    0.0117816  -0.00394159
  -0.0658859    0.0788393    0.0397876     0.102645
  -0.0218978    0.0296249    0.0245569   -0.0448647
  -0.0630571   -0.0151462    0.0587794    0.0333768
   0.0846667    0.0253192    0.0453864  -0.00193488
   -0.051579    0.0672877    0.0191405   -0.0390557
  -0.0128564    0.0999336     0.010141    0.0116231
   0.0349977   -0.0232918    0.0304373 -0.000826086
  -0.0693004    -0.116575    0.0636375   -0.0135438
    0.019575   -0.0208934     0.069859    0.0467661
-0.000546115    0.0865825   0.00236589    0.0260827
  -0.0905558    0.0173588    0.0270405    0.0304401
    0.034409   -0.0320159   -0.0421545    -0.025856
    0.068254     0.103348    -0.115625    -0.102686
  -0.0561892   -0.0818619     0.272545    0.0562179
    0.103245    0.0784881    0.0159511   -0.0516992
  -0.0565546   -0.0223926    0.0279338   0.00258705
  -0.0782864   -0.0433287   -0.0559954  -0.00937241
 -0.00588021    -0.182109   -0.0110658   -0.0426127
   0.0696252   -0.0670387   -0.0653134   0.00494435
  -0.0332245    -0.057589   -0.0213026    0.0652252
  -0.0328415   0.00791965   -0.0674216     0.128139
   -0.179035    -0.167367     0.178447      0.11877
   0.0326088    0.0347999     0.102227   -0.0218976
    0.114965    0.0412327   -0.0761033   -0.0710274
  -0.0783981   -0.0704698    0.0706834  0.000543755
    0.110164   -0.0256776    -0.013778   0.00622342
   0.0493638   -0.0235653    0.0459701    -0.149902
  -0.0084186   -0.0571245    0.0592541    0.0193178
   0.0176235    -0.049945      0.22322   0.00468603
   0.0214976    0.0412417  -0.00695228   -0.0501169
    0.036666    0.0206569    0.0808491    0.0346088
   0.0246128   -0.0501802    0.0769037   -0.0236923
   -0.156375    0.0811049   0.00142874     0.241135
-0.000759119   0.00645089    0.0727915    0.0203144
    0.045466     0.023103    0.0222244   -0.0773179
  0.00979253   -0.0758301 -0.000707869  -0.00826817
   0.0802612    -0.051075   -0.0436712   -0.0667035
   -0.144898    0.0900895    0.0687776    0.0358471
   0.0876501    0.0337771    0.0537335    0.0335458
   0.0845628    -0.118298   -0.0750562    -0.106408
  0.00200693    0.0369843   0.00211045    -0.072993
 -0.00348095   -0.0142857   -0.0721055    -0.032597
     0.12181    -0.115101   -0.0636789   -0.0638006
   0.0519795  -0.00469917   -0.0574551   -0.0188336
    0.167563 -0.000977077    0.0034424    -0.137705
   0.0318659 -0.000880793   -0.0296858  -0.00167366
  0.00684508   -0.0244389    0.0295055   -0.0434665
    0.067457 -0.000786105   -0.0501088   -0.0389862
  -0.0406811   0.00869856    -0.108429  -0.00671577
   -0.144495     0.036854    0.0711945     0.106885
   0.0320916     0.036789     0.088964    -0.095593
    0.105868    0.0137983   -0.0400099   -0.0566616
   0.0617897    0.0309812   -0.0177276    -0.116934
    0.163814     -0.17097   -0.0931349    -0.115582
   -0.054941    0.0836084    0.0940325     0.155863
   0.0560888    0.0714515     0.137271   -0.0744397
    0.103693    0.0408859    -0.051124  -0.00726937
  -0.0407738   -0.0307633   0.00176446  -0.00946537
    0.136778   0.00162461   -0.0228417    -0.133453
  -0.0245272   -0.0748881    -0.037149    0.0791427
   0.0460625    0.0668544  -0.00751606   -0.0512862
  -0.0616517    0.0254242   -0.0610081  -0.00366558
   -0.130849   -0.0371112    0.0370638     0.103007
  -0.0448248   -0.0429454      0.16419    0.0188922
   0.0570169    0.0456094   -0.0596264   -0.0251161
   0.0270905   -0.0644098   -0.0860079   -0.0395008
   0.0458547    0.0666572   -0.0414584   -0.0235635
   0.0615313    0.0704981   -0.0242005   -0.0437195
    0.114091   -0.0467843    -0.155992   -0.0873052
    0.073439   -0.0407865   -0.0402846    -0.129564
  -0.0211999    0.0266527    0.0713837    0.0642071
  -0.0482649   0.00719805    -0.106392    0.0712538
   0.0198591    0.0482342   -0.0429037    -0.027175
 -0.00873383  -0.00253131     0.015229   0.00563153
   0.0297376   -0.0367889   -0.0325526    -0.112705
  -0.0725383   -0.0911019    -0.103236    0.0330421
 -0.00851823    0.0720773  -0.00500026   0.00176085
   0.0977002     0.100425    0.0910754   -0.0925979
   0.0235771    0.0803633    0.0444142     0.022114
  -0.0142026  -0.00328714    0.0288443  -0.00438438
   -0.084813   -0.0426605     0.227529    0.0336238
   0.0862149    0.0198378   -0.0930829    0.0934347
   0.0334732   -0.0462569   -0.0590177   -0.0515148
   0.0515599   -0.0458684     0.142294   -0.0078081
    0.150895    0.0725801    0.0646859   -0.0877374
   0.0633802    0.0750226  -0.00363682  0.000540064
   0.0568091    0.0504169 -0.000102688   -0.0511178
   0.0638201    0.0121028   0.00320976   -0.0694644
    0.101347    0.0819723   -0.0373605   -0.0727934
  -0.0145035    0.0684404   -0.0824187     0.124509
   0.0833188   -0.0227802   -0.0283399   -0.0961463
 -0.00827314    0.0110309    0.0608119    0.0506132
   0.0239134    0.0318438     0.126061    0.0973776
  -0.0737461    0.0622628    0.0836358    0.0173769
  -0.0869195    0.0568877   -0.0344531    0.0315158
   -0.054123   0.00898709    0.0611017    0.0838619
     0.07632    0.0164136    0.0439213   -0.0932597
    0.186819    0.0640506     0.171595    -0.262176
  -0.0610641      -0.1185   -0.0615255  -0.00508912
  -0.0499462   -0.0241984    0.0676931     0.165121
    0.107587   -0.0318294   -0.0153366   -0.0939244
   0.0245501   -0.0611292     0.209832   -0.0642359
   0.0191923    0.0118804   0.00921686   0.00255783
  -0.0221205   -0.0428165     0.101108   -0.0799944
   0.0119505    0.0803099     0.086186   -0.0137352
  -0.0211864    0.0637224   0.00523717   -0.0227161
  -0.0260856   -0.0785887    0.0843691  -0.00154629
   0.0459534    0.0811158   -0.0919246    0.0234209
  0.00982056    0.0961777    0.0538522  -0.00941733
   0.0793411    0.0111506   -0.0224633   -0.0503377
     0.23845    0.0488046   -0.0951996     -0.08977
   0.0182063    -0.017887   -0.0152504    0.0181438
  -0.0497959   -0.0281529   -0.0542105   -0.0124289
    0.054051  -0.00283934    -0.031573   -0.0249899
  -0.0166048   0.00788738   -0.0245277    0.0116945
  -0.0126578    0.0495033 -0.000285933   -0.0778091
    0.022933     0.151655    0.0103315   -0.0263463
   0.0183262     0.100914   -0.0970925   -0.0112293
  -0.0159929   0.00813825   -0.0878995    0.0647853
   0.0943079   -0.0280652   -0.0514295    -0.036279
  -0.0300179  -0.00391392     0.100344   -0.0691617
   0.0458026   -0.0138302    0.0577363    -0.155981
   0.0324259    0.0810485     0.040236    0.0138224
  -0.0483796   -0.0946878    0.0858156  -0.00795609
   0.0421064   -0.0744739   -0.0804882   -0.0421226
  0.00944252    -0.050842    0.0650383     0.111884
   0.0800681    0.0671251    0.0292753   -0.0432107
  -0.0496005    0.0652913    -0.023699      0.08525
   0.0230671    0.0247982  -0.00749963   -0.0529746
  -0.0742022   -0.0937397   0.00894943   -0.0523838
   0.0363823    -0.042406    0.0754586  -0.00458108
   0.0432243  0.000868736   -0.0311828    0.0463932
   0.0728262   -0.0781467    0.0709886    0.0323326
  -0.0126327   -0.0788975    0.0326548    0.0592122
   0.0117369   -0.0366309   -0.0643421     0.045237
   -0.048488    0.0162952   -0.0893549    0.0658414
    0.125779  -0.00822484   -0.0780896   -0.0953706
   0.0695774    0.0496346    -0.072839    -0.158899
   -0.101563   -0.0536552   -0.0155334     0.104579
 0.000872467    0.0922584     0.047303    0.0300611
  0.00553774  -0.00814364    0.0428323    0.0568434
   0.0313498   -0.0354911   -0.0209299     0.123269
 -0.00770554   -0.0818655    0.0239287   -0.0569673
    0.019306   -0.0339779    -0.138905    0.0161646
    0.149277    -0.020889     -0.11306   -0.0878803
 -0.00759296   -0.0171582    -0.133196    0.0233079
   0.0883782   -0.0301811  -0.00858351   -0.0339676
   0.0636965    0.0281424    0.0928291   -0.0990425
  -0.0588225   -0.0439031   -0.0581783   -0.0547008
   0.0869679    0.0391049    0.0150945   -0.0882523
   0.0262564   -0.0727127   -0.0103156   -0.0076874
   -0.040041   -0.0263537     0.207596  -0.00175691
   0.0683634    0.0830655   -0.0700318    -0.011399
   -0.128841  -0.00092167     0.207623    0.0675035
  -0.0420032    0.0271373   -0.0628549    0.0155853
  -0.0708048   -0.0362917    0.0524514    0.0413209
    0.129873   -0.0423019    0.0314435   -0.0204098
    0.072962   -0.0664773    0.0648383    -0.104543
    0.052638   -0.0505743   -0.0194634   -0.0796417
   -0.114492    0.0344471   -0.0937384    0.0976504
   -0.126872    0.0198669   -0.0488699      0.16462
   0.0310259  0.000169971    0.0335866    0.0823936
   0.0708069   -0.0166303    -0.165901    -0.154169
   -0.042206     0.049854    0.0712344    0.0492623
   0.0563356   -0.0579683   -0.0117618    -0.071913
    0.145349   -0.0472856   -0.0335522   0.00132634
   0.0526111    0.0402809   -0.0145782  -0.00876006
   0.0221298   -0.0801667    0.0358139    0.0536047
   -0.112423   -0.0224126     0.172549    0.0152697
   0.0123492    0.0128833   -0.0475851   0.00346058
  -0.0441079    -0.108421    0.0520694    0.0430317
    0.107425     0.111669   -0.0677694    0.0379299
  -0.0982095    0.0316097     0.140753   0.00618668
  -0.0453893    0.0200695    0.0255332    0.0638906
   0.0289438   -0.0231663    0.0663261   -0.0467267
   -0.048164     0.044819    -0.109437     0.165422
  -0.0549528   -0.0554872   -0.0183896  -0.00771835
   0.0924355      -0.0343   -0.0256789   -0.0322528
   0.0191022    -0.106584    -0.200254  -0.00858235
  -0.0827992    0.0511981   -0.0234791     0.043938
  -0.0617958    0.0120421     0.063596     0.027207
   -0.040825  -0.00121787     0.106764   -0.0499406
   0.0964566   -0.0373307   -0.0566208   -0.0723691
  -0.0202771    0.0260785   -0.0647987   -0.0409071
   0.0256578   -0.0304131    0.0105263     -0.01737
    0.153775  -0.00166478    0.0415275    -0.081109
   0.0042651   -0.0094837    0.0379252    0.0570529
   0.0427416    0.0867531   -0.0581495   -0.0942962
  -0.0428523   -0.0099794    0.0354368    0.0397614
  -0.0968015   0.00299774    -0.013385    0.0136184
   0.0254074    -0.058402    -0.123407    0.0215465
  0.00493607   -0.0634413   -0.0327899    0.0393452
     0.11456     0.104363   -0.0122333   -0.0269873
   0.0797381    0.0292369  -0.00113235   -0.0305939
   -0.103777     0.036476    0.0066227    0.0346437
   0.0120659   0.00713341    -0.024524   -0.0336521
    0.080788     0.034839    0.0723096   -0.0146313
   0.0750291    0.0286164    0.0247285  -0.00855382
    0.005814    0.0246487    -0.140526   -0.0785791
   0.0460491    0.0673035    0.0869483   -0.0223379
   0.0738795  -0.00998506     -0.14126   -0.0669866
   0.0992237  -0.00479578    -0.115673    -0.125544
   0.0569658    0.0236033    0.0114824   -0.0326386
   0.0744338   -0.0216899    0.0178299    0.0534207
   0.0555403    0.0309579   -0.0495192    0.0103708
   -0.132036   0.00514842   0.00745995     0.132047
   0.0122128    0.0309282   -0.0559438    0.0422338
  -0.0883201   -0.0689332    0.0674409    0.0850865
   0.0725866    0.0804786    0.0142511    -0.025367
  0.00586398    0.0250828     0.120503  -0.00991233
  -0.0469899   -0.0384394   -0.0891371    0.0120528
   0.0464811     0.054332    -0.041672   -0.0543783
   0.0504928   -0.0195448    0.0236361   -0.0966208
   0.0392222    -0.139815      0.16731    -0.135439
  -0.0952551   -0.0573493    0.0895229    0.0150961
  -0.0428809  -0.00171943   -0.0820485    0.0378227
   0.0609907   0.00141148    0.0508917    -0.111289
   -0.107146    0.0287352    0.0266749    0.0680661
   0.0407106   -0.0272271    0.0276187   -0.0297628
  -0.0330801    -0.062735     0.158389   -0.0354639
   0.0721424    0.0125106    -0.147783   0.00203501
  -0.0201739   -0.0866791   -0.0263296    -0.043948
  -0.0562895   -0.0973957     0.152141    0.0285642
  -0.0442511    -0.121414     0.167443   -0.0028062
    0.032356    0.0447833   -0.0225593  -0.00853064
   0.0428369   -0.0141515   -0.0793526   -0.0575067
-0.000364282   -0.0219286    0.0905807   -0.0356849
  -0.0408401   -0.0505306     0.068779    0.0708674
   0.0540919    0.0351097   -0.0365062   -0.0238211
   0.0697506   -0.0378027   -0.0230556   -0.0393745
     0.04724   -0.0173013    0.0233022    0.0195011
  -0.0863218   -0.0488636    0.0113486    0.0204964
   0.0507676    0.0405001    -0.013877    0.0250702
    0.106811    0.0888219    0.0543127     -0.14654
  -0.0624187     0.147225    0.0813588   -0.0613353
   0.0242418    0.0146269  -0.00523529    0.0421885
    0.030356   -0.0323904   -0.0702016    -0.102975
   0.0117288    -0.018336     0.117435    0.0601724
  -0.0629907    0.0486966    0.0452258   -0.0839647
   0.0514299    -0.037148    0.0499199    0.0794101
  -0.0569656   -0.0815896    0.0149892   0.00969563
   0.0757543   -0.0241695   -0.0243029   -0.0222592
    0.165922     0.109623    0.0821601    -0.170612
 -0.00911222     0.057501   0.00776153    0.0172273
   0.0373606    0.0258358     0.065825     0.051216
   0.0121841    -0.114231     -0.11771     0.105666
 -0.00600512   -0.0434794     0.140903   -0.0181218
    0.056937    0.0996887   -0.0222511   -0.0704235
  -0.0385993     0.035704   -0.0219245   -0.0226167
   0.0127168    0.0174903    0.0499614    0.0616112
   0.0610538    0.0401645   -0.0697873   -0.0265526
  -0.0216589    0.0108908    0.0642024  -0.00955641
   0.0705739  -0.00878691  -0.00947607   -0.0870288
   0.0775877    0.0235299   -0.0332922    -0.124778
    0.115302   -0.0273398   -0.0832688   -0.0362774
   0.0308325    0.0926002   -0.0376049    -0.115442
    0.190756    -0.110034    -0.152055   -0.0988901
  -0.0382708   -0.0673826    0.0603223   -0.0869255
   0.0778501    0.0751226   -0.0604483   -0.0246809
    0.111958   -0.0516476   -0.0823359    -0.113301
  -0.0319804   -0.0154905     0.106879    0.0702005
    0.125887    0.0026999    0.0404821    -0.112882
   0.0129144   -0.0313788      0.23455   -0.0146958
   0.0536818    0.0214443   -0.0102841   -0.0594666
  -0.0240558    0.0715379   -0.0188283   -0.0546331
   0.0740184     0.076639      0.01115   -0.0271703
    0.121425 -0.000439698    -0.045539   -0.0835067
  -0.0558921   -0.0118786    0.0608954  -0.00313878
   0.0671427    0.0758997     0.108875   -0.0466327
    0.041921    0.0727034    0.0465889   -0.0497907
  -0.0171448   0.00421437    0.0333946    0.0241782
   0.0400466     0.126232    0.0348156   -0.0315745
   0.0940478     0.127032    0.0820548    -0.084062
   0.0311616   -0.0145868       0.1319   -0.0667225
   0.0484629    0.0143479   -0.0676453   -0.0574381
    0.038033  -0.00190404     0.103114   -0.0244175
  -0.0749704   0.00628563     0.099835   -0.0284049
   0.0448679    0.0309386   -0.0434764   -0.0633764
   0.0431859   0.00987755    0.0994749   -0.0136906
  -0.0580017   -0.0945398   -0.0616221    0.0547129
   0.0989522   -0.0951457     0.125092   -0.0588794
 -0.00531457    0.0247532  0.000136875    0.0400903
   0.0618835   -0.0429528    -0.021974   -0.0552307
   -0.047793   -0.0169291   -0.0110958    0.0568169
   0.0312588    0.0351369    0.0119946    0.0233045
    -0.05678    0.0494101   0.00223027    -0.030461
 -0.00663577   -0.0382889    -0.101671    0.0245453
   -0.104017    0.0664177   0.00389532    0.0292879
  -0.0473012   -0.0205314   -0.0296462   -0.0315735
   0.0182791    0.0262293    -0.117606    0.0698962
   -0.113073   0.00829731   0.00709275    0.0475341
    0.129692    0.0247678    0.0215333   0.00817149
    0.153672   0.00582338   -0.0889591    -0.184997
   -0.260571    0.0442272    0.0816687     0.284704
  -0.0287105     0.107969    0.0263812    0.0259244
   0.0334211      -0.0161   -0.0146729   -0.0517242
   0.0528998    0.0416368  -0.00995902   -0.0390017
    0.135164   -0.0329924   -0.0287489  -0.00990457
     0.01343     0.160586  -0.00961517    0.0101229
   0.0240871    0.0968402    0.0564236    0.0103002
  -0.0932659     0.035504   0.00932205   0.00363511
  0.00253646   -0.0562877   -0.0509708   -0.0218388
  0.00276312    0.0704881    0.0809169   -0.0383981
   0.0557513     0.076717   -0.0471868   0.00570395
   0.0386644     0.123252    0.0927127    0.0139441
     0.14968   -0.0500804    0.0267205   -0.0521181
   0.0514343   -0.0809912     0.149851   -0.0695761
   -0.135179   -0.0749299    0.0705173      0.11036
  -0.0315255   -0.0458499    0.0588692   0.00831755
 -0.00440487   -0.0587181    -0.252355   -0.0472137
   0.0245901    0.0398033   -0.0628571   -0.0611445
    0.101402    0.0199775   -0.0266881   -0.0382925
   0.0762783    0.0745709     0.091674    -0.100727
   0.0417025      0.13277    0.0215952  0.000823549
-0.000971345   -0.0850038    0.0641986   -0.0996881
  -0.0467715    0.0890917     0.145259    0.0127745
  -0.0206265   -0.0116036     0.151238   -0.0581788
  -0.0363987     0.019085    0.0158899    0.0105541
   -0.011453    0.0648582    0.0733929    -0.074607
 -0.00754526    0.0234139   -0.0133181    0.0329393
    0.137742   -0.0891936   -0.0918282    -0.072046
  -0.0450636    0.0834308     0.150218     0.044542
   0.0558051     0.015071     0.020006   -0.0578228
  -0.0157005    0.0873026    0.0495101    0.0436683
   0.0504454   -0.0308966   -0.0543167   -0.0332447
    0.120397    0.0538912      0.10631   -0.0188975
   -0.132792    0.0818788   -0.0282798     0.145127
 -0.00598037    0.0501073   -0.0119521    0.0357099
   0.0717588   -0.0205847   0.00967138   -0.0382476
  -0.0324638    -0.027726   0.00436567    0.0292853
 0.000158846    0.0648786 -0.000521476   -0.0312082
    0.041292    0.0273313   -0.0651084   -0.0156829
    0.132859   -0.0608215   -0.0871719    -0.142094
   0.0966164     0.113842    -0.123214    -0.115265
 -0.00399278   -0.0206539   -0.0195027   -0.0812043
    0.113352    0.0533521   -0.0562441    -0.028265
  0.00995219 -0.000367869   -0.0162414  -0.00032727
  -0.0665117  0.000120979     0.045158  0.000903196
    0.010651   -0.0491684   -0.0185415    0.0288009
  -0.0583488   0.00867613    0.0210817    0.0188982
  -0.0418105    0.0858376   -0.0542413    0.0633865
 -0.00737941    -0.106687    0.0357052    0.0125936
   0.0286663     0.017628   0.00585529   -0.0273065
  -0.0332109    0.0505692    0.0640046    -0.011779
     0.10442     0.136303   0.00931538  -0.00417547
    0.105204   -0.0211448   -0.0318392    -0.075137
   0.0298596    0.0586202    0.0441302    0.0312464
   -0.051297   -0.0719715   -0.0231443    0.0899567
    0.115942    0.0401079   -0.0977823    -0.211834
   0.0623481 -0.000116878    0.0193764   -0.0286484
    0.129141    0.0645234    0.0150471     -0.11744
   0.0640002    0.0218065   -0.0379877    -0.109718
   -0.023474   -0.0751709  -0.00445831    0.0236854
-0.000240557   -0.0523493    0.0163006   -0.0112276
   0.0376858   -0.0272542    -0.123408    0.0094024
   0.0537595    0.0304616     0.120341   -0.0134137
   0.0319806     0.100127    0.0248671    0.0166134
   0.0136988    0.0225193   -0.0344949    0.0411558
   -0.120757    0.0771761   -0.0727472    0.0646282
  -0.0228375   -0.0985171     0.120698   -0.0108114
   0.0838872    0.0597448   -0.0836961   -0.0673579
  -0.0534346   -0.0812033     0.140477   -0.0148769
   0.0641685    -0.136245     0.156224   -0.0358527
  -0.0349116   -0.0109086    0.0895082   -0.0252317
   0.0297452    0.0900161     0.149753    0.0127256
   0.0254361    0.0290127      0.09979   0.00702573
   0.0356642    0.0564579   -0.0563823    -0.154398
  -0.0288234  -0.00296143    0.0686139     0.140062
    0.193171    -0.071952   -0.0182073    -0.152485
 -0.00643022    0.0298406   -0.0860239    0.0793596
   0.0240839    0.0584325   -0.0326481    -0.107056
  -0.0458393    -0.150159     0.150575    0.0439399
   0.0231755    0.0680682  -0.00182461   -0.0844774
   0.0962312    -0.139431    -0.161911   0.00924188
   0.0942269    0.0810236    0.0457228    -0.129201
   -0.163621   -0.0227698    -0.112594     0.220904
  0.00317456     0.101412    0.0465811   -0.0943256
  -0.0701115   0.00384817    0.0289798    0.0343053
  -0.0782993  -0.00790841   -0.0929153     0.109995
    0.120389    0.0560171    0.0839443    -0.159464
  -0.0455222    0.0761329     0.146617    0.0802517
   0.0738308    0.0251848    0.0163889    -0.136256
 -0.00924337    0.0559181   -0.0159693 -0.000265441
  -0.0272879   -0.0309586     0.151637    -0.104941
  -0.0473453   -0.0043472   -0.0405881    0.0305666
  0.00565814    0.0235654    -0.028611   -0.0694249
 -0.00562361    0.0160295    -0.127849    0.0975756
  -0.0487661   -0.0471529   -0.0622661    0.0813535
   0.0693731   -0.0282914   -0.0111019   -0.0665731
    0.105567    0.0278018    0.0165725   -0.0757476
   0.0682359   -0.0617536    0.0417317    0.0320454
   0.0881071    0.0896408    0.0614972  -0.00441188
  -0.0407715    -0.031205  -0.00834532    0.0847955
   0.0560282    0.0563303    -0.203349   -0.0448834
 -0.00162221   -0.0132517   -0.0662912     0.051608
  0.00800921     0.112246   0.00779903   -0.0355669
   -0.166403    0.0443857    0.0454884     0.178304
  0.00465845    0.0999008    0.0647377    -0.064272
    0.100021      0.09317    -0.016912    -0.134603
  -0.0339639    0.0876929   -0.0648172    0.0448013
   0.0484732     0.123058    0.0774929   -0.0703092
     0.12428   -0.0117579    0.0171034    -0.149172
  -0.0735172   -0.0757505    0.0645833    -0.021448
  -0.0202228     0.062423     0.124046   -0.0440896
  -0.0891288     0.071929   0.00440586     0.120798
 -0.00827618    0.0405406    0.0219376    0.0284507
   0.0367493    0.0149343   -0.0386776   -0.0402353
   -0.117018    0.0892929    0.0456837    0.0514114
   0.0479539    0.0344557   -0.0426602   -0.0896109
    0.121842   0.00680607   -0.0389405    -0.125535
  -0.0810537    0.0463199   -0.0479879     0.157292
  -0.0456425    0.0224672  -0.00185202     0.117955
   0.0433994    -0.039356   -0.0151748   -0.0829303
   0.0837923   -0.0406415     0.162353   -0.0542355
  -0.0367961    0.0725122    0.0436108    0.0487989
    0.135625   -0.0468809    -0.069209    -0.125006
  -0.0811746    0.0655628   -0.0234284     0.153091
   0.0122155   -0.0375631     -0.10888   -0.0377174
     0.10878   -0.0703314   -0.0477746   -0.0390588
   0.0239385    0.0376685    -0.100402    0.0502883
   -0.230511    -0.169817     0.114373     0.205315
   -0.121363    0.0390315    0.0486748    0.0992339
   0.0441697    0.0264598    0.0465238    -0.147428
   0.0665292   -0.0558946    -0.111326   -0.0645075
   0.0740583   0.00153362    -0.077431  -0.00539917
  -0.0428511   -0.0719281   -0.0625049   -0.0138121
    0.088585   -0.0174596   0.00610038  -0.00787505
  0.00817449   0.00963141    0.0742446   -0.0481917
   0.0329614    0.0703043   -0.0729749   -0.0478227
 -0.00226947    0.0620827   -0.0809759    -0.102809
   -0.152052   -0.0229575   -0.0630708     0.183062
  -0.0218155  -0.00989379    0.0059047   0.00280339
   0.0209795    0.0320012    0.0406451   -0.0448506
  -0.0299415    -0.228813     0.220419   -0.0604582
     0.07363    0.0777022    -0.180605  -0.00675286
 -0.00197449    0.0038134    0.0114191   -0.0151565
 -0.00270354    0.0522491    0.0244365     0.026759
   0.0372477   -0.0682941   -0.0773715   -0.0170314
   0.0294913   -0.0174749   -0.0295802    -0.048575
  -0.0636034    -0.100431    0.0163829    -0.010142
   0.0326199     0.033522    0.0404357   -0.0397795
  -0.0456522   -0.0410006   -0.0269424   -0.0493489
   -0.235793    0.0189464   -0.0610031     0.211337
 -0.00319103     0.028689    0.0518173    -0.070809
    0.138713    0.0312411   -0.0227728    -0.160503
  -0.0157733   -0.0266617    0.0724658   -0.0760917
  0.00170805   -0.0834297    0.0249485    0.0741937
  -0.0150132    0.0700781   -0.0493349   0.00631275
    0.106344    0.0586911    -0.221997   0.00555395
    0.083449   0.00763795   -0.0310765   -0.0655134
   0.0178566    0.0747681    0.0467657    0.0611115
    0.068244    0.0908499    0.0222962 -8.88193e-05
   0.0198038   -0.0110191   -0.0255004    0.0101019
  0.00025111   -0.0011073     0.122779   0.00870817
  -0.0925554   -0.0616137   -0.0156719   0.00875897
  -0.0158891    0.0696278  -0.00679132    0.0298704
    0.112096    0.0905836    -0.115937    0.0190689
   0.0288694   -0.0450488   -0.0251622    -0.040977
   0.0539181  -0.00021177    -0.043321    -0.118756
   -0.038129    0.0689165    -0.113305    0.0282595
   0.0486787   -0.0560977  -0.00849164    -0.051513
    0.103797    0.0396238    0.0905987    0.0116845
   0.0586982    0.0932246     0.064688  -0.00690907
   -0.124563    0.0371228    0.0377336     0.157562
    0.161909    0.0355034   -0.0653514   -0.0671655
  0.00788247   -0.0134155    0.0182015   -0.0136663
   0.0582048   -0.0970721    -0.107575     0.129222
  0.00944886       0.0492    0.0720847    -0.047748
  -0.0150275   0.00575601    0.0273273  -0.00911787
  -0.0969626    0.0644717  -0.00461668    0.0552218
   0.0721271  -0.00467753     0.079487   -0.0239069
     0.13373     0.063449     0.141164   0.00181537
  -0.0232614    0.0470028    0.0269165   0.00826974
    0.120056  -0.00585519   0.00898113    -0.022671
 -0.00153646    0.0235288     0.019276    0.0253424
  -0.0506314    0.0829397    0.0199357   -0.0304238
  -0.0185186   -0.0359069    -0.160291    0.0791803
    0.112606    0.0160037   -0.0705204   0.00350459
    0.127393     0.133359    0.0835971    -0.118667
  -0.0952326   -0.0364055     0.165648    0.0346396
   0.0289254    0.0246431   -0.0228088   -0.0505062
  -0.0398623   -0.0156081    0.0276104    -0.085033
   0.0717834    0.0600734    0.0275968   -0.0907587
   0.0227874   -0.0222743    0.0367634   -0.0463408
  -0.0259238    0.0974569     0.147593    0.0995632
    0.111082    0.0241518    0.0340724   -0.0125225
  -0.0863813   -0.0887325   -0.0505442     0.086282
   0.0314007   -0.0217756    0.0146955 -0.000880685
  0.00930786    -0.061699    0.0342999   0.00156929
    0.146557   -0.0352076    -0.197181   -0.0213273
    0.129086   -0.0653826   -0.0478817   0.00856313
    0.176675   -0.0107885     -0.18354    -0.115119
 -0.00780063   -0.0282829    0.0654796    0.0423346
   0.0138608    0.0167279    0.0298882    0.0198952
   0.0321994     -0.11004   -0.0782218   -0.0832523
   0.0953807   -0.0342226   -0.0321162   -0.0337341
   -0.138322   -0.0172817    -0.299395     0.227807