-0.684815
-0.839829
-0.832924
-0.673889
-0.869426
 -2.05271
 -1.58751
-0.662427
-0.618623
 -1.13815
-0.545992
 -0.59913
-0.696843
-0.793518
-0.660707
-0.899753
 -1.01301
-0.757074
-0.894013
-0.825561
-0.854536
-0.607344
-0.972476
-0.937178
-0.756981
-0.773159
-0.926699
 -2.36823
 -1.08416
 -0.84989
-0.792332
-0.812106
 -1.34171
-0.555321
 -1.01159
-0.620533
 -1.51455
-0.943672
 -0.88084
-0.841359
 -1.03157
 -1.12304
 -1.08471
-0.797771
-0.382265
-0.750654
  -1.2974
-0.960953
-0.705264
 -1.03774
-0.532516
  -1.2072
  -1.0458
-0.443732
-0.918186
-0.464097
-0.797707
 -1.37316
-0.973334
 -1.09472
 -1.84717
-0.672581
 -1.05255
-0.965491
 -0.86485
-0.892796
-0.746877
-0.696003
 -1.27329
-0.756526
-0.819943
 -1.06371
-0.975346
 -1.18652
-0.646193
-0.825977
-0.887303
 -1.26325
 -2.33649
 -1.33673
 -1.10403
 -1.20891
 -0.84226
 -1.13621
 -1.64303
 -0.71187
-0.994147
 -0.86272
 -1.02791
-0.848266
 -1.29016
  -1.0301
 -1.34075
-0.842778
-0.970541
 -1.19665
-0.708917
 -1.43309
 -1.67342
-0.791679
  -1.0774
 -1.37672
 -0.67454
 -1.18679
-0.940566
-0.842048
-0.783928
-0.802694
 -1.01668
-0.921423
 -1.15803
-0.829485
 -1.66726
  -1.0833
  -0.8137
-0.893721
-0.956509
 -1.02963
 -1.45139
 -1.58998
 -1.12967
 -1.27467
 -1.22801
-0.990605
 -1.04692
 -1.02268
-0.671193
 -1.28151
-0.896595
 -1.09249
 -1.30839
 -1.00122
  -1.2842
-0.840807
 -1.35659
 -1.55237
-0.629556
-0.778661
 -1.31522
-0.723627
 -0.87484
-0.947514
-0.733084
 -1.34961
-0.600262
   -0.919
 -1.18524
 -1.13428
 -1.20387
-0.469786
 -0.84359
 -1.66463
  -1.0911
-0.862598
-0.669629
 -1.13831
-0.965496
-0.648619
 -1.09172
 -1.35539
-0.680781
-0.862482
-0.966996
 -0.48684
  -1.2482
-0.965991
 -1.19303
-0.686906
 -1.32172
-0.703167
 -1.05408
 -1.33566
  -1.2532
-0.872788
-0.805933
 -1.03728
  -1.1344
  -1.2653
 -2.10214
  -1.7333
-0.959282
 -1.15688
-0.792137
 -1.04075
 -0.86354
-0.902934
 -1.36988
 -1.48529
-0.878204
-0.665442
-0.649802
 -1.11619
-0.714267
 -1.00215
 -1.48177
  -1.1818
 -1.38275
-0.979755
-0.949767
-0.926867
 -1.25251
 -1.23625
-0.876207
-0.919171
 -1.38369
-0.978564
-0.909477
-0.573777
-0.831434
-0.949823
 -1.21135
 -1.09534
-0.865923
 -1.38698
-0.696735
-0.885006
 -1.31687
-0.943306
 -1.05355
-0.740247
-0.225794
-0.875972
 -1.10487
 -1.25834
-0.928428
 -0.92391
-0.964157
-0.885825
 -0.75607
 -1.10483
 -1.13218
-0.957561
-0.789323
 -1.08901
-0.829512
-0.724921
 -0.95178
-0.957716
 -0.90317
 -1.26739
 -1.17002
  -1.0571
 -0.88078
 -2.24415
 -1.08791
-0.908187
 -1.11606
 -1.16304
 -2.18001
-0.905816
-0.769245
 -1.02227
-0.828636
-0.649639
-0.394567
 -1.00126
 -1.03593
 -1.22217
-0.669967
 -1.08621
 -2.24983
-0.523827
-0.847786
 -1.54653
-0.901201
  -1.1262
 -0.77048
 -1.07906
-0.893859
-0.780333
 -1.17698
 -0.76193
 -1.11472
-0.973558
  -1.0757
-0.843868
  -1.5106
 -1.02529
-0.981342
 -1.00498
-0.725892
-0.843603
 -1.00586
 -1.35229
 -1.01432
-0.884366
 -1.25942
-0.899199
-0.683307
-0.840109
-0.955821
-0.839032
-0.679849
 -1.15706
 -1.37106
-0.926332
-0.548172
-0.879333
-0.780112
-0.349755
-0.984449
-0.592699
-0.954145
 -1.19453
 -1.49552
-0.899297
-0.750678
 -1.20079
-0.849947
 -1.03472
 -1.06515
-0.687038
 -1.36359
 -1.11707
-0.638393
 -1.98362
-0.922422
-0.910312
-0.808522
  -1.0957
-0.672759
 -0.73878
-0.762524
-0.509278
 -1.49173
 -0.53636
 -1.46313
 -1.03796
-0.985562
-0.898918
 -1.87915
-0.894106
-0.755219
 -0.85549
 -1.30232
-0.934554
 -1.11404
-0.877766
 -1.10527
-0.741592
-0.925014
-0.970179
-0.683866
 -1.16544
-0.609591
 -1.47525
  -0.8548
  -1.3393
 -1.66012
  -1.2941
 -1.01442
 -1.06785
-0.988538
  -1.6526
-0.907202
-0.403305
-0.880248
  -1.2226
-0.990192
 -1.01033
 -0.49719
 -1.28989
 -0.71523
 -0.94192
-0.685426
  -1.4451
  -1.5545
-0.771713
-0.741672
 -1.07212
-0.804329
 -2.64426
-0.966614
-0.747172
 -2.24061
-0.355841
 -1.10502
 -1.17485
 -1.16276
 -1.22825
-0.613132
 -1.02264
 -1.17616
 -1.39166
-0.767093
 -1.45558
-0.749755
 -1.11222
 -1.44324
  -1.3638
-0.645965
 -1.50739
-0.356484
 -0.93011
 -1.51313
 -1.19457
 -1.23738
-0.748463
-0.787563
 -1.38449
-0.578088
 -1.52867
-0.873509
-0.847213
-0.661754
 -1.09412
 -1.15674
 -1.05332
 -1.05789
 -0.72711
-0.621587
-0.862256
 -1.05408
 -2.40485
 -1.50991
-0.902042
 -0.77658
-0.477173
-0.940524
-0.588266
 -1.71921
 -1.57582
  -1.2735
  -1.0513
 -1.53927
-0.574821
  -0.4732
 -1.03238
-0.865325
   -0.745
 -1.63443
-0.625085
-0.607095
-0.858258
 -0.85553
 -1.32972
 -1.32062
 -1.02239
 -0.71885
-0.954328
-0.428932
-0.973936
-0.537377
 -1.33235
 -1.05022
-0.881248
-0.986992
 -1.72073
 -2.39885
-0.920397
 -1.44339
 -1.39417
-0.682005
-0.954052
  -1.1247
-0.832914
 -1.03805
 -1.48321
-0.995384
-0.820787
-0.972564
 -1.30286
-0.905619
 -1.09786
-0.952454
  -1.1257
 -1.28458
-0.941517
-0.795786
-0.855702
-0.833428
-0.969235
-0.749742
-0.681279
-0.879639
-0.724167
 -1.32077
-0.869789
 -1.02321
 -1.05352
 -1.28376
 -1.13765
-0.970669
-0.812274
-0.501041
-0.955859
-0.977413
 -1.00274
-0.789541
-0.761334
-0.800078
-0.921811
-0.798955
-0.828826
-0.548718
-0.915045
-0.836385
-0.710471
-0.854784
-0.836841
 -1.03507
-0.681547
-0.954043
-0.764329
 -1.05385
-0.970453
 -1.13024
-0.620106
-0.860605
 -1.38229
 -1.00968
 -1.43932