    0.215935    0.0369394     0.125632    -0.104911
    0.115228   -0.0607814  0.000735828   -0.0707929
     0.14122    -0.066472     0.123932   -0.0180127
   -0.134183    0.0862726   -0.0232937   -0.0908915
    0.155561   -0.0127488    0.0471628      0.13271
   0.0994462   -0.0401062    0.0524895    -0.195706
   -0.108947      -0.1519   -0.0241808   0.00924865
   0.0458662   0.00105316    0.0158543   -0.0691281
   0.0108345    0.0375279    0.0427289    0.0257298
   0.0571317   -0.0765169    0.0173997     0.103419
   0.0940194    0.0440646    0.0145763    0.0741368
   0.0137993    0.0161828  -0.00395948   -0.0704434
    0.188705   -0.0920985    0.0849173   -0.0158058
   0.0574761    0.0890778   -0.0284523  -0.00256849
   0.0736144   -0.0421989    0.0497157  -0.00134484
   0.0386931   -0.0189393   0.00860641   -0.0216913
  -0.0027565     0.126538   -0.0524498   -0.0255692
  0.00824124   -0.0628482   0.00778382   0.00567015
   0.0293353   -0.0172082   -0.0148863   -0.0375955
    0.163451    0.0179374     0.111181   -0.0101545
     0.11726    -0.109403   -0.0041144    0.0254337
  -0.0577788  -0.00430519    0.0354936   -0.0551263
  -0.0938812    0.0144515   0.00430438    0.0231087
   0.0343583   0.00731495  -0.00767345    0.0183774
   0.0187511    0.0278898    0.0356173    -0.114153
  -0.0212525   -0.0286217   -0.0369987    0.0512867
  -0.0486315   -0.0438296   -0.0491099   -0.0234925
   0.0154724    0.0981558    0.0265468   0.00681478
   0.0672689      0.06425   -0.0459579    0.0559628
 5.10589e-05     0.126239    -0.011778    -0.132351
   0.0619273   -0.0559372    0.0952367   -0.0200927
   0.0119037     0.114893   -0.0521302    -0.160475
   -0.140254    -0.108397    0.0127552    -0.176713
    0.162446    0.0351165   -0.0237682   -0.0342581
  -0.0401351    0.0510332   -0.0881824   -0.0286741
   0.0748174   -0.0570331     0.111676    0.0835434
  0.00757079    0.0737638   -0.0156256    -0.243483
    0.161343    0.0115377    0.0757294   -0.0965576
   0.0693534    -0.152173    0.0602717    0.0916785
   -0.131149   -0.0570353    -0.114628   -0.0109976
   0.0596172   -0.0937091    0.0178979    0.0436549
  -0.0241783   -0.0694885  -0.00984107   -0.0311199
  -0.0286605   -0.0586512    0.0449044    0.0164987
  -0.0435321    0.0173506  -0.00347128   -0.0238975
  0.00256337   0.00146833    0.0847246      0.05058
   0.0740685   -0.0539432   0.00451777     0.106137
   0.0456296   -0.0408391     0.104653    0.0127409
   0.0673836     0.114075    0.0328516   -0.0485288
    0.127179   -0.0406159  -0.00922857    0.0122779
  -0.0685303   -0.0280846    0.0843233    0.0274172
    0.108536    -0.108541     0.178899    -0.013209
   0.0182447   0.00444852  -0.00249101   -0.0995582
    0.018266    0.0523024    0.0738692    0.0417178
    0.020234   -0.0545521   -0.0348987   -0.0059191
   0.0397489     0.113632   -0.0898498  -0.00456002
  -0.0180232    0.0474759   -0.0208963   -0.0409008
   0.0205621    0.0854578   -0.0471132    -0.107707
  -0.0892807   -0.0101044    -0.043169   -0.0120444
    0.165296   -0.0851858   -0.0149197   -0.0173316
  -0.0701063     0.169398   -0.0292052    -0.225275
    0.108266    -0.128572   0.00908707     0.216295
    0.086947   -0.0244534    0.0625145    0.0698781
    0.222719    0.0340285    0.0358251    0.0811574
    0.106635    0.0553554    0.0655686    0.0165073
  -0.0413154   -0.0589156  -0.00667063   -0.0599553
   0.0501905      -0.1328    0.0177605    0.0715948
  0.00444284     0.156708   0.00380193    -0.172631
   0.0907139   -0.0109802    0.0067754    0.0738201
   0.0113736    0.0569017    0.0419236   0.00211462
   0.0814151    -0.078027  -0.00423318    0.0119041
  0.00568301    0.0130611   -0.0108168    -0.108444
    0.147916   0.00902939      0.08299   -0.0487911
    0.176056   -0.0611523    0.0447566     0.119861
     0.15185     0.030124     0.141983   -0.0499818
  -0.0944327   -0.0147592    -0.148905    -0.167284
   0.0747154    0.0763679    0.0598573    0.0660504
   0.0957123     -0.11799    -0.041562     -0.12036
    0.121072   -0.0100575   -0.0610486    0.0516307
    0.077013   -0.0808554   0.00918514    -0.105794
  0.00253346   -0.0645383    -0.024067     0.115909
  -0.0681547    -0.137684      0.11548     0.145812
  -0.0308654    0.0561632    0.0340242     0.100571
    0.160571    0.0393179   -0.0064699  -0.00802453
    0.114249    -0.136569     0.173941    0.0742572
   -0.106577   -0.0208249    0.0567644     0.134205
   0.0805785    0.0112868    0.0225479   -0.0578821
   0.0263479    0.0150096  -0.00494835    0.0780766
   0.0351756   -0.0745783    0.0803262     0.129026
  -0.0610499    0.0577613    -0.118904      0.12543
   0.0959025    0.0664132   -0.0152259  -0.00716957
   -0.189717   -0.0270559    0.0339462      0.13206
  0.00799037    0.0931531    0.0234397    0.0181357
 -0.00633718    0.0163983    0.0567914    0.0503337
    0.153093    0.0626039   -0.0482884    -0.222848
    0.155156   0.00903708   -0.0205589   -0.0368716
  -0.0321658      0.13745    -0.031608    -0.185327
  -0.0221813  -0.00334131    0.0471601    0.0190588
  -0.0185502   0.00294274    0.0344413     0.056101
   0.0528112     0.149434    -0.122436   -0.0546713
    0.133386     -0.16993    0.0915911     0.129234
    0.244134   -0.0264519    0.0659529   -0.0334101
   0.0376214     0.102294   -0.0196498     0.160529
    0.063566   -0.0806886   0.00944872    -0.027204
    0.177388    0.0344739   -0.0180451   -0.0810161
   0.0266772   -0.0737091    0.0663147   -0.0487799
   -0.127158     0.117785    -0.103922    -0.106387
  -0.0473671    -0.011262    0.0120207   -0.0365668
    0.130069    0.0334169   0.00644299    -0.207918
    0.046647   -0.0250209    0.0123301  -0.00019564
   0.0238926     0.103188   -0.0425276    -0.105303
   0.0413673   -0.0647685   -0.0540493   -0.0761932
  -0.0763633   -0.0115432   -0.0777263  -0.00385046
    0.137548   -0.0764333     0.016435     0.108225
   0.0383916    0.0465315    0.0164957    -0.140323
    0.198483    0.0404136   0.00525547    0.0464161
   -0.115254   -0.0346961    0.0233937   -0.0492361
  -0.0637941   -0.0654311  -0.00087596     0.111364
   0.0113199    0.0135834   0.00395978    0.0622211
   -0.116607    0.0896813   -0.0284963   -0.0917715
   0.0800147   -0.0216274     0.035136    0.0613206
   0.0625634    0.0423167   -0.0646471    0.0701032
  -0.0705993    0.0798902   -0.0757274   -0.0141675
   0.0078783    0.0736744   -0.0619361   -0.0735784
 -0.00797122    0.0537066   -0.0885396   0.00385569
   0.0201961   -0.0622081    0.0659491    0.0930999
  -0.0915548    0.0439145   -0.0438133    -0.058749
    0.106627    0.0184759    0.0123435   0.00439517
    0.284211     0.121552    0.0235494    -0.131559
  -0.0544912    -0.237871    0.0619845    0.0647368
    0.118633    0.0280658   -0.0125276  -0.00465541
 -0.00720351    -0.100048    0.0545541  -0.00631816
   0.0181475   -0.0591819    0.0452202     0.161788
    0.125351    -0.100968   0.00156131   -0.0700085
    0.102731    0.0647326   -0.0397929    -0.103897
    0.240308     0.142514    0.0558217   -0.0732083
 -0.00608689    0.0939153    0.0460752   -0.0545946
 0.000773841   -0.0398408    0.0688121    0.0549862
    0.084431   -0.0196559   0.00228517   -0.0535609
   0.0289866     0.110587   -0.0197023    0.0539477
  0.00628353    0.0645601   -0.0285197   -0.0622803
   0.0818113   -0.0635029    0.0387124    0.0241123
  -0.0425847     0.172275   -0.0705893   -0.0498482
   0.0446653   -0.0722241   0.00477252   -0.0491228
   0.0883273    0.0955692   -0.0471781     0.079846
  -0.0180963    -0.108973    0.0434134     0.100997
   0.0718407   -0.0883415      0.18794   -0.0453936
  -0.0227011   -0.0356742   -0.0160311    -0.114573
   -0.106014   -0.0773988   -0.0359021   -0.0157475
   -0.113847   -0.0526786    0.0307251     0.105541
   0.0113722   -0.0991603     0.112943    -0.143478
   0.0540163     0.100351    -0.118768    -0.021863
   0.0592513    0.0177749   -0.0197653    -0.272847
   0.0716419    0.0485921    0.0629891  0.000369095
   -0.189077   -0.0389464   -0.0889677  -0.00702861
   0.0826192   -0.0611331    0.0113453    0.0424106
   0.0498972     0.132609    0.0193076    -0.198361
     0.15174    -0.057888    0.0811684    0.0267733
   0.0733771    0.0086763    0.0756748    0.0545181
   0.0209373    0.0820515   -0.0113938     0.101662
  -0.0410357     -0.04116   -0.0725807   -0.0186627
  0.00749569    0.0396712    0.0347788   -0.0611313
   0.0844846     0.117115   -0.0704142   -0.0607728
  -0.0151031   -0.0768057  -0.00287155   -0.0405494
     0.15473    -0.162859     0.124734     0.120892
    0.159106    -0.086829    0.0277279     0.129471
  -0.0550053    0.0166185   -0.0394982  -0.00602955
 -0.00271824    0.0146351   -0.0583707    -0.130432
  -0.0430089    0.0637772    0.0340357   -0.0252589
    0.306996   0.00773314     0.051109   -0.0367951
    0.112309   -0.0138287   -0.0499655    0.0100394
   0.0200112    0.0452362    -0.112032    -0.132538
   0.0381598   -0.0073238     0.126056    0.0247603
  -0.0744409   -0.0244891    -0.125737     0.135852
    -0.10647    0.0252107    0.0223429    -0.116362
  -0.0540118   -0.0827527   -0.0843837    0.0509239
   0.0334938   -0.0794442   -0.0438377   -0.0162986
   0.0895354    0.0280362    0.0478506    0.0304258
  -0.0281699    -0.106435    0.0686557    0.0174556
  -0.0341546    0.0528284   -0.0419195    0.0429734
   -0.146429     0.130673   -0.0820171    -0.070204
    0.077243    -0.146333    0.0991071   -0.0666795
    0.116584    -0.111971     0.126659    0.0431538
  -0.0600596     0.123007     0.028228    0.0528061
  -0.0435707    0.0954107   -0.0693181   -0.0140719
     0.11366   0.00868293    0.0761797    -0.061897
   -0.179697    -0.147996   0.00236514  -0.00126455
  -0.0818138    0.0767387   -0.0817252    -0.111171
   0.0239502    0.0100871   0.00746786   -0.0444008
   0.0441286   0.00085878    0.0682617   -0.0709173
  -0.0253315    0.0341387    0.0511729    0.0499124
    0.124053   -0.0555299     0.101467    0.0481049
   0.0301051    -0.150608     0.119247     0.104801
   0.0746952      0.14869   -0.0475411   -0.0962977
  -0.0237868    0.0484523   -0.0641203    0.0179868
    0.254368     0.159381    0.0369441    -0.249631
    0.101296   -0.0779981   0.00968778    -0.323646
   -0.158401     0.114113    0.0173709    -0.121126
    0.180186   -0.0930869     0.161471   -0.0582471
    0.100443    0.0218703   -0.0386736    0.0482089
 -0.00910725   -0.0244073    0.0897176    0.0679539
  -0.0251977    0.0521766   -0.0809618     -0.13679
    0.138283    -0.089738     0.152116   -0.0609973
  -0.0544486    0.0328947   -0.0233751    0.0550119
   -0.145525   -0.0610576    0.0826903     -0.01859
  -0.0878513  -0.00955207   -0.0130902    -0.120252
     0.20207   -0.0463741    0.0274361   -0.0904431
  0.00677666    0.0739607     0.076706  2.84823e-05
     0.12574    0.0540136   0.00240293   -0.0405343
   0.0836845    -0.129861    0.0141696      0.12111
  -0.0450192   -0.0992242   -0.0191766    0.0990943
   0.0947978    0.0251434    0.0105313    -0.123405
    0.135541   -0.0524985   0.00562953     0.131835
    -0.15109    0.0437928    -0.101844    0.0575364
   0.0293254    -0.119243    0.0936362   -0.0418431
  -0.0135262    0.0502552    0.0470504    -0.116266
   -0.141959    -0.100276   -0.0364244    0.0543317
  -0.0898217   -0.0619674    0.0313496    0.0694883
    0.066157   -0.0185426  -0.00857995    0.0345324
     0.03102    0.0693723    -0.132938    -0.111746
    0.121138   -0.0161695    0.0748374      0.07706
    0.111537   0.00560712    0.0481742   -0.0422726
    0.150888   0.00651061    0.0821016   -0.0301041
   0.0825924   -0.0318588    0.0632757    0.0224489
 -0.00738656   -0.0389243   0.00974957   -0.0162809
 0.000558228    0.0349379   -0.0524748     0.157591
   0.0530935     -0.12026   -0.0122071    0.0504651
   0.0541431   -0.0533863    0.0679175   -0.0884769
   0.0616165     0.144331    0.0425418   -0.0992474
  -0.0439382   -0.0100517   0.00894515   -0.0774225
  0.00173566    0.0256681    0.0701485    0.0296477
   0.0825763   -0.0254235     0.021867    0.0109912
   0.0768677   0.00763287     0.014425    -0.123487
   0.0710415   -0.0648659    0.0440018     0.118562
     0.12689     0.135541   -0.0103927   -0.0623788
   0.0539323   -0.0527749    0.0306428    -0.125746
  0.00417722    0.0735349    0.0771192    0.0108517
  -0.0470012    0.0010578   -0.0318468     0.019056
   0.0899355   -0.0302371      0.10547     0.207785
  -0.0194945   -0.0608781    0.0957479    0.0749514
  -0.0875731    -0.132667    0.0283712     -0.13937
   0.0551357    -0.107291     0.148882     0.123713
    0.118433   -0.0201485     0.114116   0.00759634
   0.0377637    0.0467374    0.0518578    0.0429752
     0.27942   -0.0576059     0.100852    -0.178535
   -0.043489    0.0327271  -0.00212691    -0.230714
  -0.0228635   -0.0406954    0.0117961   -0.0399828
    0.107506    0.0702466    0.0997835     0.160992
   0.0372643   0.00353229  -0.00191077     0.121484
    0.118227   -0.0571465    0.0886407     0.126127
   0.0741054  -0.00698115    0.0247804   -0.0917774
   0.0358837    0.0511149    0.0523104    0.0591263
    0.046118     0.200403   -0.0438936  -0.00217512
    0.177909   -0.0545723    0.0858299   -0.0740861
  -0.0312699   0.00745388     0.039866   -0.0734544
    0.081251   -0.0376762      0.12885    0.0160423
    0.199595   -0.0312313     0.108032   -0.0681116
   0.0832183     0.056405   -0.0375092    0.0685318
  -0.0176487    0.0669665  -0.00875811    0.0254069
  -0.0341728     0.161544   0.00166531   -0.0450313
   -0.117381   -0.0842524   -0.0902197    0.0575235
   0.0954232     0.141332   -0.0649171    -0.130831
  0.00923245   -0.0405468   -0.0702355    0.0665149
   -0.154849  -0.00565191    0.0246508    -0.042338
  -0.0143381    -0.173779    0.0056759   0.00281966
  0.00244097  -0.00962222    0.0113501  0.000317658
   0.0215561   -0.0272148     0.044091   -0.0227477
   0.0439597   -0.0254038    0.0477315    0.0137935
   -0.122842    -0.178418     0.038593     0.010472
  -0.0212096  -0.00734618   -0.0630156   -0.0197127
   0.0980468   -0.0197468    0.0389037    -0.105158
   0.0888855    0.0244257    -0.025997    0.0510322
    0.171294   -0.0507732      0.13787    0.0725834
   0.0472384     0.163594   -0.0819193    -0.059732
    0.148168   -0.0837759    0.0205946   -0.0359995
   0.0395132    -0.126786     0.108924    -0.268776
  -0.0197113    0.0452991   -0.0245961   -0.0426433
   -0.033072   -0.0241546   -0.0976661   0.00878012
  -0.0282165     0.221778    -0.034149   -0.0827555
   -0.116054    0.0347303  -0.00811383    0.0270338
  -0.0811431    0.0339789    -0.106294    0.0432289
  -0.0391974    0.0089243   -0.0797635   -0.0863257
  -0.0297408    0.0483696   -0.0192726    0.0046873
    0.110951     0.034433    0.0359794  -0.00495191
   0.0277401    -0.109864    0.0293883     0.128192
    0.182367    -0.053793     0.131337   -0.0158915
  -0.0659073   -0.0442388    0.0441711   -0.0120108
    0.106134   0.00313806    0.0223563   -0.0147357
  -0.0287823    0.0180626   0.00625835   -0.0462388
   0.0354818   -0.0154914   -0.0204571    0.0577318
  -0.0620955     0.106719   -0.0337022   -0.0294622
    0.019595    -0.128982     0.115523     0.107889
   0.0365621    0.0627473   -0.0854066   -0.0884988
   0.0515841   -0.0765279     0.130687  -0.00854186
  -0.0329823   -0.0107801   0.00352186   -0.0670758
    0.171507    0.0491431    0.0584009    -0.028953
    0.139876   0.00132729     0.105531    0.0791075
   0.0981624    -0.148827    0.0521655    0.0530813
   0.0184155    -0.112135   -0.0185267    -0.040022
    0.156429   -0.0964389    0.0179172    0.0439478
   -0.077014    0.0591734   -0.0434695   -0.0827585
   -0.127174    0.0106914    -0.114936    0.0389849
 -0.00451623    -0.137275    0.0193724     0.086454
   0.0744671  -0.00824821    0.0222428    -0.127729
 -0.00552161   -0.0989261     0.019369     0.192547
   0.0435246    0.0990683    -0.062123   -0.0839909
   0.0147077    -0.114251   0.00937529   -0.0714192
   0.0456269    0.0124675    0.0174417    0.0062605
    0.224803   -0.0843743     0.161076     0.100856
  0.00207829    0.0376844   -0.0192015    -0.110665
  -0.0269736    0.0421351  -0.00622576    0.0394246
   0.0575206    -0.136365    0.0670299      0.11611
  -0.0611755    0.0890669    0.0608853    -0.130564
   0.0965719   -0.0113403    0.0702585     0.062958
   0.0659023    0.0262406    0.0177272     0.127864
   0.0383811     0.012842   -0.0148407    0.0138054
   0.0801267     0.082188   -0.0484599    0.0796068
     0.12852     0.124893   0.00545153     0.054162
   0.0144347    0.0178908   -0.0435912      0.01132
    0.178516     0.020349    0.0380537     0.126967
   0.0818723    -0.014177    0.0723685    0.0698271
   0.0638919    0.0158368     -0.10423   -0.0611996
   -0.133945    0.0669885    -0.130795   -0.0231971
    0.164618   -0.0497902   -0.0065339    0.0618717
    0.159289   -0.0519924     0.135517   -0.0447795
  -0.0484746   -0.0481585   -0.0629594    -0.238576
   0.0739169    0.0111643   -0.0337722   0.00364069
     0.41675    -0.115448     0.212486    0.0610015
   -0.198993    0.0449267   -0.0348584   -0.0936546
   0.0565378    0.0753216     0.114173    -0.108916
   0.0762267     0.039879    -0.062945   -0.0314326
    0.071075   -0.0490806     0.117397   -0.0299248
   0.0372919   -0.0875222    0.0389689    0.0130089
  -0.0122056   -0.0611079   0.00137065    0.0254689
   0.0592728    0.0942124   -0.0787761   -0.0175254
  -0.0719061    0.0735575   -0.0585945     0.113457
   0.0310013     0.177834    -0.160553    -0.059641
   0.0866879   0.00423365   -0.0676549  -0.00927573
  -0.0524634    0.0220488   -0.0156491     0.132934
  -0.0773321   -0.0282674   -0.0471034     0.182481
   0.0226962   -0.0811958    0.0780271     0.123047
   0.0580462   -0.0655487   0.00306477     0.020075
    0.162419     0.113483    0.0430243    0.0222082
 -0.00460389    0.0213355    0.0372638    0.0863391
   0.0200865    -0.170066     0.013054    0.0592081
  0.00681051   -0.0654706   -0.0261558    0.0414153
   -0.121984   -0.0672382     0.047424    0.0344279
   0.0999287    0.0816079   -0.0540359    -0.116891
   0.0212221     -0.11989    0.0688291    0.0303524
   0.0855584    -0.165373    0.0831191    0.0671589
    0.110622   0.00319211   -0.0389574   -0.0842067
  -0.0263424    0.0537001    0.0514537   -0.0941739
    0.140628   -0.0696191    0.0912543    0.0314182
    0.118231    -0.142559    0.0129266    -0.012769
   0.0215235   0.00102575   -0.0113776     0.048701
  -0.0114416    -0.018957    0.0471866    0.0780859
   0.0227287    0.0590809   -0.0331807   -0.0178039
  0.00019468     0.119168   -0.0571207    0.0175188
   0.0920646     0.008047   -0.0275283    0.0612266
   0.0689532    0.0812187   -0.0207198    0.0823792
   0.0476651   -0.0665992    0.0503122     0.130961
  -0.0640709    0.0710805   -0.0607014    0.0320352
   0.0300854   -0.0482524     0.015551   -0.0500428
    0.130603   -0.0917213     0.202546     0.166449
   0.0242436    0.0230817     0.015035    -0.156823
   0.0647509    0.0738258  -0.00716591   0.00348976
   0.0886635     -0.11592    0.0213862 -0.000763383
   0.0837606  -0.00989829    0.0502284    0.0139057
   -0.015617    0.0705582   0.00331974    0.0720975
    0.159922     0.122207    -0.032152    -0.175213
    0.116238    -0.163628     0.109801   0.00822938
  -0.0199537    -0.141549    -0.062803   -0.0509144
    0.152622     0.372392   -0.0295651   0.00612791
   -0.147848   0.00639843   -0.0975666   -0.0485573
  -0.0409757   -0.0874499    0.0756323    0.0104575
   0.0397119   -0.0264754   -0.0498632    0.0391484
  -0.0498374   -0.0990321   0.00172974   -0.0388163
 -0.00912492    0.0255602   -0.0367472   -0.0432177
    0.120619    0.0985534    0.0752156     0.104994
  -0.0190089   -0.0782851    0.0254642    -0.097798
    0.112281    0.0323811    0.0850005    -0.141701
 -0.00818135    0.0888996    -0.128977   -0.0138737
   -0.053668    0.0118119   -0.0883741   -0.0018465
  -0.0297744  -0.00880898   -0.0722685   -0.0706512
    0.142854   -0.0815412    0.0229867   -0.0138811
   0.0764353   -0.0163539     0.100948     0.050913
    0.100625   -0.0515158     0.109057    0.0286466
    0.103901     0.130087   0.00530498   -0.0248093
    0.218018    -0.133879     0.216119   -0.0514044
  -0.0935696    0.0308692   -0.0543408  -0.00286118
   0.0253422   -0.0704902  -0.00453256    0.0745825
  -0.0393524 -0.000425868   -0.0208235    0.0479274
   -0.033449     0.128104     -0.12054       -0.171
    0.048779   -0.0313488    0.0631222   -0.0192506
   0.0136516   -0.0997275    0.0257669     0.066491
 -0.00713438   -0.0240581   -0.0718742     0.164618
    0.266951    -0.094965     0.108758    0.0376188
  -0.0839524    -0.020082   -0.0264319   -0.0187429
   0.0209208    -0.020886   -0.0523728    0.0835172
   0.0319083   -0.0636593  0.000459602    0.0842333
   0.0883392     0.188323   -0.0472677   -0.0305898
    0.139809    0.0487539    0.0983075   -0.0584907
  -0.0791401    -0.166084    0.0290069   -0.0296985
    0.187429  -0.00198158   -0.0121924    0.0157011
   0.0494885    0.0299651   -0.0266186   -0.0243983
   -0.181524   -0.0971177    0.0166024    0.0623681
   0.0878234  -0.00382539     0.103606    -0.089556
    0.113389     0.122223   -0.0216376   -0.0600899
   0.0565926   -0.0769695   0.00335276    0.0108534
    0.214007    0.0268873    0.0143566   -0.0615226
    0.109736    -0.025513  -0.00777964    -0.121782
    0.142055    0.0150345   -0.0435776  -0.00664752
   0.0362783    -0.026326     0.023299   -0.0333204
   -0.137818     0.137516    -0.101894   -0.0108254
   0.0253542    0.0775319    0.0654686     0.236663
    0.123996    0.0634351   0.00191767     0.125003
  -0.0916092     0.153078    -0.139036    -0.116441
  -0.0950093     0.130426   -0.0979759    -0.207671
   0.0617567    0.0697442   -0.0657115    0.0334543
    0.122031    -0.127343     0.117168   -0.0228767
   0.0779931    -0.107604     0.045591   -0.0589081
  -0.0297611     0.176217   -0.0709616    -0.267223
    0.061145     0.105564    0.0668755   0.00949222
  -0.0801019    0.0217128   -0.0519715    0.0500355
  -0.0560101    0.0691462    0.0337467   -0.0200739
   -0.054349    -0.026731    0.0612109    -0.191648
  -0.0964989   -0.0566227    0.0275694    -0.129466
   0.0778693    0.0412623  -0.00306015    0.0222692
     0.02636    -0.176878    0.0693433     0.124798
    0.176889      0.01046    0.0149967     0.084268
    0.124288   -0.0572381     0.110387    0.0877979
   0.0669744    0.0484877    0.0771034    0.0122147
    0.138172   0.00779723   -0.0408875    -0.014111
   0.0629592    0.0862255  -0.00650255   -0.0025145
   0.0452922    0.0496822    0.0249024   -0.0114188
  -0.0244167   -0.0930333    -0.131599   -0.0788162
   0.0412909    -0.100565    0.0954052    -0.111442
   0.0532346      -0.1602    0.0113959    0.0322319
  -0.0485066   -0.0729988    -0.135215    -0.126675
    0.027897   -0.0466853  -0.00562752   0.00113894
   0.0526882   -0.0759226  -0.00479829    0.0468727
    0.180172   -0.0556724    0.0971788  -0.00927816
  0.00649368    0.0623869   -0.0293401     0.031918
    0.021439    0.0411503      0.07031    -0.103322
    0.128977   -0.0238151     0.150442   -0.0759007
  -0.0900607   -0.0261028   -0.0840359    0.0208477
     0.13567    0.0279053    0.0563489    0.0432839
   0.0213465     0.214934    -0.111693    -0.100532
    0.194166    -0.125541    0.0597805   -0.0180027
  -0.0170718    0.0721431   -0.0302351    0.0156368
   -0.069084   -0.0104352   -0.0775227    -0.062107
   0.0694673   -0.0774604   0.00198023  -0.00691733
   0.0681593    -0.139496    0.0823677     0.131557
   0.0884291    0.0594756    0.0390999    -0.023206
   0.0202816    0.0196364   -0.0162289   -0.0338409
    0.167063   -0.0395827     0.118308    0.0192521
    0.155378   -0.0448168    0.0286437     0.096204
   0.0491323     0.136717    -0.033812    -0.189222
   0.0214048    0.0587001   -0.0673945   -0.0603127
  -0.0537556   -0.0575851   0.00172224  -0.00956734
   0.0528494   -0.0723998    0.0592501     0.123402
  -0.0387326   -0.0411446   -0.0313615    0.0313194
  0.00217208    -0.072636    0.0546885    0.0712292
   0.0349595     0.025586   -0.0236996   -0.0773969
    0.110891   -0.0853832    0.0617299    0.0504806
    0.171044    -0.015013    0.0130978   -0.0157281
   0.0899177   -0.0953746    0.0821405  -0.00628239
    0.128244    0.0106946     0.146376    0.0531087
  -0.0630993    0.0527142   -0.0850009  -0.00255816
  -0.0260551   -0.0617524    0.0124567    -0.084164
    0.100163     0.246032    -0.111716    -0.172649
   0.0895551  -0.00854917   0.00582109    0.0265899
    0.144376   -0.0891219    0.0613248    0.0527784
   0.0280806   -0.0450815    0.0475753   -0.0443155
  -0.0682827    0.0707607   -0.0480355    0.0244814
   0.0891877     0.106067   -0.0308227    -0.204958
    0.107795     0.124446   -0.0154354    0.0278404
    0.232165     0.111304    0.0384615    0.0166011
  -0.0183441    0.0703524   0.00973588    0.0576825
   0.0755288    -0.115578   -0.0143621     0.110413
   0.0263002   0.00855393    0.0482322   -0.0215466
    0.133603    0.0197663    0.0784629    -0.052445
  -0.0706028    0.0168088  -0.00519743    -0.059312
    0.121375     0.070474    0.0308274    -0.161331
    0.210712   -0.0126824    0.0531784     0.104643
     0.13546    0.0946683   -0.0245641    0.0102233
   0.0806138   -0.0989035    0.0908201    0.0822748
    0.109732  -0.00141688    0.0966531    0.0593146
    0.204192    -0.129334    0.0695656   0.00398851
 -0.00771122   -0.0361144    0.0146321   0.00674499
  -0.0311143     -0.11023   -0.0541537    0.0607369
    0.090348   -0.0730295     0.105813    0.0727325
   0.0453479     -0.10984   0.00805452  5.80896e-05
    0.160892   -0.0487617     0.109404    0.0813397
   -0.103225    0.0504573    -0.194376    -0.142101
   0.0406665    -0.108494    0.0606204  -0.00246355
    0.152431    0.0424211      0.11822   -0.0960432
  0.00693766    -0.146885    0.0288215    0.0419741
   0.0657362   -0.0735677     0.116098  -0.00615521
   0.0617215   -0.0715546      0.13748     0.138338
   0.0336219   0.00578508     0.096627    0.0271863
   0.0169276    0.0196561   -0.0201971   -0.0625666
   0.0567657   -0.0252107     0.063819   -0.0772267
  -0.0722756    0.0484468    -0.132652   -0.0596311
  -0.0501503    0.0422117    0.0572046   -0.0755142
  -0.0294791   -0.0375781   -0.0226687   0.00608753
   0.0937855    0.0276587   0.00200003    0.0724307
   0.0211933   -0.0883732       0.0769  -0.00183945
     0.13619    0.0729822  -0.00882639    -0.154158
   0.0691021    0.0331581   -0.0816994   -0.0546938
    0.114722   0.00474845     0.123579   -0.0794945
    0.308518    0.0159856     0.248299       0.1022
   -0.039173   -0.0358794    0.0136832     0.167902