   0.0850359     0.123203    0.0612665    0.0391974
   0.0284992    0.0472358   -0.0519314    0.0335911
   0.0601001   -0.0196223   -0.0336155   -0.0753801
  0.00888483   -0.0251062   -0.0295999   -0.0150298
   0.0149573   -0.0307026    0.0378717    0.0495521
  -0.0204963  -0.00373684     0.113845     0.103031
  -0.0379114    0.0299594    0.0664794    0.0681752
   -0.209871    0.0879235    0.0326275     0.169021
    -0.01626    -0.071801  -0.00435277     0.020827
   -0.012007   -0.0797495   -0.0499189    0.0319065
   0.0476197    0.0312581    0.0408324    0.0452256
  -0.0670422   -0.0630313   -0.0138356      0.10569
  -0.0842739    -0.017088   -0.0266714    0.0172687
    0.137608   -0.0724831     -0.14877   -0.0459701
  -0.0309448    0.0518866    0.0628901     0.113355
   0.0889547     0.074631   -0.0240874   -0.0526208
  -0.0131415  -0.00291845    0.0107519   -0.0732921
   0.0940565    0.0974743    0.0537011    0.0182303
  -0.0563875   -0.0531068    0.0955089     0.027381
     -0.0315   0.00913016   -0.0110105    0.0360306
   0.0273593    -0.011247    0.0934625     0.013191
  -0.0382347   -0.0503904    0.0398743   -0.0103617
 -0.00310323    0.0238282    0.0446843   -0.0682451
   0.0143767    0.0133222    0.0299304   -0.0959313
 -0.00196375  -0.00751396   -0.0824709    0.0730054
   0.0622869  -0.00764868    0.0308109  -0.00239564
  -0.0749225    0.0129449    -0.114677    0.0312395
  -0.0387773   -0.0572604    0.0634775   -0.0470849
  -0.0386894    0.0958908    0.0482365    0.0348809
  -0.0317372   -0.0563132   -0.0238727    0.0222517
   0.0578258    0.0186008   -0.0337065    0.0393983
   0.0165509    0.0516185   -0.0275444  3.85575e-05
   0.0808363   -0.0341087    0.0290279   -0.0565513
 -0.00615349   -0.0692456   -0.0128765    0.0513475
   0.0469229    0.0295039   -0.0108964   -0.0772245
  -0.0677029    0.0201188   0.00273914  -0.00505618
   0.0134759    0.0192912   -0.0946779    -0.094779
  -0.0348466  -0.00937697     -0.12729   -0.0650642
     0.03789    0.0968624    0.0884394     0.047573
 -0.00631322    0.0528572   -0.0989207    0.0655352
   0.0536096    0.0332414  -0.00609753   0.00401795
   0.0571869    0.0812522    0.0453946    0.0310248
    0.119277   -0.0303338   -0.0553512  -0.00976568
   0.0181836    0.0591105   -0.0632038    0.0558476
   0.0307807   -0.0595179   -0.0547822   -0.0168397
  -0.0233684    0.0538065   -0.0345194    0.0703584
  0.00904441  -0.00338161    0.0421294     0.022982
   0.0603236    0.0506259   -0.0677363    0.0823619
  -0.0750984   -0.0475835   -0.0547626    0.0727412
   0.0635906    0.0656904   -0.0323105   -0.0174977
  -0.0294305    0.0706908   -0.0209853    0.0275696
  -0.0568024     0.015317    0.0166526    0.0375496
   0.0177415      0.06411    0.0398429  0.000193314
  -0.0675526   -0.0347031   -0.0951146    0.0213403
 -0.00175428    0.0373347  -0.00302275   -0.0296055
   -0.037625   -0.0294944    0.0285776   -0.0207757
   -0.160339    0.0756736   0.00781665    0.0584148
   0.0708041    0.0645022   -0.0130913   -0.0300477
  0.00386792     0.117964   -0.0134763    0.0585475
   0.0427931    0.0354303    0.0841413    0.0305599
   0.0598179    0.0531875   -0.0321137   0.00851215
   0.0190201   -0.0199789   -0.0857498  0.000444052
   0.0137034     0.053734   -0.0248852    0.0386633
   0.0969324   -0.0150713   -0.0462268    0.0518404
  -0.0969139    0.0454602   -0.0734688    0.0847019
   0.0508487    0.0168176   -0.0443388    0.0374703
  0.00194314    0.0347278    0.0345738   -0.0697888
  -0.0444305  -0.00717728   -0.0426886   -0.0227008
    0.111912    0.0382762    0.0191365   0.00241902
   -0.147347    0.0499865   -0.0525842     0.121631
   0.0155314    0.0179681  -0.00491392   -0.0465242
   0.0161518    0.0333042    0.0609813   0.00122785
   0.0259664   0.00748571     0.112967   -0.0250531
   -0.110484 -1.47856e-05   -0.0500188  -0.00982223
   0.0695521    -0.034354    -0.190378  -0.00835687
 -0.00716797    0.0458755    0.0536699    0.0675773
  0.00739071  -0.00620213     0.041344    0.0889246
  -0.0456448    0.0671614   -0.0227219    0.0221337
  -0.0379499  -0.00499416   -0.0416719    0.0296475
    0.109001     0.033361    0.0676645    -0.125633
  -0.0490217   -0.0408405   0.00522441    0.0122413
   0.0406505    -0.121193   -0.0414373   -0.0409254
   -0.101649    0.0665471   -0.0210306    0.0750217
   0.0488892   -0.0449969    0.0534542   0.00281051
   0.0622752    0.0508551     0.152174   0.00043883
  -0.0131379    0.0786837    0.0850586     0.040287
  -0.0451386    0.0386459   -0.0490277     0.146143
   0.0434865    0.0322896    0.0907725    0.0157309
    -0.14655    -0.150131    -0.047997     0.138854
   0.0142244    0.0228432    0.0565328   -0.0144675
  -0.0303585   -0.0318297   -0.0479302    0.0564938
   0.0936832    0.0478497   -0.0238256   -0.0561049
   0.0259109    0.0158194   0.00623904   -0.0333207
  -0.0780304    0.0566178   0.00834939    0.0438453
   0.0439007   0.00203249    -0.101822   0.00181147
   0.0192021  -0.00998385   -0.0506409   -0.0552359
   -0.143664  -0.00550404    0.0461211    0.0678294
    0.107643    -0.023047    0.0582598    -0.055952
   0.0794918    0.0669692    0.0666501   -0.0618492
  -0.0767166    0.0285165    0.0662881    0.0724951
   0.0264211    0.0529629   -0.0249527     0.145136
   0.0716612    0.0263216    0.0975696   0.00810983
  -0.0481689    0.0304651    0.0164492   0.00347962
  -0.0396374   -0.0553407    0.0532801   0.00127899
  -0.0558915   0.00228216    0.0161716    0.0727467
  -0.0469593   -0.0608578   0.00238128     0.101594
  -0.0315892    0.0969469   -0.0744424   0.00625448
   0.0505858   -0.0540272   -0.0378205    -0.010523
  -0.0664041 -0.000187849   -0.0759486    0.0918329
  -0.0119176   -0.0577661   -0.0414108   -0.0464595
  -0.0576804    0.0416154   -0.0663267    0.0189068
  -0.0373506   -0.0111728   0.00882844    0.0692829
  -0.0132416   -0.0270531   -0.0519122   -0.0329121
  -0.0618369   -0.0370035   0.00188635    0.0113338
  -0.0537664    0.0243621   -0.0715482    0.0193941
  0.00239847    0.0170788    -0.117838  -0.00128298
   0.0740279   -0.0125704   -0.0324824   -0.0266858
   -0.114198   -0.0117605   -0.0314728    0.0791195
    0.102161   -0.0903948    0.0566599    0.0477375
   0.0639224   -0.0664295   0.00154768    0.0284766
  -0.0054359     0.047507    0.0243878  -0.00416042
   -0.012049   0.00472726   -0.0180195   -0.0271752
     0.10515   -0.0963784   -0.0379409    0.0400001
  -0.0803578   0.00396975   -0.0364928    0.0118163
  -0.0195672    0.0353099    0.0695106     0.111418
  0.00406958    0.0269276   -0.0769866   -0.0189141
   0.0308958    0.0111734    0.0239343   0.00215004
  -0.0477051   -0.0461032   -0.0380009     0.162171
   0.0481622    0.0514937    0.0222709    0.0431433
   0.0174434   -0.0117085    0.0239964     0.053094
   0.0540526   -0.0348119    0.0729348     0.024013
  -0.0672416   -0.0209366    0.0154104    0.0596091
   0.0549284    0.0908362    0.0268823   -0.0644035
  -0.0979554    0.0972098   0.00949445    0.0403906
    0.121283   -0.0648634  0.000711558   -0.0827428
  -0.0257651     0.067876    0.0549382   -0.0913564
   0.0119415   -0.0327054    0.0680604  -0.00199165
   0.0307553   -0.0404072    0.0852479   -0.0218422
  -0.0105426    0.0828421   -0.0132678    0.0130933
   0.0348268    0.0373301    0.0195851    0.0107769
  -0.0404727    0.0510684   -0.0208054   -0.0228971
 -0.00739913     0.100607   -0.0202385     0.104588
  -0.0493268   0.00385537    0.0239944    0.0539902
   0.0435202   -0.0846817  -0.00287389   -0.0112353
  -0.0893083    0.0201621     0.038999    0.0497049
   0.0207296     0.154422   -0.0359949   -0.0723119
   0.0462406    -0.157801    -0.163291   0.00390585
  0.00150247   -0.0446381   -0.0148639     0.100177
   0.0398416  -0.00860192     0.128305    0.0253209
  -0.0879302    -0.142021   -0.0894028    0.0355454
  -0.0173883    0.0326046  -0.00564316    0.0717457
  -0.0193674    0.0318713     0.117507    0.0327516
   0.0773256   -0.0217264    0.0234185   -0.0431282
   -0.015703    0.0831415     0.105855   -0.0426374
    0.033073    0.0760647    0.0608459    0.0265931
   0.0104385     0.027612     -0.04638   -0.0104592
  -0.0195945    0.0848525   -0.0182082   0.00348937
  0.00468862    0.0380648    0.0647628    0.0664443
  -0.0273722   -0.0058061    0.0605698  -0.00046183
  -0.0521929    0.0707864    0.0114263  -0.00617651
  -0.0717486   -0.0500385   0.00629513   -0.0234067
  -0.0843329    0.0730164     0.074644    0.0214022
   0.0600552   -0.0562662   -0.0850006   -0.0331749
  0.00839267    0.0588157   -0.0957916    0.0258372
    0.044192   -0.0426581    0.0245177  -0.00720045
  -0.0388982   -0.0165366    0.0621151    0.0415345
  -0.0446711    0.0915837    0.0675895 -0.000352435
  -0.0359066     0.067117   -0.0168946    0.0809641
   -0.166739    0.0914201    0.0340312     0.118388
  -0.0223419   -0.0265144  -0.00123487    0.0183297
   0.0741569   0.00898227    0.0564805   -0.0542642
  -0.0121862     0.115126     0.113321    0.0639663
   0.0629619    0.0473886    0.0984848   -0.0095658
   0.0093797   -0.0178556  -0.00366374    0.0118985
   0.0352885   -0.0187941   -0.0182214    0.0123168
   -0.193966    0.0667013   0.00535623    0.0838788
   0.0147363   -0.0188062   0.00391324    0.0893075
    0.051885    -0.121753    -0.101908    0.0119395
    0.107806      0.04378     -0.04019   -0.0450018
  -0.0970316   -0.0184292    0.0141215    0.0407537
   0.0878197  -0.00207906   2.5352e-05    0.0401257
   0.0881783   -0.0189104   0.00724025   -0.0227064
    0.038278    0.0143562   0.00519064    0.0362312
  -0.0362992    0.0401616    0.0321523    0.0747927
  0.00932572   0.00204999   -0.0384692    -0.048019
  -0.0500525   -0.0573289  -0.00993237    0.0430673
   0.0128421    0.0321129    0.0172289    0.0241248
 -0.00892453   -0.0309003   0.00398417    0.0309431
   0.0219034  -0.00870174     0.056873   -0.0218088
   0.0411692   0.00810578     0.077214   -0.0644549
   -0.214952   -0.0506633    -0.101285     0.310473
 -0.00977068   -0.0142477    0.0144357   0.00958837
   0.0229901   0.00950863   0.00386155    -0.098047
  -0.0745484    -0.014654   -0.0256751    0.0825633
   0.0311651     0.104466    0.0422227    0.0269652
   0.0436491   -0.0172598   -0.0645816    0.0660155
  -0.0214767    0.0906804   0.00526247   -0.0435294
   0.0821595     -0.01376   -0.0513625   -0.0162744
  -0.0533344 -0.000839741   -0.0737909    0.0440171
 -0.00806622   -0.0259959    0.0181675     0.016064
  0.00161166    -0.142125   -0.0966598    0.0344809
   0.0827328  -0.00909704   -0.0576874   -0.0661953
     0.15451    0.0013844   -0.0801278   -0.0456457
  -0.0851839     0.132495    0.0183599    -0.028799
  -0.0739429   -0.0192668   -0.0873705     0.119781
 0.000205042    0.0327168   -0.0155669      0.10721
   -0.153283   -0.0100171   -0.0143422     0.100043
   0.0731293   -0.0211865   0.00900353   -0.0440355
  -0.0832372      0.13013    0.0182019    0.0661975
    0.010562  -0.00373003   -0.0322666   -0.0572043
   -0.145036     0.011592    0.0589101     0.135372
   0.0243351  -0.00297316   -0.0809855    0.0170252
   0.0809146    0.0113433  0.000229649    0.0165814
    0.073126    0.0548997   -0.0162375    0.0466283
   0.0594327    0.0281489    0.0640307   -0.0442296
 3.88049e-05   -0.0481598    0.0581783   0.00865292
  -0.0161393   -0.0781579     -0.01266   -0.0432856
  -0.0363811    0.0191282    0.0162056     0.108726
  -0.0422566    0.0248841   -0.0196616   -0.0450932
  -0.0924023  -0.00803334   -0.0441423     0.133404
  -0.0533868  -0.00334196   -0.0486102   -0.0494193
   0.0301409    0.0804903    0.0843829     0.071588
    0.130573    -0.113494     0.042409   -0.0839112
  -0.0484561    -0.107486    0.0141993  -0.00691609
   0.0120302   -0.0785536    0.0979542    -0.109277
   0.0175415    0.0837041  -0.00501536    0.0320178
   -0.028878   -0.0448853   -0.0567196   -0.0713245
   0.0811498     0.034336  -0.00166229   -0.0575598
    0.104587   -0.0441402    -0.055621   0.00154693
  -0.0849332     0.006957   0.00880137    0.0659044
  -0.0101084   -0.0143612    0.0247223    0.0487545
   0.0551554  0.000106733    0.0404237  -0.00618788
   0.0914174    0.0521972    0.0354899    0.0149072
  -0.0681178   -0.0278839   -0.0133546    0.0523544
  -0.0370299  -0.00610239 -0.000544481    -0.029669
  -0.0427817   -0.0492533    0.0521932    0.0511321
 -0.00209378    0.0257199   -0.0228315   -0.0555501
  -0.0053997   -0.0574791   -0.0579583   0.00148241
     0.13359    0.0458328   -0.0358788   -0.0553955
  -0.0689948   -0.0630886   -0.0218417  -0.00011204
   0.0173909    0.0297122    0.0197295    -0.020764
   -0.045278    0.0255178   -0.0142856    0.0112188
   0.0477448   0.00352589    0.0560168    0.0168872
   0.0581305   -0.0710521    0.0716022      0.01418
  -0.0770587   -0.0503638   -0.0448052    0.0087813
   0.0468032   -0.0556453    -0.032012   -0.0890095
  -0.0342929   -0.0254977    0.0393354    0.0972369
  -0.0560314   0.00684876    0.0585434    0.0848463
   0.0565767   -0.0284176   -0.0153386  -0.00853863
   0.0299605     0.150753    0.0411946     0.071321
   -0.155764   -0.0494186    0.0514475      0.17873
   -0.030493     0.073204    0.0145077   -0.0966814
    0.053723   -0.0542408   -0.0714101    0.0197068
  -0.0300251   0.00186394    -0.011574  -0.00558475
  -0.0464748    0.0539661   -0.0384948    0.0462207
  -0.0132396    0.0177854   -0.0434188   0.00691327
   0.0479928   -0.0918583   -0.0353765   0.00427678
   0.0261424     0.082237   -0.0477204   -0.0058351
    0.115141    -0.055446     0.042816   -0.0142777
   0.0165292  -0.00113476    0.0197357    0.0392729
  -0.0352009    -0.011472    0.0474519    0.0431932
   -0.140893    0.0141378    0.0869499     0.130889
  -0.0191847    0.0925441    0.0061401    0.0215227
 0.000973455    -0.139236   -0.0838104    0.0310161
   0.0161313    -0.190966    -0.151291   -0.0153048
   0.0458312   0.00458883    0.0393247   -0.0154926
   0.0133283   -0.0779463   -0.0349775  -0.00633995
    0.111306   -0.0283647    -0.101441   -0.0799714
  -0.0749569    -0.042047 -0.000244036    0.0418586
    0.014887    0.0952361   -0.0317795    0.0386697
   0.0440749   -0.0163481   0.00638913    0.0115492
   0.0474244  -0.00859743    0.0121262     0.049928
    0.042163   -0.0696895   -0.0208175   -0.0598417
 -0.00511514     0.093729   0.00383592    0.0577295
    0.119593   -0.0443149   -0.0320249   -0.0417186
  0.00478849    0.0144838  -0.00416226    0.0547796
   0.0576306   -0.0753716    0.0533453  -0.00827226
   0.0377057    0.0346486   -0.0144447   -0.0487759
  -0.0452371    0.0657934    0.0591421    0.0143766
   -0.034253   -0.0736778     0.124137    0.0603844
   0.0412402    0.0321199 -0.000481569    0.0563069
 -0.00757648   0.00314598    0.0377879   -0.0121089
   0.0541827    -0.031343  -0.00641595   -0.0159408
   0.0747183    0.0278194   0.00496325    -0.034096
   0.0519536   -0.0738829    0.0414202   -0.0169789
  -0.0776288   -0.0523515    0.0798762    -0.020836
   0.0591372    0.0309587     0.105738    -0.102879
   0.0517972    0.0585788   -0.0464281   -0.0183785
   0.0511462   -0.0107614    -0.013819    0.0149796
    0.059496    -0.059575   -0.0519145    0.0197369
  -0.0217039   -0.0130604    0.0449684    0.0495408
   0.0669458   -0.0198191   -0.0375639   -0.0226817
  -0.0410327     0.054949    0.0436726  -0.00702667
  -0.0243365     0.068044   -0.0795523    0.0237946
  0.00622361    0.0186457    0.0458136   -0.0685802
  -0.0124463    0.0112401      0.13219    0.0836701
   0.0381079    0.0039989   -0.0218801    0.0543275
   0.0480281   -0.0524357    -0.119676   -0.0505209
   -0.133339   -0.0402881     0.129154    0.0689529
 -0.00532764    0.0752338    0.0464694   -0.0142394
    0.067394   -0.0217463   -0.0404912   -0.0346817
  -0.0745354    0.0436558   -0.0721769     0.159929
  -0.0299291    0.0475322    0.0129946   -0.0708853
  0.00708571     0.039966   -0.0486744   -0.0241453
   0.0666353    0.0683314   -0.0131482   -0.0642791
   0.0258342     0.037999    -0.119235    0.0217563
  -0.0087557    -0.035626    -0.148625   -0.0660487
   0.0667169    0.0814286    -0.079469   -0.0521096
   -0.145679   -0.0417696    0.0674469     0.214881
  -0.0117714    0.0616489    0.0699715    0.0539217
  -0.0772338   -0.0284183  -0.00151738    0.0836897
  -0.0721853    -0.015156  -0.00437878    0.0194544
  -0.0300972   -0.0132812    -0.149957   -0.0649099
  -0.0423646   -0.0126581    -0.123849    0.0238143
   0.0184242     0.127154   -0.0309325   -0.0248832
   0.0330218   -0.0588776     0.056325   -0.0106703
  -0.0807151    0.0269281   -0.0225087    0.0889131
  -0.0229608    0.0695239    0.0148094    0.0627007
   0.0488441    0.0217147   -0.0545747     0.017967
 -0.00100361    0.0310746     0.109151   -0.0197745
   0.0477002    0.0529257   -0.0500918      0.10316
   0.0253771   0.00847778   -0.0154285    0.0979237
   0.0555672    -0.049735   -0.0562835     0.036123
   0.0253522    0.0281539    0.0738751    0.0149478
   -0.254009    0.0418722    -0.066573     0.231987
   0.0520055      0.10476    0.0969349   -0.0446836
  -0.0417317    0.0385957  -0.00379258    0.0234581
  -0.0444196   -0.0280911    0.0792029    0.0222639
    0.026197     0.112119    0.0167683    -0.106321
    0.115112     0.077547  0.000969249    -0.045846
  -0.0153853    0.0523043   0.00466788    0.0463174
 -0.00456104   -0.0200478   0.00934338    0.0787223
  -0.0632002   -0.0183077   -0.0842996     0.154601
 -0.00749555   -0.0637987   -0.0228005  -0.00264972
   0.0540847   0.00973031   -0.0610504   -0.0331878
  -0.0267276     0.017987   -0.0241183   -0.0596898
   0.0242535    -0.041645    0.0255262    -0.011358
  -0.0938155  -0.00963468    0.0113174    0.0442157
   0.0892544    0.0637186    0.0193439   -0.0577155
   -0.117709   -0.0757053     0.132145     0.116553
   0.0634003    -0.032531   -0.0565293   -0.0701755
  -0.0567103    0.0649418   0.00467037   -0.0466425
   -0.116388    0.0375739   -0.0190988    0.0855337
   0.0350363   -0.0592988    0.0104546   -0.0702625
   -0.140007    -0.031709   -0.0513223     0.121199
   0.0856227   -0.0317107    0.0450174    0.0240922
  0.00344034  -0.00611853   -0.0263214  -0.00958316
   -0.027193   0.00287352  -0.00814682  -0.00479433
   0.0217257   -0.0445355    0.0139956    0.0612142
     0.03972    0.0345722   -0.0542476    0.0247585
  -0.0452349    0.0166357    0.0684596    0.0371703
  -0.0300076     0.103024  -0.00573375    0.0832991
  -0.0300227    -0.105954   -0.0397741    0.0888586
   0.0397149    -0.105629 -0.000787497    0.0396405
  -0.0395769   -0.0226089   -0.0657015  -0.00993297
 -0.00793927   -0.0380831   -0.0493067    0.0429658
   -0.219581     0.012391   -0.0177129      0.30682
 -0.00420016   -0.0397114   -0.0742639    0.0371342
 -0.00220202   -0.0325262    0.0493786    0.0756423
  -0.0509677    0.0341274   -0.0107052   -0.0314529
  -0.0270475     0.107661   0.00810985   -0.0234034
   0.0333216     0.058941     0.024285   -0.0624903
   -0.024519   0.00404856   -0.0626282   0.00213954
  -0.0805633    0.0237069    -0.068554    0.0969888
   0.0296117   0.00614508   -0.0528883   0.00160932
  -0.0190417    0.0588059    0.0561343    0.0068509
  -0.0218541    0.0147909   -0.0111685     0.129018
  -0.0596789    0.0159806    0.0311005   0.00546051
   0.0105351   -0.0970211   -0.0115518    0.0309779
   -0.013786   -0.0595595    0.0230335   -0.0324199
-0.000933552    0.0780214    0.0545021   -0.0765365
 -0.00374503   -0.0426536    0.0462272  -0.00837804
  -0.0175724    0.0336951     0.065525   -0.0288351
  -0.0577407     0.116589   -0.0996489    0.0943334
 -0.00332759   -0.0290122   -0.0814185    -0.021086
   0.0538961   -0.0289725   -0.0704784    0.0222598
   0.0654161   -0.0450373   -0.0302475   -0.0640899
  -0.0332174   -0.0225895   -0.0687765   0.00336373
   0.0253134    0.0764728  -0.00502642   -0.0427617
  -0.0175687   -0.0654119   -0.0923108  -0.00745721
    0.011174   -0.0447177   -0.0182426    0.0522861
   0.0566496   0.00765431   -0.0565725   -0.0634558
  0.00864817  -0.00682032    0.0672399     0.018597
  0.00505627    0.0956992   -0.0408711    0.0319373
  -0.0441367   -0.0795255   -0.0658117   0.00408694
 -0.00364774    0.0921076    0.0266369    0.0525196
  -0.0150427    0.0382082   -0.0274749     0.074747
   0.0252198    0.0552711   -0.0364292    -0.027614
   0.0199087   -0.0106164    -0.297581   -0.0233252
    -0.03375    0.0676753    0.0607052    0.0628156
   -0.137212   -0.0633473    -0.156719     0.228507
  -0.0271685     0.014216   -0.0523112    0.0646564
   0.0111505   -0.0157295   -0.0603696   -0.0126576
   -0.123699  -0.00776514    0.0483436     0.115151
  0.00613332     0.144453    0.0788299  -0.00411688
   -0.172487    0.0155551  0.000953287     0.202406
  -0.0748091   0.00379209    0.0790824    0.0498964
  -0.0377961    0.0516191   -0.0599177    0.0162371
   0.0354082   -0.0368792    -0.059235   -0.0327611
  0.00524407   -0.0160991    0.0180222    0.0375823
   0.0747332  -0.00557893    0.0387107   0.00416023
  -0.0259585   -0.0131985    0.0359988   -0.0861825
    0.122356  -0.00453456    -0.114452    0.0396134
   -0.105717    -0.104506   -0.0706522    0.0487251
   0.0279421   -0.0957664    -0.121704    0.0552522
   0.0872196    0.0136869    0.0148681   -0.0933235
    0.182113    0.0615099   -0.0261152  -0.00515473
   -0.117453    0.0294008    -0.020132    0.0745441
 -0.00436373   -0.0407088  -0.00592431     0.088196
  0.00488387    0.0166297   0.00860524     0.122087
  -0.0133608    0.0938113    0.0660183    0.0591028
   -0.026703     0.022534    0.0456129    0.0618715
 -0.00174269   -0.0485364    0.0087186 -0.000813966
  -0.0892239 -0.000189046    0.0118778    0.0853987
   -0.017961   -0.0293085    0.0269106    0.0827968
  -0.0525894     0.146624      0.03578    0.0700395
     0.12352    0.0142449   -0.0182134   -0.0780432
  -0.0590065   -0.0515053    0.0327339    0.0474439
  0.00106712    0.0270873   -0.0527377   -0.0692114
   0.0292472    0.0700242    -0.041574      0.14184
  -0.0160805     0.084468    0.0539542  -0.00799556
  -0.0469593   0.00159289    0.0965309    0.0190062
   0.0675165    0.0924448    0.0215325    -0.074384
  0.00921486    0.0246706    0.0631657    0.0540919
  -0.0428773   -0.0659648    0.0965032    0.0725059
   -0.309576  -0.00506268   -0.0396664     0.280559
   -0.270219   0.00528254   -0.0110325     0.264324
  0.00572602    0.0285411    0.0440142 -0.000206542
    0.049267   0.00572483   -0.0430386   -0.0494945
   0.0511458   -0.0190594    0.0414345    0.0319447
  -0.0450002    0.0483413   0.00817715    0.0397897
   -0.193943     0.102447    0.0231212     0.212054
    0.057779    0.0370658   -0.0264399    0.0663003
   -0.053294    0.0967482    0.0358122    0.0694764
    0.016411   0.00133909    0.0142972    0.0180582
   0.0415315   -0.0386504   -0.0695873   0.00994469
   0.0365616   -0.0666029   -0.0673213    0.0927135
  -0.0462135    0.0307507    0.0555842  -0.00196104
   0.0861903    0.0522747   -0.0354788    0.0170209
   0.0334684    0.0451518   -0.0160705  -0.00156524
   -0.135239   -0.0687181   -0.0657419      0.13876
   0.0864196    0.0563863   -0.0111368   -0.0755499
   0.0273836     0.051242   -0.0414499   -0.0894242
  -0.0607305   -0.0163144    0.0114503   -0.0120063
  -0.0131429   0.00826881   -0.0117488    0.0069907
   0.0396033    0.0402597    -0.062105    0.0579791
    0.016291  -0.00968188    -0.030699   0.00227955
  -0.0714477   -0.0381553   -0.0274277    0.0575597
   0.0254254   0.00748082    0.0349803   -0.0338207
  0.00468323    0.0666638    0.0503398    0.0138312
   -0.058229   -0.0312261    0.0382755     0.039293
  -0.0808794    0.0665394    0.0592341   0.00889295
  -0.0264274   -0.0390119    -0.108769    0.0042395
  -0.0110639    0.0409515    -0.102585    0.0373268
   0.0738235   -0.0124496   -0.0106724    0.0291778
   0.0747757  -0.00251867  -0.00830692   -0.0322535
   0.0507507    0.0230787   -0.0229585    0.0709425
  -0.0477734     0.037508    -0.137113     0.156037
  -0.0287099     0.111617    0.0820098    0.0590003
   0.0185826    0.0541181   0.00232965    -0.114972
  -0.0634415    0.0157526     0.119954    0.0171479
   0.0726934    0.0164191   -0.0926572   -0.0285279
    0.031028    0.0742462    0.0179333   -0.0285887
   -0.182992    0.0397515    0.0422518     0.164315
   0.0769744    0.0504551    0.0137854    0.0172695
    0.007087    0.0523927     0.058669     0.071081
   -0.118155  -0.00197087     0.074199     0.134348
  -0.0467855    0.0710665    0.0911408   -0.0152908
   -0.103915   -0.0119114   -0.0330732    0.0779946
   0.0353751    0.0697327    0.0492512  -0.00259442
   0.0487935    0.0902808    0.0572712   -0.0413579
  -0.0131403    0.0287342   -0.0225214    0.0335651
   0.0154224    0.0432356   -0.0685657   -0.0163508
  -0.0154341   -0.0279087   -0.0633584   -0.0573157
   0.0826599   -0.0361995   -0.0398777    0.0143859
  -0.0220704    0.0417013    0.0403952  -0.00174842
  -0.0451134    0.0254973   -0.0162646   0.00200872
   0.0153281    0.0755177    0.0101174   -0.0648354
   -0.191603   -0.0288476   0.00570542     0.230419
   0.0593899   -0.0417655    0.0565887     0.026586
  -0.0649817  -0.00952653   -0.0796851    0.0670049
  -0.0923078   -0.0888392    -0.124656     0.135297
   0.0860472     0.139062   -0.0104756    -0.024401
  -0.0231878     0.058894  0.000716384    0.0691402
   -0.142488   -0.0616757   -0.0368344     0.187336
    0.118458     0.051491   -0.0271281   -0.0895829
  -0.0701444   -0.0642483    0.0135795  -0.00223096
   -0.107356    -0.101303    -0.142404     0.111073
  -0.0108644   -0.0810126   -0.0347157    0.0349328
   0.0579986   -0.0197453   -0.0718245   0.00249141
  -0.0356283    0.0120745     -0.02608    0.0369043
   -0.137753    -0.189312     -0.01307    0.0564111
   0.0634648    0.0456635   0.00258439   0.00256787
    0.207465     0.138868     -0.09938   -0.0676112
  -0.0485901    0.0643163   -0.0488824     0.056525
    0.058151   -0.0269467    0.0883216    0.0409139
   0.0258485   -0.0701974   -0.0724252   0.00598036
   0.0702863    0.0366597   -0.0212373    -0.047658
   -0.060983   -0.0581333   0.00420752   -0.0214632
   0.0781235    0.0321514   -0.0723883    -0.075168
  -0.0139565    0.0486893   -0.0349189   -0.0548804
  -0.0720762    0.0754183   -0.0181819   -0.0368728
    0.106473   -0.0565353    0.0456523   -0.0124839
     0.01128    0.0407417    0.0738263   -0.0105469
  -0.0548875    -0.012611    0.0203581    0.0248271
  0.00978986    0.0442612   -0.0304678      0.01903
  -0.0770414    0.0167543    0.0241673    0.0689101
  -0.0550585    0.0606741   -0.0634913    0.0312513
   0.0400295   -0.0481738   -0.0255903    0.0625979
  -0.0195364    0.0346623    -0.050259   -0.0508259
  -0.0273346   0.00987043    0.0765142   0.00603682
   -0.311422    0.0489668   -0.0150572     0.377541