   0.0282712    -0.017458   -0.0810918    0.0865199
  -0.0395001    0.0423248   -0.0258271    0.0823127
   -0.070615    0.0465357     0.130865     0.136903
    0.052766    0.0363122      0.10652    0.0775801
  -0.0616065    -0.014728     0.115823     0.141857
   -0.296697   0.00314457    -0.203113    -0.264261
  -0.0530876    0.0584803   0.00555926    -0.366088
   0.0780946    0.0736415    -0.139781     0.119443
     0.17951    0.0293467     0.170302    0.0208468
  -0.0123535     0.142165  -0.00428331     -0.09596
    0.196324    0.0303503   -0.0943891    0.0418938
  -0.0777155    0.0677143   -0.0299334    0.0716004
 -0.00680402  -0.00328838    0.0973585   -0.0152849
    0.237004   -0.0765057    0.0891928     0.153064
   -0.124771  -0.00525924   -0.0212625    0.0207251
    0.275129    -0.137908   0.00216808    0.0373417
   0.0534117  -0.00809229     0.237024     0.153778
    0.180717   -0.0195083     0.079324     0.327914
   -0.142555    0.0424716    0.0395874     -0.19026
  -0.0451472    0.0146806     0.266965    0.0774458
    0.115321   -0.0168682   -0.0624942   -0.0423556
   0.0165154  -0.00212871    -0.065883     0.139022
   0.0590945   0.00279445     0.174473   -0.0607936
   -0.174567     0.068714     0.031595   -0.0589889
   0.0697802    0.0218398    0.0500264   -0.0575838
    -0.19135    0.0208687     0.004255    -0.187856
    0.027142    0.0352446    -0.161896    0.0266205
   -0.243245    0.0890478    0.0857573    -0.246673
  -0.0552372    0.0502914     0.232708   -0.0377813
  0.00111858    0.0271124    0.0474618    0.0749298
   0.0295253   -0.0263692    0.0569129     0.124847
    0.077318   0.00485613   -0.0434366  -0.00276325
   0.0632395  -0.00294174    0.0923391     0.299146
   0.0786777   -0.0735778    0.0935987     0.325052
   0.0138162  -0.00524557    0.0873775     0.064509
    0.096441    0.0858294   -0.0651148    0.0310207
  -0.0603068    0.0760151     0.408675    -0.220286
   -0.116324   -0.0257841    -0.237189    -0.136251
    0.130498    0.0102046   -0.0458302   0.00100667
   -0.100182   -0.0198579     0.118345    0.0385153
   -0.157222   -0.0256778    0.0726386     0.324021
  -0.0299108   -0.0612143     0.128856   -0.0573913
    0.202939   -0.0592613    -0.138433    0.0409292
   0.0855847    0.0195118     -0.12742   -0.0655475
    -0.18586    0.0258634   -0.0557035   -0.0635331
   0.0913332   -0.0439381   -0.0562585   -0.0268122
   -0.388754     0.109777    0.0331154    -0.231427
  -0.0449284     0.130116    -0.291732    0.0297324
   0.0228113    0.0641464    0.0807831   -0.0308443
    0.167296   0.00230651    -0.044375   -0.0190423
   0.0431921    -0.010291    0.0663503   -0.0219161
   -0.178167     0.067678    0.0453617   0.00705927
    0.234579   -0.0698473     -0.19286   -0.0386781
     0.13834   -0.0090357    0.0576822     0.287003
  -0.0300045  -0.00633204     0.153008    0.0641014
   0.0374924    0.0322447   -0.0788739    -0.168042
   0.0532811   0.00791081    0.0505349     0.162617
  -0.0596427   -0.0288128    -0.101762   -0.0629941
  -0.0571258    0.0529971   -0.0728247     0.113458
    0.415714  0.000662288     0.268983     0.103325
    0.152387   -0.0809407     -0.12407     0.190753
   0.0771337   -0.0415803     0.180477    0.0695302
  -0.0483828  -0.00406585     0.149976     0.258746
   -0.168921    0.0369654    -0.116645    -0.237863
  -0.0187762     0.013207    0.0384278     0.226972
   0.0184786   -0.0399978   -0.0448017     0.316636
   -0.036403     0.065642   -0.0270678  -0.00266164
   -0.169548    0.0722386    -0.102029     0.201777
    0.154285   -0.0408744  -0.00881332      0.26042
  -0.0216989     0.068941     0.210179    0.0690394
   -0.115874   -0.0174769    0.0626679    0.0101266
  -0.0695467   -0.0177354    -0.182793     0.205402
   0.0862432    0.0826773    0.0186373     0.145854
   -0.148023    0.0159641     0.187784   -0.0978963
  -0.0594511     0.022346    0.0575155    -0.256383
  -0.0151121   0.00782755     0.109938   -0.0244811
    0.105548   -0.0121151   -0.0979916    -0.132393
  0.00310056   0.00247545   -0.0571566      -0.1837
   -0.254581    -0.056153     -0.37188     0.548711
   -0.197285   -0.0660006     0.129845     0.143184
    0.226082   -0.0493746   -0.0341395    0.0649693
   -0.231723    0.0795908    0.0743812    -0.028077
    0.131558   -0.0137467    -0.115626      0.22735
     0.16685    0.0115963    -0.207946   -0.0234994
  -0.0378702   -0.0261322   -0.0714953    0.0594095
   -0.141236    0.0313738    0.0277775     0.102954
    -0.15978     0.112364     0.313629    -0.231404
    0.133027   -0.0692735    0.0559707     0.326181
   -0.113211    0.0431396     0.099219   -0.0407202
    0.134796    0.0852761   -0.0685703    -0.139855
    0.369708    -0.144606   -0.0374949     0.322374
   -0.186668   -0.0196979  -0.00601999   -0.0601292
   0.0761972    0.0183215    0.0791628    -0.233412
  -0.0522145    0.0118663    0.0487407    0.0496138
   0.0845321     0.080373    0.0773549    0.0708793
   -0.246747    0.0778995   -0.0237028    -0.267433
-0.000902206    0.0914474   -0.0912252    0.0050625
   -0.153935   -0.0186109   -0.0668418     0.205965
  0.00273121    0.0627778   -0.0234856   -0.0911592
  -0.0866661  0.000224555     0.149247     0.040226
   0.0179694   -0.0161405   -0.0279214    -0.145339
   0.0658651    0.0648394   -0.0846166      0.14596
   0.0171063     -0.10227    0.0503477     0.179462
   -0.101225    0.0920187     0.143123   -0.0562429
    0.304876    0.0896319     -0.20192    0.0973442
   0.0521026   -0.0257051    -0.223379    0.0896077
   0.0506932   -0.0673946    0.0841788     0.120194
   -0.138521   -0.0105419   -0.0413873      0.13472
  -0.0641905    0.0278178   -0.0451259    0.0220921
  -0.0360972  -0.00582588   -0.0684023    0.0403966
   -0.174872   -0.0416811     0.146389  -0.00864803
    0.155673   -0.0941955    0.0775203    0.0987904
  -0.0869332   -0.0140646     0.107037     0.211051
   0.0856027   -0.0457441     0.109102      0.13489
    0.122244    0.0557064    -0.132644   -0.0884703
    0.037955   -0.0393128     0.110867    -0.113392
  -0.0430721  0.000730407     0.159401     0.128321
     0.27296    0.0632294   -0.0728186     0.102296
  -0.0358788    0.0856332    -0.261865    -0.175871
  -0.0327772    0.0832087        -0.32    -0.139469
   -0.132218    0.0975123     0.200921    -0.219075
   0.0868074    0.0602248     0.195236     0.351937
  0.00621573     0.022919   -0.0615167     0.185555
   -0.156511   -0.0141143    -0.118074     0.115403
   0.0167201   -0.0133706    0.0347254   -0.0654806
    0.100441   -0.0972485     -0.24246     0.344887
   -0.156138    0.0110346   -0.0785814    0.0892885
   0.0311466    0.0709582    -0.166565    -0.475123
    0.120109    -0.128888   -0.0944706     0.313687
   -0.121972  -0.00319298   -0.0670525    0.0864428
  -0.0623674     0.077741    -0.260619     -0.30155
  0.00158865  -0.00016933    -0.111854   -0.0149555
   0.0673122    0.0444972    -0.104271   -0.0998898
   0.0907059    0.0555047   -0.0415849  -0.00639439
  -0.0897138   -0.0118345   -0.0929861    -0.027453
   0.0999952   -0.0677046   -0.0194167    0.0864659
    0.130019   -0.0303242     0.148933   -0.0501035
   0.0516253    0.0320612    0.0135883    0.0865059
   0.0209014   -0.0727188     0.131421    -0.101744
    0.016151    0.0343354    0.0157396     0.107925
   -0.347016    0.0300985    0.0245365     0.210132
   0.0516271    0.0199693 -1.53214e-05    0.0948873
  -0.0970561    0.0865439  -0.00673494    -0.236576
  -0.0122283   -0.0144176     0.103168     0.182934
    0.070294   -0.0508456     -0.10191   -0.0841987
    0.210865   -0.0432719     0.208825    0.0665645
  -0.0829077     0.111105    0.0346734   -0.0904986
  -0.0300302   -0.0229461   -0.0485464     0.118774
   0.0527309   -0.0454021   -0.0600947    0.0319168
    0.199611   -0.0888048   -0.0886219    0.0883984
  -0.0835935   -0.0224744     -0.03225    -0.121801
    0.221502   -0.0723984    0.0136997     0.257272
  -0.0261667   -0.0499455   -0.0719454   -0.0208793
  -0.0233474     0.066904    -0.310045   -0.0377245
   -0.027563    0.0218911   -0.0974744   -0.0930002
   0.0875353     0.075504    -0.146395    0.0427713
   0.0153454   0.00490247    0.0373443    0.0269982
    0.176414    0.0117932    0.0426948     0.183404
     0.10359    0.0877603    -0.102657    0.0826068
    0.161163    0.0118998  -0.00163686     0.157969
     0.13386   -0.0214326    -0.198368     0.107677
    0.033696    0.0801029   -0.0783028   -0.0728919
   -0.152989    0.0301569     0.386975    -0.175689
  -0.0117435     0.065631   0.00334106   -0.0456142
  -0.0706491    -0.012142     0.157314   -0.0612274
   0.0399339  -0.00511019    0.0284576     0.324991
   0.0315487     0.029618    0.0560197     -0.25525
  -0.0143161    0.0587585   -0.0315486    -0.173515
   -0.189929   -0.0047507     -0.28036     0.080477
    0.123914    0.0300058   0.00592481   -0.0538174
    0.169561    0.0583708    0.0614992     0.135306
   0.0698242   -0.0130845     0.117421    0.0981577
   -0.165416     0.136204    -0.204773    -0.146314
   -0.216319    0.0284371   -0.0398248    -0.169536
  -0.0522577    0.0374629    -0.071514    -0.178032
   0.0174898    0.0231217   -0.0351151    0.0751638
   -0.250718     0.020212    -0.635147     0.294422
  0.00349768    0.0350549    -0.118421     0.160525
  -0.0764182    0.0627234    -0.154879   -0.0880281
     0.08502   -0.0653293     0.309359   -0.0112029
   0.0182975   -0.0314558   -0.0220915     0.140032
    0.201639    0.0569181   -0.0641506     0.147815
   -0.128995   -0.0135053    -0.135516  -0.00349519
    -0.15124    0.0218558    -0.127237     0.119062
   -0.113396    0.0398233    0.0934777    -0.100413
 -0.00799065 -0.000588801   -0.0367941     0.118747
    0.037375     0.132209     0.131267    0.0864493
   0.0349488   -0.0185374     -0.22548    -0.172318
  0.00432007   0.00944151    0.0347754    0.0134981
   -0.119721    0.0381732     0.184845   -0.0628921
   0.0811834    0.0960909   -0.0751967     0.166795
  -0.0254185    0.0225365     0.151064   -0.0711261
  -0.0886103   -0.0859885    0.0402983    0.0787744
  -0.0726752   -0.0443884    0.0788178     0.295704
   0.0417653    0.0530624     0.180247     0.179565
   -0.339393     0.134288   -0.0367107     -0.66697
   -0.189137    0.0877615     0.386453    -0.278971
   0.0386019   0.00673775     0.144895    -0.066868
   -0.180405   0.00653622    0.0324647   0.00957996
     0.14751    -0.105507   -0.0822378    -0.234312
   -0.203127    0.0666571     0.201954    0.0732263
  -0.0902989   -0.0429371     -0.19065    0.0504371
 -0.00230564   -0.0538407     0.245647     0.339561
  -0.0811598     0.041921     0.120338    0.0850225
   -0.220306     0.128806      0.31659    -0.235138
  -0.0962487    0.0278785    0.0817772     -0.37413
   -0.058747   -0.0625451   -0.0670937    0.0978851
   0.0829139  0.000841572   -0.0326706    0.0160186
  -0.0298102    0.0219817     0.264005     0.231793
   -0.134601    0.0643244     0.167139    0.0786919
   0.0791945   0.00379414   -0.0409583    -0.052842
   0.0169349   -0.0698459    -0.318987     0.465224
   0.0075452     0.104029   -0.0768699    -0.382026
    -0.24097    0.0887238    0.0932768  -0.00474357
 -0.00436016    0.0389568    -0.133754   -0.0828031
   -0.326912    0.0658265     0.128988      0.12973
    0.227944    -0.070632    0.0722971    0.0643693
    0.145843  -0.00774412    0.0781829     0.146044
  -0.0454846    0.0455952   -0.0603265    0.0926296
   0.0586233    0.0385563   -0.0362669    -0.215715
   -0.173183   -0.0148741    -0.235682     0.074491
  -0.0462026    0.0871213   -0.0384814    -0.197152
   -0.197966    0.0402941    -0.134555    -0.105149
     0.17397    0.0288975    0.0017722    -0.236331
   -0.159904   -0.0152245   -0.0858297      0.29858
   -0.141065   -0.0224745     0.153891   -0.0306732
   0.0335576    0.0911534   -0.0568239   -0.0594692
  -0.0728606    -0.106567    -0.156641     0.431524
  -0.0541433   -0.0497116    -0.200074  -0.00435762
   -0.132185  -0.00191052    0.0318446    -0.153803
    0.110138    0.0283303     0.076335     0.016117
 -0.00101208    0.0210115     0.226598     0.110825
   -0.227644   0.00271221    -0.252473   -0.0512081
   0.0129437    0.0544215    -0.163796    0.0867263
   -0.330523    0.0695553    -0.036385     -0.31058
   -0.160131    0.0744761   -0.0287206   -0.0168161
   0.0814303   -0.0217316    0.0197746      0.14546
   -0.025642    0.0195038     -0.10717   -0.0358326
   0.0521866    -0.107746     0.228988     0.366193
    -0.21435     0.061856    -0.333994     -0.30036
  -0.0462539   -0.0443137    -0.203507      0.11423
   0.0237979   0.00182791    0.0783586     0.308784
   0.0216956   -0.0963334    -0.232797    0.0246116
   -0.145399    0.0343017    0.0227081    0.0438146
  -0.0669463    0.0482586      0.28081     0.238553
  -0.0101222   -0.0102087     0.203873     0.163201
   0.0410511    0.0436207    0.0125254    0.0370642
   -0.269488    0.0459525      0.31991    -0.126206
   0.0979861   -0.0394844    -0.156132    -0.108402
   -0.146156    0.0126676   -0.0861333     0.139713
   -0.133671    0.0522217   -0.0832233    0.0451329
  -0.0789025    0.0200553    0.0572473     0.174775
    0.203803    0.0910266    0.0759981    -0.263714
   -0.125815   -0.0194253    -0.164134     0.106386
   0.0258662    0.0921663     0.127342   -0.0734364
     0.14933 -0.000506017    0.0981186     -0.19614
    0.177901   -0.0319176    0.0500311     0.150422
    0.159244    0.0464293   -0.0152191    0.0707145
   0.0944097    -0.051069   -0.0655115   -0.0863912
 -0.00341539    0.0741408    -0.176011     0.127814
    0.101734    0.0390909     0.881073     0.583525
   0.0701782    0.0542589     0.047786    -0.222231
    0.121444    0.0478924    -0.149235    0.0792954
  -0.0887893    0.0880267    -0.133424    -0.261313
  -0.0602838   0.00746125     -0.22804     0.191517
   0.0568081   -0.0183052   -0.0643727   -0.0506136
   0.0869842    0.0133646    -0.109768    0.0136666
    0.105796    0.0171863    0.0032522    -0.314428
    0.272718    -0.067504    0.0452824    0.0998219
  -0.0321693    0.0405963    0.0929136    0.0703032
  -0.0325891   -0.0569089    -0.311958    0.0601706
  -0.0541507    0.0226637     0.112876   0.00681941
  -0.0783413   -0.0137141  -0.00854386    -0.133588
   0.0312935    0.0682798      0.20685     0.110252
    0.338344   -0.0223171    -0.189232     0.286685
   -0.187472      0.10786     0.276501    -0.171756
  -0.0636786     0.030264    -0.121421    0.0300637
   0.0979013    0.0156974    -0.373889    -0.165807
  0.00476967   -0.0697917    -0.204663   -0.0748112
   -0.200648     0.119499   -0.0565832    -0.111719
  -0.0272688    0.0650972    0.0279464     0.198486
   -0.194195     0.117798   -0.0130812     -0.24125
    0.158554  -0.00619392     0.144352    -0.042831
    0.241776   -0.0265097     0.163847     0.118635
   0.0661619     -0.06824    0.0129098     0.195297
   0.0917313     0.113743    -0.061456    -0.110757
     0.16679   -0.0373458     0.113647    0.0752292
  -0.0532846    0.0635206    -0.269107    0.0317745
    0.050523    -0.020635     0.128913    0.0857755
    0.165721   -0.0138088      0.10961     0.166347
   0.0777296    0.0421733    0.0989228    -0.157532
  -0.0245456   -0.0371413    0.0135295   -0.0155205
  -0.0238308     0.057028    -0.114408   -0.0305514
   -0.039738    0.0290844      0.22951     0.218794
  -0.0774004   -0.0276259    -0.130408   0.00223869
   -0.243448   0.00801097     0.267371  -0.00241771
  -0.0147154    0.0251222     0.064492   -0.0586358
   0.0567329    0.0424923     -0.11522    0.0542987
  0.00104483     0.022228    0.0231774     0.122593
   0.0937008   -0.0241833    0.0705608      0.17904
   0.0485502   -0.0683311   -0.0441656     0.167979
    0.134321   -0.0210966    -0.194744    -0.106359
  -0.0570642    0.0103361    0.0994705    0.0332366
   -0.105222   -0.0365942     0.114134    -0.132864
   0.0211139     0.115106    0.0788308 -0.000816605
   0.0679323    0.0593724    0.0278052     0.167792
    0.179351  -0.00988882   -0.0631505     0.201114
    0.423964   -0.0160827   -0.0574347    -0.202523
   -0.351154    0.0353307   -0.0450103    -0.209587
   0.0477904    -0.005471   -0.0234489   -0.0522807
   -0.086114  -0.00322175    -0.071545     0.243118
   0.0904298   -0.0504888    -0.103333    -0.204082
   0.0284549   -0.0619446  0.000928107    0.0318072
    0.110166    0.0484555    0.0621645    -0.167796
  -0.0701287    0.0895304    0.0708727   -0.0130198
   0.0347834  -0.00450892       0.2276       0.2362
     0.19976   -0.0773194   -0.0214821     0.041285
   0.0645674    0.0130335    0.0431697     0.163528
   0.0385252  -0.00306281    0.0686328     0.259115
  0.00327422    0.0450087   -0.0606145    0.0901417
    0.064857   -0.0363778   -0.0469644    -0.053206
   -0.112891    0.0803472     0.122622   -0.0191688
    0.106616   -0.0726442   -0.0990645   -0.0570474
   0.0455716    0.0553158   -0.0208023    0.0305591
    0.110132    0.0159888     0.127216    -0.454692
  -0.0902263    0.0168538     0.171227   -0.0438105
  -0.0222712    0.0481963   0.00363028    0.0266222
   0.0322411  -0.00915792    0.0803816   -0.0709046
  -0.0286408    0.0221222   0.00344112      0.45814
   -0.167322    0.0104098   -0.0744965    0.0311744
  -0.0609728     0.077612    0.0942752   0.00900547
  -0.0539225    0.0281454    0.0108378   -0.0107874
  -0.0307965   -0.0314718     -0.11651   -0.0234422
   -0.176778    0.0437289     -0.13325    0.0611407
    0.103762    0.0713151    0.0591251     -0.11085
    0.192393   -0.0429142    0.0448342     0.226448
   -0.240018    0.0668459    0.0338868    -0.607901
   -0.258802    0.0398899     0.105603    -0.130338
    0.313856    0.0285655   -0.0786013    -0.100821
   -0.117078     0.118915   -0.0369571    -0.187318
    0.131167    0.0562752   -0.0539126    0.0369684
   0.0146958     0.112366    -0.251437      0.11551
   -0.057813    0.0364743     0.171773     0.137232
  -0.0607504     0.115349    0.0981417    0.0235184
  -0.0186943   -0.0476118    0.0186792     0.111825
    0.101223    -0.113933    0.0046811     0.808735
   -0.111677   -0.0537399    -0.117181    0.0502255
   0.0925198 -0.000975275    -0.060393   -0.0263612
  -0.0418861   -0.0887257   -0.0597024    0.0420431
   0.0503642  -0.00517817     0.182213   -0.0946785
  -0.0822349   -0.0326945    0.0753947   0.00341691
  -0.0770246    0.0157538    -0.117439     0.133811
   0.0967433   0.00935686    -0.260364    -0.407929
 -0.00407416   -0.0419346    -0.137832  -0.00965173
    0.252714   -0.0263823  -0.00546733   -0.0915354
    0.014238    0.0670555    0.0028172    -0.198844
    0.228263   -0.0729406     0.266611     0.307259
    0.183722    0.0147688    0.0158107    0.0908569
   0.0689437    0.0466572     -0.01884   -0.0272133
    0.164992    0.0484624    -0.098329    0.0687152
   0.0101586    0.0978585    0.0931596   -0.0174702
   0.0122588  -0.00682316       -0.253     0.112495
   0.0361195  0.000970402    -0.126696     0.174825
  -0.0287682     0.038706    0.0812655    0.0616896
    0.275086    0.0556707   -0.0698356     0.308526
    0.121476   -0.0431012    -0.135466     0.110108
   -0.204533    0.0534783   -0.0899307    -0.252539
 -0.00314714   -0.0893502  -0.00429471     0.102604
  -0.0974282    0.0736744  -0.00739981    -0.114331
   -0.192584     0.047049   -0.0174426    -0.148505
    -0.11105     0.080955   0.00551078  -0.00228222
  -0.0314954     0.054298   -0.0628781   -0.0695709
  -0.0353466   0.00755768    0.0449922     0.125044
   -0.194864     0.140954   -0.0470273    -0.366551
    0.104487   -0.0201277    -0.151345   -0.0256505
   0.0705681   -0.0605286   0.00595384  -0.00355218
  -0.0050946   -0.0266064    -0.219585    0.0549314
  -0.0260488    0.0735637    0.0740291   -0.0344858
    0.157152   -0.0157551    0.0588375   -0.0165694
   -0.163126    0.0758034    -0.114245    0.0018099
   0.0853886     0.113859    -0.174303    0.0476425
    -0.14389    0.0989142    0.0288626   -0.0859556
  -0.0734408    0.0278231     0.140674      0.18342
   0.0182417    0.0418327     0.209085    -0.350796
   0.0851483   -0.0451423    0.0202131    0.0686752
   0.0107415    0.0322537     0.163618     0.402909
  -0.0762906    0.0574923   0.00949571    -0.171394
  -0.0832867    0.0458163     0.208955     0.182602
   0.0895279    -0.022378   -0.0950548     0.349926
   0.0165967   -0.0656425   -0.0824368     0.165744
   -0.144147   -0.0129583    -0.273975 -0.000120499
  -0.0657092    0.0623781    0.0946782   -0.0654281
    0.217773   0.00300957    -0.439617    -0.180583
    0.275473    0.0922143   0.00621051    -0.150143
    0.043824   -0.0653741    -0.403474     0.175994
    0.145259    0.0620777   -0.0757909   -0.0605711
    0.110471   -0.0496459     0.111546     0.265478
   0.0145217    0.0520838     0.025907      0.14248
  -0.0608956    0.0286426   -0.0816476     0.231017
   0.0689236    0.0983358    -0.035706     0.130068
   0.0595939    0.0436272     0.106195    -0.104724
   0.0586719   0.00182233    -0.129342     0.131974
  -0.0580436    0.0252647   -0.0642786     0.148271
   0.0591637   -0.0443289   -0.0821712     0.148988
  -0.0361463    0.0260489    0.0315081    -0.121047
 -0.00690724   -0.0176398    0.0144591   -0.0354551
  -0.0283619    0.0724201    0.0859828     -0.15639
    0.103889    0.0229656      0.11576    0.0156646
   -0.297832     0.158411    0.0217956    -0.384681
  -0.0238411    0.0180759    0.0918492       0.2009
  -0.0388405    -0.004085   -0.0997457   -0.0268043
  -0.0637186     0.133638     0.226824     0.154841
   -0.192224    -0.035308   -0.0712746     -0.38386
   -0.464101     0.113309   -0.0138795     -0.21947
  -0.0271252    0.0147145   -0.0175224   -0.0831951
 -0.00397304    0.0512817    0.0378622    -0.160549
   0.0039516    0.0664377     0.274227   -0.0150106
  -0.0354191    0.0725402    -0.115867    0.0433662
  -0.0848338   -0.0385864   -0.0904728   -0.0313197
 -0.00384526    0.0349891    -0.046425   -0.0123576
  0.00126415    0.0413168    0.0193259    0.0254313
    0.571786    0.0339981   -0.0794369    -0.150663
   -0.304664     0.151825    -0.032411    -0.185449
    0.247919    -0.062446      0.12714     0.347593
   -0.012561    0.0111856    0.0894883   -0.0396886
    0.126379    0.0900562   -0.0874413    0.0182205
    0.179253    0.0243131   -0.0612952    -0.156163
   0.0792288   -0.0654399   -0.0577437    0.0176037
 -0.00847124      0.10884     0.193717     0.101211
   -0.264753   0.00253411     0.119763   -0.0823088
   -0.407299   -0.0424927     0.464547   -0.0587546
  -0.0890421    0.0664042   0.00426567    0.0118557
  0.00916473    0.0348471     0.179731   -0.0315773
    0.225326    0.0773157    -0.120532    0.0328191
    0.201025  -0.00699396     0.288114     0.143062
  -0.0957654    0.0565217     -0.11785    -0.185424
  -0.0582185   -0.0417938    -0.187303      0.18124
   -0.012347   -0.0277845    -0.157075    -0.226262
  -0.0870304   -0.0189927    0.0417107     0.107013
    -0.11049   0.00752183    -0.122363     0.092012
  -0.0939048     0.090422  -0.00317055    -0.420515
   0.0175686    0.0485632   -0.0330104    -0.133492
  -0.0825172   -0.0251042     0.258163     0.324002
   0.0918115   -0.0325438     0.030289    -0.138793
  -0.0622788    0.0599637    -0.141229    -0.160832
  -0.0174341    0.0179608    -0.069141    0.0726744
   -0.210279    0.0970707    0.0721526    -0.441192
     0.16473    0.0836676     0.128195     0.189182
    0.142863    -0.211267     0.277486     0.301036
   -0.255521     0.100509    0.0883209    -0.151219
   -0.150816   -0.0104324    -0.120513     -0.31402
   -0.254092     0.017637     0.413175    0.0370419
    0.133751   0.00180441    -0.289386   -0.0165242
  0.00276417   -0.0699417   -0.0564837     0.173159
   0.0586576    0.0249358     0.207447    -0.238396
   0.0626887    0.0616733   -0.0308655    0.0970643
 -0.00870093     0.123844    -0.168701    -0.252523
    0.124031    0.0490198    -0.212664    0.0664577
   0.0612879   -0.0332209    -0.120923    0.0840276
   -0.101479    0.0724607     0.355163     0.121709
  -0.0452165     0.030533   -0.0510967   -0.0537561
  -0.0381412    0.0418407     0.220351     0.253248
    0.249041    0.0405463   0.00523059     0.123425
  -0.0336535   0.00571792     0.168153    0.0609541
   -0.097011    0.0517941    -0.108145   -0.0669708
  -0.0102622    0.0874285    -0.232179     0.166695
    0.150812    0.0726446    0.0402543    0.0010186
   0.0348379    0.0340942     0.222856    -0.114041
   0.0803692    0.0509775    0.0286227     0.282594
  -0.0719305    0.0535688    -0.167625    -0.180882
    0.033678    0.0121321   -0.0761568   -0.0123186
    0.189335   -0.0707055    0.0576571      0.24645
   0.0413162  -0.00748264   -0.0250004     0.174072
  -0.0218049   -0.0662872     -0.14184     0.180258
   0.0352073     0.053973    -0.113971   -0.0953049
    0.163209   -0.0506186    0.0589675    0.0600626
    0.184554   -0.0209884    -0.178591     0.304771
   0.0818727   -0.0734666    0.0113412     0.244282
  -0.0608666   -0.0204092    -0.343626    0.0539367
  -0.0572092    0.0763067    0.0160348    -0.309052
   -0.271384    0.0226741    -0.184934    -0.183065
    0.188576   -0.0557678    0.0304113     0.113998
   -0.126456    0.0607141     0.156945    -0.174754
   -0.109586   -0.0122588     0.105923      0.37085
  -0.0425387  -0.00875932   -0.0633823    -0.232742
   0.0969446  -0.00772849     0.136846    0.0531939
    0.011678    0.0172075   -0.0262113    0.0605278
    -0.11445  -0.00669667   -0.0393247    -0.169971
  -0.0575963   -0.0240737  -0.00462748    0.0519585
    0.124952    0.0496775    0.0913436     0.139539
  -0.0696962   -0.0669039    -0.188501     0.231663
   -0.146193     0.112415   -0.0770914    -0.240914
  -0.0177044     0.056494    0.0830324     0.174731
   0.0738634   0.00645697    -0.208654    0.0730025
   -0.264615    0.0407309     0.105699    -0.253222
  -0.0309872   -0.0683016   -0.0218067     0.241677
     0.14116   -0.0988779    0.0324499    0.0588177
   0.0903008    0.0537764     0.132717    0.0336557
    0.119447    0.0777118    0.0625926     0.340417
    0.124671    0.0230566    -0.057362    0.0726441
   -0.088361    0.0736381    0.0924176    -0.118364
    0.175766   -0.0308434     0.136856     0.224415
   0.0862701    0.0550279   -0.0460088   -0.0489545
   -0.106855  -0.00658791     0.138821    -0.269045
   -0.128224   -0.0128484   -0.0257246     0.129495
  -0.0238704   0.00218351   0.00236388     0.129559
    0.239606    0.0794283   -0.0768957    -0.187555
   0.0204278     0.067542    0.0585729     0.134347
    0.131892    0.0430885     0.143227    0.0897647
    0.228817     0.042423     0.238927    -0.151813
   -0.178365    0.0419821    0.0805552     0.272287
    0.160905    0.0455822   -0.0723516     -0.12075