    0.107872     0.013925   0.00974703    0.0685996
   0.0328868   -0.0907882     -0.04877    0.0688802
  -0.0660648     0.112601   -0.0634808   -0.0108746
   0.0735351   -0.0212311   -0.0163256   0.00522075
    -0.02968     0.165841   -0.0758977    -0.086471
    0.107004   -0.0107767    0.0953107     0.113998
    0.171619     0.062273    0.0687505   -0.0155112
 0.000232636     0.178731    0.0374706    -0.138656
 0.000626847     0.085196  -0.00171315   -0.0800955
    0.097895     0.110862   -0.0137965   -0.0265789
  -0.0132129    0.0363473    0.0227166    -0.106429
   0.0487746   0.00769142     0.126457    0.0286167
   0.0457629    0.0404288    0.0338089    0.0535789
   -0.162914     0.326656    -0.280699    -0.234803
   0.0619315    0.0970978    0.0558452   -0.0642801
  -0.0910268    0.0833642   -0.0855476    -0.146187
    0.103415    -0.195679      0.14374     0.154253
   0.0793485   -0.0943493    -0.030414  -0.00863953
  -0.0755622    0.0846578   -0.0561337  -0.00509281
   -0.106272   -0.0423165   -0.0174167    0.0629387
  0.00183796   -0.0204031     -0.02166   -0.0496831
  0.00442826   -0.0111797   -0.0353134    0.0208602
    0.136928    0.0770447     0.110696    0.0217115
   0.0315248    -0.112035    -0.108046   -0.0188565
   0.0427137    0.0695235   -0.0735779   0.00389278
  -0.0423717    0.0454236   0.00781666   0.00755106
   0.0258147     0.104924   -0.0493114   -0.0164157
   0.0834313     -0.10823    0.0539375     0.086164
   0.0818959   -0.0938515    0.0542698     0.185449
  -0.0451821     -0.18144  -0.00909077     0.127262
  -0.0203743   -0.0389734    0.0199104     0.064273
   0.0378934    0.0023074   -0.0367258   -0.0560117
    0.153442    -0.145471     0.116087      0.14067
   0.0278728   -0.0596324    0.0206236   -0.0868075
  -0.0279984    0.0301821    0.0501171    0.0488825
  -0.0045248    0.0828858   -0.0408876   -0.0703277
   -0.053707  -0.00113505   -0.0154788      0.13267
    -0.10565   0.00138965   -0.0469011     -0.05048
   0.0808367    0.0476629    0.0568452   -0.0248433
   0.0316231    -0.142631   0.00798079  -0.00474395
   0.0855402   -0.0123588    0.0593995   0.00601436
   0.0184214     -0.11796     0.149911     0.129926
    0.023957    0.0151309     -0.12437    -0.120402
  -0.0518595   0.00154013    0.0366277   -0.0662719
   -0.174536  -0.00584035    -0.119085    0.0277535
    0.153056    0.0946055     0.144527    -0.106247
  0.00846922    0.0399714   0.00889484    0.0479125
   0.0401489    0.0190809   -0.0130425   -0.0570985
  0.00899639     0.150926    -0.119032   -0.0414565
   0.0403339   -0.0726103   -0.0318174    0.0220157
   0.0832393   0.00515545   -0.0589135   -0.0452627
  -0.0830364   -0.0287792   0.00971518   -0.0306924
 -0.00829545    0.0596299    -0.047715   0.00226639
   -0.105332    0.0350694    -0.105092    0.0465801
    0.130241    -0.162946    0.0790966    0.0492278
  -0.0180327    0.0493787  -0.00308669   -0.0672616
  -0.0410144     0.113404   -0.0137575    -0.128446
  -0.0741115    -0.160582     0.026113     0.040653
   0.0874103   -0.0423979     0.151797    -0.029395
    0.134466    -0.116781   -0.0780497    0.0431753
   0.0466285   -0.0433944     0.005317   -0.0074737
   -0.118628     0.116442   -0.0952763    -0.135782
   0.0343621   -0.0616057    -0.006255   -0.0174078
  -0.0237664    0.0708979   -0.0195213    0.0708216
     0.15172    0.0846273    0.0662328    -0.011848
   0.0328539    0.0675649   -0.0310465    -0.102077
  0.00693669  -0.00165012    -0.103719   -0.0366634
   0.0390583    0.0500333    0.0279016    -0.056804
   0.0694763     0.141968    0.0574493   -0.0757836
   0.0573371     0.138415   -0.0448412   -0.0980945
   0.0819976 -0.000501511    0.0432772   -0.0564126
 -0.00393508  -0.00877065  -0.00564628    0.0769999
    0.147846      0.11851    0.0467664     -0.10831
   0.0386726    0.0364155    0.0758072   -0.0167072
   0.0973389   -0.0214933   -0.0238394    -0.106741
   0.0134662    0.0453913    -0.116691    -0.105119
  -0.0476315   -0.0822279     0.109459    0.0340086
   0.0257906   -0.0427746  -0.00596182    0.0688981
  0.00893919     -0.02825   -0.0295898    0.0630708
  0.00536982   -0.0731452    0.0745094    0.0317812
  -0.0998955    0.0435775  -0.00617054    0.0232451
   0.0463503     0.087653   -0.0123824   -0.0102147
  -0.0474815    0.0302287   -0.0206444    0.0451608
   0.0141126     0.068309   -0.0952028    0.0664811
    0.179627   0.00688366   -0.0924851   -0.0349943
   0.0206415   -0.0553648   -0.0314457    0.0417909
    0.127686    0.0998194    0.0245963  -0.00461671
    0.268853    -0.063637    0.0885805     0.139387
  -0.0331353    0.0714055     0.100393  -0.00611798
  -0.0759767   -0.0417119   -0.0787357   -0.0777289
   0.0890729   -0.0238017     0.118864     0.053112
   0.0191897    0.0169137    0.0329966    0.0135588
  -0.0042495     0.090209    0.0551091   -0.0683135
    0.101382   -0.0834277     0.122484    0.0740393
    0.122321   -0.0521129    0.0667222   -0.0393962
   -0.151909   -0.0149436    0.0135074   0.00217115
   0.0393342    0.0487031    0.0718294     0.011371
   0.0355754     0.023337   -0.0632351  -0.00541233
    0.123243    -0.181924    0.0290451     0.151631
   0.0369086   -0.0368503   -0.0154958    0.0147421
    0.149858   -0.0281203     0.140307   -0.0116835
   0.0317759    0.0438809   -0.0939864    -0.014231
   0.0726222     0.035366   0.00495143   -0.0631574
   0.0289645      0.06065    0.0641266   -0.0383699
    0.102929   -0.0265174     0.104306    -0.085994
    0.127145   -0.0493273    0.0721114    0.0475703
    0.126408   -0.0486067    0.0717868    0.0876728
   0.0796672    0.0234103   -0.0124346   -0.0275057
   0.0455614     0.138743     0.110662     -0.03309
    0.128053     0.167207    0.0151001    -0.206218
   0.0447581    0.0222667     0.092147   -0.0395827
    0.131181   -0.0973682   -0.0143493   -0.0161491
   0.0594126    0.0164899 -9.23428e-05   0.00392948
  -0.0559678   -0.0470315  -0.00427807   -0.0471785
   0.0845826   -0.0206051    0.0232954   -0.0290003
  -0.0790365    0.0925039   -0.0608221   -0.0969304
   0.0569448    -0.079716  -0.00340025   -0.0637819
   0.0527115    0.0586121    0.0512882   -0.0637291
    0.121868   -0.0134215    0.0538846    -0.108248
    0.124798   -0.0756145     0.021513   -0.0128874
   0.0388947   -0.0236025    0.0754912   -0.0962159
    0.106562     0.121801   -0.0235685    0.0177056
  -0.0794351     0.110402   -0.0616389   -0.0382182
   0.0498048   -0.0193148    0.0462743    0.0319127
  -0.0487071     0.146121   -0.0945661    -0.111474
   -0.313949    -0.014626    -0.216813    -0.224735
   0.0812897    0.0848258   -0.0377961    -0.125036
    0.106114   -0.0722779    0.0913812    0.0921881
   0.0439992    0.0860491   -0.0760065     -0.10599
   0.0543148    0.0697284   -0.0542957   -0.0213338
    0.115641    -0.136913      0.04352     0.050245
   0.0136774    0.0180261   0.00267294   -0.0874973
  -0.0479865    0.0127443   -0.0649497   -0.0268253
    0.113298    0.0120797    0.0884757   -0.0548155
     0.14471    0.0544171   -0.0132923    0.0013947
   0.0122621    0.0521318    -0.031115   -0.0666643
   0.0264855    0.0307412  0.000455105     0.016965
    0.108468   -0.0165476     0.089737   -0.0495119
   0.0462897   -0.0325045   -0.0125772   0.00631865
  0.00313394    0.0410895    -0.140481   -0.0566774
   0.0103741   -0.0746221    0.0595681    0.0876739
    0.191084    0.0750663    0.0142707   -0.0069592
   0.0769133    0.0622515   -0.0383329   -0.0330275
    0.190611   -0.0241126     0.150613    -0.119181
    0.021163   -0.0123079    0.0479832     0.145549
  -0.0397764   -0.0223036   -0.0554982   -0.0252046
  -0.0223933    0.0538777   0.00032008    0.0754749
   0.0979919     0.103558    0.0427493   -0.0142921
 -0.00596552    -0.111541    0.0955943     0.135398
  -0.0815131     0.113597   -0.0327979   -0.0396522
    0.162475    0.0838686    0.0921087   -0.0434346
  -0.0269528     0.132297    0.0264655    0.0125754
   0.0639854    -0.108728     0.110166     0.141124
   0.0148237    0.0809505    0.0120234    0.0237203
   -0.120007      0.10051    -0.120242    -0.120736
    0.145633   -0.0176964   -0.0252345     0.115099
   -0.016078   -0.0360248   -0.0246152    0.0486825
  -0.0974945   -0.0174857    -0.049906   -0.0304636
    0.132985     0.053414    0.0107766    0.0386406
  -0.0389505     0.117472    -0.063925    -0.132288
    0.102836   0.00448724   0.00100443   -0.0513072
   0.0831183    0.0224806    0.0356143   -0.0783441
   -0.019018     0.050784   -0.0766794    -0.114139
  -0.0779415    0.0260969   -0.0631847    -0.109469
   0.0993148   -0.0509306    0.0865581    0.0258188
  -0.0192877      0.10219   -0.0415548   -0.0280004
  -0.0451307    -0.125739     0.043341    0.0229959
    0.145834    0.0193499   -0.0133314  -0.00765286
    0.119486    0.0364763    0.0879451   -0.0118618
    0.031326   -0.0419078   -0.0173362   -0.0118092
   0.0279874    -0.106504    0.0177535    0.0830534
 -0.00151088    0.0987539   -0.0125125    0.0777011
    0.133294    0.0126105    0.0420353   -0.0482192
   0.0492776   -0.0735437  -0.00859943   -0.0608719
   0.0135526    0.0702716  -0.00745556    0.0393393
   0.0785409      0.06973    0.0938718   -0.0833673
    0.186449   -0.0701544    0.0447197   -0.0698463
  -0.0235361     0.211491    -0.166406   -0.0414114
   0.0738566      0.05753    0.0132941    0.0559815
  -0.0489514    0.0202474   -0.0049408   -0.0481314
 -0.00124775    0.0475638   -0.0330903     0.063104
 -0.00402167  -0.00780615   -0.0327742   -0.0425015
  -0.0337528   -0.0290496   -0.0303769     0.110427
    0.102809   -0.0158676    0.0825798     0.106473
   0.0012594    0.0248415    0.0102339    0.0607148
 -0.00736095    0.0645338    -0.038885   -0.0981893
    0.250246    -0.154198      0.26887     0.077274
   0.0473649   0.00177815  -0.00335424    0.0500113
   0.0936368   -0.0280148    0.0466681    0.0669474
   -0.120122     0.062015    -0.128188    0.0312956
  -0.0124698     0.252242    0.0834747   -0.0910802
  0.00252731     -0.11425    0.0297894     0.188468
  0.00924036   -0.0417113    0.0481388   -0.0857036
   0.0992614     0.104467    -0.025205   -0.0996004
    0.200512    0.0332317   0.00289863      0.12506
  -0.0390698    0.0595324    0.0380915   -0.0625583
   0.0320359  0.000159249    0.0604363     0.173994
   0.0346876    0.0164753    0.0057523   -0.0173899
   -0.011725     0.118191    -0.123588     -0.10781
  -0.0371417   -0.0147957   -0.0615243     0.056044
   0.0543608    0.0363629    0.0325722  -0.00258291
  0.00741565  -0.00142608 -0.000437782    0.0211705
    0.124497    -0.121194    0.0884168     0.102178
   0.0811085    0.0806061   -0.0330389    -0.139137
    0.156141   -0.0405087     0.143308     0.125339
    0.059929    0.0471055    0.0912839  -0.00144402
   -0.020454     0.169194    -0.103188    -0.145054
   0.0692453   -0.0209999   -0.0696752   -0.0150585
    0.207125    0.0730017     0.117338    0.0217881
    0.077572    -0.102979    0.0315136   -0.0392434
   0.0829824    0.0892199    -0.095633    -0.151196
    0.103759    0.0823164    0.0393071  -0.00996811
  -0.0853013   0.00432024    0.0140541    0.0264979
   0.0810691    -0.060908    0.0409825   0.00150993
   -0.105031   -0.0909719   0.00566462    0.0295735
    0.147918   -0.0927635    0.0415065   -0.0463091
   -0.285751    0.0230684   -0.0856352    0.0269012
   0.0254652   -0.0483684    0.0369724    -0.102858
  0.00500432   -0.0346639    0.0362133    0.0312116
    0.123105   0.00858501    0.0942048    0.0151321
  -0.0760966    0.0274863     0.014141   -0.0357405
  -0.0326431   -0.0371541   0.00878298   -0.0280167
  -0.0313565   -0.0411554   -0.0351525   -0.0352171
    0.114975   -0.0697826    0.0753138   -0.0557461
   0.0297064  -0.00216941   -0.0361125    0.0128574
  -0.0487052    0.0173954   -0.0409161   -0.0046689
   0.0672038    0.0250273    0.0294527    0.0323526
  -0.0158709    -0.149425    0.0249882    0.0304571
   0.0523418    0.0209256    0.0391772    0.0317405
   0.0228294   -0.0652995    0.0753355    0.0435533
   0.0822601   0.00184736   -0.0115387    0.0441059
   0.0975317   -0.0749508     0.113902   -0.0298448
  -0.0563248  -0.00208841   -0.0436555  -0.00634389
  0.00214048    0.0534652   -0.0268883     0.019904
  -0.0147616     0.021825   -0.0129652    0.0141973
 -0.00461244   -0.0807857   -0.0916166   0.00714287
   0.0389932   -0.0379089   -0.0424812     0.059742
   -0.074789    -0.127218    -0.101573    -0.021831
   0.0418227   0.00961654   -0.0492859   -0.0731808
   0.0461732    0.0476592   -0.0391826    -0.096893
    0.145827   -0.0278608    0.0816864    0.0264561
    0.155621   -0.0533887    0.0513212     0.063074
   -0.209586    0.0371405   -0.0710745    -0.127633
   0.0034044   -0.0651157   0.00224046    0.0178562
  -0.0728498    0.0432816    0.0139208    0.0773255
 0.000474765 -0.000407525   -0.0177282    0.0678347
   0.0540512     0.035665    0.0163833    -0.124349
   0.0250222    0.0110614    0.0672749    -0.118387
    0.151758   -0.0505285    0.0404975   -0.0703546
    0.100737    0.0293737   0.00344727   -0.0500221
   0.0603534     0.027837 -0.000337113   -0.0986001
   0.0602458    -0.107252   -0.0213036    0.0546041
  -0.0845825      -0.0224   -0.0630172    0.0151662
  0.00220969   -0.0364256  -0.00719684   -0.0969158
   0.0166536   -0.0390866    0.0609596   -0.0862705
   0.0771434     -0.04218  -0.00477369   -0.0493493
  -0.0428628    0.0782733    0.0422398   -0.0400531
   0.0496218    0.0363393   -0.0251569   0.00872632
  -0.0609743    0.0137572    0.0120276   -0.0475077
   0.0870593   -0.0528408   0.00663688   -0.0413342
    0.184076   -0.0452591      0.13602    -0.015052
    -0.14483   0.00998463   -0.0222615    -0.117982
  0.00362273   0.00194706   -0.0609403    0.0344582
  -0.0152537     0.170007    0.0427339    0.0183844
   0.0947884     0.147561   -0.0128065     -0.10269
   -0.105567  -0.00052049   -0.0947568   -0.0306241
   0.0249824    0.0647063    0.0317621  -0.00127805
   0.0377883    -0.102333    0.0580867     0.148127
   -0.107347   -0.0906976   -0.0261556    -0.071456
   0.0258603  -0.00686936   -0.0713412   -0.0581728
   0.0191207     -0.01969  -0.00963791   -0.0953192
   -0.168016     0.120678    -0.145269    -0.188274
 -0.00604996    0.0871713   -0.0519383     0.127461
   0.0640331   -0.0166198   -0.0567433    0.0268583
  -0.0481745    0.0986763     -0.18556   0.00783134
   0.0460557   -0.0317756    0.0680118    0.0997721
 -0.00136767    0.0695138   -0.0329015   -0.0982365
  -0.0591536    0.0139239    0.0382819    0.0159918
   0.0621149    -0.139512    0.0352512   -0.0701709
     0.06896   -0.0566528    0.0809993    0.0430538
   0.0393059   -0.0644756    0.0469488   -0.0493133
   0.0292089    0.0191384   -0.0116862  -0.00317809
   0.0228436   -0.0158747    0.0395587    0.0146807
    0.044659   -0.0504331    -0.065956   -0.0309911
  -0.0876122   0.00787758   -0.0309906   -0.0865331
   0.0795036     0.107592    0.0771342   -0.0935107
   0.0180493   -0.0524924    0.0123145    0.0475221
   0.0328726    0.0267619  -0.00184128     0.080322
   0.0319585   0.00355589    0.0267609   -0.0195759
  -0.0129138     0.132267    -0.166491    -0.148037
 -0.00442393   -0.0279031   0.00281959   -0.0394016
   0.0221302    0.0791188   -0.0580041    0.0552667
  -0.0264415    0.0178499    -0.012509    -0.110718
    0.016615    0.0105385    0.0554141    0.0330091
    0.105477   -0.0646608    0.0607337    -0.021435
     0.04948   -0.0515781    0.0106592     0.042417
   0.0946464  -0.00367052     0.145442     0.108653
   0.0749549     0.102407   -0.0313779     -0.06762
    0.112162     0.105086 -0.000199279    0.0679214
  -0.0771406     0.129611    -0.140536   -0.0954042
   0.0361733   -0.0792553    0.0478412   -0.0476865
   -0.121092    0.0481975   0.00808249   -0.0465285
   0.0587908   -0.0938393     0.037524    0.0904686
   0.0723373   -0.0043092    0.0348284    0.0742344
   0.0401173   -0.0272146   -0.0145074    0.0226411
   0.0388755    -0.100305   -0.0216434     0.060413
 -0.00202795   0.00314821  -0.00958338    -0.016749
   0.0532532    0.0665515   -0.0138977   -0.0854542
   0.0348399   -0.0203208     0.122671   -0.0806663
  -0.0328856    0.0413321    -0.048061    -0.135063
  -0.0850543     0.170288   0.00319114  -0.00974409
   0.0440398   -0.0108768    0.0558465    0.0402472
  -0.0812698    0.0493843   -0.0157701   -0.0551082
  -0.0205873    0.0936301  -0.00881827   -0.0338718
    0.123197     0.112351      0.02429    -0.141888
    0.143282    0.0958966   -0.0344831   -0.0629699
   0.0565694   -0.0812154   -0.0221218    -0.122564
  -0.0145983     0.135157   -0.0176241   -0.0341092
   0.0445545    0.0693082    -0.020998   -0.0467386
    0.150326  -0.00372676    0.0885729 -0.000559666
  -0.0555186  6.33999e-05  -0.00268413   -0.0470228
   0.0155194   0.00490744   0.00411249   -0.0445429
    0.130613   -0.0503451   -0.0122833    -0.117027
   0.0645052    0.0648398  -0.00244362   -0.0618124
   0.0855599    0.0944978     0.138342    -0.129576
    0.122637   0.00479338    0.0557642   -0.0534273
   -0.175691     0.392763    -0.284536    -0.237845
  -0.0416151   -0.0328713    0.0406837     0.157858
  0.00750327    0.0496879    -0.101166    0.0184393
 -0.00722593   -0.0449237     0.102588    0.0438013
   0.0759728   -0.0346434    -0.046122   -0.0313908
   -0.079416     0.113676   -0.0955957    -0.117299
  -0.0574027     0.130273    0.0638896   -0.0406896
  -0.0707085   -0.0814833   0.00232335   -0.0199142
   0.0492519   -0.0823379    0.0791214     0.089693
    0.175811     0.152728    0.0210524   -0.0848353
  -0.0852924    0.0355427    0.0396447     0.188742
   0.0835502    0.0427636    0.0267537   -0.0798073
     0.13906    0.0341153   -0.0173058    0.0666391
   0.0651439   -0.0512917  -0.00951874    0.0440216
  -0.0508873    -0.053671    0.0446105    0.0635893
    0.139004    -0.027176   0.00366786   -0.0460182
   0.0819827    0.0184312    0.0471617    -0.028351
   0.0699909    0.0386633    0.0207241    0.0639769
   0.0132606    0.0967674   -0.0250262   -0.0601477
   -0.128703   -0.0104992    -0.152047     -0.20744
   0.0199278    0.0631003    0.0556915   -0.0803673
    0.074413    0.0448373    -0.036851    -0.236757
  -0.0158632    -0.024302    0.0318382   -0.0609693
  0.00762804    0.0139693     0.077415    0.0972496
 -0.00694344    -0.144669   -0.0165499    0.0135159
    0.116965     0.123855   -0.0158647   -0.0833409
  -0.0931658     0.192411   -0.0717183   0.00820956
    0.073444     0.127772    0.0292833   -0.0261835
    0.166608    0.0408074     0.074577   -0.0222422
   0.0457127  -0.00617288    0.0295119    0.0548769
   0.0404448      0.23312    0.0650777    -0.189286
   0.0133746     0.105913     0.066937   -0.0262067
  -0.0436735     0.116976   -0.0447524   -0.0282266
   -0.123109   -0.0348346  -0.00502117    0.0540926
    0.137566   -0.0324622     0.128817  -0.00907201
  -0.0781205    -0.195334    0.0482769    0.0772621
   0.0117412    0.0249218   -0.0243645   -0.0011823
   0.0771361    0.0814401    0.0327879   -0.0433335
   0.0569216    0.0305414   -0.0625253   -0.0488218
   0.0590174    0.0370244    0.0582005   -0.0438428
    0.152623    0.0238622    0.0486406 -0.000385349
   0.0157535   -0.0152178   -0.0253054    0.0504562
   0.0147986   -0.0388097    0.0649592    0.0977595
  -0.0168944    -0.116997    0.0272367     0.112406
   0.0494348    0.0394492   -0.0345279    0.0185002
     0.17556   -0.0298587     0.121579    -0.110699
   0.0328202    -0.038209    0.0663427   0.00511424
   0.0738901     0.038483    0.0816339     0.055622
   -0.125385    0.0885218   -0.0537922   -0.0283189
  -0.0830529  -0.00461216    -0.129579   -0.0283883
  -0.0982633   -0.0621404    0.0137755   -0.0728647
  -0.0215806  -0.00431895   -0.0237764   -0.0500467
   0.0591853    0.0148081   -0.0290885    0.0293122
    0.158835   -0.0673286    0.0359701    0.0952585
  -0.0234037     0.136607   -0.0347874     0.011313
    0.204841    -0.062039    0.0712639    -0.103202
  0.00122474  -0.00807512   -0.0116129   0.00112079
    0.184152   -0.0439665    0.0589349   -0.0138546
   -0.107895   -0.0645912    0.0345632    0.0131022
    0.197189   -0.0873764    0.0476735    0.0229533
  -0.0646355   -0.0262645    0.0257562  0.000806922
   0.0979068    0.0073452    0.0114496    0.0639292
   0.0789125    0.0680058    0.0300221   -0.0252677
   0.0513475  -0.00971664   -0.0416752   -0.0158821
  -0.0282081    0.0475456    0.0268317    -0.168365
  0.00751292  -0.00683265   -0.0424607   -0.0317314
   -0.135537     0.116583   -0.0342888   -0.0742807
   0.0348369    0.0652576    0.0985965    0.0379251
    0.109582    0.0635519   -0.0363843    -0.109167
  -0.0197303    0.0650003   -0.0266132   -0.0298066
     0.11682    -0.108049   -0.0124266   -0.0285455
  -0.0745123    0.0119825   -0.0591288    -0.106921
   0.0486452   -0.0141706     0.035677    0.0431925
   0.0374165    -0.179566    0.0304496    -0.147266
   0.0455779    0.0971788    0.0233297   -0.0997418
   0.0220323  -0.00491944   -0.0873385    -0.103071
   0.0206903    0.0204328   -0.0215375   -0.0764548
    0.072653     0.197633    0.0594679    -0.084128
  -0.0520304    0.0828517    0.0450052     -0.16007
   0.0864316    -0.117492    0.0344267     0.013222
  -0.0944664   -0.0864503   -0.0158549   -0.0045173
   0.0488079    0.0932976   0.00982678  -0.00941973
   0.0408837     0.109739   -0.0144695    -0.155742
    0.105721   -0.0286822    0.0251777  -0.00498857
    0.105384   -0.0533639    0.0638158   -0.0295422
    0.118141   -0.0123318      0.10783     0.112476
  -0.0528601   -0.0025207    0.0609957    0.0114938
  -0.0396046    0.0603449   -0.0296696  0.000466994
  -0.0133898   -0.0129836   -0.0203209    -0.031901
   0.0547042   -0.0586355    0.0743592   0.00904089
   -0.104267   -0.0562869   -0.0610682    0.0473604
   0.0849219   -0.0735018   0.00862413      -0.0116
   -0.289833    -0.184662   -0.0945918    0.0204292
   0.0881776   0.00929948   -0.0746228    -0.115106
    0.183617   -0.0301315   -0.0517656    0.0430227
    0.162079    -0.157345     0.113856    0.0561391
    0.075323    -0.162989    0.0171306    0.0362805
      0.1087   -0.0139202    -0.022343    0.0016682
   0.0521727    0.0606543  -0.00613717   -0.0116675
  0.00377863      0.31436    0.0753557   -0.0875265
  0.00213406     0.241785     0.019683    -0.127081
    0.121812   -0.0908928     0.083638    0.0127007
   0.0199122    0.0706699   -0.0628581    -0.193054
   0.0548517   -0.0440556    0.0677535   -0.0505461
   0.0268152    0.0469581    0.0359864    0.0358937
  -0.0438672    0.0515246    0.0688865   -0.0600487
    0.091597   -0.0340702     0.155169    0.0951431
    0.191963   -0.0371391     0.102159   -0.0183305
  -0.0310425 -0.000479351    0.0132964    0.0251363
  -0.0121297    0.0240469    0.0438438    0.0132572
   0.0305191   0.00130992    0.0306535   -0.0469972
   0.0675903    0.0286306   0.00816778    0.0551368
   -0.101126    0.0235596    -0.164404   -0.0100411
    0.010878    -0.155155    0.0419179    0.0374107
  -0.0104091    0.0851498   -0.0869645    -0.122914
   0.0462773    -0.116585    0.0637079    0.0999183
   0.0545968   -0.0324873    0.0129294     0.104044
  0.00394027     0.090533   -0.0149934   -0.0900555
    0.239667    -0.144156     0.119151  -0.00387259
   0.0434625    0.0466232   -0.0478574   -0.0116314
  -0.0630074   -0.0273163   -0.0402765   -0.0294158
   0.0622418     0.187657    -0.059982  -0.00653328
   0.0769972    -0.104407    0.0747823     0.101798
   0.0458882   -0.0896442     0.117854    0.0200785
   0.0286274    0.0536612   -0.0106273     0.105589
   0.0047978    0.0640664   -0.0799259   -0.0566075
  -0.0576522  -0.00907285   -0.0352759   -0.0760613
   0.0713839   -0.0537565    0.0406997   -0.0775786
   0.0435535    -0.129737   -0.0257851    -0.022547
  -0.0409678     0.119636     -0.12156   -0.0426891
  0.00261125  -0.00274347   -0.0152107   -0.0241356
    0.208753     0.175811    0.0971442   -0.0753389
    0.205306   -0.0588538    0.0347643    0.0276221
   0.0343079   -0.0379112   -0.0242382 -0.000794088
 -0.00615399   -0.0247016    0.0396468    0.0464693
  -0.0502086    -0.054592   -0.0452952    0.0038476
    0.209807     0.102433    0.0265061    0.0424496
  0.00765849     0.148653    0.0153106   -0.0128492
    0.132525     0.094089    0.0278209  -0.00571234
  0.00778143     0.158859    -0.184031    -0.198351
    0.123049    0.0108871    0.0185137  -0.00136976
    0.138916  -0.00657139     0.103069    0.0342798
    0.188386    -0.003504     0.095752     0.040951
     0.16242   -0.0344414  -0.00402949     0.128243
   0.0255286  -0.00453772   -0.0480635    0.0171968
-0.000799773    0.0491184    -0.132893   -0.0966681
   0.0104057     0.123046    -0.035159   -0.0476768
    0.024035   0.00857765    0.0118435    0.0453145
   0.0262318    0.0539711    0.0281434   -0.0235057
   -0.140094    -0.122196   -0.0694756    0.0524907
  0.00978242    0.0628147  -0.00365734   -0.0258255
    0.111885   -0.0649644    0.0312925    0.0292879
    0.121803     0.270359    0.0813625   -0.0953995
  -0.0516036    0.0247721   -0.0877769   -0.0549995
   0.0304586     0.176564   -0.0934229  -0.00407357
  -0.0585098     0.184091    -0.025672    -0.201531
    0.166216   -0.0175245    0.0439956    -0.104987
   0.0153301    0.0146855     0.037025   -0.0951259
  -0.0199046     0.123762   -0.0468411   -0.0856419
    0.146346   -0.0407565     0.104391    0.0469434
    0.143647   -0.0836782   0.00626388    0.0122224
   0.0365495    -0.014998    0.0359091    0.0355001
    -0.15592    0.0899583   0.00153019   -0.0534633
 0.000392264   -0.0793773   0.00384484    0.0762659
    0.197836   -0.0710854    0.0412736   -0.0779912
  0.00132354    0.0944417   0.00719569    -0.126995
 -0.00372575    -0.046513   -0.0436095    0.0225587
    0.180735    -0.200285   -0.0586969   -0.0979085
   0.0903838   -0.0109021    0.0101852   0.00157963
     0.12999  -0.00312696    0.0114442     0.177162
   -0.134732     0.037026   -0.0761362   -0.0723446
   0.0341532  -0.00809547    0.0333664    0.0124444
  -0.0288753   -0.0088513    0.0661707   -0.0227541
   0.0181069   -0.0470589    -0.128818     -0.13862
    0.094394   -0.0590351   -0.0163129    0.0492372
  -0.0894406   0.00666581   -0.0754027   -0.0481478
  -0.0929151   -0.0154307   -0.0501088    0.0177532
   0.0461919    0.0651165    0.0554476    0.0178214
   -0.015008     0.132951   -0.0281724   -0.0320741
   0.0488006    0.0705446   -0.0457956  -0.00568907
 -0.00314884    -0.083553   -0.0510296    0.0448279
    0.033288   -0.0241408    0.0459779    -0.050862
   -0.022127    -0.123263    0.0624482    0.0498185
 -0.00892264   -0.0336658   -0.0217939    0.0967221
 -0.00180343    -0.112033   -0.0198755    0.0310031
    0.149342     0.200586     0.154738   -0.0821443