   0.0576422    0.0362837   -0.0250479   -0.0522435
   -0.112865   0.00241024   -0.0233375   -0.0243398
-0.000605999   -0.0616547    0.0422331   -0.0139564
  -0.0285702    0.0246353   -0.0922725    0.0524977
   0.0861883    -0.184669    0.0299177     0.212203
  -0.0846402     -0.21526    0.0227795   -0.0109473
    -0.22429    -0.144614   -0.0167908    0.0735497
  -0.0459362   0.00575067   -0.0104096   -0.0626579
  0.00403157   -0.0148079   -0.0136381   -0.0322885
  -0.0717079     0.102903   -0.0894002    -0.109584
    0.144275   -0.0289786   -0.0724999    -0.134827
  -0.0973861    0.0628056    0.0164593  -0.00606042
  -0.0224607    0.0360021    0.0735052   -0.0826934
     0.19398     -0.11778     0.134084   -0.0176499
  -0.0664791    0.0147142   -0.0462504   -0.0313496
   0.0413919   -0.0544756     0.137065   -0.0929156
   -0.174945   -0.0409086   0.00728507    0.0548307
   0.0764065    0.0321768   -0.0802421   -0.0276895
  -0.0582903  -0.00798678   -0.0784582   -0.0435032
   0.0595178    -0.155522     0.032999     0.103656
  -0.0765096   -0.0997762   -0.0311716   -0.0489643
   0.0956015  -0.00499831    0.0295245     0.031079
  -0.0863808   0.00196931    -0.096951   -0.0122513
    0.153465   -0.0240554    0.0183148    -0.101927
    0.177859    0.0338155   -0.0117513    0.0251083
   0.0526482    -0.198483    0.0546308   -0.0529345
   0.0997292   -0.0174149    0.0237385   0.00903388
    0.113594    -0.095022    0.0315416    0.0113387
   -0.059903     0.191931    -0.075847   -0.0883914
  -0.0147715  0.000688157    -0.118286   -0.0275278
  -0.0449667    0.0360226   -0.0322993      0.11441
   0.0786319     0.146319     0.082806     0.023085
  -0.0981255     0.170891  -0.00191228    -0.119629
   0.0455281   -0.0270756     0.105695    -0.153585
  -0.0350792   -0.0109489   -0.0894017    0.0648087
   0.0749031   0.00589439    0.0203386    -0.125294
  -0.0398242     0.107141   -0.0614248   -0.0234726
   0.0111142    -0.228913   0.00982311     0.198819
   0.0484024   -0.0844625    0.0443765    0.0157716
  -0.0244722   -0.0225247    0.0116752   -0.0140844
      0.1181     0.017565  -0.00280236    0.0316065
 -0.00805149    0.0353303   -0.0340688    0.0796006
  -0.0340248    0.0334502   -0.0823871   -0.0159231
   0.0692999   -0.0953592    0.0253441    0.0357611
   0.0257767   0.00276515   -0.0187231   -0.0715839
   0.0627015    -0.119993    0.0372212    0.0380738
   0.0381427   0.00796191   -0.0373845    0.0188658
    0.131204    0.0655312    0.0503977   -0.0578976
   0.0325429    0.0369724    0.0735506    0.0190905
  -0.0256148    -0.202049    0.0295481     0.093508
   0.0326233  -0.00912007    0.0389624    0.0933988
  -0.0238289    0.0545564   -0.0536743   -0.0303219
  -0.0139591    0.0310433   -0.0552192   -0.0130744
  -0.0486765    0.0123284  0.000263361     0.133198
   0.0115989   -0.0894758    -0.135513     0.083766
  -0.0336638    0.0383702   -0.0775024     0.103819
    -0.03747  -0.00471228     -0.06629     0.138684
  -0.0765186     0.011558    -0.040844  -0.00246797
  -0.0706314    -0.048033    -0.112829     -0.10711
   -0.111875    -0.139085    -0.119401     0.048918
     0.02716    0.0705293    0.0069783    0.0282688
   0.0126522    0.0693392   -0.0442274    0.0360814
    0.168586   -0.0236021     0.023544     0.029657
   0.0549368    0.0578222   -0.0628943   -0.0528444
   0.0402917    0.0646303     0.039891    -0.124105
 -0.00463965    0.0554907   -0.0940754  -0.00725151
  0.00570835    -0.100931    0.0213807    0.0214984
  -0.0673455   -0.0115163     -0.14641   0.00632422
   0.0989524    0.0212574    -0.114859      -0.0528
    0.203889    0.0697888    0.0951693    -0.075157
    0.107498     0.165762   -0.0165935     -0.13182
   0.0615362   -0.0247963    0.0578076   -0.0792445
    0.118429    0.0791874   -0.0230175   -0.0751588
  -0.0196558    -0.145176   -0.0151192    0.0571005
  -0.0354622    0.0255931    0.0968219   -0.0776567
  -0.0174083  -0.00683832    -0.102938   -0.0792503
   0.0635929     0.171141   -0.0483789   -0.0401669
  -0.0276892    0.0456686    0.0294511   -0.0224911
  -0.0426597  0.000885277   -0.0134804   -0.0601056
   -0.042459    0.0751031   -0.0789625   -0.0814606
   -0.232243    0.0965431   -0.0785621   -0.0502804
   0.0245729    0.0825089    -0.133115   -0.0911235
    0.158495    0.0269886   -0.0392767   -0.0150178
   0.0688334    0.0991101    -0.113775    0.0108189
  -0.0543425   -0.0701594   -0.0286835    0.0533607
   0.0777491    0.0534338    0.0400512    -0.107967
  -0.0244913    0.0858543   0.00183022     -0.12579
  -0.0139915  -0.00982511   -0.0817391    -0.265404
   0.0269218   -0.0243797    0.0396131     0.021197
  -0.0324476    0.0620502   -0.0726206   -0.0568356
  -0.0395636    0.0711955  -0.00247375   -0.0630901
 -0.00780984     0.115707   -0.0581063   -0.0381546
    0.127295   -0.0105581   0.00732166     0.062808
    0.075784    0.0825322   -0.0230138    0.0117637
  -0.0647852   -0.0445151   -0.0264951     0.145186
    0.130413   -0.0696359    0.0707753     0.140425
   0.0636133     0.141099    0.0200752    0.0123453
  0.00572971   -0.0701338    0.0505903   -0.0131643
    0.090553   0.00119913    0.0436761    0.0140407
   0.0928461     0.073137   -0.0337321    0.0411055
    0.011178    0.0388635    0.0229148    0.0734554
   0.0576961    0.0724107   -0.0480216    0.0142591
   0.0342822   0.00581199    0.0249675  -0.00126088
   0.0149022   -0.0609434   -0.0126727    0.0810238
   0.0767313     0.149061   -0.0161264     -0.28563
  -0.0200289    0.0455619   -0.0562322   -0.0212709
  -0.0934277   -0.0704893   -0.0353751    0.0116519
   0.0656522   -0.0514448    0.0326818  -0.00619616
   0.0345863     0.141461   -0.0381063    0.0416761
   0.0218016   -0.0849738    0.0222366   -0.0158202
  -0.0535952    0.0120447    0.0149508    0.0673671
  -0.0121054    0.0459399   -0.0382848   0.00571605
   0.0774083    -0.193092   -0.0888329    0.0190274
   -0.113376   -0.0841624   -0.0095688    -0.106294
   0.0683167    -0.017844   -0.0427413    0.0650665
  -0.0107884    0.0488319   -0.0895183     0.106966
   0.0776984   -0.0534867    0.0847083   -0.0630307
  -0.0823501    0.0745446   -0.0641351   -0.0202334
   0.0251673    0.0200252   -0.0406702    0.0130213
     0.13174    -0.103826   -0.0335948   -0.0250235
  -0.0228237    -0.071257   -0.0665802    0.0735547
   0.0427664   -0.0905342    0.0349297    0.0182826
   0.0774675    0.0853373    0.0724046    0.0547028
    0.102033    -0.102361    0.0508389    0.0529062
  -0.0193274    0.0189508   -0.0629903    0.0175703
  -0.0845785    -0.116873   -0.0200488    0.0754015
   0.0434947   -0.0500729   -0.0570266     0.034028
   0.0771731    0.0850483   -0.0264068    -0.152566
  -0.0672526   -0.0968121   -0.0656571    0.0762239
  -0.0211668    -0.115235     0.108222    0.0225227
  -0.0554301     0.047441    -0.071123     0.022178
   0.0750439    0.0795408   -0.0632413   -0.0809507
   0.0767075   -0.0295678    0.0596691    0.0207321
   0.0430038   -0.0157774    0.0123695   -0.0864199
   0.0275314    0.0218795   -0.0169357   -0.0593655
   0.0752869   -0.0132267    0.0440895    0.0551057
   0.0139914    0.0660573     -0.12007    0.0299514
   -0.123776    0.0255229   -0.0180697  -0.00527333
   0.0362806    0.0118018   -0.0158267    0.0300158
   0.0736752    -0.051616    0.0586041       0.0305
    0.146161   -0.0869066    0.0710915    0.0437796
    0.108026   -0.0413087   -0.0386705    -0.111434
   -0.109324   -0.0450224     0.011227    -0.037275
   0.0771037   -0.0325982  -0.00732943  -0.00562982
  -0.0404145    0.0442797   -0.0716022   -0.0886924
   0.0666063    -0.130111    0.0517607     0.208232
   0.0185938    0.0152667   -0.0252054   -0.0381698
  -0.0263615     0.037726   -0.0129347    -0.095414
   -0.102986     0.043885   -0.0468758      0.01173
  -0.0929721   -0.0830853   0.00779064   -0.0571857
   0.0380772    0.0360328     0.102424    0.0496421
    0.150875    0.0273856    0.0325176   -0.0435874
    0.114413    -0.143569   -0.0380276     0.110298
   0.0806025      0.13196     0.155619    -0.140773
   0.0150212     -0.04936   -0.0638541    0.0763576
-0.000997342    0.0205075  -0.00569648    0.0137165
    0.106991   -0.0082033     0.061537   -0.0282168
   -0.100572   -0.0141977   -0.0496645     0.115609
   0.0366178    0.0748303   -0.0221299    0.0728531
   -0.016183   -0.0853518    0.0362765    0.0384813
   0.0128558     0.127838   -0.0366873    0.0343223
    0.149813   -0.0723655    0.0699233    0.0900713
   -0.109371    -0.100268   -0.0338267   -0.0617916
     0.10271     0.059173   -0.0352932    0.0186766
    0.053046    -0.110031   -0.0475996    0.0860223
  -0.0244984   -0.0105257   0.00157434    -0.124168
    0.124319   -0.0168363    0.0763952    0.0629004
   0.0526298    0.0290319   -0.0136033  -0.00559352
  -0.0524014    0.0464774   -0.0353983    0.0580118
    0.109422      0.07221    0.0324899   -0.0449009
     0.13448   -0.0348728    0.0806494   -0.0148874
    0.122741    0.0014019   -0.0551078     0.104652
    0.112915   -0.0735425    -0.055844     0.084769
   0.0440684    -0.154414     0.104041    0.0852168
 -0.00147909   -0.0514612    0.0180259  -0.00538563
   0.0284647    0.0645637   -0.0132612   -0.0409822
    0.098274   -0.0368473    0.0235892    0.0230313
  0.00482912    0.0360938     -0.06888    0.0589231
  -0.0216544     0.115066   -0.0641791   0.00748259
   0.0306427   -0.0822191    0.0285844    0.0817708
   0.0344364   -0.0133781   -0.0236935   -0.0402028
   0.0420333    0.0480935    0.0670692    0.0704641
  -0.0273014   -0.0481904    0.0521721    0.0726098
   0.0924141     0.065471   -0.0255902    0.0171021
   0.0492121   -0.0675902    0.0576752    0.0394705
    0.127829    0.0721673     0.111571   -0.0933095
   0.0921302    0.0103501   -0.0854199   -0.0360699
  -0.0661731   -0.0129304    -0.159707    0.0935216
   0.0642862    0.0165968    0.0583119   -0.0188929
  -0.0208602    0.0039449   -0.0986405   -0.0357055
    0.108295    0.0527402     0.117079   -0.0573079
   0.0236941   0.00291933    0.0441128    0.0396899
   -0.138769    0.0518103    -0.123221   -0.0503643
   0.0405147    0.0157001    0.0743342    -0.124133
  -0.0679124   -0.0679892   -0.0808171      0.23951
   0.0736649    -0.178856     0.143675    0.0341285
  -0.0285665   -0.0847838    0.0224798    0.0296297
  0.00645302  -0.00477576   -0.0815347    0.0186695
    0.186761    0.0255874    0.0570674   -0.0615616
  -0.0450986    0.0802337   -0.0681634   -0.0359494
    0.149426     0.181636   -0.0400995    -0.103573
  -0.0474904    0.0220138    -0.142121  -0.00946053
  -0.0335244    0.0707761   0.00649868    0.0476416
    0.192534    -0.129771     0.142048    -0.028265
    0.108429     0.114232   -0.0536192     -0.10546
    0.110012    0.0847086    0.0813242   -0.0409377
    0.133741    0.0267517     0.100712  0.000994648
   0.0858549    0.0513003   -0.0355901    -0.164067
    0.151667    -0.115598    0.0118149    -0.036172
    0.221431    -0.114078     0.125801    0.0507339
   -0.106263     0.103835   -0.0261361   -0.0500507
   0.0278655    0.0511058    0.0013261    -0.024709
   -0.129379    -0.026097    -0.159452     0.068501
   0.0525971     0.102426    -0.109539    -0.176387
  -0.0421393   -0.0812821   -0.0124546    0.0130861
   0.0368519   -0.0862632    0.0367646     0.136716
   -0.124874     0.127025    0.0733511    0.0277431
   0.0517218     0.108318    -0.056903   -0.0720729
   0.0655943    0.0682797    0.0363728   -0.0640692
   0.0164902    0.0442944   -0.0245559    0.0826264
  -0.0930243     0.164257   0.00117062    0.0251348
    0.047049    0.0611939    0.0132811     -0.10011
       0.029     0.109998    0.0422759   -0.0872855
   0.0691566     0.043273     -0.12664     0.138172
   0.0201105   -0.0678759    -0.035205   -0.0233856
  0.00191677    0.0166554    -0.040549     0.112926
    0.147338  -0.00253679    0.0161478    0.0528057
 -0.00677491    0.0185147    -0.113277   0.00283475
  -0.0120094   -0.0587291   -0.0809177     0.162187
-0.000168417   -0.0185625    -0.126534   -0.0118824
   0.0574715   0.00295134    0.0775189    0.0419722
   0.0517746   -0.0295877     0.060195   -0.0458568
  0.00652823   -0.0173206    0.0181739    0.0535325
   0.0124504    0.0119531   -0.0219213   -0.0811849
  -0.0151147   -0.0326133   -0.0505954   -0.0826728
   0.0781348     0.111025   -0.0342082     -0.05326
   0.0937689   -0.0801764    0.0211971    -0.103562
  -0.0489573   -0.0720486    0.0237084    0.0650668
  -0.0197256    -0.154633    0.0770341   -0.0303196
    0.334251   -0.0135703     0.111708    0.0506302
   0.0435094   -0.0523951    0.0512295   -0.0286366
   0.0082706   -0.0709976  -0.00332507    0.0887212
   0.0498155   -0.0293167    0.0796975     0.064318
    0.128076    0.0290553    0.0281507    -0.077399
  -0.0733038   -0.0383279   -0.0715128    -0.013264
  -0.0486082    0.0762592    0.0351313    0.0506259
   0.0195137    0.0428753   -0.0373766    0.0518144
   0.0683692     -0.10726    0.0610761   0.00649775
    0.115343    -0.050763   -0.0238384     0.118219
     0.14941    -0.134579    0.0577017     0.083408
  -0.0356613     0.164427    -0.117647   -0.0459113
   0.0299253    -0.123328    0.0568992    0.0199508
  -0.0942837   -0.0403709   -0.0414136    0.0183593
    -0.19415   -0.0477846   -0.0136504   -0.0291955
    0.097556    -0.034435    0.0452975    0.0168791
     0.12405    0.0747812    0.0826835    0.0516313
  0.00847742   0.00736235   -0.0573964     0.104667
    0.148786    0.0257427    0.0386824   -0.0276425
    0.103934  -0.00299505   0.00121583    0.0557374
  -0.0731267    -0.111578   0.00800593    -0.220825
   -0.119954    -0.126138     0.114446     0.167866
  -0.0633521     0.047575  -0.00532134    0.0543393
  -0.0337247    0.0121907    0.0282406    0.0267786
   -0.158544    0.0177064   -0.0559591    0.0320519
 -0.00796441   -0.0793247   -0.0255406    -0.166624
  -0.0100307    0.0356587   -0.0280788    0.0868262
   0.0135662    0.0303242    0.0343824      0.00212
  -0.0374045    0.0974341    0.0034304   -0.0679248
   0.0707414    -0.131639   -0.0765473    0.0499322
  0.00998466    0.0958337  -0.00751198    0.0336876
  -0.0648317    0.0248528   -0.0601422   -0.0182522
    0.155786   -0.0656173    0.0621465    0.0425159
   0.0480589    -0.140624     0.126243  -0.00707533
   -0.062866   -0.0953779    0.0332488   0.00785227
    0.123497    -0.107732    0.0911907     0.250297
    0.143519    0.0746819   0.00672068    0.0442642
    -0.10594     -0.14196   0.00977525   0.00945782
  -0.0679253    -0.162453    0.0390953   -0.0438429
   0.0319916    -0.207977    0.0334982   0.00280464
  -0.0627819  0.000958621   -0.0518836   -0.0037107
   0.0677353   -0.0239959    0.0710629    0.0140176
    0.115492   -0.0471443    0.0429134     0.035545
   0.0542452    -0.127748    0.0874917     0.032513
  -0.0338608    0.0457778  -0.00428432    0.0424041
   0.0134103   -0.0482025    0.0691239   -0.0255573
    0.127549   -0.0580265    -0.025568   0.00454944
   0.0382681   -0.0546825    0.0959242   -0.0333782
    0.137491   -0.0641355   -0.0637542     0.152721
   0.0842975     -0.20699    0.0496728    0.0160921
    0.139018    0.0868808   -0.0175311    0.0109937
  -0.0566531   -0.0125662   0.00815785    0.0159374
   0.0199458    0.0504873   0.00534296    0.0205924
  -0.0291473    0.0897192   -0.0232602    0.0187314
   0.0897725   -0.0952621    0.0355176    -0.044486
   0.0138009     0.106053    0.0438926    0.0208076
    0.108457    -0.275477    0.0298365   -0.0144238
   -0.119739   -0.0418688    0.0154819   -0.0169929
  0.00745496    0.0572684     -0.11345   0.00576313
   0.0721208    0.0551719    0.0337292     0.144329
 -0.00795002    0.0534582  0.000153225    0.0371581
   0.0500334    0.0299772   -0.0777725   -0.0465857
  0.00347658    -0.109747    0.0744943   -0.0419121
   0.0108178     0.092189   -0.0336282     0.035503
  -0.0948512     0.121943    -0.151927     0.016158
    0.183192   -0.0311111    0.0933841   -0.0612199
     0.10641   -0.0348663    0.0226831   -0.0730953
  -0.0169269    -0.148227  -0.00351606    0.0516858
   -0.141687     0.127467    -0.206777   -0.0114969
   0.0351512    0.0957156    0.0787774    -0.015738
    0.126225    0.0064535    -0.035123    -0.125038
  -0.0666971  -0.00346306 -0.000155899    0.0136394
    0.124408   -0.0469143   -0.0100977    0.0904247
  -0.0788283    0.0849294   -0.0531154    0.0276265
    0.104967   -0.0387714   -0.0425962   0.00339942
    0.172941    0.0601332    0.0236592   -0.0246272
   0.0903827  -0.00822333    0.0667377    0.0462589
   0.0328144   -0.0569088    0.0310139    0.0807322
   0.0570735    0.0508257    -0.078366   -0.0761318
   0.0427791     0.147367    0.0177413   -0.0294589
   0.0734376   0.00100898   -0.0441636   -0.0261605
   0.0405043    0.0527551   -0.0771352   -0.0106262
   0.0383024    -0.157933   -0.0683827    0.0427552
    0.044363   -0.0333235    0.0411398   -0.0581324
   0.0446653   -0.0930395   -0.0187909     0.119357
  -0.0468906    0.0588441   -0.0674991    0.0184122
   0.0901428   -0.0811211    0.0128822     0.182473
 -0.00208916   -0.0647236   -0.0265123    -0.147253
   -0.137274    -0.260772    -0.018474   0.00897584
    0.184132   -0.0313501    0.0519615   -0.0188259
    0.198737     -0.11817     0.122711    0.0715454
   0.0251797    -0.100445    0.0508003     0.148193
  -0.0552754   -0.0457612    0.0909917   -0.0372175
   0.0291774    0.0414799    -0.022151    -0.101788
  -0.0652226    0.0245421    -0.172502    -0.102526
    0.183394    0.0863654    0.0650681   -0.0678347
  -0.0346522    0.0731198   -0.0651503   -0.0570949
   -0.262071    0.0124624   -0.0821827   -0.0931652
  -0.0242108    -0.150308   -0.0124508    0.0312478
  -0.0598186     0.102215    0.0104034    0.0745177
    0.190651     0.137731   0.00893791   -0.0740973
   0.0539068     0.118613    -0.001602   -0.0166622
   0.0715706    0.0762199    0.0495159   -0.0624727
  -0.0719243   -0.0164689    -0.060418    0.0458574
   0.0419191    0.0162983  -0.00323668    0.0268468
  -0.0287835   -0.0107702   -0.0341533   0.00906164
  -0.0626178   -0.0366944    -0.158967   -0.0180714
  0.00108203    0.0963865   -0.0584312   -0.0505226
  -0.0233937    -0.132676    0.0685743    0.0462475
    -0.19301   -0.0044162    -0.172686   -0.0683161
    0.109309    0.0488841    0.0130711    -0.071136
    0.138771   -0.0405566   -0.0465556   -0.0471829
   0.0323525    0.0142179    0.0748838   -0.0747147
  -0.0797796   -0.0788856    0.0254244   -0.0633567
   -0.129116    0.0380451   -0.0343867   -0.0136837
  -0.0788006    0.0400801   -0.0354738  -0.00968732
   0.0465282    0.0599916    0.0562277   -0.0144724
   -0.100643   -0.0850142   -0.0597337    0.0606397
  -0.0515866    0.0178468   -0.0487604   -0.0948994
   0.0625779    0.0517514    -0.059658     0.102596
 -0.00701595   -0.0630195   -0.0145938   -0.0881276
    0.129441    0.0929034   -0.0648399     0.106148
 -0.00194766    0.0270395    0.0442008   -0.0207826
   0.0646175   -0.0399999   -0.0483985    0.0310675
  -0.0560728   -0.0514891     -0.18418    -0.134375
   0.0940078   -0.0760389   0.00729719  -0.00472033
   0.0795631   0.00880629    -0.139066   -0.0254108
  -0.0354291   -0.0431548  -0.00926777     0.113051
   0.0178771   0.00927387   -0.0653736     0.124088
   0.0790747     0.173069    -0.015956    0.0172105
  -0.0159245  -0.00604361   -0.0541397    -0.171522
   0.0946984    0.0417365   -0.0143383    0.0851401
   -0.133465   -0.0547074   -0.0999732   -0.0480358
  -0.0215507    0.0679675   -0.0525528   -0.0242128
  -0.0286472     0.154206    -0.114263    -0.100943
  -0.0745393    0.0379552   -0.0529717   -0.0452416
  -0.0453529 -0.000893413   -0.0714346    0.0220208
     0.07586     0.082269   -0.0444045   -0.0415742
    0.070757    0.0434389   -0.0239458   -0.0471612
   0.0455179   -0.0247599     0.004268     0.171306
   0.0305722   -0.0856285    0.0474786      0.11305
  -0.0190832   -0.0318699    0.0310553    0.0735232
  -0.0642798   -0.0480426   -0.0429879   -0.0579328
   0.0329182    0.0470695    0.0659673   -0.0148412
   -0.124253    -0.012787   -0.0707211    -0.127546
  -0.0175919    0.0600016    0.0742075   -0.0406656
    0.321685   -0.0645018     0.180179    0.0481989
   0.0275228    0.0259606   -0.0477394    0.0975698
   0.0230564    0.0585571     0.037455    0.0114805
   0.0907122    0.0528797    0.0736762   -0.0132572
    0.110927   -0.0346855  -0.00729129   -0.0097696
    0.111532     0.229066    0.0544329    -0.116527
  -0.0527791   -0.0672966    0.0616228   -0.0274852
  -0.0275955    0.0740423   -0.0563122    0.0559535
   0.0527272   -0.0012859  -0.00176357   -0.0734855
   -0.141195   -0.0265355   -0.0551707    0.0446295
  -0.0473416     0.153794    -0.113771    -0.124767
   0.0718872   -0.0641496  -0.00227514     0.149729
    0.140947   -0.0860866    -0.014296   0.00170017
  0.00467572   -0.0762068    -0.113048    0.0658364
  -0.0701357    -0.110485    0.0587928  -0.00961031
  -0.0229727   -0.0544365   -0.0588949    0.0632255
 -0.00292746    -0.049887   0.00153735   -0.0457865
   0.0826683    0.0149653    0.0226432   -0.0197682
    0.116314   -0.0879822    0.0337648   -0.0458437
   0.0668582     0.162239   -0.0948865   -0.0542893
  -0.0401097   -0.0606555    -0.111402   -0.0156477
  -0.0145228   -0.0646429   -0.0346958    0.0457419
   0.0183684   -0.0897521    0.0327909    -0.114149
   0.0198776   -0.0629684   -0.0116113     0.135449
   0.0360717   -0.0125654   -0.0283105   -0.0163052
   0.0910809   0.00144996    0.0371964    0.0545265
    0.175004   -0.0123348    0.0729829   -0.0275896
  -0.0465705   -0.0308827    0.0133611    0.0368276
    0.084747   0.00902609   -0.0924012     0.187951
   0.0424827    0.0137342     0.120633    0.0263893
   0.0758667   -0.0832031    0.0215265    0.0528271
   0.0534493    0.0165056    0.0176461    0.0161573
    0.129381   -0.0340783    0.0282576   0.00105247
  -0.0141127   -0.0786699   -0.0662603    -0.173033
    0.059522     0.185508    0.0497604    -0.121082
    0.165773 -0.000626224   0.00277799     0.109115
    0.146403    0.0147358   -0.0502287     0.111177
   0.0374699    0.0559359   0.00946739   0.00188684
  0.00334697   -0.0572953   -0.0157157    0.0797106
  -0.0107621     -0.21407   -0.0150267    0.0457852
   0.0603091    0.0734795    0.0721168   -0.0551322
    0.121349  -0.00472481   -0.0127614    0.0242834
 -0.00459304   -0.0897711   -0.0800464    0.0705165
    0.104722    -0.105652   0.00898077     0.195941
   0.0799146    0.0553914   -0.0277854   -0.0520943
  -0.0219218    -0.109146    0.0795857   0.00867892
  -0.0363501    0.0799413   -0.0242427  -0.00348823
   0.0626719    0.0365417   -0.0372252   -0.0364552
    -0.14888    0.0467059   -0.0776247  2.81444e-05
   0.0376985 -0.000541837    0.0237895     -0.10107
  -0.0463445    0.0421696   -0.0311249   -0.0455506
   0.0898333     0.111778    0.0777897   -0.0456719
   0.0310403   -0.0782669    0.0517496    0.0972621
   0.0291336   -0.0187259    0.0277845    0.0489174
   0.0711946    0.0534876   -0.0289983   0.00323127
   0.0446348     0.152942   0.00319876   -0.0114076
  -0.0107451    0.0644355   -0.0974443    0.0403176
   0.0205141    0.0197238   -0.0551979     0.122328
  -0.0479974    0.0976267   -0.0169043   -0.0944312
   0.0915148     -0.15835    0.0408433   0.00243249
   0.0516059    0.0712281  -0.00506763   -0.0857223
    0.135776     0.106917   -0.0595324    0.0180041
    0.200702   -0.0672769    0.0416864     0.062845
   -0.422864   -0.0361521    -0.186616   -0.0697439
  -0.0685355   -0.0649492   -0.0189348   -0.0120955
    0.118062    -0.068537   -0.0354273     0.046852
   0.0919738   -0.0344755    0.0614343   0.00212418
   0.0315658     0.124637    -0.107873    0.0437519
    0.107818    0.0307786     0.048818   -0.0388084
  -0.0302279   -0.0203034   -0.0766726   -0.0463149
  -0.0520846   -0.0181979    0.0246031   -0.0504086
 -0.00998055    -0.255169    0.0923887     0.140304
   0.0817082     0.144129     0.123761    -0.158036
    0.222757    -0.110759     0.139095     0.121201
    0.010369    -0.148394    0.0162298    0.0717569
 -0.00328021   -0.0175329    0.0284451    0.0535639
    0.232791     0.153344     0.127688    0.0514561
   0.0423577    0.0480582   -0.0398492   -0.0165431
   0.0417577     0.123524    -0.119661    -0.142505
    0.100158   -0.0302026   -0.0250359   -0.0614459
   0.0871447    0.0362768    0.0323395   -0.0276296
 -0.00579675    0.0262244   -0.0540247    0.0267764
    0.156638  -0.00407355   -0.0890094    0.0924795
    0.141349     -0.13459    0.0274477  0.000409012
    0.127944     0.104051    0.0986857      -0.0301
   0.0218961    -0.043013    0.0100456    0.0514499
   0.0159945     -0.08261   -0.0774574   -0.0740636
   0.0817958   -0.0891411    0.0108925     0.144478
   0.0486894    0.0248084    0.0156174   0.00890774
   0.0176613   -0.0553057    0.0663315   -0.0702312
   -0.165643   -0.0576152   -0.0618656    0.0710526
    0.137316   -0.0184034   -0.0541652   -0.0189674
   0.0645411     0.026003     0.060102    0.0740801
    0.015431     0.183411     0.109616   -0.0699468
    0.113549    0.0877268   -0.0323091   -0.0568788
    0.023388     0.040019   -0.0645613    0.0202514
  -0.0555431    0.0375773   -0.0436095    -0.118638
    0.098665    -0.136303    0.0764786   -0.0026971
  -0.0275092    0.0204284   -0.0126123   -0.0371317
   0.0496003     0.110699   -0.0427934    -0.116646
  -0.0319229   -0.0217457   -0.0982371  -0.00579628
   0.0212699   -0.0580897   -0.0196735 -0.000160836
   -0.141034    0.0823859   -0.0770452   -0.0169433
   -0.068925    0.0804537    -0.125193    -0.145146
   0.0958437   -0.0426756    0.0156042   -0.0321989
   -0.012306   -0.0605014   -0.0731458   -0.0367012
  -0.0415705    0.0778337    -0.017699    -0.125226
   0.0321504   -0.0404561   -0.0283046    0.0739437
    0.139788   -0.0626737   -0.0285899     0.072609
    0.034358    0.0500381   -0.0238554   -0.0664994
    0.145448    -0.105868    0.0351804   -0.0308625
  -0.0352888    -0.017171   -0.0174184   -0.0278509
  -0.0224742    0.0425215    -0.027667   -0.0316842
    0.241841   -0.0371765     0.114619   -0.0488399
    0.184459    0.0380321    0.0890584   -0.0135227
  0.00358569   -0.0127191    0.0103461    0.0294067
   0.0759363    -0.023508    0.0413443     0.121942
  -0.0312073    -0.173414    0.0780214    0.0176274
  0.00935075   -0.0459732   -0.0818194   -0.0661647
  -0.0362262    0.0184604    0.0329021   -0.0724048
  -0.0403473   -0.0367043   -0.0110984    0.0789407
   -0.211592  -0.00394633    -0.145365  -0.00268411
   0.0660085  -0.00516893   -0.0148907    0.0105518
  -0.0346906    -0.120312   -0.0438391     0.161336
   0.0681072   -0.0504603    0.0648157  -0.00958216
    0.079291    0.0195406   -0.0584127    -0.142881
   -0.119212     0.291838   -0.0312562    -0.112289