  -0.0888145    0.0389561    -0.215085     0.156476
   0.0615952    0.0206315     0.165611     0.280149
   -0.163318     0.099513      0.12459   -0.0928206
    0.258468    0.0863566    0.0280694     -0.10358
  -0.0282744     0.106521     0.237321    -0.562074
   -0.136685    0.0223145     0.239491     0.224661
    0.163281   -0.0277093    -0.167771   -0.0703127
  -0.0241934    0.0255449    0.0132511    -0.195657
  -0.0795478  -0.00440708     0.113664    -0.173178
   0.0431868      0.02161  -0.00399399     0.121544
    0.205558  -0.00722101   -0.0722728    0.0338924
 -0.00530002   -0.0274907    0.0760605     0.268197
    0.026894    0.0390492    0.0665747    -0.155753
    0.044098     0.160402     0.217353    -0.372272
    -0.11153     0.051766     0.145218     0.230271
   -0.246578     0.105359    -0.175809    -0.396389
   0.0980473   -0.0553565    -0.100067    -0.253124
  -0.0388942   -0.0748187   -0.0978711    0.0813615
   -0.132746    0.0440943    0.0555272    -0.234434
  -0.0900127     0.067305   -0.0696861   -0.0892347
   0.0178881    0.0378421     0.149084    -0.115519
    0.117421  -0.00966572    -0.136164    -0.044786
   0.0315518    0.0899726   -0.0685715    -0.315653
   0.0943917   -0.0499801   -0.0832744    -0.299831
   -0.116721    0.0891806   -0.0392836    -0.251173
  -0.0931932    0.0697412    -0.070341    -0.261095
   0.0218027    0.0582773   -0.0768336   -0.0832978
    0.048314   -0.0870345   -0.0994905     0.714932
   -0.108265    0.0586889     0.115025     -0.26379
    0.211674   -0.0691307     0.273818     0.322724
  -0.0365059  -0.00786455   -0.0232647    -0.099148
   0.0350448    0.0170484    0.0884052    0.0309147
   -0.322137   -0.0347872   -0.0405375      0.51193
    0.279208     0.030979     0.270455    -0.344599
  -0.0875931   -0.0320056   0.00232007   -0.0343234
  -0.0392585    0.0260949    0.0735639    0.0297479
    0.333288   -0.0967436    -0.249137     0.443015
  -0.0794664   0.00609194     0.205662     0.232944
   -0.277707    0.0795221     0.124299    0.0735061
   -0.141389   -0.0771639   -0.0750925     0.387514
   -0.172573    0.0112963     0.141141    0.0778192
   0.0310202   -0.0529152      0.21094      -0.1308
    0.190181    0.0226573     0.165608     0.136741
   0.0646393    0.0310255    -0.307712    -0.109578
   -0.252112   0.00362055    -0.441136   -0.0811366
  -0.0485897    0.0692031     0.067776    -0.157953
   0.0422698    0.0517132      0.41275   -0.0310879
  -0.0107288     0.115253   -0.0282604    -0.203667
    0.192499    0.0784915    0.0276133    -0.164806
    0.326937   -0.0217908     0.271179    -0.103151
    0.120792  -0.00517373    -0.104828    -0.080093
  -0.0372134   0.00399089     -0.16937    -0.182243
   -0.275609   -0.0471345    -0.575514    0.0592761
 -0.00454889     0.083542    0.0477806   -0.0958298
     0.22562    0.0749205      0.26116   -0.0599288
   -0.147791    0.0310458   -0.0444255    -0.156615
     0.31194    0.0408052     0.254534    -0.247078
   -0.153583  -0.00391232    0.0359211    -0.389923
  -0.0822985    0.0504565    0.0850204   -0.0243008
    0.724238    0.0146665   -0.0210107    -0.537455
    -0.11787    0.0331478     0.411303    0.0395916
   -0.110315    0.0528788   -0.0448009    -0.086673
   -0.298203    0.0485355  -0.00422524    -0.114157
  -0.0241212    0.0327643    0.0380684   0.00331972
  -0.0620046    0.0172493     0.150695   -0.0460466
   0.0348775    0.0198326  -0.00477445    0.0332275
  0.00354729   -0.0197706    -0.419395    -0.214369
    0.246379   -0.0340245    -0.265549    0.0191625
   0.0757782   -0.0441915     0.012435    0.0625464
    0.125061    0.0786517   -0.0736727    -0.126573
  0.00985351    0.0934785     0.120158     0.130084
    0.135011    0.0526182   -0.0436328    0.0137749
  0.00984972  -0.00573297    -0.242716    -0.164857
   0.0952356    0.0670992    -0.239425    -0.207755
  -0.0826865    0.0566856    -0.100749    0.0136058
  -0.0158028     0.110239    0.0479973   -0.0918356
    0.250862   -0.0467245   -0.0639747    -0.106537
 -0.00270628    0.0205856     0.164339    0.0437696
    0.261578    0.0091062     0.230601    -0.168603
  -0.0774136   -0.0295087   -0.0121572     0.159866
  -0.0128083    0.0171141  -0.00972985    -0.312773
    -0.12647    0.0553874    -0.189109  5.15349e-05
   -0.252972     0.197817   -0.0215087    -0.571895
   0.0290221   -0.0417245    0.0965873    0.0787903
   -0.300706    0.0715841   -0.0265232    -0.395788
    -0.16326    0.0029258    -0.129536    -0.135676
   -0.127153     0.110675      0.31881      0.14432
  -0.0469819   -0.0643773    -0.193059    0.0553738
     0.12828   -0.0059572    0.0425861     0.371123
  -0.0711219   -0.0556216    -0.206203    -0.113903
    0.419612   -0.0730268     -0.80719     0.398245
 -0.00940388    -0.026679    0.0279411    -0.199607
   -0.300504     0.200145     0.302361    -0.336947
    0.166333     0.066593    0.0772941    -0.243729
    0.046838    0.0800647     0.164493    0.0385817
  -0.0890098    0.0328389    -0.169562    0.0319914
   0.0272693   -0.0286958    -0.148823   -0.0429049
    0.136943   -0.0473482    0.0982525    -0.106161
   -0.356295    0.0228163   -0.0509544     0.250871
   0.0554461    0.0109377     0.088366    0.0207551
  -0.0565335    0.0336456    0.0417925     0.205677
   -0.164714   -0.0112285    0.0364244    0.0380492
   -0.065144    -0.053448   -0.0308971     0.067325
   -0.139983    0.0903833    -0.128919   -0.0932734
  -0.0490369    0.0497474     0.285334   -0.0777904
-0.000449286   -0.0109645     0.146651    0.0478352
    0.124654     0.069979    0.0947853    -0.160119
    0.109636     0.062108     0.270554    -0.104893
    0.160557    0.0165433   -0.0784205     -0.11323
   0.0676888   -0.0143785    -0.244032     0.120917
   -0.099121    0.0134605    -0.121155    0.0205231
   0.0813679   -0.0290206   0.00170846   -0.0719436
    0.085078    0.0119871     0.204105    0.0171042
  -0.0213452     0.019098    0.0806936    -0.275485
   0.0538617    0.0119036    0.0859114   -0.0174153
     0.16848    0.0323734   -0.0274819     -0.10858
  -0.0304744    0.0418012     0.188209     0.067816
   0.0918381   -0.0736284   -0.0893558    0.0431957
  -0.0427203     0.130899     0.171849    0.0801676
  -0.0882662    0.0319807   -0.0214025    0.0401231
    0.139796   -0.0262121   -0.0288913    -0.462523
   -0.257828    0.0202525     0.358928     0.239145
     0.39379    0.0581921     0.167053    -0.181543
  -0.0561207    0.0746592     0.152332      -0.1308
    0.108624   -0.0815455      0.21838   -0.0581084
      0.3318   -0.0429612    -0.696931      0.28676
   0.0857532    0.0642616   -0.0960627    -0.219521
    0.159246   -0.0162906     0.204065   0.00570567
   0.0726368    -0.114287    -0.441958     0.235894
  -0.0978701     0.124241     0.174899    -0.609547
   -0.137176     0.037093   -0.0070692      0.25087
   -0.121532     0.018261     0.087094    -0.108401
  -0.0563128    0.0421148  0.000688311   -0.0324856
  0.00444664    0.0127384    0.0264464    -0.111924
   0.0493414   -0.0283892     0.154222     0.119552
  -0.0473039   -0.0132736   -0.0039672   -0.0954254
  -0.0179548   -0.0417046    -0.118676    -0.110461
   0.0214956   -0.0895238   -0.0384323   -0.0118408
   0.0810843   -0.0502298     0.055673   -0.0882548
   -0.241169     0.110172   -0.0493828    -0.242523
   -0.160412    0.0737765    -0.140269     0.168194
   0.0100636    0.0374231    -0.463488     0.385111
    0.210643    0.0573761   -0.0407303    -0.212576
    0.127291    0.0460005    -0.039699    0.0239305
    0.101906    0.0469179     0.214818   -0.0904346
   -0.164999   -0.0279471     0.189313    0.0854459
    0.192276     0.042388     0.246874     0.249718
  -0.0272703    0.0610319     0.134601   -0.0559631
  -0.0296244   -0.0223735    0.0973658    -0.162172
    0.725023    0.0169664   0.00111285     -0.57782
  -0.0538342    0.0621583     0.236689    0.0784617
   -0.192367    0.0524895     0.295091    -0.199564
  -0.0863914    0.0462095     -0.34322       0.1873
   -0.131526   -0.0321487    -0.202022   -0.0857645
  -0.0630527    0.0178786    0.0268976    -0.148105
    0.201631   -0.0813657    0.0195527     0.535286
    0.152916    0.0744782    -0.147114   -0.0597039
    0.124116    -0.026179     0.125716    -0.124185
     0.06394    0.0297522     0.061691     0.136588
    0.382009     0.107203     0.178171   -0.0500643
   0.0859453    0.0329911    -0.149427    -0.128115
    0.266764    0.0646729   -0.0392942   -0.0296058
  -0.0390701    0.0368851    0.0878757    -0.199647
   0.0155926      0.12548   0.00562704    -0.124746
   -0.021693    0.0197918     0.195499    0.0155736
   0.0349508   -0.0594926    -0.329209    -0.145068
  -0.0145383  -0.00252069    -0.316027    -0.282129
  -0.0801574     0.022595     0.238879     0.018156
   0.0352263      0.11902    -0.255598    -0.470052
    0.035297    0.0543578    0.0109914    0.0498629
   0.0285127    0.0136344     0.228368    0.0984333
   -0.101723    0.0448408    0.0791117   -0.0636555
     0.06571   -0.0166733     0.269673     0.233341
    0.289163   -0.0300981   -0.0210651     0.142889
   -0.125329   -0.0545167    -0.128888    -0.221181
  -0.0858041    0.0192646   -0.0698695    0.0455804
  -0.0363734    0.0568527     0.235404   -0.0045363
   -0.187197    0.0916862     0.170223    -0.406476
   0.0418543    0.0326809      0.13134   -0.0375017
  -0.0200245   -0.0126353     -0.19562     0.155992
   -0.109373    0.0412653    -0.170262    -0.097035
   -0.371028     0.103758    -0.291801   -0.0201602
  -0.0527512  -0.00730962    -0.143921    -0.056169
    0.106612    0.0671666     0.105033   -0.0574313
  -0.0248036   -0.0755387   -0.0555337    0.0327144
   -0.333198    0.0503814    0.0762034    -0.378963
   0.0606338    0.0496236    0.0950881    -0.364229
   -0.162563     0.113111      0.21254   -0.0426781
  -0.0454868    0.0866634     0.139216   -0.0415417
    0.034742  -0.00968588    -0.132182   -0.0577182
   -0.261816     0.139942    -0.241479     -0.48444
  -0.0354239  0.000438172    0.0439335     0.016226
    0.129371  -0.00868624      0.17322    0.0474637
 -0.00707436     0.126356    0.0680037   -0.0626659
  -0.0499495   -0.0541924    -0.159746  -0.00720654
   -0.391872    0.0137624    0.0378819    0.0719868
   -0.468789     0.106868    0.0805087    -0.655606
    0.192501    0.0187184     -0.25054   -0.0432681
   0.0069938    0.0707922    -0.124815   -0.0206087
  -0.0343794   -0.0591124    -0.142535    0.0192028
 -0.00968681    0.0247093     0.152999     0.405763
  -0.0382862    0.0316747    0.0351011   -0.0872388
   -0.308646    0.0202978    -0.502431     0.317649
    0.101701    0.0379794     0.121136   -0.0549049
  -0.0564632     0.121489     0.239456    -0.181029
  0.00199151     0.119984     0.241825     0.116561
    -0.32214     0.150472    -0.107413   -0.0730601
  -0.0582894    0.0567989     0.180327     0.068552
    0.046639    0.0404967    -0.181587     0.131862
   -0.183191  -0.00327954     0.150638   -0.0545646
  -0.0112448     0.111033    0.0426355     -0.13334
  -0.0802346     0.127553     0.141092    0.0897612
   0.0524769  -0.00284241    0.0917769    -0.295043
   -0.123128   -0.0809588    -0.234855     0.225517
    0.268086   -0.0212814    -0.286624    -0.208405
   0.0536064    0.0705102    -0.542205    -0.389977
   -0.163553   0.00668852     0.271835   -0.0924484
    0.126987   -0.0506979  -0.00659082     0.222221
  -0.0265719   -0.0132206   -0.0228743   -0.0321468
    0.322818     0.021098   -0.0747253    -0.168787
 -0.00296088    0.0936303   -0.0874478   -0.0609766
    -0.23492    0.0816932      0.13543   -0.0611988
  -0.0739958  -0.00320935    -0.347979     0.384199
   0.0861563    0.0088826     0.244516     0.154964
  -0.0168997    0.0450511    -0.187211 -0.000659109
   0.0262808    0.0110489   -0.0749321   -0.0147005
   -0.144546    0.0622309    0.0982551     0.104541
    0.340205   -0.0737844    -0.116064   -0.0925716
   -0.299919   -0.0606285   -0.0590947     0.390541
   0.0922168    0.0139685     0.340351     0.515336
   -0.100173    0.0677445    0.0411041    -0.132192
   -0.202861    0.0033125    -0.199378    -0.329075
   -0.213464      0.05891   -0.0127897   -0.0455474
     0.25861  -0.00165242    -0.706703    -0.149179
  -0.0814936   0.00679104    0.0100506     0.348416
   -0.133423    0.0594473     0.313648    -0.113063
  -0.0894497    0.0307159 -0.000977736     0.123733
   0.0924404   -0.0594502    -0.144295     0.184109
  -0.0864314   0.00713699     0.231102   -0.0402749
   -0.257873    0.0332222    0.0841731    -0.201496
  -0.0162021    0.0304846    0.0735638     0.268042
  -0.0523171    0.0176682 -4.30644e-05    0.0380238
   -0.315453   0.00860671      0.10856    -0.391965
     0.18788    0.0751117   -0.0938969   -0.0454559
   0.0343337     0.020415   -0.0840794      0.02802
   -0.109184  -0.00377359   -0.0832373     0.159064
   -0.236044    0.0221617    -0.238374    -0.178176
  -0.0509088    0.0469627     0.314382    -0.376135
   0.0127041  -0.00598814     0.484356     0.304073
  -0.0971879    0.0301259    0.0167954    -0.328718
   -0.104022     0.120846    -0.276841    -0.202399
    -0.22721   -0.0106158    0.0991931     0.186543
  -0.0722186     0.078085   -0.0424036     -0.17588
   -0.279792  -0.00792907    -0.336627    0.0229721
  -0.0274994  -0.00149407    -0.327757     0.022805
   0.0618559    0.0871323  -0.00716439    -0.466293
    0.116886   -0.0373921    -0.162972     0.142122
    0.245122   -0.0637098     0.127312    -0.139639
  0.00430851   0.00469557    -0.138314   -0.0609978
   0.0103283   -0.0254083     0.120514    0.0473326
  -0.0261863     0.105074     0.210848    0.0411978
    0.326628 -0.000780439    0.0617409    -0.152189
   -0.137375   -0.0142248     0.081845    0.0889616
   -0.394336   -0.0316879    -0.124391    0.0331877
   0.0201943   -0.0686104    -0.199406      0.13505
  -0.0794092   -0.0289484    0.0326454   -0.0330843
   0.0016738   0.00754234   -0.0653304     0.132094
  -0.0346347   -0.0219972     0.010254     0.265148
  -0.0195866    0.0676407    -0.192461    -0.391197
  -0.0571147    0.0395476    0.0551587    0.0597875
  -0.0574618   -0.0367097    -0.140077     0.140057
   0.0641508     0.108787     0.291975    -0.162682
   0.0635339    0.0975386     0.082576    -0.312012
   0.0982775    0.0179937   -0.0767347    0.0206519
    0.535675    0.0619345     0.238794    -0.431148
    -0.12843    0.0271021   -0.0318607     0.294579
     0.24408   -0.0186321     0.156143   -0.0945525
    0.205662   -0.0356032    0.0944273   -0.0472091
   -0.139795   -0.0266814    0.0868148    -0.160598
   0.0823796    0.0865598     0.391993    0.0833522
  -0.0430378    0.0410359   -0.0167513     0.214606
   0.0473723     0.018089    -0.191853     0.111595
 -0.00233384  -0.00639377     0.149999   -0.0276078
   0.0226717   -0.0283297   -0.0861148     0.311588
   0.0822082    0.0505846     0.318288    -0.350558
  -0.0673977    0.0844662       0.2804    -0.262221
  -0.0330014     0.103752   -0.0261588    0.0733781
   -0.226237    0.0599132   -0.0382237    -0.226558
   0.0434892    0.0317063    0.0926141    -0.138844
   0.0186653    0.0321715    0.0161522   -0.0968484
  -0.0750167    0.0365767     0.109143  -0.00234039
   0.0368256   -0.0378161   -0.0113242    0.0622017
 -0.00305919    -0.040526   -0.0536694     0.212912
   -0.191029    -0.036101    -0.280202  -0.00299859
   -0.210827     0.117615   -0.0687133    -0.188714
   -0.173947    0.0550774     0.330284   -0.0537746
   -0.108171     0.112318     0.170134   -0.0517251
   -0.119731    0.0485636     0.143543   0.00356969
   -0.191114    0.0709298    0.0789867    -0.144642
    -0.17383   0.00140861    -0.416397    -0.297384
   -0.211707    0.0184973   -0.0703187     0.121323
   -0.267923    0.0863141     0.166027   -0.0107177
   0.0417022   -0.0235301    0.0253201   -0.0322586
    0.234606   -0.0138611    -0.183764   -0.0272567
   -0.133876   0.00620576      0.15774   -0.0634014
  -0.0763577    0.0377942     0.330427     0.191517
    0.283881   -0.0536108    -0.280391    -0.058697
    0.033293    0.0591387    0.0849066    -0.105348
   0.0477873    0.0366018   -0.0362601    -0.181016
  -0.0671975     0.104843      0.17416    -0.340513
   -0.277565    0.0804917    0.0906144    -0.180695
   0.0298221   0.00692725   -0.0269697    0.0553811
    0.382589   -0.0468706    -0.121248    -0.018018
    0.115824   -0.0159571    0.0466143      0.30198
  -0.0672712    0.0820939    -0.117822    0.0470607
    0.143305    0.0971253    -0.161907    -0.164718
  0.00312089   -0.0118361     0.098522      0.11169
   0.0326585    0.0920496   -0.0429101    -0.268597
    0.066078   -0.0150315     0.034526     0.215705
  -0.0961975   -0.0819354  -0.00231085     0.217473
    0.148562     0.027225   -0.0393191   -0.0177941
   -0.194894    0.0837639     0.065614   -0.0559203
  -0.0332298    0.0209594   -0.0062224     0.167714
    0.180998    0.0208956    -0.108559     -0.13218
   0.0554892    0.0340687     0.214502    -0.171611
  -0.0378375     0.107293    -0.108219    0.0668323
   -0.170571     0.157681    -0.211199    -0.562129
    0.127888   -0.0990844    0.0681161     0.218139
   -0.240691   -0.0121353     0.131829    0.0845575
   0.0568808    0.0517437     0.222587    0.0908967
  -0.0320996    0.0259896     0.137691   -0.0735589
    0.299872    0.0475889      0.15123   -0.0182686
    0.194288   -0.0308834    -0.100163    -0.204697
    0.275523    0.0151142   -0.0616549     0.213792
   -0.205642   -0.0370825   -0.0571545   -0.0540167
   0.0691883    0.0191903    -0.139188    -0.218263
   -0.338003    0.0527242     0.185741    -0.426165
   0.0247518   -0.0152602    -0.144441    0.0648408
  -0.0986123    -0.060006    -0.108081     0.347144
  -0.0666126    0.0785109    -0.256861    -0.112463
   0.0810789    0.0941694     0.230077     -0.22519
  0.00479314    0.0885189   -0.0282539   -0.0289952
  0.00752446   -0.0483231    -0.187785   -0.0781625
    0.152108  -0.00860239     0.126274    -0.039644
     0.12474   -0.0102138    0.0115807    -0.257756
   -0.104752     0.128046     0.165647    -0.567025
   0.0224879    0.0409857    -0.144464    -0.235112
   -0.117184    0.0449182     0.196883    -0.144886
  -0.0332128    0.0248584   0.00387085    0.0180982
   -0.166795    0.0519697    -0.125993     0.400996
  -0.0682496    0.0834446      -0.1024    -0.033048
   -0.182934    0.0278092    0.0547525      0.24281
   0.0532709   -0.0130051    -0.026653     0.232141
 -0.00537086    0.0214509   -0.0284453    0.0555342
    0.140884   -0.0276215    -0.139342      0.26492
  -0.0122379   -0.0596098    -0.174785    0.0539068
    0.409956    0.0610314    -0.231761    -0.220329
   0.0252122    0.0284293    -0.115153    -0.350601
   0.0232975   -0.0046412   -0.0762603     -0.17816
   -0.254931     0.103888    -0.345922    -0.186842
  0.00600787   -0.0468583     0.104818     0.120713
 -0.00815551     0.069377     0.152418   -0.0049424
   0.0714923    0.0363954     -0.24461   -0.0502063
    0.209578    0.0779219    -0.222892    0.0961681
   -0.126497    0.0796592    -0.200504    -0.139515
  -0.0243575    0.0588555   -0.0203411   0.00966683
   -0.166141     0.042688    0.0177495    0.0564522
    0.107044  -0.00331644    -0.436172    0.0446664
    0.100103   -0.0844452    -0.236108    0.0923831
    0.062213   -0.0419589     -0.12864    0.0259192
   -0.207054    0.0566469   -0.0781511   -0.0448433
    0.213203     0.119569   -0.0197237     0.250973
   0.0658753   -0.0318734     0.198799     0.120217
   0.0618239     0.112575   -0.0223592    -0.166884
   0.0621663    -0.045384    -0.311632     0.271125
   0.0423755   -0.0384935  -0.00398895   -0.0203596
   -0.092418    0.0753854   -0.0332445      0.17913
  -0.0991291    0.0283099    -0.171897   -0.0196624
      0.1276   -0.0087065   -0.0840559     0.184254
    0.190064   -0.0181059    -0.240211    0.0816682
    0.232885    0.0100383     0.223334    -0.147603
   0.0279737    0.0145525     0.212859     0.158173
    0.137294   -0.0470012    -0.274775     0.390641
   -0.166445    0.0878154     0.183189    -0.041335
   -0.248227   0.00487721     0.262478    0.0712128
  0.00962553     0.119426     0.221934    0.0766623
   -0.227881    0.0267459    -0.127391    -0.115339
   -0.231457    0.0312296     0.146647    -0.143039
    0.198287    0.0157427     0.220439    0.0473105
   0.0677884 -0.000395078     0.256589    0.0578457
    0.141347   -0.0261686    -0.148681     0.179986
  -0.0542278    0.0774086     0.495203   -0.0583187
   0.0366628    0.0770077  -0.00925262  -0.00211634
  -0.0577162    0.0817352    0.0472101     -0.30254
   -0.310174    0.0485009    -0.182636     -0.61794
  -0.0231153     0.069815    -0.197055    -0.515647
    0.148002    -0.102828    -0.785914   -0.0356688
   0.0857835     0.124729     0.232712   -0.0470392
   -0.120895   -0.0509523    -0.280185     0.207485
   -0.206633    0.0709107    0.0623892    0.0281595
   -0.198077   -0.0324882    -0.253547    0.0678179
  -0.0685918    0.0848581      0.29736   -0.0870324
    0.100475   0.00522528   0.00700568     0.118219
   0.0677753    0.0264154   -0.0819042    -0.106649
   -0.145847    0.0392941     -0.21075   -0.0667407
    0.263827   0.00493362      0.13853     0.245156
    0.391938  -0.00483252    -0.146721    -0.344613
    0.221635    0.0407154    -0.175398    -0.217291
   0.0510866    0.0160463     0.221811     0.123273
   -0.150184     0.070833   -0.0839367    0.0746444
 -0.00261586   -0.0189471    -0.210689   -0.0239617
   -0.179533     0.106558     0.270714    -0.020743
   -0.308121     0.179075    0.0358244    -0.624918
   0.0287576     0.176081      0.32611   -0.0891944
  -0.0857248    0.0481739     0.267163    -0.158015
   0.0271004    0.0192723    -0.101721   -0.0283825
   -0.204219    0.0850056    -0.100136    -0.194595
   -0.164038    0.0313905  -0.00623869     0.101912
    0.315531    0.0392643    -0.258569    -0.308986
   -0.101502   -0.0240914   -0.0704822   0.00457126
   -0.154708    0.0112864    0.0194234    0.0320794
    0.295665    0.0353202   -0.0399923    0.0379748
   -0.282715     0.128985    0.0432447    -0.177048
  -0.0436398     0.101845     -0.20088   -0.0580087
    0.265349   -0.0118778    0.0739135    0.0796288
   0.0984325    0.0841304    -0.115678    -0.293746
    0.151347   -0.0124651    -0.399239     -0.30999
    0.310497   -0.0271423    -0.165244     0.102526
    0.219271   -0.0119828    -0.139587     0.161089
   -0.140517  -0.00200996    -0.415186     0.159929
  -0.0474317    0.0486423      0.13545     0.092796
  -0.0655124    0.0683822    0.0441293    -0.181738
  -0.0189543   -0.0225072    -0.159858   -0.0160602
     0.21307   -0.0155531    -0.328137     -0.12189
   -0.157421   -0.0249799    0.0528485   -0.0182489
  -0.0349088     -0.13082    0.0459751     0.260492
  -0.0755179    0.0922175     0.254249     0.104219
    0.176572    0.0978327    -0.164162    -0.279791
   -0.124442     0.073199     0.213885     -0.13918
  -0.0406946    -0.085097    -0.260561     0.200154
 -0.00309119    0.0348297    -0.107094    -0.391311
 6.53086e-06   0.00677512     0.046256     0.162376
 0.000937627      0.05358    -0.101682    -0.119304
  -0.0306195   -0.0551502     0.143597    -0.239759
    0.104154     0.082197    -0.054635    -0.023011
   0.0659817    0.0888871   -0.0732547     0.297672
    0.074294   -0.0748362    -0.493635     0.393935
  -0.0445208    0.0566152    -0.297963    -0.226229
   -0.126892   -0.0404216      0.30221     0.204757
  -0.0820021   -0.0224956    0.0268635    -0.147809
   0.0143892    0.0479817   -0.0672495   -0.0801579
  -0.0328491    0.0779776     0.162771     0.118115
    0.139313    0.0790686    0.0889265     0.142791
    0.115243  -0.00237155   -0.0919297    -0.106885
  -0.0628968    0.0661159    0.0862769    -0.233895
    -0.30191    0.0629615     0.223033     -0.39999
  -0.0251248     0.130732    0.0240172    0.0571509
   0.0696629     0.126994     0.119595   -0.0744925
   -0.105891     0.043011    0.0213196    -0.101202
   0.0911803  -0.00641693   -0.0403173   -0.0784963
    0.219709    0.0292995    0.0172052     -0.23124
   -0.134649   0.00843388      0.23433     0.041294
   -0.268023    0.0620315     0.204108    0.0555796
   0.0587404    0.0790815   -0.0501112    -0.269286
  -0.0907736    0.0529475    0.0520732    -0.054637
  -0.0288982    0.0875007    -0.161151    -0.367254
   -0.213304    0.0134934   -0.0652739   -0.0806467
   0.0770518   -0.0273754  -0.00706673    -0.278523
   0.0818696     0.101022     0.200726    -0.142185
   -0.132125    0.0697596    -0.188663     0.197493
   0.0212685    0.0247256    -0.196712    -0.170426
  -0.0786227     0.072381    0.0284684     0.202295
    0.052816    0.0783206   -0.0719678    -0.347188
   -0.128723     0.060508   -0.0494936    -0.118862
   0.0601401    0.0188467     0.228361     0.172866
  -0.0697185    0.0162021   -0.0535939     0.139578
   -0.212106     0.114895     0.248777    -0.158038
  -0.0590632   -0.0114621   0.00655238   -0.0219894
   0.0153916     0.150993   -0.0624396    -0.308198
   -0.111351     0.048425     0.111627    -0.084929
   0.0290286   -0.0613189     -0.24604     0.104382
   0.0540559    0.0333556    0.0564439   -0.0385969
   -0.125705    0.0718797     0.232308    -0.139568
  -0.0135712    0.0558066    -0.508585   0.00251183
    0.063248    0.0140495    -0.191394    0.0843232
   0.0048008   -0.0239082     0.263382    0.0775967
  0.00613793   -0.0350642    0.0842356     0.268049
   -0.153204    0.0190343    -0.153974     0.106302
   0.0563088    0.0684226    -0.173611    -0.120346
     0.13443    0.0116936     0.157731     0.491865
   -0.127823     0.133755     0.161363     -0.18394
  -0.0480918    0.0345435  -0.00082743    -0.135418
    -0.10313    0.0196203  -0.00980782      0.11691
    0.108033    0.0295797    -0.207107    -0.152638
   0.0213164   -0.0112443   -0.0756559    0.0260348
    0.305976    0.0173322    0.0903503    -0.143549
    0.111312   -0.0557533    0.0294916     0.107164
  0.00296284   0.00346391    0.0675596    0.0442364
    0.220006   -0.0760296   -0.0354808    0.0704178
   -0.105852   0.00687091   -0.0368517     0.159708
    0.100916    -0.105408    -0.354348   -0.0227296
  -0.0894575   -0.0356558   -0.0173884     0.162307
  -0.0166218   -0.0298074   -0.0766861   -0.0165865
   -0.336309       0.1433    0.0650663    -0.489513
   0.0514501   -0.0161002   -0.0988019   -0.0517874
  0.00160331     0.125375    0.0708026   -0.0497954
    0.178446   0.00667911    -0.556044    -0.795533
  -0.0196695     0.109845   0.00779305    0.0271171
 -0.00629173  7.33751e-05     0.258355     0.166886
     0.34664     0.048608     0.115859    -0.119693
   -0.187172    0.0480771    0.0210856    -0.173595
    0.103719    0.0810511    -0.119123    -0.340943