   -0.180382    0.0293143    -0.100828   -0.0196927
   -0.119124   -0.0257013   -0.0725153     0.035802
  -0.0858639    -0.121563    0.0212704    0.0282133
     0.21118    0.0923388    0.0646797   -0.0741698
  -0.0382423    -0.144323    0.0909154   -0.0204169
   -0.136615   -0.0374059   -0.0509844     0.132643
   0.0615912    0.0515441   -0.0248548    0.0130433
    -0.11598    0.0339209   -0.0238445   -0.0802632
   -0.034394   -0.0738587    0.0801205     0.053097
   -0.203982  -0.00921476   0.00592338   0.00578678
   -0.154745   -0.0268632    0.0886225   -0.0328116
  -0.0657766    -0.106058   -0.0251222   -0.0272309
   0.0192876   -0.0825404   0.00564449  -0.00531129
    0.034557   -0.0173658    0.0793124    -0.098467
 -0.00948589   -0.0854705    -0.155162     0.125546
     0.21862    0.0456087     0.100596   -0.0876987
  -0.0177381   -0.0512491     0.132696    -0.180589
  -0.0121662   -0.0256095    0.0293264    0.0140196
  -0.0342609   -0.0976333    0.0852688   -0.0658481
  -0.0669138   -0.0366862    0.0264468    0.0220093
    0.052684   -0.0713338    0.0820632   -0.0413083
  -0.0204702   -0.0533857   -0.0790124    0.0331026
   -0.119415   0.00511276  -0.00700482   -0.0975406
  -0.0467406     0.102496   -0.0342093    0.0536292
    0.146145   0.00565135   -0.0668146    0.0262171
  -0.0352692   -0.0126647     -0.13593     0.103366
   -0.192429   -0.0688553     -0.14944    0.0625296
    0.116958   -0.0320256     0.155434    -0.168961
   -0.189356   0.00656436   -0.0163381    -0.051905
 -0.00625591   -0.0273935   -0.0466456    0.0114882
   -0.056951   -0.0545083    0.0394985    0.0703314
     0.15761    0.0247787    0.0280583    0.0125185
    0.152148     0.218768    0.0665476     -0.07169
  -0.0525359    -0.066313   -0.0098213    0.0818981
   0.0400075    0.0577123   -0.0960758    0.0290263
   0.0373459    -0.132885     0.048193    0.0874343
    0.323648    0.0588857   -0.0372295     0.174412
   -0.168808     -0.11029    0.0691731   -0.0393464
 -0.00434193     0.044865    0.0569108    0.0391151
    0.146538    0.0410088      0.01883   -0.0267535
   -0.172537     -0.14615   -0.0614798    0.0350125
   -0.196989   -0.0684579   -0.0634656    0.0414632
  -0.0566196     -0.11382   -0.0015657  -0.00754234
   0.0874658   0.00197015    0.0016589    0.0738837
   -0.048915    0.0167757   -0.0401216    0.0580971
   0.0500353    -0.067308    0.0632999    0.0270325
  -0.0493325   -0.0229222    0.0910949     0.002507
   0.0971643    0.0522007    0.0102754   0.00837308
   -0.086485    -0.044139   -0.0999543    0.0122582
  -0.0844168    0.0116702    0.0588478  -0.00417299
  -0.0746931    -0.133012   -0.0108532   -0.0241371
  -0.0693633    0.0982027    0.0242837   -0.0435728
  -0.0895218     0.042451    0.0190944    0.0355253
  -0.0765125   -0.0302764   -0.0906837   0.00987421
  -0.0360842     0.023115    0.0482822   -0.0776898
    0.160587    0.0820415   -0.0354845    -0.017897
   -0.064093    0.0203307   -0.0115677   -0.0784681
  -0.0960226   -0.0650347    0.0397061    -0.137447
   -0.135899   -0.0731433    -0.041344   0.00974345
    0.365066     0.230371    0.0686133   -0.0353826
  -0.0162196    0.0194403    0.0601468    0.0642054
   -0.120686   -0.0761829    -0.168098  -0.00437715
  -0.0826989   -0.0238673  -0.00949629  -0.00164038
   0.0903825   -0.0196393     0.137394    0.0337653
  -0.0389177    0.0441502   -0.0687043   -0.0296091
   -0.239699   -0.0806833   -0.0453967    0.0337933
    0.100513    0.0863584   -0.0175191   -0.0194741
  -0.0372112    0.0160836    0.0306894   0.00652507
  -0.0199142   -0.0265651    -0.100983    -0.107584
   0.0152115   -0.0110025    0.0246478   0.00576352
   0.0985135    -0.078964    -0.116743  -0.00685228
   -0.142375    0.0680966   -0.0308455   -0.0432048
   -0.109924   -0.0306235    0.0374612    0.0757402
   0.0481055    -0.115438    0.0543925     0.075889
  0.00560356    0.0251307   -0.0530183    0.0697665
   0.0162333    0.0118361     0.123133    -0.106635
   0.0659426    0.0615213   -0.0814645   0.00618381
  -0.0350959   -0.0945168    0.0600197    -0.064189
    0.131499    0.0581333     0.174533    -0.103797
   0.0356104   -0.0707304  -0.00091746     0.159296
   0.0929222   -0.0611383    0.0129254  -0.00504476
    0.123527   0.00877391   -0.0456411    0.0531547
   0.0447573   0.00920015    0.0783456   -0.0097556
   -0.141807   -0.0581426     0.152975   -0.0645247
  -0.0646849     0.102366     0.136741    -0.186011
   0.0698181   -0.0353192    0.0202261     0.108946
  -0.0854323   -0.0480019    -0.122317      0.13946
    0.128764     0.101016    0.0900227     0.027709
   0.0520187     0.054995   -0.0290499    0.0632231
   -0.113018   -0.0293568    0.0674112    0.0134831
  -0.0943218  -0.00919729   -0.0319398  -0.00510476
  -0.0244505    0.0842236     0.152248   0.00138946
   0.0842079    0.0377098     0.178557   -0.0604551
   -0.260541    -0.102216   -0.0680599  -0.00244503
 -0.00839175   -0.0612052  -0.00902516    0.0566905
   0.0877213     0.152409  -0.00304422    0.0619755
    0.130575    0.0316462     0.041019   -0.0496417
   -0.216998   -0.0220066   -0.0271113   -0.0662176
   -0.163509   -0.0386904   -0.0595419    -0.115388
   -0.267018    -0.137787   -0.0149239   -0.0515292
   -0.283679    -0.232813   -0.0804338    0.0297362
   -0.080417    -0.139563   -0.0214215  0.000180463
  -0.0163797   -0.0598096    0.0141071    0.0320678
  -0.0996574    -0.139256    0.0782169   -0.0504276
   -0.204397    0.0139668   -0.0980192   -0.0161114
    0.175779     0.204681    0.0343914    0.0115248
   -0.091433   -0.0836973   -0.0604625    0.0519032
    0.108087  -0.00521373   -0.0152762      0.11183
   0.0265734   -0.0246705   -0.0399165   -0.0366212
    0.239948     0.270856   -0.0445393    0.0221878
    0.011775    0.0225329     0.024195      0.01086
   0.0964405    0.0314869   -0.0087464   -0.0834698
  0.00364233    0.0671889   -0.0130277   0.00749481
    0.249299     0.184108    0.0952364   0.00433285
  -0.0586651     0.121166   -0.0280065   0.00781407
    0.381091    0.0601512     0.137924    0.0445934
   -0.152758    0.0716099   -0.0389366   -0.0959375
  -0.0761208    0.0734241    -0.035214   -0.0345763
   0.0285944    0.0394575      -0.1023    0.0950081
  -0.0940718   -0.0248836    0.0687621     0.035788
  -0.0883164    0.0763269    0.0201957   -0.0718754
   -0.187273    0.0228166   -0.0922754   -0.0617155
  -0.0984262    0.0105968    0.0166762   -0.0447343
    0.109003    0.0273528   -0.0310884    0.0274235
   -0.115174      0.15593   -0.0573473   -0.0281629
    0.152567    0.0928417     -0.03988     0.124149
   -0.140036   -0.0451727    0.0847249   -0.0440479
   0.0850233    0.0408353    0.0990677    0.0926006
   -0.039622    -0.083167    0.0893935    0.0194234
    -0.24955     -0.27429  -0.00689132   -0.0556221
   -0.050355    0.0753299    -0.113569   0.00144686
   0.0589581   -0.0684523    0.0866367   -0.0345606
   0.0946405   -0.0760438  -0.00161576    0.0395196
    0.188966   0.00308978    0.0905086    0.0329725
    0.149467   -0.0181785   -0.0177924     0.103622
   0.0198832    -0.095137    0.0501825    0.0248476
   -0.122205    -0.113444    0.0288924    0.0259468
   0.0474536   -0.0225458   -0.0274954    0.0638453
     0.03028    0.0539933    0.0211148    -0.024528
   0.0723765  -0.00278198    0.0519313    0.0425421
  -0.0107935    -0.111341   -0.0318801    0.0685608
   -0.140391     0.046156    -0.023464  -0.00660379
   -0.183495    0.0418517   -0.0466098   -0.0440272
    0.125356    0.0143368    0.0703152    0.0674615
    0.147328     0.136385     0.012463   -0.0290408
   -0.215471   -0.0663228   -0.0460593  -0.00155024
    0.261216     0.167958     0.163451   -0.0508003
   0.0475859   -0.0684509   -0.0742186    0.0686842
    -0.16312   -0.0206641    0.0308838   -0.0852425
   0.0151326   -0.0333919    -0.107186     0.100914
    0.281556    0.0538071    0.0796416   -0.0671575
    0.144353      0.14781    0.0369441    0.0802437
   -0.273072  -0.00261272   -0.0358674    -0.113168
   0.0367792    0.0103493   0.00608018    0.0315356
   -0.112361   -0.0827595 -0.000630393    0.0192567
    0.135495    0.0223377     0.029231   -0.0580299
    0.113713  5.29442e-05  -0.00542306     0.092401
    0.181147   -0.0313068     0.170836    -0.037179
    0.152191    -0.023851    0.0412739   -0.0364672
    0.040649    -0.104178   -0.0954515    0.0581025
   0.0779891     0.182219   -0.0373064   -0.0407674
  -0.0500911    0.0613588     -0.14072    0.0363932
  -0.0444673    -0.118082   -0.0049621  -0.00352636
    -0.19261   -0.0839474   -0.0885315   -0.0362911
  0.00436209   -0.0491992     0.166171   -0.0073441
    0.108565     0.037356   -0.0725631     0.113884
  -0.0221639    0.0961029   0.00348683    0.0664624
   -0.202094    0.0758984   -0.0646364   -0.0690834
   -0.115594    -0.165224   -0.0247257    0.0158813
     0.12523    0.0177699  -0.00587148    -0.025575
   0.0265253     0.017874   0.00167611    -0.137169
    0.116447   -0.0782322     0.088577   -0.0286574
    -0.18991    0.0675184   -0.0480422   -0.0961321
  -0.0348845   -0.0756965   -0.0360601    0.0620403
  -0.0881516   -0.0750257   -0.0282426   -0.0599046
   0.0308857  -0.00978944   -0.0258722    0.0546093
  -0.0736252   -0.0216216     -0.11439    0.0841178
    0.214954    0.0827891    -0.087019     0.107112
    0.206299   0.00784213    0.0507614  -0.00454024
    0.248211    0.0247866  -0.00873305     0.114135
    0.186164    0.0244327  -0.00953435     0.255205
    -0.14524    0.0181892    0.0407352   0.00877949
    0.139453    0.0638915  -0.00127963    0.0176077
   0.0649211     0.127216    0.0430586    0.0412388
  -0.0210607   -0.0815548    0.0160525   -0.0299927
     0.17474   0.00491305    0.0693752    0.0160382
    -0.23776   -0.0744417    -0.116213    -0.139764
    0.124883    0.0680087    0.0653357   -0.0325053
   0.0658414    0.0415034   -0.0262456    0.0400309
   -0.118481    0.0146737   -0.0382836   0.00870891
   -0.239356   -0.0658771   -0.0406923   -0.0832425
  -0.0185366   0.00954633    0.0818402    0.0153708
    0.041228   -0.0179403    -0.154412     0.130202
  -0.0775415    0.0592771   -0.0241719   -0.0419555
  -0.0435477    0.0047495   0.00195956  -0.00216694
  -0.0753929   -0.0798569    -0.248318     0.177432
   0.0611263    0.0147727    0.0433654   -0.0975845
  -0.0406562   -0.0982612    0.0316629    -0.035049
  -0.0528159   -0.0681389    0.0152837   -0.0572711
   0.0271727    -0.085372   -0.0507469     0.106501
    0.245158    0.0641229    0.0693419    0.0114206
   -0.188325   -0.0818266    0.0241503   -0.0739395
   0.0722885     0.066346     0.101784   -0.0409692
   0.0511885    0.0411542   -0.0611838    0.0224138
   -0.129877   -0.0781128    -0.169963    0.0729675
   -0.110717   -0.0281837     0.159047   -0.0695447
   0.0313036    0.0632991     0.024881   -0.0260503
   -0.229295   -0.0828395   0.00372871    -0.010543
   -0.235711    -0.168425   -0.0917761    0.0373987
   0.0594542    -0.142632   -0.0606581     0.124121
  -0.0322208    -0.121512   -0.0502142    0.0298054
   0.0186934   -0.0424921   -0.0186532     0.106842
 -0.00255566    0.0750858    0.0814817   -0.0774384
 -0.00164808    0.0185147    0.0232179   -0.0329082
    0.039397    0.0757337  -0.00383389   -0.0451032
  -0.0302153    0.0237228     -0.26633     0.189103
  -0.0339264    -0.038574    0.0434332   -0.0105286
   0.0835451    0.0691657   -0.0473906     0.114732
  -0.0292628    0.0466477  -0.00377278   -0.0446807
   -0.114687    -0.137791    -0.029036   -0.0793922
   0.0875948     -0.10404     0.058206     0.064324
  0.00747534   -0.0179102    0.0399785   -0.0299092
   0.0588656    -0.053043    0.0130711     0.212916
   0.0292809   -0.0261214   -0.0742995    0.0604561
   -0.276747    0.0653314   -0.0161799   -0.0587946
  -0.0374252  -0.00361443   0.00969439    0.0250234
    0.239102   0.00555276    0.0733055     0.112487
   0.0398041     0.150558    0.0201705    0.0625926
   -0.119201   -0.0529272   -0.0162145   0.00725959
  -0.0372155    0.0675812   -0.0205603   -0.0351438
   0.0309604   0.00793803   -0.0582586    0.0473767
  -0.0723959   -0.0240892  -0.00552269  -0.00593276
   -0.195332   -0.0268626   -0.0139758  -0.00124262
  -0.0157601   -0.0853784    -0.058925    0.0352827
  -0.0323523    -0.167316    -0.163403     0.226833
   0.0315742   -0.0102887     0.018298   -0.0252386
    0.359231     0.148652     0.074827     0.064969
  -0.0303958    0.0820189    0.0767679    -0.031762
     0.13636   -0.0492064    0.0806518    0.0813299
  -0.0906211   -0.0259801   -0.0939414    0.0239719
   -0.297352   -0.0685648    -0.126531    0.0870298
    -0.23138    -0.115334    0.0279957    -0.106101
   -0.105201     0.063767   -0.0226537   -0.0476557
   0.0298636   -0.0683188    0.0345581    0.0749137
 -0.00732191   -0.0281371    0.0371225  -0.00495732
  -0.0500159 -0.000631486   -0.0118054    -0.028104
   -0.202622   -0.0105328    0.0170385   -0.0316159
    0.163659   -0.0153692    -0.027927     0.070953
   -0.365204    -0.115398  -0.00261415     -0.01732
 0.000454913    -0.138424    -0.153651    0.0545249
   -0.107406   -0.0783374   -0.0295177    0.0408857
    0.197699     0.215512    0.0361035     0.043438
   -0.172928   -0.0953132   0.00223564    0.0735528
   0.0347677    0.0409802    -0.133283     0.126292
   -0.113775   0.00127748    0.0964967    0.0594377
   -0.222404     0.030766    0.0524512    -0.106328
    0.013862   -0.0256369  -0.00406436    0.0873537
     0.13077    0.0940956    0.0239324    0.0194248
   0.0777686     0.049222   0.00913861    0.0272326
    0.102491     0.101164    0.0543203     0.104261
    0.117402     0.121284   -0.0260764    0.0358225
   0.0401124    0.0275016    0.0819743   -0.0272078
    0.103644   -0.0632634   -0.0107349     0.130569
   0.0829503    -0.083191   -0.0103812    0.0237907
   -0.016174   0.00528041    -0.028542   -0.0484617
   0.0395216    -0.134725    0.0801653   -0.0163972
  0.00560966    -0.053166    0.0917653   -0.0140677
  0.00549671   -0.0791013   -0.0819078     0.169922
  -0.0206109   -0.0517072   -0.0180351   -0.0162167
  -0.0453609   -0.0764462   -0.0399464    0.0529893
   -0.121232    0.0261536    0.0117064   -0.0239875
   0.0267544   -0.0147882    0.0278511     0.151321
 -0.00756197     0.113132  -0.00517645    0.0316882
  -0.0169582    -0.172477    0.0406881    0.0857879
  -0.0359111    0.0107328    -0.023645    0.0549665
     0.24594   0.00877208   -0.0285285  -0.00664221
   -0.146451    -0.106145   0.00937839    0.0799375
    0.119317    0.0602084    0.0362095    0.0288409
   0.0703051    0.0132983   -0.0615527      0.12618
   -0.154891     0.100221   -0.0598708    0.0238433
   0.0294674   -0.0756203   -0.0448005    0.0539445
   -0.100937    -0.056752    0.0493027    0.0116541
    0.109483    0.0608671   -0.0134133     0.038498
  -0.0486815    0.0144154   -0.0763335   -0.0249776
   -0.158696   -0.0775219   -0.0253699    0.0609359
    0.135241    0.0145404   -0.0173515   -0.0277808
   -0.107529   -0.0457376    0.0198661    0.0277675
  -0.0131974     0.001554  -0.00283665   -0.0216851
  0.00065945   -0.0173832    0.0294491   -0.0523546
    0.156275     0.180926    0.0711056   -0.0870691
  -0.0980047   -0.0610995   -0.0102188    0.0284452
   -0.106377    -0.084905  -0.00721199    -0.079941
  -0.0527254    -0.113203    0.0347538  -0.00202027
  -0.0204395   -0.0200343    -0.207229     0.198113
  -0.0529717    0.0689366     0.125629    -0.159411
   -0.063168   -0.0345536    0.0118879    -0.013628
   -0.111552    0.0591944    0.0163546  -0.00567547
   0.0707505     0.109521   -0.0183602    0.0731695
  -0.0196866   -0.0528906    0.0827902   -0.0250779
    0.208966  -0.00239546  -0.00799417   -0.0628772
   -0.108874    0.0728465   -0.0131541     -0.10128
  -0.0247849     0.051646   0.00986776    0.0941415
   0.0277369    0.0641219     0.093616  -0.00261323
   -0.148117   -0.0623654  -0.00384758   0.00646914
  -0.0184578   0.00327896   -0.0454162     0.026379
   0.0819005   -0.0512225   -0.0418147     0.166814
  0.00394873    0.0301592   -0.0852108    0.0284512
   0.0142863    0.0115066    0.0368383    0.0674016
   0.0510476     0.144642    -0.119308    -0.047099
   -0.175773   -0.0659543    -0.133684    0.0987941
  -0.0906757   -0.0591302    0.0121464   -0.0159954
    0.127785   0.00469328   0.00452869   -0.0143968
   -0.176344    0.0370335  -0.00234879  -0.00547429
 -0.00408738  -0.00913023    0.0984434    -0.121551
   -0.100913   -0.0528858    0.0222596     0.043765
 -0.00121712     0.026617   -0.0511841     0.153438
  -0.0226312    0.0774142     0.084471   -0.0332293
  -0.0693532   -0.0796578   -0.0391474     0.011722
  -0.0470776    -0.117486    0.0176406    0.0104773
    0.034682   -0.0402864     0.154838    0.0555394
    0.129575    0.0331295    0.0101963    0.0753288
    0.154938    0.0611305   -0.0147402    0.0177745
  -0.0434582   -0.0234022    0.0217669   -0.0277719
   -0.175412    -0.119864    0.0215154   -0.0777794
   0.0317934    0.0695469     -0.10871   -0.0255331
   0.0650838   -0.0397202     0.126707   -0.0260718
   -0.858952    -0.326987    -0.222653    0.0503015
   -0.116452    0.0802123    -0.115585    0.0366331
  -0.0447011     0.151923   -0.0319373    0.0445409
   0.0916702   -0.0655567   -0.0234366  -0.00475685
   -0.109414   -0.0562195   0.00989466    0.0989688
   -0.162009     0.101463   -0.0846968   -0.0550402
   0.0622089    0.0649469   -0.0479183    0.0203343
   -0.171648     0.032573   -0.0894153  -0.00702545
   0.0237133    0.0792103  -0.00467078 -0.000908509
    0.214708      0.14497    0.0524256      0.01532
  -0.0567911   -0.0465307   -0.0299463   -0.0195839
    0.166864    0.0506593    0.0947614    0.0248701
  0.00583665    0.0562093    -0.088985   -0.0259018
  0.00627291   -0.0832408    0.0101903    0.0128508
 0.000380365   -0.0850129    0.0110346  -0.00763927
  -0.0615096    0.0297823    0.0235866   -0.0449156
  -0.0151608   -0.0624848   -0.0876654     0.048912
    0.029851    -0.154594     0.118714   -0.0400683
  0.00482347    -0.101108   0.00913143    0.0254443
    0.245591    0.0520856    0.0111002     0.102466
  0.00252961      0.10108    -0.113152   -0.0349685
   -0.178559  -0.00478977    0.0206765   -0.0715832
   -0.183598    -0.107486    0.0061421    0.0519673
    0.179599   -0.0257779    0.0566918     0.108764
   -0.273054   -0.0553797  -0.00712196    -0.067554
 -0.00014966    -0.183368   -0.0316834    0.0584164
  -0.0556064    0.0168828    -0.148735     0.139717
  -0.0038752   -0.0762248    0.0384303   -0.0070287
    0.118825   -0.0497143    0.0651949    -0.095016
 0.000337803   -0.0759002   -0.0451959   -0.0914697
    0.147228    0.0128839     0.100214   -0.0302215
     0.11692    0.0813331   -0.0764094    0.0188927
  -0.0662921     0.029038    0.0142116  -0.00817254
   0.0569337   0.00338685   -0.0735907    0.0441341
   -0.155866   -0.0858115    -0.102905   -0.0169077
    0.115692    0.0899992    -0.074013    0.0800118
   -0.050199   -0.0945152   0.00381746     0.141359
   0.0505511    -0.017415   -0.0179131   -0.0581391
  -0.0545908   -0.0843373   -0.0161863    0.0145196
   0.0531142   -0.0178859    0.0415989    0.0578594
  -0.0114737    -0.100589    -0.120418     0.122806
  0.00664651    0.0185363  -0.00229685    0.0357051
   0.0352244   0.00598329    0.0824191   -0.0968896
   0.0218518   -0.0414483    -0.046958     0.024784
    0.110253  -0.00306465   -0.0780126    0.0668718
    0.140873    0.0989836     0.148225   -0.0413843
   0.0311552    0.0169082   -0.0615717    0.0270086
   -0.171198   -0.0459046    -0.107697   -0.0230667
    0.218932   -0.0133934     0.105061     0.057457
   0.0640031   -0.0518106    0.0331537    0.0599609
    0.075808    -0.041905    0.0855575       0.1136
   0.0290046    0.0697504     0.139249    0.0503938
   -0.165007     0.056926    -0.088901   0.00848498
    0.205005    0.0475737    0.0592088   -0.0070317
   0.0455536     0.117584    0.0238191   -0.0350484
   -0.264456    0.0754096    -0.112515    -0.104866
    0.160461     0.133916   -0.0373257    0.0520133
   -0.178602   -0.0217046   0.00762202   -0.0915065
   0.0267689     0.123022    0.0843904   -0.0794875
   -0.140847    -0.103337    0.0912974   -0.0983047
   -0.116076    -0.018341    0.0452424    -0.047628
   -0.151624    -0.138919     0.114765    0.0667253
   0.0887604    0.0964933    0.0214478  -0.00887889
   -0.104992    0.0646923   -0.0911122   -0.0702909
   0.0969824     0.120891    0.0732474    -0.032852
    0.113298    0.0644661   -0.0407669    0.0123194
  -0.0305683    -0.110493    0.0216166    0.0452129
  -0.0110015    -0.160655    -0.145611    0.0674614
    0.153242     0.102274     0.118448   -0.0477175
  -0.0920475   -0.0492015    0.0282732  -0.00570808
   -0.211757   -0.0226966    -0.029714    0.0102226
   -0.108133    0.0983417    0.0146543    0.0180556
  -0.0915928   -0.0909614    0.0131185    0.0143071
  -0.0589633  -0.00526497    0.0208497    -0.114475
   0.0148107    0.0381148     0.124862    0.0417826
     0.10838     0.159072    -0.165753      0.14402
   -0.140798   -0.0303857   0.00860312     0.097664
     0.19794      0.10698   0.00432387  -0.00132526
    0.132916     0.169722    0.0182176    0.0292847
   0.0355812    0.0147918   -0.0601883    0.0354239
   0.0470718    0.0420888    0.0612947    -0.006055
   0.0570435   0.00409833    0.0937688    0.0638568
   -0.060721    -0.080413    0.0562952   -0.0332402
   -0.103252   -0.0573406     0.046611   -0.0141111
   -0.287555  0.000589781  -0.00779578    -0.123005
     0.00511     0.163684     -0.11904   0.00102431
   0.0406436   -0.0807438   -0.0439138    -0.060529
   0.0578356    -0.037434     0.155713   -0.0761897
   0.0591629   -0.0566293    0.0166603  -0.00365163
   0.0115424     0.192667     0.055626    -0.126511
    0.166414    0.0920988    -0.115787   -0.0504225
  -0.0457933    0.0837171  -0.00535967  -0.00576645
    -0.22505  -0.00848019    -0.168799    0.0755162
   0.0186471    0.0234463    0.0338017    0.0606246
   0.0625889     0.105868    -0.060639   -0.0374738
   -0.188272  -0.00960236    -0.100565   -0.0215356
  -0.0088288    -0.108842    -0.119029    0.0416013
    0.064931    0.0530667    -0.108095  -0.00490333
    0.143511   0.00458775   -0.0288596   0.00153446
   -0.110497   -0.0743991   -0.0149144   -0.0442284
  -0.0950563   -0.0895953   -0.0769291    0.0715154
     -0.2166    -0.174787   -0.0592484   -0.0905623
    0.120389   -0.0417513     0.101286     0.110781
   -0.123612    -0.136968    -0.013927      0.01451
-0.000621022    0.0468387     0.176939    -0.179975
    0.108049    0.0648034   -0.0633458    0.0604373
  -0.0635486   0.00585793     0.042841    -0.108372
  -0.0264609     0.205072     0.105473    -0.115098
  -0.0338364   -0.0577521   -0.0952389   -0.0372757
   -0.106211    0.0552709    0.0294402     -0.18003
 -0.00134719   -0.0818116  -0.00262132    0.0241266
  -0.0762844    -0.038411   -0.0977337     0.083642
    0.118694    0.0477358     0.115334    0.0444175
   0.0399647   0.00693538    0.0670317   0.00880191
   0.0133157  0.000403666     0.128011   0.00849535
   0.0131269   -0.0382983    0.0640604  -0.00623427
   0.0093637   -0.0208276    -0.130952   -0.0127942
    -0.31039    -0.195992    -0.130627    0.0500713
   0.0147952    -0.040351    -0.232408     0.169467
   0.0196865    -0.128144    0.0726465   -0.0345003
   0.0815407     0.218842    0.0335441    0.0347499
  -0.0151797   -0.0448428   -0.0913557     0.123622
    0.277682    0.0907013     0.193019    0.0060332
    0.117454    0.0739529   -0.0595596      0.10249
   0.0358592  -0.00856946      0.11527    -0.054317
   0.0246805    -0.115535   0.00689127    0.0433946
   0.0369237    0.0192162    0.0229073 -0.000494055
   0.0904802      0.01798   -0.0241988    0.0187687
   -0.288677   -0.0429032    0.0209211    0.0181198
    0.098762   -0.0320593   -0.0301793    0.0800414
    -0.22166   0.00900049   -0.0778151   -0.0695004
    0.126549    0.0465644   -0.0323366   -0.0234672
  -0.0960894    -0.149099    -0.123709     0.119247
    -0.20866    -0.153371   -0.0399952    0.0241838
   0.0370638   -0.0656334   -0.0216572    0.0338681
  -0.0930591    -0.123387    0.0551001    0.0524653
   -0.199862    0.0292636    -0.131999    0.0283613
    0.114666   -0.0676275    0.0770867    0.0579699
  -0.0815759   0.00689187    -0.051743    0.0808463
   -0.125753    -0.101767  -0.00741987    0.0423785
  0.00888698   -0.0263868   -0.0603193    0.0118462
  -0.0803003    -0.081025   0.00455046    -0.112027
   0.0764836    0.0262783    0.0421356     0.116086
    0.176877    0.0526622   -0.0010251   -0.0150824
    -0.25475    -0.087828    0.0574006     -0.13011
    0.102174   -0.0392263     0.153274    0.0713169
   0.0161148    0.0601661    0.0215308    0.0483549
    0.113254    0.0724786    0.0174264   -0.0407905
    0.202645    0.0800683    -0.115563    0.0666198
   0.0222093   -0.0215505   -0.0613631    0.0649253
    0.101469   -0.0379457    0.0264491    0.0417262
 0.000373619    0.0137744     0.149393   -0.0138983
   0.0870552   -0.0832014    0.0293208     0.124878
  0.00567255   -0.0552076    0.0499719  -0.00121038
    0.204961   -0.0944729    0.0837088    0.0658785
    0.195159   -0.0630012   0.00126199    -0.114763
   0.0514021     0.124158   -0.0574569   0.00491486
    -0.22357    -0.197677   -0.0333278    0.0113192
    0.204781   -0.0315453    0.0378928    0.0551807
   -0.104048    -0.053443    0.0847745   -0.0350379
   0.0279276    0.0907658      0.13248    0.0233456
  -0.0730269    -0.224058  -0.00279663   -0.0125655
   -0.131518  0.000616483   -0.0245376   -0.0339624
  -0.0525749   -0.0943775     0.118791   -0.0629171
  -0.0381505   -0.0483214   -0.0312452    0.0955146
 -0.00255633    0.0155218   -0.0714125    0.0641378
   -0.155729   -0.0524493  -0.00738593   -0.0550948
   -0.141179   -0.0360259    -0.201147   -0.0159255
    0.108634    0.0850954    0.0609446    0.0151809
  -0.0565841   -0.0715303  5.71258e-05    0.0521946
   -0.152603    0.0129998   -0.0106493    0.0640396
  -0.0555959   -0.0176759     0.107601    0.0751386
  -0.0768911    -0.117502    0.0192856    0.0623001
   -0.123959    -0.132808   -0.0806606    0.0854237
  -0.0772235    0.0762597    -0.110082    0.0606109
    0.115953   0.00422311    0.0694066    -0.041017
   0.0717405     0.122283    -0.172609     0.139439
   0.0443413    0.0578203    0.0844391  -0.00952162
    0.105913  -0.00631607   0.00307704   0.00932476
  -0.0746579   -0.0731934     0.122663   -0.0264766
  -0.0172095     -0.14969   -0.0784069     0.140679
  -0.0857379    0.0130369   -0.0569166    0.0333151
    0.111636    0.0218662    0.0227971   -0.0727575
   -0.104981   -0.0259039   -0.0492412    0.0351996
   -0.468254    -0.145551   -0.0369663   -0.0453999
    0.307947    0.0183691    0.0626542     0.116532