   0.0559761    0.0613055   -0.0360536    -0.053381
  -0.0888571   -0.0440979   -0.0594468   -0.0423547
  -0.0791919    0.0623487    -0.118058   0.00151852
  -0.0813152  -0.00668221    0.0801407   -0.0362412
  -0.0623902   -0.0840027  0.000846541    0.0163909
  0.00475515     0.106072     0.167651   -0.0757519
   -0.151552   -0.0114026    0.0579227    0.0345374
   0.0852974   -0.0134832    0.0206464    0.0261279
    0.133731     0.037874     0.110196    0.0843617
   0.0823955     0.141459   -0.0019465   -0.0269246
   -0.134811     0.115622   -0.0137882    -0.058524
   -0.022419    0.0560069    0.0561223   -0.0204127
 -0.00550598    0.0155482   -0.0516831    0.0801501
    0.293475     0.187349    0.0872737   0.00296432
  -0.0822242    -0.106087    -0.018403  -0.00368308
   -0.161394     -0.11042    0.0403824    0.0236353
  -0.0306393  -0.00465897     0.064968    0.0139626
   -0.108944    -0.100661   -0.0798779      0.11259
  -0.0321104     -0.12607   -0.0277015   -0.0276243
   0.0838852  -0.00640218   -0.0531575    0.0947972
  -0.0794262   -0.0783497   -0.0323357   -0.0180115
 -0.00325001    0.0963786    0.0688752    0.0713633
   -0.163502   -0.0351534   -0.0621695   -0.0140005
   0.0636832     -0.11742   -0.0601573    0.0570859
  -0.0333998    0.0372002   0.00585158    -0.037032
   -0.144425    -0.186552    0.0222515    0.0257651
   0.0348812   -0.0897269    0.0522513    0.0898214
   0.0230289    0.0138471  -0.00819176     0.037281
  0.00842804   -0.0247356   -0.0906222    -0.126715
   0.0498529   0.00438944    0.0328564    0.0221629
    0.312746    0.0287326   -0.0508281     0.116667
    0.132823    0.0591015     0.033909   -0.0211847
  -0.0975446   0.00600302   -0.0025342   -0.0541718
    0.225173    0.0646057   0.00866079   0.00839135
   -0.132614   0.00535551   0.00203792  -0.00573833
   -0.252417    0.0892134       -0.128   -0.0454993
    0.105739   -0.0498221      0.11028    0.0588474
  -0.0173574    0.0386191    0.0360075    -0.126337
   0.0189072   -0.0827002   -0.0195232     0.043261
   0.0290737    -0.107269    0.0841687    0.0180853
  -0.0284467   -0.0963993    0.0492926   -0.0578291
    0.146741    0.0745208     0.171151    0.0342257
    0.164809   0.00723031     0.014016    0.0714903
  -0.0716248    0.0529991     0.022136   -0.0671933
  -0.0475865   -0.0762095    -0.045394     0.064526
   0.0491407   -0.0320742    0.0675711    0.0874904
-0.000606236   -0.0713759    0.0935476    0.0142671
   0.0118296    -0.072965    0.0181126     0.125948
  -0.0401209   -0.0429684    0.0561598    0.0305806
   -0.218282    -0.123089    -0.130988    0.0190522
   0.0253406   -0.0488072    0.0477996    0.0525476
   0.0975902   -0.0549385    0.0408414     0.100111
   0.0394911     0.118401    0.0488631   -0.0154152
   0.0915652   -0.0805066    0.0574962    0.0123782
    0.168144   -0.0647994     0.108823    0.0913846
  -0.0523565   -0.0849539       0.0175   0.00759864
  -0.0923514    -0.105908   -0.0496447    0.0643686
  -0.0116219    0.0100025  -0.00496946    0.0675637
   -0.126499  -0.00624525    -0.161299 -3.78725e-05
   0.0134387    0.0283111   -0.0158332    0.0248392
    0.044176   -0.0734196    0.0761971     0.002483
  -0.0953606    -0.175346    0.0505768    0.0356645
    0.131999    0.0579199   -0.0605876    0.0415905
    0.122194    0.0155886    0.0462475    -0.034559
   0.0868946   -0.0476808      0.12787    0.0246455
   0.0903812    0.0236281     0.126675    0.0222625
   0.0275005    -0.030156   -0.0549615    0.0545924
   0.0228659    0.0980365   -0.0118133    0.0317921
   -0.130791  -0.00950116    0.0547661    0.0648642
   -0.102374     0.043415     0.062635    0.0290288
    0.177903    0.0741692   -0.0541589   0.00953127
    0.234307     0.128201    0.0602623     0.135969
    0.210559     0.206448    0.0580997    -0.017039
    0.118348    0.0582867    0.0166232     0.109479
   0.0110515     0.029276   -0.0317412   -0.0549384
   0.0915989   -0.0409045    0.0937868   -0.0255011
   -0.147869    -0.081203    0.0310774    0.0327896
   -0.043981   -0.0304439    0.0388878  -0.00147195
   0.0352112   -0.0348085   -0.0529259    0.0286317
   0.0165641      0.11957  -0.00740615  -0.00659193
    0.215276    0.0175817     0.189816   -0.0431326
   -0.189726   -0.0484389     0.106351   -0.0413856
   -0.173034   -0.0327914    0.0812206    0.0237255
    0.214994     0.137728   0.00799061    0.0137937
    0.195271      0.21123   -0.0262538    0.0571023
    0.109509     0.117795   -0.0124484   -0.0220082
    0.096594   -0.0608099     0.114616    0.0625636
   -0.185641    -0.100774    0.0410437   -0.0262426
   0.0400462    0.0890742   0.00862689    -0.103957
  -0.0279584   -0.0593006    0.0860072     0.108938
    0.210468    0.0212105     0.131987   -0.0414005
  -0.0880221     0.252891   -0.0314026     -0.15802
    0.188002    0.0147204    0.0578309    0.0528597
   0.0738401   -0.0176564   -0.0870344    0.0614396
    -0.14734    0.0111613    -0.116529    0.0021181
   -0.144679  -0.00123569    0.0572984    -0.147727
   0.0117222    0.0402748    0.0767644   -0.0294869
    0.203896    -0.009101     0.036053    0.0155322
   -0.135073   -0.0492949    0.0556133    0.0859071
    0.151279     0.047302    0.0442495  -0.00402984
    0.176933     0.170673    0.0494178   -0.0705361
   -0.130165     0.125507   -0.0131311   -0.0252896
  -0.0965185   -0.0511815   -0.0847538   -0.0597647
   0.0504147     0.105167   -0.0395983   0.00616367
  -0.0136892   -0.0188922  -0.00866441   -0.0124847
    0.140768    0.0957913    0.0887353   -0.0244404
   0.0960725   -0.0166799    0.0564976     0.143544
    0.145068    0.0784812    -0.158843    0.0740772
   0.0744311   -0.0568673    0.0248146    0.0612721
    0.181285   -0.0282038    0.0756795   0.00805566
   -0.118807    -0.145119    0.0894231    0.0339686
   -0.150334    0.0101747   -0.0922442   -0.0687797
   0.0786104     0.057761   -0.0278077     0.100163
  -0.0596755     0.065432    0.0543944    0.0379208
  -0.0704424    0.0686522    0.0510951    0.0252533
  0.00937215    0.0910795    0.0234161    0.0585577
    0.106508   -0.0579612   -0.0380588   -0.0147089
  -0.0294354    0.0283592    -0.132915   -0.0187037
  -0.0629362    -0.154858   0.00899736     0.071515
   -0.101325    0.0124934    0.0493354    0.0653566
  -0.0152904   0.00622225    0.0150229   -0.0172319
   0.0518925  -0.00682729   0.00454445    0.0827985
  -0.0377008  -0.00227314    0.0519283    0.0509836
  -0.0278685   -0.0100074    0.0199572    0.0328757
   -0.126847   -0.0754244   -0.0590861   -0.0234941
   -0.103876     0.109353   -0.0283001   -0.0198407
    0.179982    0.0940435    0.0582345     0.105491
  -0.0275679   -0.0636887   -0.0782112    0.0978551
   0.0854843    0.0103261   -0.0352471    0.0324111
    0.167157    0.0138283    0.0308243    0.0550024
   0.0234939   -0.0157525     0.118723   0.00396131
  0.00617009    0.0237851    0.0368694    0.0720943
  -0.0611638      0.10627    0.0311285   -0.0922424
   0.0429153   -0.0458033   -0.0666531    0.0467064
    0.217225   0.00437209    0.0291618    0.0886362
   -0.336595     0.146579    -0.155927    -0.141164
  -0.0270113   -0.0646959     -0.03175    0.0689208
   -0.113453    0.0265557    0.0173772   -0.0762618
  -0.0992013    -0.118776    0.0623173   -0.0786922
  -0.0186275    0.0555586    0.0157379   -0.0121341
   0.0405123    0.0311365   -0.0823007     0.101582
   0.0698747    0.0309738    0.0649381     0.025274
  -0.0021573     0.138274  -0.00549256   -0.0713458
    0.402461     0.356025     0.257886   -0.0537164
    -0.19894    -0.052062    -0.118301   -0.0369552
    0.144768     0.132411    0.0316696    0.0201071
 0.000691366    0.0749828    0.0885561    0.0162592
   -0.130415     0.104244    -0.159671    0.0596353
   0.0126226     0.149309   -0.0132343    0.0429732
   0.0531126 -0.000453934   -0.0421817    0.0592648
   -0.200635    0.0445815   -0.0455154   -0.0392495
  -0.0535543  -0.00447598   -0.0522977    0.0099544
    0.005998    -0.198328   -0.0536156     0.160912
  -0.0299766   -0.0703356    0.0442266   0.00512211
   -0.116434   -0.0130155    -0.107549    0.0288469
   -0.138077   -0.0218291   -0.0516692   -0.0253085
   0.0911718   -0.0269039     0.030094    0.0649275
   -0.131981    -0.142462    0.0792863   -0.0977805
  -0.0110978    0.0320974   -0.0303522    0.0624315
  -0.0152791     0.162456   -0.0244936    -0.116967
   -0.147745    0.0703731   -0.0316174    -0.139704
  -0.0340969  -0.00542716    0.0530089   -0.0571022
  -0.0200247    0.0441302   -0.0348936   -0.0699175
    0.109108    0.0386303    0.0200461    0.0483278
   0.0790845     0.227458   -0.0351527    0.0454109
    0.144005      0.14895   -0.0704088    0.0183973
  -0.0767035    -0.115946    0.0281673    -0.056126
  0.00300476   -0.0656171   -0.0261101    0.0413854
   0.0137086     0.114599   -0.0700636   -0.0242745
    0.025172     0.115064    0.0759232    0.0141379
  -0.0778015   -0.0955127    0.0205151    -0.078705
   -0.157719    0.0454285   -0.0401498    -0.077782
  -0.0779803    0.0496038    -0.106122     0.120306
  -0.0197388    0.0365063    -0.019311   -0.0304953
  -0.0873097     0.010932  -0.00897312    0.0107963
   -0.129024   -0.0372529    0.0438032   -0.0902735
   0.0135816    -0.156025   -0.0693604     0.144365
   -0.169137    -0.100819    0.0651541    0.0186227
  -0.0717358    -0.127572   -0.0300364    0.0884951
   0.0216993    0.0611184   -0.0143088    0.0637983
   0.0478296    0.0171494   -0.0275648    0.0788091
   0.0301369    0.0504944   -0.0532405   -0.0221889
   -0.018303    0.0626202  -0.00461209    0.0565767
    0.126702   -0.0840425   -0.0447589     0.137199
   -0.118095    0.0867296    0.0702094   -0.0701117
   0.0680899   -0.0279294   -0.0391137    0.0335845
  -0.0350554  -0.00276332     0.116017  -0.00773581
   0.0647335   -0.0563044   -0.0607891    0.0586578
   -0.211794    0.0575404   -0.0532206   -0.0531155
   0.0633242  0.000206882    0.0238073    0.0514086
  -0.0108445    0.0688906    -0.093988    -0.051478
     0.42729     0.134027   -0.0211296     0.116035
  -0.0176112   -0.0289905    0.0199046    0.0282328
  -0.0361728    -0.172205   -0.0839438    0.0454971
   0.0425374    -0.125369    -0.214794     0.142451
    0.212047    0.0554368   -0.0924376   -0.0270615
    -0.15484     0.027782    -0.014381   -0.0204914
   0.0668189    -0.132901   -0.0150699    0.0920266
   -0.148364    -0.103542   0.00617682    0.0673916
  -0.0547983   -0.0469746   -0.0510724     0.105523
     0.15283    0.0397971    0.0464726   -0.0095952
   0.0758886     0.105419   -0.0552806    0.0514977
   -0.340062    0.0276203   -0.0607895   -0.0284174
    0.180518    0.0334485     0.091576     0.115069
   0.0290983    0.0688324   -0.0171808   -0.0280421
   0.0181512    0.0603926    0.0662557    -0.075471
  -0.0896307  -0.00801965    -0.031811    0.0569568
   -0.101971    0.0100673    -0.014233    -0.123031
   0.0440972   0.00330939   0.00687589    0.0398854
   0.0115897   -0.0979235   -0.0213779    0.0198587
  -0.0297297     0.259491   -0.0628615    -0.150849
   0.0812136   -0.0106026   0.00246587   -0.0214861
   -0.013063   0.00256746    0.0441711   -0.0851606
  -0.0634076   -0.0754939    0.0384714   -0.0276249
    0.247942     0.137915     0.119149    0.0816565
   -0.070967   -0.0444023    0.0837857   -0.0211352
   0.0310527   -0.0134773     0.212471    -0.027147
   -0.170328    -0.171556   -0.0219757   -0.0318022
  0.00568613    0.0489188    0.0482707    0.0660968
    0.154286    0.0419186   -0.0185148     0.126715
    0.140844    0.0344411    0.0544188    0.0146428
   0.0327426   -0.0638602    0.0422811     0.050096
  0.00402712    0.0692012   0.00252919    0.0163694
    0.119974    0.0117728   0.00329175    0.0303986
  -0.0243845    0.0756253   -0.0721667   -0.0971292
   0.0148735    -0.178236    0.0431716    0.0274003
  -0.0432055    -0.176922  0.000530062    0.0326143
    0.199866     0.134964   0.00781225    0.0435016
  -0.0483033    -0.134719    -0.013271    0.0319818
   0.0998863     0.028088   0.00151888    0.0211289
  -0.0119907    0.0586692    0.0205974   0.00758165
    0.142033    0.0055901    0.0241822    0.0205947
  -0.0940969   0.00108624   -0.0365758    0.0329871
    0.163884    0.0176431    0.0444486    0.0597197
   -0.104479    0.0460715     -0.21046    0.0351939
  -0.0406254   -0.0951303   -0.0138724   -0.0180112
  -0.0672396    0.0136212   -0.0870988    0.0571863
    0.197623     0.154804    0.0223414    0.0195658
  -0.0291708    0.0111261    0.0840854    0.0365429
    0.181605     0.108979    0.0146524   -0.0682463
   -0.107808   -0.0390469    0.0109346  -0.00247964
  -0.0723636   -0.0687085    0.0533484    0.0623299
  -0.0706404    0.0337131    0.0173098    0.0322431
   -0.125233    0.0100856     0.079066   -0.0743967
   -0.163005   -0.0664293   -0.0825724    -0.102925
    0.277635   -0.0100435    0.0743581    0.0410063
   -0.229807   -0.0575309    0.0770955    -0.122721
 -0.00685375    -0.125724   -0.0723493    0.0449362
    0.199901     0.120039     0.123801    0.0151788
   -0.139572   -0.0442325   -0.0492419   -0.0566568
  -0.0204589     0.028427     0.100182   -0.0321441
-0.000963804     0.145615   -0.0822273   -0.0542386
  -0.0285569   -0.0220218    0.0359555   -0.0271178
   -0.151189    0.0430072   -0.0205055   -0.0780164
   0.0725163    0.0137864    0.0536292   -0.0342408
   -0.152377    0.0623812    -0.274015     0.119462
  -0.0646964     0.201143   -0.0753841    0.0374009
   0.0693619   -0.0792344   -0.0156044    0.0552657
   0.0989163     0.151022   -0.0191892    0.0786632
   -0.112502    0.0142283    0.0954541   -0.0049467
   0.0397826     0.033802  -0.00897486   -0.0751792
  -0.0320405    0.0559869   -0.0183334   -0.0093438
  -0.0975549    -0.121189   -0.0880402     0.056074
   -0.162517   -0.0241348    0.0633881   -0.0410858
   -0.248195   -0.0532729    0.0775499   -0.0391727
  -0.0680465    0.0864755    -0.155653   -0.0843609
   0.0323849   0.00949302   -0.0246288   -0.0165101
  -0.0678275    -0.107821   -0.0256204   -0.0123496
   0.0104883     0.084473  -0.00545356    -0.011198
    0.139366     0.064245    0.0301595    0.0435576
   0.0126701   -0.0697092   -0.0131844    0.0700788
    0.189895    -0.013429    0.0551642    0.0974661
   0.0512863   -0.0239112     0.166729     -0.12147
    0.173016    0.0103747  -0.00415869    0.0977008
    0.107955   -0.0936739    0.0431029    0.0237979
  -0.0951343    -0.110126    0.0362226    0.0437318
   0.0138923     0.217856     0.111447  -0.00781356
  0.00991594     0.121303    0.0180279    0.0344572
   0.0360924     0.044959    0.0740837    0.0344037
    0.113561   -0.0141055    0.0174984    0.0193758
    0.154929    0.0124702    0.0570209     0.132973
-0.000149753    0.0681427     0.117425    0.0336888
   -0.154993   -0.0157534    -0.103382   -0.0173722
   0.0383392    0.0014925    0.0679152    0.0492408
    0.013657    0.0893718     0.085856   -0.0513699
 -0.00331544     -0.13773     0.113696    0.0448596
 -0.00548212      0.13855  -0.00666416   -0.0149677
   0.0960343   -0.0252907   -0.0438248   0.00951559
   -0.119284     0.105442   -0.0584521    0.0763141
   -0.184126   -0.0232519     0.045794    -0.133521
  -0.0749681    0.0489588   -0.0847832    0.0580148
  -0.0344927   -0.0686496    0.0221988     0.071232
   -0.104683    0.0727221    0.0162252    0.0214798
   0.0160278    -0.101198   -0.0595993     0.108856
    0.189602    0.0663137    0.0172701     0.117373
   0.0230962   -0.0127521    0.0153102   0.00794429
   0.0672377   -0.0496303   -0.0214321     0.168545
   0.0458142     0.162268     0.135608   -0.0731637
    0.087903     0.054425    -0.094374     0.019246
   -0.176146   0.00959478    0.0089219    0.0218217
   0.0139298  -0.00411016    0.0934401 -0.000587513
   -0.141876    0.0183141     0.043842   -0.0603808
    -0.16202    -0.126157    -0.209467     0.194199
   0.0220682    0.0757198    0.0313611   -0.0174601
   -0.061947    0.0814583    0.0919258   -0.0110677
   -0.109756   -0.0989432   -0.0404112    0.0152612
   -0.103864   -0.0570476   -0.0281353    -0.049157
    0.088745     0.113178   -0.0295184   -0.0119665
    0.101257   -0.0902596   -0.0768809    0.0028715
   -0.177393    -0.154902    0.0240881    0.0284697
  -0.0599642   -0.0950786    0.0742275   0.00224901
      0.3155     0.156424    0.0307817    0.0923611
   0.0118028   -0.0648586    0.0600402     0.102051
   -0.083532   -0.0968826   -0.0803788     0.187609
   0.0243463    0.0388416      0.14886    0.0454718
   0.0719846   -0.0315249    0.0376927    0.0162639
   0.0235087    0.0132249    0.0536941    0.0675277
     0.22002    0.0952016    0.0893474    -0.081924
    0.144676   -0.0670528    0.0311168     0.126685
   0.0592461   -0.0266497    0.0558503    -0.053438
 -0.00745321    -0.121588    -0.024461    0.0231185
   0.0892471      0.10731    0.0351209   -0.0427337
   -0.117571    0.0367148   -0.0484898   -0.0214222
  -0.0921652   0.00873487    0.0416033   0.00759656
   0.0299304   -0.0529784   -0.0193534   -0.0377086
   -0.109079   -0.0821435   0.00797108    0.0129835
    0.293897      0.23566   -0.0533229   -0.0496212
  -0.0904646   0.00780583    -0.117272   0.00759806
    0.119193    0.0919659    0.0739552   -0.0393566
   -0.121308  -0.00663382    0.0745406   -0.0359837
   -0.035576   0.00206414  -0.00278328    0.0295149
   0.0663966     0.125336    0.0506622   -0.0320635
    0.116483     0.100619    0.0032337    0.0186194
     0.16447   0.00117245    0.0985192     0.039181
   -0.288839    0.0662245    -0.102409    -0.113479
  -0.0631776   -0.0338265    0.0402758   0.00850813
  -0.0856267    0.0893639   -0.0872805   -0.0283952
    0.025638    0.0481012    0.0501878  -0.00833372
    0.237418     0.180514     0.121501   -0.0264314
  -0.0127398  -0.00487689   -0.0298996    0.0220178
   -0.155582   -0.0151402   -0.0240926    0.0153627
  -0.0400441     0.137731    0.0301082   -0.0496308
  -0.0594859   -0.0764452   0.00240498   -0.0450354
   -0.378526   0.00252578    -0.172571   -0.0784432
  -0.0393532    0.0636066   -0.0138954   -0.0167151
   -0.429648   -0.0756703   -0.0622346    -0.103459
    0.046442   -0.0115202    0.0671227     0.097343
 -0.00789177   -0.0598556   -0.0202273    0.0233711
   0.0487068    0.0467906    0.0453845    0.0189497
   0.0798164    0.0572992     0.049056     0.111405
   -0.126737   -0.0120014    0.0419289    -0.077473
     0.10542     0.110592    -0.148358     0.121453
    0.112007    0.0597298     0.119532   -0.0477259
    0.158591     0.180894     0.225537    -0.196842
    0.131021    0.0510228    -0.023667      0.12663
  -0.0524483     0.102532   -0.0434697   -0.0600064
    0.130587   -0.0623743   -0.0395187   -0.0147161
   -0.280793    -0.142233    -0.101595    0.0555973
  -0.0154257    0.0619636   -0.0510926    0.0410299
   0.0439383     0.117409    0.0648468     -0.09839
  -0.0209482    -0.112725    0.0548119   -0.0457827
     0.14072   0.00407916     0.119943    0.0340399
   -0.104167   -0.0544871    0.0411816    0.0275317
    0.044216   -0.0522196    0.0796242    0.0185931
   0.0262373   -0.0220417     0.087056    0.0337407
    0.021212    0.0126068    0.0793676   0.00324159
   -0.103129    0.0237022    -0.103236    0.0418314
  -0.0214652   0.00902653   -0.0709597     0.082462
   -0.104353     -0.20595     -0.13556    0.0617504
    0.373963      0.15521      0.10735  -0.00438783
    0.112514     0.132833   -0.0154133    0.0862748
    0.108798    0.0280453    0.0105457    0.0533266
-0.000203403   -0.0419003    0.0486857   0.00358921
  -0.0758373   -0.0664849    -0.165619    0.0529439
   0.0661044    0.0639292    0.0889683    0.0635229
  -0.0787177   -0.0746267   -0.0222097   -0.0360074
    0.125283    -0.108443     0.034083  -0.00269825
   -0.253041    0.0180736    -0.151901   -0.0235749
 -0.00738917   -0.0184263     0.114771    0.0145276
    0.110689    0.0748554     0.066792    -0.140469
   -0.137623   -0.0267707    0.0326421    0.0845107
    0.114327   -0.0880442     0.132926    -0.015541
   -0.089227    -0.147024    0.0629945   -0.0776718
  -0.0413632    -0.130583    -0.075094     0.223532
  -0.0951862     -0.03167   -0.0398283   -0.0327788
    0.132787     0.238759   -0.0660219   0.00419993
   0.0128128    -0.013978    -0.024933    0.0739104
    0.106883   -0.0377059    -0.040174    0.0401466
  -0.0344016      -0.1153   0.00923763    0.0167691
   0.0164388   -0.0447976    0.0455228    0.0558949
   0.0978496     0.120067    0.0324249    0.0221426
   -0.169917   -0.0629535   -0.0175148   -0.0310604
  -0.0898418     0.171513  -0.00452915   0.00905575
   0.0280615    0.0783948  -0.00849789   0.00751967
  -0.0650044    0.0181219 -0.000361637   0.00909369
     0.10101     0.106922   -0.0714492   -0.0828916
    0.158084     0.041974   -0.0133764   -0.0285005
   0.0512231  0.000548458    0.0454744   -0.0557098
  -0.0152299    0.0860522   0.00845532    0.0744924
   -0.232559    -0.103671  -0.00922039    0.0204801
   0.0420743    0.0400418   -0.0689736   -0.0099979
    0.060522   -0.0343762    0.0660617    0.0391929
    0.165687   -0.0654505     0.161162    0.0390727
   0.0362466 -0.000177155   -0.0932515      0.11218
   -0.200169   -0.0163321    0.0293669    0.0384445
    0.024165   0.00291057    0.0407307  -0.00867779
  -0.0659106    0.0693991    0.0581678    0.0598273
  -0.0782984    -0.120457    0.0270347    0.0901575
   -0.152668    0.0245845   -0.0010952    0.0230164
   0.0730016   -0.0898719    0.0828209   -0.0437646
  -0.0116688   -0.0121929    0.0271322    0.0632905
   -0.154604    -0.121861   -0.0473117   0.00565419
   0.0399398  7.45634e-05    0.0486913   -0.0199281
   -0.192816     0.175597   -0.0243615   -0.0219002
  -0.0265527   -0.0110546    0.0472353    -0.106147
    0.139901     0.111568    0.0527228   -0.0319137
   -0.341662    0.0710325   -0.0445089   -0.0466286
    0.001483    0.0474558    0.0300295   0.00746398
  -0.0699857   -0.0432598    0.0436436   -0.0123064
  -0.0428819   -0.0675297  -0.00651844  -0.00200993
    0.120244    -0.061744   -0.0556493    0.0817253
      0.0165   -0.0347495   -0.0201145   -0.0631326
   -0.139766   -0.0828807   -0.0257803  -0.00471778
   0.0868508    0.0892042     0.109952    0.0634068
   0.0187814   -0.0246035    -0.120179    0.0495255
  -0.0103361   -0.0101916    -0.011193    0.0187237
  0.00699549    -0.159886   -0.0505604    0.0105878
   -0.103232     0.149263   -0.0059171   -0.0988042
   -0.035309     -0.09947    0.0731504   0.00499017
  -0.0338793   -0.0719214   -0.0528449     0.085811
    0.128411   -0.0229215    0.0668405    0.0382072
-0.000241537   -0.0252531   -0.0357963    0.0564716
   0.0149513    0.0679249   -0.0319152   -0.0203453
  -0.0805917    -0.141601   -0.0569656   -0.0455686
   0.0123323    -0.192782    0.0116123    0.0461046
    0.151125    -0.070949    0.0335302    0.0788756
    0.175506     0.151775    0.0192122   -0.0676659
   -0.169655    -0.171005    0.0569285   -0.0272235
  -0.0451572   -0.0471631   -0.0299458   -0.0786065
  -0.0330449    0.0196666     0.011686    0.0756136
  -0.0482273    0.0131106   -0.0957397    0.0715398
   -0.096741   -0.0690528    0.0125267    -0.025571
   -0.133359     0.129392    -0.122291    -0.050852
   0.0237096   -0.0546942    0.0347479    0.0197274
   0.0904772    0.0179003     0.023654     0.122138
   -0.076313    0.0950615   -0.0279085   -0.0288784
     0.14252   -0.0603024    0.0712225      0.10217
  -0.0875839    0.0111485   -0.0463946    -0.024562
   -0.125679   -0.0634913    -0.058177    0.0452334
  -0.0417278    0.0551728    0.0137271    0.0264926
    -0.13575    -0.122327    0.0898667  -0.00648026
   0.0215932    0.0285651    0.0062734   -0.0113573
   0.0852067    0.0423206    0.0167485    0.0188634
   -0.101219    -0.143604    -0.119362    0.0641952
 -0.00664413   -0.0423095  -0.00985544   -0.0776603
    0.160575   -0.0131866   -0.0127513     0.153538
   0.0209181    0.0176457      0.20691   -0.0103174
   0.0495113    0.0129861    0.0322442   0.00917725
  -0.0509982    0.0869242   -0.0406178   0.00078575
    0.074856   -0.0303167    0.0531441   0.00819294
  -0.0822231     0.175342   0.00070894    -0.128662
   0.0570018   -0.0857785    0.0160685     0.110468
   0.0635905   -0.0921124     0.155927   -0.0389457
  -0.0552256    0.0461768    -0.038634   -0.0515536
  -0.0485084   -0.0146138   -0.0672868    0.0331649
  -0.0415463  -0.00451661   -0.0637623    0.0182555
    0.028236    0.0876326   -0.0795067    0.0690574
   0.0838215      0.14547   0.00980359    0.0101713
   0.0489083  -0.00936024     -0.13682     0.150352
   0.0124765    -0.082954    0.0739744   0.00984138
   0.0879418     -0.01921   -0.0372257     0.107369
   -0.080822   -0.0332953   0.00741069    0.0769618
  -0.0778877    -0.088057     0.100337   -0.0487153
   0.0193158     0.095396    0.0600548   -0.0456371
     0.11713    0.0909584    -0.110172    0.0870517
 -0.00607595   -0.0442742    0.0743406    0.0604709
  -0.0344344   -0.0219751   -0.0671256    0.0557068
   0.0753475     0.101857    0.0508393   -0.0693367
    0.124555  -0.00065216    -0.064569    0.0422552
  -0.0728495   -0.0679313   -0.0334379     0.188874
   0.0546179   0.00686817    0.0276072     0.053372
   0.0514682   -0.0234635     0.046134    0.0913814
    0.188727  8.67191e-05   0.00429398  -0.00209615
   -0.132575    0.0667942   -0.0572936   -0.0703498
   0.0269971   -0.0086234    0.0167317    0.0695069
    0.107073    -0.111288     0.071432     0.181036
  -0.0822265   -0.0605063    0.0527102   -0.0375862
   0.0919007    -0.138828    0.0482981     0.096618
    0.148865   -0.0593357     0.219782    -0.120909
   0.0910107    0.0827971    0.0328039   -0.0376507
   -0.104025    -0.119794   -0.0454869    0.0141512
  -0.0184507    0.0871495    0.0221642    0.0530973
   0.0408668    0.0344338   -0.0492305     0.105813
   0.0996543    -0.016769    0.0359522     0.110482
   0.0536848    0.0628509  -0.00207336   -0.0418008
  -0.0111456    -0.113478   -0.0636117    -0.015654
    0.033883   -0.0595805   -0.0602362    0.0624253
   0.0780488   -0.0522608     0.153092    0.0409578
   0.0891967    0.0673118   -0.0186864     0.118292
   -0.124195   -0.0523765   -0.0717558    0.0783647
    -0.23724    0.0423411   -0.0532586  -0.00877593
    0.116234    0.0555993    -0.023994    0.0953751
   0.0154385    0.0640064     0.116274   -0.0378883
   -0.196768    -0.063771   -0.0343697  -0.00575844
   0.0357354   -0.0233387    0.0419371    0.0422508
  -0.0807873    0.0272068    0.0135385    0.0265661
  -0.0405444   -0.0773927     0.012815   -0.0202435
    -0.10313    -0.208419     0.019844   -0.0831331
     0.19344    -0.019347     0.107366   -0.0550345
   0.0684265   -0.0835346   -0.0398364       0.1392
   0.0912233   -0.0030103    -0.099287     0.153336
    0.040084   -0.0438614    -0.108502    -0.138207