    0.267542     0.016618   -0.0509476    0.0381075
   0.0926477   -0.0525769      0.14568   -0.0652065
   0.0765244    0.0572515   -0.0155133  0.000850052
  -0.0801422    0.0535805   -0.0731168    -0.130128
   -0.059018    -0.018112    -0.138069     0.131598
    0.310525      0.09484    -0.129779    0.0659115
   0.0421285   0.00351028    -0.185887    0.0400935
-0.000593352    0.0393233      0.11137    -0.021052
  -0.0271713    -0.049657   -0.0589341    0.0319924
   0.0082528     0.102798  -0.00630396   -0.0190968
  -0.0171374    0.0248673    -0.039203   -0.0292929
   0.0592348    0.0393893    -0.060584    0.0516685
   -0.105538   -0.0113418   -0.0100317     0.110091
   0.0433045   0.00553197   -0.0888707     0.105907
   0.0223151    0.0825918   -0.0169151   -0.0720247
   -0.170955   -0.0662061   -0.0587259   -0.0237101
  -0.0205844   -0.0405678    0.0261085   0.00936573
  -0.0866152    -0.118893    -0.113334  -0.00398265
    0.017658     0.035598    -0.104563    0.0188019
   -0.134271    -0.067773    0.0283146    0.0330094
   0.0691032    0.0993267    -0.142646    0.0765923
  -0.0688917   -0.0362583    0.0261136   -0.0867212
  -0.0583307    0.0478388   -0.0716375   -0.0662866
 -0.00429349    -0.147705  -0.00404165   -0.0261265
   -0.034904   -0.0496894    -0.125611   -0.0406137
   0.0750716    0.0505617    0.0267424     0.011262
   -0.156551   0.00947842   -0.0563186    -0.118992
   0.0955697   -0.0687761   -0.0849381    0.0111301
    0.173265     0.103593    0.0635548    0.0384442
    0.030816    0.0693419   -0.0265512   -0.0275719
  -0.0203927    0.0218703   -0.0281898    0.0139123
   -0.058181    -0.063078   -0.0121788  -0.00454446
  -0.0926952  0.000876285    0.0401771    0.0657079
   -0.152986   -0.0166383    0.0280926    -0.110475
  -0.0635361    0.0942377    0.0487762    -0.116234
  0.00638377    0.0459565    0.0864473    0.0249485
  -0.0439308   -0.0516565    0.0999513    -0.109004
    0.171226    -0.080629     0.182199    0.0473978
  -0.0797076   0.00897565    -0.073452    0.0643517
  -0.0667871    -0.101884    0.0238127    0.0435516
    -0.18003    -0.161269    0.0679497     0.007386
   0.0742521    0.0425519    0.0784467    -0.103627
    0.008184   -0.0856999   -0.0729803   -0.0237157
   -0.156966   -0.0629783    0.0434284   -0.0954657
   0.0681967    0.0575116    -0.125636     0.077273
   0.0490372   -0.0627616   -0.0815755    0.0631598
    0.123938    0.0281913    0.0542605   -0.0255343
   -0.216304   -0.0654859     0.136359    0.0309827
   0.0641646     0.096107    0.0588969     0.103788
   0.0573316    -0.042879   -0.0342426   -0.0178313
    0.125851    0.0373116    0.0431944   -0.0385773
     0.12131     0.195097  -0.00447502   -0.0398604
  -0.0927191   -0.0145905  -0.00990853    0.0192806
  -0.0646295   -0.0783059   -0.0468051   -0.0306794
  -0.0287665    0.0899959    -0.181529   -0.0540188
   0.0816007    0.0226508    0.0420558    0.0278129
   0.0894673   -0.0172691  -0.00743333   -0.0637665
    0.055523    0.0214809   -0.0605683    0.0604546
   0.0409254    0.0931179   -0.0384358    0.0378244
    0.331807   -0.0298283   -0.0446855     0.119244
   0.0833619   -0.0423084    0.0736446    0.0841514
   -0.107552   -0.0571888   -0.0466382    0.0381347
   0.0417973    -0.117896    0.0614878   -0.0473079
    -0.12496   -0.0268103   -0.0169216   0.00346222
   -0.068717   -0.0784455     0.144628    0.0438382
   -0.172962     0.182292    -0.100717    -0.155114
   0.0340684   -0.0166861   -0.0341318     0.044126
  -0.0520475   -0.0544324    -0.121211   -0.0249039
    0.188601     0.228206   -0.0025759   -0.0918614
  -0.0800307    0.0765022    0.0187775   -0.0397256
    0.105267    0.0713028   -0.0502185   -0.0616413
   0.0840296   -0.0440969   -0.0947463    0.0417463
    0.072722   -0.0606177     -0.04668   -0.0594932
   0.0675572    0.0068108    -0.135099    0.0751167
   -0.080147     -0.11389   -0.0987319     0.137859
 -0.00720468   -0.0871542    -0.132017    0.0726958
   -0.113369    0.0364113     0.066639   -0.0928395
  -0.0107146    0.0754436   -0.0459287  -0.00062599
  -0.0462371   -0.0253079    0.0486734   -0.0015237
   -0.179413   -0.0113408   -0.0194772    -0.121288
   -0.057289     0.144714  -0.00740741    -0.115553
     0.26637     0.088456   -0.0436762    0.0126198
   0.0347545    0.0327686   -0.0897634     0.021708
    0.128286   0.00093242    -0.121707    0.0236724
    0.105388    0.0922999    0.0409367   -0.0417559
  -0.0243332   -0.0142543   -0.0145157   -0.0191302
   -0.024112    0.0252123    0.0101195   -0.0823576
   0.0946549      0.10315   -0.0993917   -0.0121972
   -0.102013    -0.109312    0.0864822    0.0285959
   -0.081435    -0.135377   -0.0446898   0.00819927
    -0.18606  -0.00292052    -0.106731   -0.0752477
  -0.0439989    -0.088994   -0.0164718   -0.0448055
    0.105015    0.0149301    0.0474273   -0.0226745
   0.0678684   -0.0494639     0.039359    -0.103548
-0.000678683   -0.0550728    0.0365621     0.131129
   0.0750121    0.0148706   -0.0326211    0.0828352
  -0.0498538   -0.0882157    0.0560047    0.0607885
   0.0584012    0.0230316     0.134553   -0.0918524
  -0.0064866   0.00172111   -0.0117679     0.023229
   -0.106511    0.0154734    -0.166917    -0.121861
 -0.00835198   -0.0646877    0.0417504   -0.0812747
  -0.0344667   -0.0202605    -0.103682    0.0399459
  -0.0810575    -0.110119  -0.00545123   -0.0025829
    0.043031    0.0547219   -0.0447062    0.0494293
   0.0362314   -0.0522158  -0.00158356   -0.0141383
    0.134889    0.0790782    0.0237459   -0.0744812
   -0.106323    0.0175242   -0.0208622   -0.0282579
     0.08201    -0.098168    0.0271661    0.0335768
  -0.0870669      0.08519    0.0348865    -0.095486
  -0.0511387    -0.092951  -0.00192372   0.00497709
   0.0771943    0.0517782    0.0495237    0.0770559
   0.0836432     0.107986   0.00653136    0.0936745
    0.126641 -0.000229477   -0.0977245   -0.0421509
   0.0150601   -0.0742851    0.0397981    0.0589975
  -0.0798921    -0.128506    -0.025649    0.0761437
  -0.0277687    0.0323438   -0.0846218   -0.0735353
 0.000320536    -0.038495    -0.143736    -0.029654
  -0.0670909    0.0346807   -0.0382262   -0.0805489
   0.0727533  0.000250524   -0.0266045   -0.0676259
   0.0298079   0.00364538    0.0545729   0.00808952
   0.0194053    0.0790326   -0.0336873    0.0117344
  -0.0610507   -0.0170332   -0.0158813   -0.0925387
   0.0231908   -0.0357741     0.113682    -0.121369
 -0.00823334   -0.0634019    0.0994723   -0.0100303
   0.0615935   0.00460493    0.0331187   -0.0698799
   0.0486365   -0.0462709   -0.0454801   -0.0850009
   0.0660168    0.0608429   -0.0115172   -0.0126115
  -0.0600622    0.0367516     0.042988   -0.0671079
  -0.0352033    -0.023823   -0.0931209   -0.0250945
   0.0963179  -0.00206851    0.0630618  0.000589962
   0.0854998   0.00730378     0.113412    -0.041446
   0.0647084    0.0525741  -0.00444126  -0.00299684
   -0.120563    0.0814793    0.0125595    0.0094701
  -0.0638986   -0.0225241    0.0280563    0.0667255
    0.118023     0.105069    0.0474963    0.0225775
   0.0674863   -0.0132191   -0.0200971   -0.0415687
   0.0890849    0.0577622    -0.103773   -0.0419236
  -0.0265885    0.0560877    0.0243453   -0.0155727
  -0.0350046     0.012539    -0.086739   -0.0251995
  -0.0286657    -0.165044    0.0107579     0.116087
   0.0882881    0.0479872    0.0185945    0.0327877
 -0.00536875  -0.00586202   -0.0338465    0.0632084
   0.0297205   -0.0310567    0.0644182    0.0940342
   -0.125984   -0.0213448    -0.158029   -0.0259583
   -0.106865    -0.107674    -0.099779    -0.071032
 -0.00572673    -0.240318     0.040744   0.00992743
  -0.0787204     0.101898   -0.0700403   -0.0482023
  -0.0676686   -0.0285018    -0.050461    0.0502998
  0.00922429   -0.0366144   -0.0404891   -0.0155682
   -0.222609    0.0729795     0.063456    0.0244907
  -0.0120605    -0.018254    0.0911769    0.0676701
    0.167067     0.137629     0.104919   -0.0159071
    0.249025    0.0767009   -0.0151604     0.114454
   -0.225902   -0.0686459    0.0492565   -0.0616022
   0.0786951    0.0661417   -0.0117209   -0.0561464
  -0.0457524    0.0621192   -0.0224488    0.0242256
   0.0187748    0.0222736    0.0844373  -0.00133303
  -0.0423691    0.0333977   0.00824757   -0.0159943
    -0.02474    -0.088072    0.0715788  -0.00768956
-0.000420041    -0.083939    -0.147143    0.0983414
  -0.0506787   0.00359053     0.030044   -0.0522887
   0.0601447      -0.1016   -0.0360803   -0.0100377
  -0.0197996     0.132587  -0.00792092   -0.0499374
   0.0246802    -0.107487    0.0310937   -0.0470345
    -0.13098     0.125116    -0.122595    0.0372272
  -0.0655092   -0.0280682    -0.146973    0.0103977
    0.032296   -0.0172536    0.0747482   -0.0203767
   0.0416985    0.0037543    0.0146402    0.0901264
  -0.0439636   -0.0941928    0.0414397    0.0498624
  0.00332637    -0.118498   -0.0512872   0.00533042
  -0.0331213   -0.0749195   -0.0197292     0.100687
   0.0773021   -0.0330887    0.0207496    0.0675995
    0.172589    0.0281391    0.0159727    0.0661186
   0.0444865     0.086914    0.0858171  -0.00292733
   -0.129015   0.00817066    -0.011279   -0.0684036
  -0.0493827   -0.0562274     0.136543   -0.0416479
  -0.0544982    0.0392703   -0.0174926  -0.00592479
   -0.127881    0.0214349    -0.227051    -0.025195
   0.0365108    0.0817516    0.0039049   -0.0791833
  -0.0940314    0.0517776   -0.0476934   -0.0491141
   -0.055236   -0.0327586   -0.0170201   -0.0182009
   -0.070761   -0.0495776    -0.163609    0.0136673
   0.0582694    0.0508736   -0.0475054    0.0290034
   0.0796582   -0.0566181    0.0723538  -0.00285215
   0.0463436   -0.0296465    0.0163934     0.022511
   -0.125549    0.0626548   -0.0181749    0.0472884
    0.159462     0.100662     0.175881   -0.0142921
    0.169184    0.0695919     0.025292   0.00566989
  -0.0642366  0.000824242   -0.0135394      0.05368
   0.0616218    0.0396756    -0.191357   0.00852235
   -0.179164    -0.154303    0.0424279   -0.0348817
   -0.176169    0.0189776     0.015004   -0.0677305
  -0.0262997    0.0468587   -0.0457578   -0.0328034
  -0.0784675   -0.0487295     0.064214    0.0156593
     -0.1092   -0.0692194    0.0231936     0.027227
   -0.109844      0.10933    0.0184437    0.0932673
   0.0339798    -0.241042    0.0675014     0.160732
   0.0740535    0.0784901   -0.0193014   -0.0318073
   0.0397673  -0.00961121   -0.0164378    0.0413537
   0.0353166   -0.0474443    0.0626233   0.00797789
  -0.0314201   0.00955896    0.0212684   -0.0989574
  0.00932586   -0.0295077   -0.0325621   -0.0066458
   -0.114358   -0.0295931      0.01669   -0.0929896
   -0.176864    0.0265197   -0.0452094    0.0176333
  -0.0716861   -0.0306289   -0.0823953    0.0998685
  -0.0348189   -0.0672337   -0.0434375   -0.0213766
   -0.131686    0.0929484     0.106732   -0.0326998
  -0.0148681   0.00479989    -0.190961   -0.0480462
  -0.0546152   -0.0707012   -0.0818495   -0.0343962
  -0.0751873   -0.0242917    0.0682457   -0.0194437
  -0.0610874    0.0375524   -0.0249233   -0.0446705
-0.000569497   -0.0123011     -0.11768   -0.0322988
    0.262907    0.0709667   -0.0280139    0.0209253
    0.231981    0.0289378    0.0563614    0.0971644
    0.125764    0.0579779   -0.0662674    0.0265952
   0.0171838   -0.0232641    0.0331491    0.0326721
  -0.0853651      0.19757   -0.0704424   -0.0207281
   0.0959321  -0.00160949    -0.144295    -0.057024
  -0.0829577     -0.02624    0.0100567    0.0109198
 -0.00342479   -0.0313538    -0.107777   -0.0109512
    0.072282  -0.00342825    0.0158325   -0.0571473
  0.00283861  -0.00440093   -0.0120122    0.0137942
    -0.11839    0.0267089  -0.00706291    -0.130148
    0.119778     0.177678    0.0932672    -0.115475
   0.0111236   -0.0525872    0.0426155   -0.0483532
   0.0316481    -0.040528    0.0185706   0.00606853
   0.0121015   -0.0284874   -0.0621538    0.0849096
   0.0218523   -0.0194121   -0.0616777   -0.0567814
     0.30422    0.0321156    0.0171462    0.0667314
  -0.0995021    0.0666078   -0.0149575   -0.0521043
  -0.0556225   -0.0045702   -0.0437539     0.126276
   0.0764298   -0.0508658   -0.0808465    0.0756025
   0.0542857    0.0252823    0.0812954    0.0790519
   0.0343293     0.090198   -0.0604871   -0.0551198
    0.039752     0.127933     0.147893   -0.0644644
     0.21596     0.093195   -0.0590397     0.046236
   0.0577266   -0.0684157   -0.0773992     0.142596
   -0.086783    0.0683018    0.0733857    0.0369208
   -0.177586     -0.14522    -0.119762   -0.0654254
  -0.0615935  -0.00212705    0.0830928   -0.0670715
  -0.0217434   -0.0260222    -0.153385    0.0575309
   0.0700711    0.0546509   -0.0340737    0.0247351
  0.00131328    -0.226846    0.0162776   -0.0390172
    0.170369  -0.00843351   -0.0429104    0.0703588
   0.0514291    -0.128518   -0.0799192   -0.0109626
  -0.0412013    0.0917218   -0.0210793   -0.0166033
   -0.064542    -0.126109   -0.0375798    0.0857553
    0.179712    0.0453528    0.0419524   0.00711346
   0.0210209    0.0627828  -0.00426905    0.0464826
   0.0049235   -0.0399293   -0.0681385    0.0116122
   0.0477099    0.0631127   -0.0778605 -0.000283541
   -0.103282    -0.024975   -0.0518906    0.0543373
   0.0872211     0.127179  -0.00480009    0.0251239
 -0.00297647     0.037513   -0.0386539    0.0439603
  -0.0792892   -0.0307429    0.0694598     0.105828
  -0.0183151    -0.104549     0.151486   -0.0102157
    0.140839     0.084273   -0.0611269   0.00680931
  -0.0136497     0.114072     0.035678    0.0928196
   -0.145427   -0.0884525   -0.0220346    0.0590694
   0.0751435    0.0972398    0.0558415    0.0557071
    -0.30896    -0.146843     0.131558    0.0456248
   0.0587559    0.0277789   -0.0123866   -0.0621217
  -0.0316832    0.0214849   -0.0025038    -0.107362
    0.248765    0.0312606    0.0645946    0.0489943
    0.142359    0.0149532    0.0210492    0.0893876
   0.0324112   -0.0252742   -0.0678557   -0.0443429
  -0.0582664   -0.0591033    0.0928492   -0.0165191
  -0.0281848     0.189582    0.0086591   -0.0800016
   0.0993295    0.0254531   -0.0868696    0.0415987
 -0.00597336     0.111999   -0.0592189    -0.015226
  -0.0926845    0.0804567    -0.115303   -0.0366907
-0.000675894    0.0874956   -0.0584246    -0.110264
   -0.196905    -0.042194   -0.0129707    0.0507217
    0.127319   -0.0552218   -0.0857805    0.0524576
     0.10368    -0.142267    0.0518336    0.0787866
  -0.0691334   -0.0626006    -0.125234    0.0157797
    0.355744     0.144169   -0.0495259     0.100269
  -0.0410144   -0.0974514    -0.108204     0.133314
    0.117639   -0.0374736    -0.127558     0.127566
   0.0528831   0.00271568   -0.0490383     0.026854
   0.0339034    0.0202019   -0.0237597   0.00449827
  -0.0757344    0.0538009    -0.068604   0.00518634
   -0.032499  -0.00203532   -0.0825751    0.0710679
    0.202782    0.0300721    0.0122031     0.103416
   0.0380348   -0.0129224   -0.0758972    0.0701483
  -0.0295582    0.0244162    0.0974409   -0.0890793
   -0.159474    -0.032497    -0.017738    0.0201716
    0.233565      0.19111     0.121069     0.019898
   0.0826236   -0.0983234   -0.0330709    0.0377413
    -0.03548    0.0767425    0.0107859    0.0131421
  0.00133248    0.0188804     -0.13515   -0.0195339
    0.142039    0.0225855  -0.00375295   -0.0296049
  -0.0406772    -0.108984    -0.100392    0.0649955
    -0.13309   -0.0268653    0.0326807   -0.0792744
   0.0123986    -0.166234    0.0162726    0.0656974
   0.0915893   -0.0253246   -0.0348845     0.134567
  -0.0672241    0.0874626    0.0600414   -0.0786229
   0.0897156     0.136666     0.089727    -0.078503
   -0.134011   -0.0931582    0.0845884    -0.111397
  0.00754065     0.071436  -0.00331433   -0.0574198
   -0.172292    0.0746114    -0.137878   0.00735577
     0.16878    0.0605319   0.00230884     0.076984
   -0.086219    0.0628552    0.0221608   -0.0210857
    0.119827   -0.0536356    0.0327574   -0.0675761
   -0.145132      0.11059   0.00788825  -0.00765674
   -0.134803   -0.0168574    0.0876712   -0.0360903
  -0.0755559    -0.154031   -0.0678968     0.085955
   0.0263112     0.137252    -0.191375   -0.0246426
   -0.233301     -0.04798     0.152333    0.0934167
   0.0922347     0.115848    0.0369079    0.0533201
  -0.0622245   0.00784879   -0.0639476    -0.162878
  -0.0431713    0.0446198    0.0901249   -0.0515137
    0.200795    0.0154673   -0.0332238    0.0448984
   -0.119691   -0.0128543   -0.0159939   -0.0686725
   0.0405967   -0.0366616  -0.00894855    0.0576972
   -0.113016   -0.0291686   -0.0493668    -0.030701
   0.0524786    0.0410303    0.0327898   -0.0115457
   -0.207693    0.0363611    -0.120614   -0.0356924
   0.0726605    -0.120356 -7.29606e-05     0.122273
  -0.0499434   -0.0217387   -0.0975418   -0.0271149
    0.128036   -0.0224162     0.037174     0.023737
    0.114533    0.0203148    -0.231888  -0.00771018
   -0.115775  -0.00608019    0.0150044     0.108449
   0.0781469   -0.0870174   -0.0173103    0.0619972
  -0.0854983   -0.0400205    0.0628685   -0.0476656
    0.103449   -0.0582679     0.119593     -0.06415
   0.0526946    0.0272837   -0.0551141   -0.0552265
   0.0988785    -0.103569    0.0277857    0.0815031
   -0.124256    -0.128376    0.0884786     0.028953
   0.0696588    -0.105464    0.0650168   -0.0081046
    0.156813    0.0754212    0.0515229    0.0612547
  -0.0157385    0.0137015   -0.0861406   0.00937645
    0.101786    0.0456565    0.0883567 -0.000429627
   0.0544259    0.0725957    -0.232959    0.0634179
   -0.130554    -0.163106   -0.0255301     0.078651
  -0.0374094    0.0458378    -0.129554    0.0383477
   0.0214137   -0.0284064  -0.00338219   -0.0204492
   0.0614096   -0.0355352    0.0468219   -0.0235029
   0.0253267  -0.00938198    0.0677942    0.0254011
  -0.0193341    0.0899753    0.0374047    0.0739236
   0.0387533     0.133857    -0.065577   -0.0882472
   0.0138213    0.0865738    0.0166608    0.0475976
   -0.140425    0.0535086   -0.0275685   -0.0764091
   0.0281776   -0.0260119    0.0495278   -0.0988999
   0.0402129    0.0384292    0.0102559   -0.0599769
   -0.108935    0.0036215    0.0729081    -0.141855
   0.0329614   -0.0618587   -0.0025985   -0.0395883
   0.0153213    0.0626213    -0.204982    0.0779296
   0.0237201    0.0487226   -0.0531133   -0.0418007
   0.0298426   -0.0170971  -0.00186817    -0.119033
   -0.085394     0.042308   -0.0725354   -0.0202568
   0.0284769     0.163162    0.0681051    0.0316965
   0.0283088    -0.021334    0.0150903   -0.0456855
  -0.0404026   -0.0560554    0.0862093   -0.0996726
   -0.111915     0.011258     0.106383    -0.130793
  -0.0749263  -0.00538352   -0.0243513   0.00387159
   -0.182697    -0.054805   -0.0527359      0.01352
  -0.0644639    0.0107195    -0.132405   -0.0159418
   0.0953719   -0.0623384    0.0743468     0.044591
      0.1556     0.156481   -0.0695599   0.00445892
   0.0756844    0.0599634   -0.0337547    0.0258613
   0.0746899    -0.011902    0.0634558    0.0477947
   0.0221285    0.0650551   0.00826483  -0.00784039
   0.0693263    -0.085138    -0.139116   -0.0413734
    0.141632   -0.0145868   -0.0413137    0.0111888
  -0.0351785    0.0163538    -0.188357   -0.0439533
   0.0222131   -0.0716084    -0.102206   -0.0435853
  -0.0839039   -0.0159316    0.0821173   -0.0273256
  -0.0274253   -0.0238317    0.0175135   0.00353764
    0.138673   0.00212464    -0.176688     0.141488
     0.14859     0.175552    0.0288365   -0.0785472
   0.0506633   -0.0708468     0.073076    0.0586653
  -0.0545952    0.0431774    0.0400931    -0.027402
   -0.116649   0.00823678     0.022961    0.0860723
   0.0186133   -0.0358732   -0.0837979   -0.0538927
   0.0239614    -0.024019   -0.0805823   -0.0402796
 -0.00955478     0.147135    0.0228044   -0.0731859
    0.231617   -0.0600498    0.0860491    0.0224471
  -0.0918605   -0.0185539     0.041545   -0.0575001
   0.0949907   -0.0790621    -0.166305     0.141154
    0.147259    0.0245708    0.0666265   0.00417583
   0.0283647      0.10633   -0.0685244   -0.0404239
  -0.0880903     0.051653   -0.0669529    0.0249369
    0.128108     0.156946   -0.0926039    -0.070669
   -0.111011   -0.0556833     0.105751    0.0296338
   0.0236671   -0.0794756    0.0231198  0.000462278
    0.142577   -0.0304213   -0.0180612     0.070822
   -0.107208  -0.00436277   -0.0649119    0.0193824
   -0.128813    0.0804089    -0.109022  -0.00529274
 -0.00908054    0.0535653   -0.0724934    -0.102052
   -0.101603    0.0383861    0.0842482    -0.016645
   0.0935724  -0.00492446      0.11765    0.0360766
    0.110426    0.0208241   -0.0441531    0.0326862
  -0.0824473   -0.0808891     0.161829   -0.0195252
  -0.0431399  -0.00950821   -0.0776509   -0.0341501
   0.0551381  -0.00785282    -0.111966    0.0279761
  0.00996271    -0.104371    0.0881115   0.00444981
   0.0245534   -0.0346718    0.0969937    0.0381378
  -0.0316104   -0.0872416    0.0393317    -0.105301
   -0.188197   -0.0730952   -0.0511039   -0.0647451
  0.00321468   -0.0426872    -0.170673   -0.0481806
   0.0555908    0.0574484   -0.0411149    0.0989426
  -0.0925457  -0.00115964   -0.0119726    0.0699381
  -0.0758099   -0.0612259   -0.0177745    0.0271999
   0.0587575   -0.0970453  -0.00461821     0.015364
   0.0911744   0.00319019   -0.0331533    0.0248315
   0.0658335   -0.0126249   -0.0216247   -0.0195965
  -0.0585632    0.0104328   -0.0424442   -0.0154749
    0.135261    0.0767847     0.177508   -0.0177789
    0.065175    0.0156195     0.134616   -0.0144204
    0.192348  -0.00386525    0.0322294    0.0908428
 -0.00223297    -0.116363      0.15905      0.10813
   -0.121279   -0.0381889     -0.10937    0.0641799
   0.0809904   -0.0428976    -0.111946     0.163098
  -0.0696775   -0.0724605    0.0241908   -0.0156963
   0.0109078    0.0594308   -0.0899205   -0.0327777
    0.151686   -0.0365475    0.0391687    -0.035714
  -0.0436463    -0.107304  -0.00325518    -0.121533
   0.0887588    -0.124275   -0.0854471   -0.0313388
    -0.10965    0.0464021    0.0559276   0.00794045
  -0.0534228   -0.0962526    0.0572312    0.0811935
   0.0118397   -0.0658862   -0.0310362    0.0761512
   0.0613453    0.0394085     0.100833    0.0895899
  -0.0533815   -0.0117129   -0.0473651    0.0295124
   0.0805121   -0.0126709    -0.150096     0.198593
   -0.131697    -0.123756  -0.00504722   -0.0373075
    0.058175   -0.0171087   0.00601104 -0.000778825
   0.0772216     0.031126   -0.0954023    0.0767058
  -0.0439141    -0.164073   -0.0907788   0.00236004
   -0.088471     0.025175   -0.0541134    0.0775897
   0.0499092   -0.0626245   -0.0345271    0.0828442
  -0.0394706   -0.0109532    0.0792795    0.0288634
   -0.144742   -0.0217826   -0.0195622   -0.0454644
    0.142851    -0.049564    -0.100633    0.0658469
   -0.175288    0.0461562   0.00298198   -0.0340461
  -0.0810115    0.0173913    0.0232478     0.151559
  -0.0448254    -0.129852    0.0906046    0.0692354
   -0.126071    0.0256865   -0.0284088  -0.00661523
   0.0692606    0.0732296    0.0221037    0.0152998
   0.0991417   0.00208053    -0.101947    0.0455074
  -0.0286397   -0.0240125  -0.00166149    0.0714775
    0.161791     0.241009    0.0228717   -0.0645772
   -0.111192    -0.110542   -0.0336786   -0.0157002
   0.0547744     0.160931  -0.00609643   -0.0251617
  -0.0577818      0.12663    0.0258978   -0.0948304
  -0.0486619     0.025457    0.0491984   -0.0319555
   -0.182684    0.0670973    0.0202284   -0.0682597
   -0.111749   -0.0747645   -0.0231941    0.0176291
   -0.415053    0.0807092    -0.229699    -0.197853
   0.0481035    0.0615557    0.0969778   -0.0871546
    0.103688    0.0706158  0.000672728    0.0331432
   0.0822771     -0.14815   -0.0533782    0.0701745
  -0.0124536     0.102942    0.0253236    -0.050109
  -0.0233769   0.00944986    -0.031633   -0.0683067
   0.0717388   -0.0254289    -0.184453    0.0700223
    0.143328    0.0113032   -0.0955293     0.172666
  -0.0504555     -0.16814     0.121929   -0.0192787
   -0.158785   -0.0564959    0.0853677    0.0474894
  0.00602715   -0.0708055   -0.0298483    0.0649249
  -0.0217558  -0.00101657    -0.172158   0.00420448
    0.114884    0.0285741    0.0182988   0.00251408
   -0.134841   -0.0308327     0.114461    0.0103641
    0.072733    0.0162004   -0.0128579   0.00486847
   -0.217027     0.122083    -0.136865   -0.0898169
    0.131093    0.0416583   -0.0561799   -0.0556597
   0.0779404     -0.03506   -0.0124348    0.0474647
    0.256734   -0.0209525     0.128289    0.0189706
   -0.171788    -0.171135   -0.0255838   -0.0278607
   0.0506612 -0.000499242   -0.0554127   0.00196375
   -0.022524   -0.0927769    0.0699916    0.0352517
  0.00210646    0.0924401    0.0109711     0.136075
   0.0695004  -0.00759941   -0.0734277    0.0250791
  -0.0884594   -0.0349449   -0.0208687    0.0637916
   0.0601808   -0.0636827   0.00540131    0.0199116
   -0.043351   -0.0188791    0.0721824    0.0708561
  0.00610482    0.0510912   -0.0153688    0.0837914
   0.0900305   0.00971356 -0.000573696    -0.040607
   0.0237574    0.0280939    0.0475141    -0.041871
  -0.0686031   -0.0244248     0.105845   0.00622648
  -0.0379639    0.0169872   0.00260972    -0.107242
    0.119377    0.0149333    0.0179391   0.00411682
   0.0611359   -0.0328002    -0.114332    0.0528038
  -0.0236219    -0.124355    0.0599864    -0.066972
   -0.122403    0.0250714    -0.152735    0.0217147
   -0.121338    0.0508818    0.0677297    -0.065333
  -0.0984191    0.0834568   -0.0607546   -0.0522911
   -0.162026    0.0078225   -0.0785439    0.0501379
   0.0213301    0.0499688     0.113777   -0.0279332
  -0.0216141     0.179843   -0.0363662   0.00683646
    0.107216    0.0320692   -0.0196263    0.0652533
    0.110463   -0.0976609   -0.0357157   -0.0647064
  -0.0745533    -0.188805    0.0610781   -0.0628432
    0.147964   -0.0793448   -0.0227313   -0.0344454
   0.0493835    0.0544595  -0.00772077    -0.110823
   0.0683908   -0.0293531     0.013397    0.0761083
  -0.0496993    -0.193944   -0.0178873    0.0363231
  0.00284642   -0.0297073  -0.00173874   -0.0289941
-0.000969934    0.0226905   -0.0083953    0.0677598
  -0.0812564 -0.000477281   -0.0165435    0.0394037
  -0.0915303   -0.0085147   -0.0821793    0.0777875
    0.167648   -0.0629737   -0.0504812    -0.049738
  -0.0749411    0.0226272  -0.00312019    0.0457786
  -0.0104186   -0.0707356   -0.0151839    0.0659605
   0.0779009    0.0762437   -0.0585955   -0.0435526
  -0.0439186  -0.00619223   -0.0289909   -0.0808666
  -0.0123695    0.0398686   -0.0864713   -0.0482826
    0.272281    0.0358642   -0.0251743     0.105301
  -0.0279137    0.0243575   -0.0172314  -0.00488619
   -0.122515   -0.0434289   -0.0628498  -0.00539857
  -0.0107936    -0.136577     -0.14681    0.0090182
    0.136451     0.156697    0.0181534    -0.108284
   -0.487368  -0.00292273     0.146128   -0.0871252