    0.116856    0.0759921    0.0521064    0.0133071
    0.025863   -0.0304791   -0.0856747    0.0339799
    0.116281    0.0825175    -0.122467     0.123006
   0.0179278    0.0115549     0.101445    0.0221116
    0.154556     0.113007    -0.116158   0.00715277
  -0.0151418   -0.0572106    0.0444746   0.00427905
     0.13658    0.0133994    0.0356855    0.0713408
   -0.137453     0.141338     0.159166   -0.0644313
  -0.0364434    0.0338106   -0.0663485   -0.0433776
  0.00742467   -0.0506392   -0.0835679    0.0655654
   -0.150286   -0.0485962    0.0345167    -0.036454
  -0.0419476   -0.0657688  -0.00600023   -0.0459072
   0.0240563     0.066746    0.0860199   -0.0341836
  -0.0313655     0.137075    -0.218529   -0.0996355
  -0.0846438   0.00635173    -0.020732    0.0017054
    0.112099     0.173505   -0.0626077    0.0625501
    0.113966   -0.0146934  0.000445426     0.179239
   0.0407418    0.0093268    0.0619941   0.00807665
  -0.0483521  -0.00361452    0.0525988   -0.0243881
    0.131508    0.0982356    0.0332171   -0.0180517
   0.0290854   -0.0655518    0.0393653    0.0636903
   -0.118648    0.0799036    0.0255922   -0.0540881
   0.0819717     0.010309    0.0572597   0.00310598
    0.113015     0.022413   -0.0904095   -0.0376196
   0.0133935     0.071822    0.0671827    0.0428093
    0.142838    0.0689014    0.0481817    0.0375548
  -0.0309478    -0.161313     0.108217    0.0555975
   -0.219018    -0.141204   -0.0207753   -0.0140043
   -0.145088   -0.0187817     0.013577   -0.0519816
  -0.0301385    0.0398167    0.0374295     0.127254
  -0.0147132   -0.0267674  -0.00429233    0.0116513
  -0.0804096    0.0327965     -0.11927   0.00233406
   -0.249241   -0.0170733     0.125934    -0.104293
    0.070387    0.0702012     0.012296   -0.0410937
  0.00444884   -0.0469933   0.00771396    0.0351628
  -0.0680934   -0.0147714   -0.0368843   0.00510638
     -0.3065    0.0301361     0.106151    -0.194642
   -0.257597  0.000229892   -0.0942162   -0.0711084
   -0.025079   -0.0604637   -0.0616853   -0.0519757
   -0.425195    -0.302331   -0.0330765   -0.0888098
    0.152725    0.0603267  -0.00474858    0.0371616
   0.0340731    0.0430106     0.096678      0.10733
   -0.100446    0.0732449    -0.108031   -0.0608144
    0.107922    -0.011348   -0.0174667     0.119375
    0.117305     0.103501  -0.00376649    0.0694471
  -0.0729679   -0.0896332    -0.060855   -0.0397347
  -0.0362838    -0.149233   -0.0112752     0.075326
    0.062133   -0.0947948    0.0624801    0.0357586
  -0.0393396   -0.0749298    0.0735184   0.00183104
    0.222363   -0.0656279   -0.0617721     0.156128
   0.0371917   -0.0345806    0.0523826  -0.00505137
    0.041485    0.0226356    0.0116239   -0.0723404
   0.0911519     0.152656    0.0482643    0.0878889
   0.0276468     0.106258   -0.0387048   -0.0293712
   -0.120474    -0.127474   -0.0912714    0.0588332
   0.0625833     0.066316    0.0194418    0.0326161
   -0.362729    0.0600709   -0.0147185  -0.00428382
   0.0429896   -0.0394156   -0.0403373     0.036356
   -0.141008     -0.13941   -0.0113304   -0.0179478
   -0.554864    -0.211338    -0.136726    -0.185622
   0.0248744    0.0157694    0.0344722    0.0994065
  -0.0170797   0.00383374   -0.0132305   -0.0364305
   0.0262255    -0.116559    0.0335432   -0.0323691
  -0.0907085     0.103331   -0.0212769   -0.0621377
   -0.235925    -0.065882     0.174932    0.0692045
  -0.0358401   -0.0276158    0.0101127    -0.032218
   0.0861413    0.0684789   -0.0054908     0.044145
    0.016794    0.0706221    0.0977461    -0.139575
   -0.203438   -0.0389582    -0.059184   0.00680788
      -0.146    0.0790456  -0.00482779   0.00570684
 -0.00283592  -0.00413608    0.0140088    0.0410724
  -0.0251712    -0.065327   -0.0150324    0.0609167
   0.0220531    -0.222464    0.0639315    0.0551238
  -0.0322951     0.080197    0.0166188   -0.0148746
  0.00237176     0.055324    0.0720663    0.0570909
  -0.0391191   -0.0782569   -0.0651549     0.022183
  -0.0238704   -0.0704861    0.0826786    0.0159058
  -0.0619407   -0.0274239   0.00896461  -0.00819579
    0.119131   0.00857613   -0.0169151     0.067445
  -0.0757774    -0.078333   -0.0292193   -0.0991904
   -0.149955    0.0239527  -0.00777815    0.0043624
   0.0272185    0.0183356    0.0546928    0.0286641
  -0.0477101     0.104193   -0.0733868    0.0272217
  -0.0530449  -0.00960733    0.0336167   -0.0481648
  -0.0703679   -0.0455647   -0.0988898    0.0987768
    0.060551    0.0474488   -0.0267607    0.0160213
    -0.20522   0.00709094    0.0288749    0.0108162
   -0.368248    -0.135026   -0.0745464    -0.100367
   -0.253549    -0.066493    0.0113281   -0.0545895
  -0.0203664    0.0308488    -0.026815   -0.0181788
 -0.00941765   -0.0119832     0.142868    0.0129046
  -0.0606718   -0.0376217    0.0190383    0.0220274
  -0.0404002   -0.0463338    0.0814025    0.0348294
   -0.119476   -0.0877124    0.0835708    0.0656233
 -0.00583261   -0.0246191   0.00594183    0.0486537
  -0.0587593   -0.0597004     0.112066   -0.0190876
   -0.170944   -0.0841292    0.0199286  -0.00495894
   0.0735376   -0.0815642   -0.0704769    0.0872045
    0.277443     0.100773   0.00741165    0.0482797
  -0.0807169   -0.0121963   -0.0137402    0.0114204
   0.0601234   -0.0550269     0.183182    0.0876849
   0.0420885    0.0716033   -0.0645125     -0.12358
  -0.0182353   -0.0507356     0.050898    0.0784317
   -0.112272   -0.0605042    0.0506306     0.017527
   -0.141224   0.00252607    0.0188463    0.0509415
   -0.214569     -0.13292    0.0557048  0.000499692
  -0.0294132   -0.0654489    0.0540666   -0.0219581
   0.0119792    -0.114314    0.0705961   -0.0861909
  -0.0893775   -0.0178254    0.0447671    0.0879883
   0.0277343    0.0385926    0.0209073    0.0366514
   0.0172152   0.00779285    0.0309447   -0.0164714
  -0.0803382   -0.0574002   -0.0502676    0.0502733
  -0.0436419   -0.0436712    0.0856945   0.00360836
  -0.0204303   -0.0377249    0.0356857    0.0110556
   0.0948755   -0.0906631   -0.0907791    0.0118157
   -0.117706   0.00272548   0.00666342   -0.0637519
  -0.0575782    0.0397514   -0.0005119   -0.0678877
   0.0295868   -0.0215635    0.0440234   -0.0744115
  -0.0143468    -0.135155  -0.00475491    0.0628418
   0.0375064    -0.129068   -0.0271985    0.0706773
  0.00844395   -0.0205693    0.0287972   -0.0158448
   -0.213017   -0.0686698    -0.113478   -0.0655083
  -0.0782667    0.0451692    0.0544997   -0.0143726
    0.110408   -0.0195693    0.0753428     0.071917
   0.0405391   -0.0138056   -0.0179813   -0.0875363
  -0.0198912     0.152388    -0.116541    -0.197218
    0.109583    -0.106114   -0.0665334    0.0911397
   -0.359297   -0.0958493   -0.0383365     0.100374
    0.117906     0.109601     -0.10449    0.0729618
    0.098762   -0.0453952   -0.0750564     0.057186
   0.0912607   -0.0853137    -0.101301   -0.0112174
  -0.0385512   0.00105981   -0.0193622   -0.0444106
   0.0317947    0.0427537   -0.0630107   -0.0780613
   -0.167413   -0.0204617     0.028234    -0.101168
    0.135172   -0.0820823   -0.0534292   -0.0277577
    0.145167   -0.0513592   -0.0125966     0.053812
  -0.0614533    0.0671416    -0.044716    0.0534331
 -0.00711187    0.0817302     0.106917   -0.0429147
   -0.197873   -0.0102426    0.0881537   -0.0594002
 -0.00142609    0.0600845   0.00311146   -0.0925405
      0.2289    0.0012002     0.105445   -0.0123392
   0.0272086    0.0566805     0.155439   -0.0870022
  -0.0303424   -0.0486705     0.040406     0.117759
  -0.0479933    -0.130986    -0.077706    0.0287874
   -0.166446    -0.117397   -0.0343639   -0.0527828
   0.0654471    0.0288492    0.0763564   -0.0930502
   -0.218403   -0.0213582   -0.0426253   -0.0579337
  -0.0459599   -0.0811889    0.0328708 -0.000556999
 -0.00830794    -0.060522    0.0331444   -0.0177774
   -0.254904   -0.0356479    -0.152639   -0.0304635
   -0.231342    -0.091308  9.79899e-05    0.0424322
    0.105511    0.0667096    0.0240755    0.0597657
   0.0816878     0.128695    0.0557517    0.0224929
    0.058494     0.012663    0.0246254  -0.00160007
    0.130857    0.0725806    0.0401317    0.0968915
   -0.212272    -0.160396    0.0718589  -0.00530879
   0.0465086    0.0387179    0.0590527   -0.0832937
    0.115245    0.0588007  -0.00838782   -0.0145886
  -0.0465837  -0.00404863    0.0214133     0.026641
    -0.15802    0.0379471    0.0325209     -0.12016
    0.106208     0.068267   -0.0296788    0.0185875
    0.151251   -0.0570747     0.115656    0.0882868
    0.269451    0.0306417    0.0104453     0.029183
   0.0903158    0.0531178  -0.00412071   0.00672149
   -0.205742    -0.155949   -0.0535738    0.0397968
    0.172224    -0.067633   -0.0173473     0.121136
    0.183333    0.0323329   -0.0421285     0.122244
  -0.0675135      0.07406    0.0217624   -0.0842883
   0.0366835     0.037736     0.084309    0.0528977
   0.0102598    -0.047879   -0.0042698  -0.00458461
   -0.115706   -0.0253599   -0.0481123    -0.022995
  -0.0282102    0.0833504    0.0604334   -0.0472864
 -0.00673545   -0.0290758    0.0103131    -0.101089
    0.040489   -0.0208289    0.0465525   -0.0134817
  -0.0533865   -0.0290346   0.00650473   -0.0693081
   -0.031473   -0.0143394    0.0453067   -0.0415366
  -0.0871289    -0.013431   0.00922171    0.0765575
  0.00913759     0.212798    -0.092367    -0.161813
   -0.166302     0.102712    0.0383391   -0.0674805
  -0.0404109    0.0318541   -0.0358207  -0.00489288
  -0.0772326   -0.0322165    0.0167918   -0.0493657
    0.055266   -0.0571882    -0.038069   -0.0338913
    0.071037    0.0890665    -0.012739   -0.0224719
  -0.0290841    0.0172846    0.0721196    0.0106592
   0.0706022   0.00224559   -0.0295202    0.0356172
   0.0411086   -0.0661107   -0.0151841     0.020165
  -0.0707366   -0.0918962    -0.065055    0.0335718
   -0.154921   -0.0440459    0.0224763    0.0296277
  -0.0799519    -0.100234   -0.0746273  -0.00576968
  -0.0302237   -0.0210767   -0.0531351  -0.00987004
   -0.119491    0.0413354      0.20338    0.0827383
 -0.00960971  -0.00363405    0.0010769    0.0288349
  -0.0507766   0.00129144   -0.0222802   -0.0379617
   -0.125571    -0.120729    0.0639378    0.0591155
   0.0399831    0.0264061     0.108753   -0.0741985
     0.12565     0.038655    0.0882313   -0.0807294
 -0.00232916     -0.12555    0.0606217     0.101164
  -0.0965139    0.0289057   -0.0279566   -0.0349524
  -0.0128883   -0.0528787    0.0341477   -0.0503124
-0.000900086    0.0804427    0.0603727    -0.127432
   -0.209885   0.00429055   -0.0593205   -0.0864669
    0.141722    0.0250025    0.0341803   -0.0284752
  -0.0914498   -0.0512472     0.057972    0.0295085
  -0.0442275    0.0162782    -0.104309   -0.0657495
   -0.211983   -0.0767077    0.0770506  -0.00574411
   0.0365334   -0.0517538   0.00824081    0.0275432
   -0.114151    0.0520253     -0.02283    -0.125913
  0.00103056    0.0121031   0.00499492    0.0346841
   0.0626587   -0.0216664     0.119024    0.0143445
   0.0199686  -0.00653473    0.0378436   -0.0643508
 0.000667024    0.0627397     0.107302   -0.0189372
    -0.13185    0.0816295   -0.0638191   -0.0147506
 -0.00564208   -0.0300708   -0.0408645    0.0395721
  -0.0409582   -0.0168815   -0.0650698    0.0228051
    0.147301    0.0346531   -0.0220647    0.0965574
    0.109513    0.0295752     0.149168    -0.115193
   -0.202433    0.0131476   -0.0868335    -0.166633
  -0.0492397    0.0760695   0.00316193   -0.0401102
   0.0479143     -0.03514 -0.000919469    0.0578855
   -0.262542   -0.0947553     0.109514   -0.0189526
   -0.128053    0.0409176   -0.0142208    0.0514905
  -0.0688353  -0.00353051  -0.00135844    0.0513876
    0.208177     0.109925   -0.0386483    0.0157056
   -0.158383   -0.0127674   -0.0691132   -0.0423541
    0.211682    0.0182331   0.00936194    0.0388646
  -0.0841349    0.0435968  -0.00864876   -0.0630191
   -0.090439   -0.0574555    0.0817582   -0.0788735
  -0.0647169    -0.133384   -0.0989653   -0.0651704
  -0.0315379     -0.10988    0.0544721   -0.0210385
   -0.148024   -0.0215395   -0.0581727    0.0231507
   0.0223459    -0.018928    0.0431196   -0.0142322
   0.0633245   -0.0280686     0.026731   0.00580982
    0.066435    0.0346175   -0.0297907  -0.00986112
   0.0336789      0.03171    0.0994755     0.050737
  -0.0139854    0.0895992    0.0676312    -0.042849
   -0.111342     0.102528   -0.0566198    0.0310444
 -0.00428479   -0.0295578   -0.0490164    0.0125768
    0.149549    0.0320409   -0.0772689     0.108948
   -0.103572    -0.179314    -0.031104   0.00974233
  -0.0626768    0.0188088  -0.00556367    0.0503221
  -0.0415628    -0.104483    0.0137547    0.0696641
   0.0722963    0.0418032   -0.0464082    0.0427936
   0.0669476    0.0381931    -0.138992    -0.111231
   -0.106463  0.000151231    -0.115239     0.072497
  -0.0335338    0.0454018    0.0112865    -0.126053
  -0.0507525   0.00671547   -0.0472019   -0.0657871
    0.121935  -0.00809465     0.153085    0.0886561
    0.100943   -0.0761951    0.0249485    0.0511101
   -0.137189   -0.0250983   -0.0215855    0.0110221
     0.15856    0.0730042   -0.0350767      0.11318
   0.0211209     0.027675    0.0171313   -0.0361246
 -0.00745188    0.0461567   -0.0319689   -0.0212892
    0.022214   -0.0204542    0.0682205   -0.0357317
   0.0751085     0.168891   -0.0497018    0.0418514
  -0.0959219   0.00510022   -0.0211161    0.0552575
    0.112559    0.0569162   -0.0547581    0.0200559
   0.0181451    0.0509351    0.0735275    0.0556019
    0.127882   -0.0492166   -0.0474089    0.0395256
  -0.0221347    0.0818096    0.0420706      -0.1178
  -0.0581976    0.0239809   -0.0862113    0.0335051
   0.0161745   -0.0416492    0.0724302    0.0985182
   -0.180616   0.00153456    0.0140742   -0.0226422
  -0.0200488    0.0706022    0.0856881    0.0277069
    0.104085     0.125228     0.115363   -0.0715518
  -0.0191439    0.0137751     0.115831    -0.110293
  -0.0020252    0.0251967    -0.105933  -0.00980535
   -0.185275   -0.0586373    -0.130605     -0.02947
   0.0527293   -0.0110439    0.0762683     -0.05299
   0.0418339    0.0233061   -0.0493827    0.0363562
    0.100444    0.0782777   -0.0185417    0.0221173
   0.0053222    -0.039039   -0.0679459     0.034508
   -0.249206   -0.0441136    -0.193641    -0.114253
   0.0832062    0.0137389    0.0672382   -0.0217379
  -0.0387389   -0.0378021   -0.0649536    0.0417686
   -0.113912     -0.05025     -0.12416    -0.108623
   -0.120533   -0.0452365   -0.0105055   -0.0190323
    0.176167    0.0681431    0.0987174    -0.141451
  -0.0563004   -0.0660838    0.0437125    0.0669815
  -0.0307508    -0.101606   -0.0234735   -0.0156431
  -0.0152513    -0.176562  -0.00528171    0.0199268
  -0.0768937    0.0440032    -0.103744    0.0561517
  -0.0898532  -0.00446207   -0.0838287    0.0102464
   -0.159935    0.0222965  -0.00768177    0.0280512
   0.0735749    0.0568281   -0.0388926   -0.0878092
   0.0259334    -0.197094    -0.268525     0.147475
  -0.0377847   -0.0836712  -0.00633106    0.0343336
  -0.0351319   0.00800022   -0.0818286     0.017057
   -0.126658    0.0472315    -0.105901   -0.0100855
  0.00964028   -0.0212842  0.000549443    0.0647226
  -0.0547335     0.149765    -0.127023    0.0467917
   0.0199197    0.0363786    -0.054901   -0.0381422
    0.205493    0.0306839     0.066803   -0.0251124
 0.000995366    0.0302815   0.00660401   -0.0178704
    0.212129   -0.0582806    0.0493065   -0.0791181
   -0.166867   -0.0986185   -0.0101353   -0.0781147
   0.0629233    0.0277603    -0.101847    0.0893286
    -0.16207   -0.0655518     0.056695    0.0691728
   0.0725749    0.0303484   -0.0947426    0.0366222
   -0.126109   -0.0301314     0.116179   -0.0364999
    0.134698     0.206737   0.00040466   -0.0437045
   0.0625183   -0.0289733   -0.0100276    0.0998973
   -0.136261    -0.158755     0.100414   -0.0390593
    0.109662   0.00226589   -0.0363804    0.0823174
  0.00762927   -0.0622606    0.0235039    0.0791476
   -0.153359    0.0306381    -0.116423    0.0184289
   -0.135666   -0.0323007    -0.106759 -0.000537228
   0.0316002     0.107524    0.0834812   -0.0160581
   0.0982276    -0.109307   -0.0137844    -0.048888
   -0.145008   -0.0854643     0.118718    0.0556013
   0.0615378   0.00995212   -0.0732243    0.0274326
   0.0166508   -0.0562485    0.0624188   -0.0132596
    0.042988   0.00757962   -0.0276393  -0.00270376
  -0.0634393   -0.0785957   -0.0199903    0.0138027
   -0.195635    -0.112329    -0.093978   -0.0329742
  -0.0740437   -0.0697952   -0.0120003   -0.0281918
   0.0864996     0.062617   -0.0118926   -0.0828148
   -0.184985   -0.0014321    -0.154636   -0.0166536
   -0.101672    0.0600588   0.00269058   -0.0723734
   0.0431178   -0.0968877   -0.0463019   -0.0193835
  -0.0834614    -0.110564  -0.00607927   -0.0211121
  0.00560469   -0.0259694   0.00331238   -0.0257649
   0.0361585   -0.0420228    0.0308942   0.00781854
  -0.0523285   0.00735378   -0.0937254   -0.0299241
  -0.0157405    0.0664207     0.066128   -0.0270062
  -0.0655786   -0.0536387     0.172172     0.140337
  -0.0324286    -0.103574   -0.0940344     0.108276
    0.694089      0.47358     0.113185 -0.000571312
  -0.0639427   -0.0067126   -0.0385662    0.0623849
     0.11832   -0.0394215    -0.155885     0.153079
    0.164228    0.0330454    0.0485219   0.00424401
   -0.105054   -0.0551647   -0.0235011    0.0346046
   -0.127174   0.00882721   -0.0927135   -0.0258806
  -0.0856469   -0.0295718      0.16873    0.0790829
  -0.0366509   0.00368035   -0.0843581 -0.000255355
  -0.0815372    -0.067586   -0.0355815   -0.0284246
    0.127228   0.00408643      0.13384    0.0154797
    0.252638    0.0387766     0.164623   -0.0156661
   0.0558346   -0.0314073     0.104243   -0.0794237
    0.010463    0.0173927    0.0282492    0.0537074
  -0.0169837    0.0482239     0.127974     0.062822
 -0.00620565   -0.0895437  0.000429382    0.0119592
 -0.00900409   -0.0270386   0.00182242   0.00775865
 -0.00916994   -0.0164492    0.0812977    0.0475148
    -0.02895    -0.114982   -0.0141846   -0.0168855
  -0.0812336   -0.0540541      0.15152    -0.091217
    0.402382     0.266646   -0.0783728   -0.0559761
    0.253856   -0.0402017   0.00458129    0.0624424
   -0.219198    -0.150193   -0.0826861    -0.123561
  -0.0761282    0.0334804   0.00532958   -0.0588123
   0.0666701    0.0185342    0.0648661    0.0368623
    0.116782    0.0701379   -0.0223633     0.119655
   -0.137237    0.0947471   0.00753009    -0.111238
   -0.279391   -0.0493439    0.0142815    0.0453105
    -0.19057    -0.232299   -0.0615238    0.0249642
  -0.0463117   -0.0290156    0.0398684   -0.0317524
  -0.0208067   -0.0451591    0.0242222   -0.0373698
   -0.218666  -0.00329805      0.21479   -0.0205778
    0.158031    0.0664637    0.0445449    0.0275394
  -0.0371094    0.0899605   -0.0740698     0.073362
   0.0707664   -0.0230275    -0.101026    0.0839224
  -0.0451708   -0.0788598    0.0530088    0.0580945
   0.0492308    -0.014726   0.00722698    0.0232904
  -0.0339411    -0.071348    0.0525487    0.0691602
    -0.13106    -0.110166   -0.0140659    0.0293535
   -0.104579    0.0083846    -0.149122    0.0546965
-0.000902979   -0.0757155    -0.147188  -0.00158395
   -0.178106   -0.0384465    0.0106298   -0.0763392
   0.0650682   -0.0638725   -0.0511338   -0.0246177
   0.0235932   0.00762871   -0.0386493    0.0272655
   0.0807713    -0.135728   -0.0279108     0.138537
     0.28376     0.177505     0.112383    0.0522864
   0.0749169   0.00722105    -0.022919  -0.00419037
  -0.0146166  -0.00924335   -0.0487788    0.0587336
  -0.0511541    -0.009012     0.112991   -0.0455652
  -0.0714917    0.0262483    0.0237142   -0.0419282
  -0.0460157   0.00229853   -0.0783704   0.00947998
   0.0703503    0.0477268   -0.0455764  -0.00158258
   0.0732852   -0.0317136   0.00226268   0.00861996
   0.0961847     0.180238   0.00167313   -0.0305642
   -0.256212   -0.0336105   -0.0194289   -0.0722748
-0.000334429     0.115212    0.0864396    -0.102344
   0.0130699    0.0766753   -0.0541119   -0.0591578
   -0.113584    0.0559667   -0.0657039   0.00132612
  -0.0497069    -0.091752  -0.00715502     0.115715
   -0.291831   -0.0269952    -0.018299   0.00623799
   -0.153386   -0.0436054   -0.0171369    0.0413368
  -0.0934722   -0.0418823    -0.114874    0.0256155
   -0.112673   0.00373733   -0.0487481    0.0298144
   -0.281975   -0.0820917   -0.0919008   -0.0515465
  -0.0465411    0.0802369   0.00744548      0.12256
   -0.406061    0.0108047     0.100766    -0.036176
   0.0261071    0.0447876     0.100324   0.00595852
  -0.0909939    0.0319715   -0.0152048   -0.0213511
   -0.174668    0.0283395    0.0929159    0.0148403
   0.0344512    -0.038474   -0.0859065    0.0332723
   0.0483698     0.084962     0.148005   -0.0326863
    0.345464     0.100091    0.0173804    0.0677231
  0.00206595     0.022255    -0.151793     0.056469
   0.0561724   -0.0314065    0.0395549    0.0332612
    0.118057    0.0207541    -0.011035     0.105319
    0.108998 -0.000739952   -0.0855746  -0.00228921
   -0.115555   -0.0494221     -0.10663   -0.0399627
  -0.0523043    -0.128632    -0.202112    0.0174177
  -0.0745041  -0.00991793     0.105676  -0.00463083
   0.0981406   -0.0368132   -0.0348838     0.125375
    -0.13591   -0.0747743   0.00271798    0.0422056
    0.286947    0.0368403    -0.096774     0.022924
   -0.136256   -0.0324781    0.0419117     0.101494
  -0.0356021    0.0493055   -0.0431281     0.060169
  -0.0928008   -0.0675482    0.0812928    0.0379367
    0.121356    -0.109367    0.0929686  -0.00327298
   0.0315083    -0.094081      0.10399   -0.0104514
   0.0872308   -0.0631686   -0.0484965    0.0942879
    -0.04598   -0.0749222    0.0394107   0.00177899
   0.0829335  0.000432078   -0.0185011    -0.093383
   0.0600744    0.0459126    0.0607714   -0.0146552
   0.0511874     0.134657   -0.0271281     0.055603
  -0.0802968   -0.0604318   -0.0219265     0.049175
     0.10567    -0.115823    -0.247473     0.160447
  -0.0122591   -0.0598681    0.0111801    0.0658748
   0.0637677    0.0202808    -0.011204   -0.0205043
   0.0413256    -0.115419  -0.00404818    0.0527029
    0.146668   -0.0525848   -0.0243949    0.0756934
  -0.0326886    0.0101347    0.0241994    0.0456746
  -0.0372847   -0.0520102    0.0406501    0.0352871
   -0.283583    -0.040243     0.210671    0.0726497
  -0.0127775  -0.00307431     0.176209    0.0307753
    0.155095   -0.0258248     0.080622    0.0200979
   0.0689528    -0.028844    0.0566641   -0.0975378
  0.00727437   -0.0152928  -0.00850312    0.0942849
    -0.10313   -0.0166101    0.0372286    -0.126674
   -0.155467   -0.0541415     0.091368    0.0442544
    0.020124    -0.113835     0.132308    -0.085098
 -0.00388327   -0.0332964     0.114458   7.0624e-05
  -0.0497537    0.0555649    0.0229519   -0.0106755
   -0.094099    0.0233744   -0.0579826   -0.0236538
   -0.105013   -0.0563694    0.0750408    0.0551292
    0.057637   0.00277401   0.00819605    0.0822337
    0.117408    -0.052859   -0.0599795    0.0561243
  -0.0502712   0.00638626    0.0310834    0.0763587
   0.0549763     0.067172    0.0956416    0.0676565
   0.0701875    -0.045654   -0.0946701    0.0160911
    0.124926     0.194561     0.139638   -0.0184788
   0.0135929    0.0861304    0.0552445    -0.125918
   -0.173313    -0.189234    0.0106616    0.0755653
     0.05807    0.0214716   -0.0598877    0.0917969
  -0.0278818   -0.0704286    -0.082751    0.0149224
    0.097197     0.063032  -0.00210322    0.0162918
   0.0862608    -0.121062    0.0275345    0.0173611
    -0.15219   -0.0947621    0.0452012    0.0509986
   0.0333117   -0.0109877   -0.0024485     0.033058
    0.104816    0.0419456   -0.0374014     0.042997
   -0.113648    0.0385259    -0.142992  3.12812e-05
   0.0715779    0.0668782    0.0211205    0.0100187
    0.134749    0.0663149    -0.116972    0.0990652
    0.153974      0.11578   -0.0625618    0.0576352
 -0.00385697    0.0378995    0.0463437   -0.0133416
   -0.182616   -0.0542961    0.0477675    0.0181198
   0.0574943    0.0717943    0.0154163   -0.0150898
    0.116558   0.00637898   -0.0283683    0.0542094
   -0.120536     0.103325    0.0502171   -0.0895951
   0.0923201   -0.0905392   -0.0149883   -0.0148486
  -0.0653465   -0.0743757    0.0321431    -0.080676
   -0.220658   0.00937811     0.124406    0.0231201
   0.0151571     0.124403   0.00105532   -0.0516934
    0.148494    0.0410782   0.00775848   -0.0163716
  -0.0460387    0.0179072     0.106516   -0.0324353
   -0.186806   -0.0214261   -0.0668795   -0.0183135
    -0.11402   -0.0970075    0.0187512   0.00723307
  -0.0183486    0.0448412  -0.00226466    0.0183074
    0.257774  -0.00485956    0.0663788     0.123093
   -0.234865   -0.0988336   -0.0889804   -0.0915654
   0.0513068   -0.0227858    0.0543781    0.0234248
  -0.0282524   -0.0165518    0.0171888   0.00584846
 -0.00703221   -0.0145719    -0.105362    0.0400327
    -0.08297   -0.0628391   -0.0365736    0.0449012
  -0.0683268    -0.122514    -0.103191    0.0436603
  -0.0208812  -0.00361943   -0.0589152   -0.0676477
   -0.250467   -0.0895439    0.0668226   0.00169959
    0.148039    0.0144791   -0.0626358  -0.00419984
  -0.0403385    0.0494783     0.010429  -0.00764139
  -0.0977309   -0.0477669    0.0553898    -0.127457
   -0.126061    -0.106447   -0.0257848   -0.0334298
    0.174751     0.118376     0.132455    0.0253588
  -0.0919692    -0.106595    0.0750237    0.0489955
  -0.0470529   -0.0635886   -0.0328188   -0.0653689
   0.0213715 -0.000458354     0.116849    0.0713171
  -0.0733681   -0.0696886    0.0937562    -0.039654
    0.131302    0.0514216    -0.109035    0.0366013
  -0.0477782   0.00748227    -0.100768   -0.0150637
   0.0236105    -0.010815   -0.0364986    0.0117127
   -0.132106   -0.0727331     0.115335   -0.0177907
   0.0229546    -0.181457  -0.00636563   -0.0109093
     0.06709   -0.0329399   -0.0229544    0.0965018
-0.000387697    0.0172737     0.103837    0.0720502
  -0.0764477    -0.134602    0.0488911    0.0842274
  0.00345612    -0.156749   0.00507385    -0.012467
  -0.0777833    0.0614206     0.024247    -0.126816
 -0.00184922   -0.0620486   -0.0673152    0.0251305
  0.00418024    0.0571939   -0.0862036   -0.0299906
   0.0268954    0.0881423     0.109757     -0.16588
  -0.0271814     0.100703    -0.108703   -0.0641672
   -0.075315   -0.0419306   -0.0934599   -0.0152754
   0.0466832    -0.140545    0.0358319     0.054114
    0.124822   -0.0443177    0.0211915    0.0721681
  -0.0756531   -0.0469888   -0.0178838    0.0791926
   0.0868858     0.223694     0.192561     -0.20134
  -0.0333557   -0.0729661    0.0162152   -0.0483644
  -0.0976417   -0.0903284   -0.0440321    0.0852639
   0.0533664    0.0296712    -0.152016    0.0551017
  -0.0444946    0.0510211    0.0644745    0.0187383
   -0.290487   -0.0598839    0.0374138    0.0326958