  -0.0207742    0.0282771    0.0766675    -0.037931
   0.0247593    0.0891913     0.126261     0.154696
   0.0364384   -0.0896411    0.0323206    -0.086382
   -0.143526   0.00966472    0.0303216    0.0734691
   -0.116329   -0.0594077    -0.248985   -0.0214543
    0.149361   -0.0345078    -0.155996    0.0843467
  -0.0907546     0.111754     0.132672     0.329494
   -0.171983   -0.0318988   -0.0156324     0.191442
   -0.101873   -0.0467475     0.221891     0.400202
   0.0888808   -0.0223898    -0.234549     0.113309
   -0.113397 -0.000189822   -0.0105149     0.120327
   -0.078775    0.0205168   -0.0639911    0.0833458
  0.00565582    0.0194119     0.103781     0.223129
    0.034856   -0.0482016  -0.00570439     0.135316
   -0.346844    0.0100889     0.208135     0.160456
 -0.00968471   0.00360216     0.081004     0.252901
    -0.15061    0.0476383     0.164068    0.0648747
   0.0238683     0.050013  -0.00542054       0.2054
    0.112264   -0.0242722  -0.00690187    -0.189451
   0.0180344  -0.00678574    0.0756252     0.222598
   0.0311223    0.0440684     0.255847     0.294161
    0.100029    0.0358275    0.0705934    0.0735079
 1.69142e-05    0.0272292    -0.520671    -0.314136
  -0.0558604   -0.0287467      -0.1424     0.274975
   0.0432468    -0.010153     0.139486    0.0161316
  -0.0278651   -0.0406144     0.263001      0.26838
  -0.0173332   -0.0337298   0.00510185    0.0172837
  -0.0271335    0.0643102    0.0161064    -0.197285
   -0.126938   -0.0357528    -0.105834    -0.162326
    0.151088  -0.00351127    0.0979599   -0.0669789
    0.124071    0.0114792     0.219059   0.00189569
    0.103454   -0.0534777    -0.089711   -0.0535587
    -0.34439   0.00623138   -0.0581382    -0.028216
  -0.0353977   -0.0102772    -0.134983    -0.098554
    0.185951   -0.0410204    -0.281513    0.0905331
    -0.26021    0.0597826    -0.210398     0.144479
   0.0359257    0.0694809    0.0298506    -0.349962
    0.182381    0.0023378    0.0169337    -0.048058
   -0.213796    0.0850574    0.0843119    0.0386465
    0.291519    0.0334761     0.265222    -0.171937
    0.348256    0.0753693    0.0200727    -0.102234
   -0.157153    0.0163739    -0.108183    -0.108552
   -0.260957    0.0734365     0.167009    -0.152686
  -0.0540866    0.0103564     0.104906     0.235462
    0.236639   -0.0480689   -0.0356006   -0.0613738
    0.141544    0.0667158   -0.0579579     0.099275
    0.106614   -0.0309202     -0.02689   -0.0282507
    0.040744    0.0368456    0.0586606    -0.215366
    -0.12778    0.0477319    0.0343393    -0.021051
   -0.015959   -0.0324587    -0.110015    0.0909223
    0.263783  -0.00678556     0.177106    0.0257454
   -0.235051    0.0893505   -0.0528515      0.18964
  -0.0997257   0.00136322    0.0150798    -0.169824
   -0.267542      0.04178     0.123412    -0.185302
    0.138657    0.0914961    -0.053223     0.137439
   0.0577345    0.0228249    0.0389416     0.168776
    -0.18211    0.0851924     0.125855    0.0328694
  -0.0826055    0.0160934     0.438776     0.108726
   0.0416682   -0.0286811     0.132806     0.267944
    0.266975     0.169183    0.0804892     -0.18195
   0.0662395   -0.0129249    -0.160027   -0.0213815
  -0.0814973    0.0616963     0.143961   0.00510768
  -0.0358356     0.169435   -0.0352779    -0.392954
   -0.222971    0.0923668     0.159889     0.314845
  -0.0570263    0.0494334    -0.125766     0.128382
   -0.325084     0.103379     0.094765     0.187655
   -0.271915    0.0227055    -0.101532   -0.0130939
   0.0653298    0.0944541    0.0259341    -0.047709
   -0.120506    0.0379662     0.147743    -0.200677
   -0.288292     0.122311    0.0754471    0.0417373
   0.0329506    0.0979806    0.0491438   -0.0203244
   -0.153728   0.00889974     0.134642    -0.321516
  -0.0700773     0.138161   -0.0382979    -0.124338
    0.168792    0.0673685     0.229045     0.227996
  -0.0505724    0.0296809     0.388562   -0.0111379
   0.0368377   0.00842486    -0.155665   -0.0381739
   -0.134683    0.0383371 -0.000844036     0.253819
  -0.0613776    0.0534769   -0.0460571     0.143257
  -0.0126831    0.0680141  -0.00880471     -0.15084
    0.080256    0.0223896     0.348349    -0.149571
     0.11611   -0.0518482    -0.391041   0.00780477
    0.194004    0.0523913     0.030819   -0.0956993
  -0.0806424     0.113461     0.189387      0.36118
    0.106845    0.0357494   -0.0471898   -0.0622244
  -0.0297443    0.0218568    -0.136906    -0.254957
   -0.263329     0.107691    -0.033151    -0.144904
   -0.105352  -0.00127889   -0.0520523     0.312442
  0.00614786     0.108609     0.193362   -0.0494879
   0.0207495      0.04003    -0.224101    0.0455243
   0.0551875    0.0777209     0.119293   -0.0938056
   -0.210543    0.0295564    -0.119351   -0.0180723
   -0.301477    0.0313961   -0.0581884    -0.249889
   -0.104654     0.056885    -0.192672    0.0400707
   -0.116032    0.0606197    -0.105907     0.119581
   -0.361359    0.0460446    0.0426219     0.290817
   0.0612031   -0.0578064     0.139108     0.156911
  -0.0566047   -0.0476458    -0.366081     0.235345
   0.0447522   -0.0774176   -0.0196539     0.151043
    -0.11911    0.0234293    0.0878955     0.119544
  -0.0712655   -0.0116093   -0.0226928    -0.132591
  -0.0413194    0.0513162    0.0301828     0.213384
   -0.256013    0.0962212     0.309744     0.068079
   0.0753678   0.00335074    0.0822497    0.0401311
   -0.146921     0.038748    -0.213363    -0.161121
  -0.0452454    0.0646332    0.0669384   -0.0310813
   0.0976953    0.0627599    0.0751312    -0.241779
     0.11644    0.0405942    0.0547635    0.0653062
    0.236079    0.0855403   -0.0465975   -0.0392845
   0.0583112    0.0420021    -0.159291     0.167388
  -0.0580775    -0.027234    -0.052409     0.144186
  -0.0465566   -0.0978778    -0.229527     0.172782
  -0.0914046   -0.0262558    0.0446286     0.202127
   0.0901581    0.0451685      0.11279    0.0271318
  -0.0472716    0.0488288  -0.00286243    0.0478039
    0.155041    0.0173578   -0.0144589  -0.00169287
  -0.0665249  9.92505e-05   -0.0604623   -0.0281674
   0.0227975    0.0330707    -0.254355    0.0386442
   -0.168614    0.0365842     0.228265   -0.0368642
   -0.086911    0.0508414      0.12633   -0.0707684
    0.174585    0.0287675    -0.155087     0.058889
   -0.131806    0.0918018    -0.153172    0.0963126
  -0.0787877   0.00674498  -0.00596275   -0.0491383
   0.0588093    0.0797546     0.149494    -0.219836
   -0.230554    0.0248435    0.0941736    -0.225936
   -0.278526    0.0317625    -0.303579   -0.0799232
   -0.027906  -0.00785617   -0.0518804    -0.192939
   0.0825778    0.0507457    0.0203083    -0.346172
    0.144108    0.0136705     0.300279     0.240175
   0.0641196   0.00770621    0.0555659    -0.159785
   -0.109631     0.118137     0.206578   -0.0128182
    0.189172  -0.00260305    -0.108331    0.0693722
  -0.0347644  -0.00864364    0.0536355   -0.0350507
  -0.0381319    0.0279641     0.145216     0.185987
    0.146744   -0.0528357    -0.217386     0.113315
     0.12505     0.163857 -0.000559717    0.0160503
   -0.148707    0.0129855    0.0171244    0.0539944
    0.132188   -0.0292214    0.0131784   -0.0201089
   -0.109683  -0.00494627    -0.241878     0.236757
   -0.420794     0.115596     0.565135    -0.163773
    0.239109  -0.00520757     0.220033   -0.0788359
    0.013512     0.104529     0.191978     0.119735
    0.160764     0.128989    0.0984468    -0.250372
   -0.343815    0.0407985    -0.253995    -0.329494
   0.0631821    -0.060559      0.11905     0.199242
   0.0202441   -0.0727007   -0.0263336    -0.145457
  -0.0860783   -0.0368325   -0.0988534    -0.208164
    0.115751    0.0298322   -0.0161563     0.197286
   0.0475818    0.0349917    0.0542149    -0.120154
    -0.13479   -0.0515738    -0.159429    0.0547828
    -0.24995    0.0876985   -0.0656024    -0.103568
  -0.0188639     0.101836    0.0213495    0.0356578
   -0.183979    0.0534045     0.169125     0.253328
    0.244581   -0.0555245    -0.131595     -0.25567
   0.0849115   -0.0248987    0.0991383     0.155323
   -0.301819    0.0141832   -0.0368281     0.102874
  -0.0586475    0.0976924    -0.137545   -0.0424021
    0.105238    0.0287154    0.0854203   -0.0462237
   -0.131226    0.0662944   -0.0479015    -0.186282
    0.257921    0.0637199    0.0598909    0.0520171
   -0.263896   -0.0723993    0.0818156    -0.114502
  -0.0378485    0.0381636    0.0724205    0.0212647
  -0.0365743    0.0615968     0.187952    -0.108504
   0.0436072    -0.054857     0.015865     0.203474
   0.0981171    0.0762104    -0.176443   -0.0104943
  -0.0370342   -0.0192366    -0.137404    0.0144926
  -0.0596676     0.076364   -0.0887162    0.0957222
   0.0866727   -0.0103542     0.139644   -0.0087175
   0.0992959      0.10739    0.0734723    -0.290535
   -0.093166    0.0771951     0.265298  -0.00790739
    0.103724    0.0493426    -0.164842    -0.019657
   -0.361199    0.0558225     0.106256    0.0974501
  -0.0921646    0.0148171    0.0525813    0.0442096
   0.0270137   0.00303344    -0.177772     0.215175
    0.049732   -0.0203543      0.15647    0.0614699
-4.00158e-05  8.95164e-05    -0.118367    0.0513779
    0.107279     0.067478   -0.0837374     0.154809
   0.0602072   -0.0302576    0.0279639    0.0925051
    0.338192    0.0206363     0.160369    0.0815738
  -0.0580731    0.0455665   -0.0436701      0.07211
    0.065186   -0.0424182     0.280426     0.106496
  -0.0352705     0.130519    0.0444664    0.0156697
   0.0173101      0.12788     0.024624   -0.0829247
   0.0171008    0.0514228    -0.105237    -0.134237
    0.181717    0.0612551    0.0619886    -0.135657
   -0.061094  -0.00270993    0.0309266   -0.0730507
    0.190624   -0.0110714    -0.261188   -0.0145245
   0.0158134    0.0993024   -0.0760409    0.0172222
   0.0722255    0.0405557    -0.235914   0.00157546
   0.0534313   -0.0586578     0.146876     0.127288
  -0.0162546   -0.0362262    -0.247958     0.159448
     0.28641  -0.00322652    -0.063388   -0.0759562
    0.268758   -0.0142973    -0.584666   -0.0531952
   -0.100334    0.0703805    0.0577632    -0.162028
  -0.0909595   -0.0300089   -0.0275965    -0.108443
  0.00963909    0.0278531   -0.0174207  -0.00950377
  -0.0158965    0.0485337    -0.141224   -0.0430911
    0.132887    -0.052858    -0.194536   -0.0550472
   -0.214042    0.0797052     0.121147    -0.150957
 -0.00818154     0.101129    -0.136621     0.218246
    0.141242   -0.0259548    -0.678473      0.18992
    0.017712    0.0539782    -0.304119    -0.137284
    0.166227    0.0869971   -0.0370121    0.0292527
    0.209845   0.00182585     0.519726      0.37442
   -0.266235    0.0308903     0.371146    -0.131186
  -0.0412884   -0.0458762    0.0669527     0.212334
  -0.0691686     0.112313   -0.0854226    -0.406956
   0.0479807   -0.0132256     0.151868   -0.0229808
  -0.0812154   0.00722003     0.265234    -0.128955
   -0.115423    0.0242792    0.0940073     0.148305
   0.0803447    0.0634282    0.0886064    -0.149557
  0.00434605    0.0138267     0.116505    -0.053151
   0.0700489    0.0479087     0.189268    -0.127614
   -0.126258    0.0250782     0.279578     -0.08596
   0.0148749    -0.013441    -0.172907    -0.148259
  0.00390292   -0.0220816    -0.274997    -0.125505
   -0.070997    0.0410611     0.287776   -0.0653369
    0.012985   -0.0507674   -0.0762644   -0.0153478
   -0.138924    0.0516936    0.0275746     0.299717
    0.222817    0.0568742     0.145513     0.243416
  -0.0395498     0.113523     0.101766  -0.00631079
  -0.0439947   -0.0336984   -0.0212032    -0.190476
    0.133294    0.0197691    -0.146503     0.077515
   0.0772965   -0.0314599     0.024818     0.102577
   -0.094759   -0.0297526   -0.0931892    0.0125558
   0.0667609    0.0384768   -0.0778818    0.0502161
  -0.0781505    0.0745463    0.0844302    -0.119355
  -0.0612976   -0.0563305    -0.188938     0.518245
   -0.131838   -0.0297157    0.0647673    -0.242345
   0.0742068   -0.0626087     0.220664    -0.178201
     0.23664   -0.0128267     0.205593   -0.0539496
    0.204393    0.0515737     0.058509     0.025708
   0.0583879     0.123977    0.0461005   -0.0376023
  -0.0511112   -0.0369313   -0.0996355     0.109255
   0.0811026    0.0464916      0.10052     0.253636
  -0.0629063   -0.0851907    -0.212175     0.100052
  -0.0643622    -0.100861     0.140639      0.19589
  -0.0213415    0.0146904    -0.146184     0.070538
  -0.0790854  -0.00987848     0.264783     0.221706
   -0.274997   -0.0601144     -0.27484   -0.0096589
   0.0658969     0.192072      0.13525   -0.0659351
   -0.174601    0.0804692     -0.13997    0.0572705
  -0.0700613     0.118219     0.579836    0.0570984
   0.0715116   0.00507149   -0.0693504    -0.237262
   -0.146094    0.0655572    0.0652134   -0.0286619
   -0.174472    0.0807355  -0.00175619    -0.178812
   -0.152485    0.0236166     -0.31017    -0.160388
   -0.153595   -0.0106598    -0.117648     0.217003
   -0.177787   -0.0286577     -0.14205     0.423889
    0.061256    0.0871859   -0.0133314   -0.0460948
   -0.127546   -0.0267835    -0.184628     0.338201
  -0.0947176    0.0181981    0.0576635    0.0703227
   0.0664554    0.0967417   -0.0196476    -0.175306
  0.00767164    0.0842609      0.53452     0.224464
  -0.0235083   0.00730971   -0.0774765    0.0977205
  -0.0536051    0.0782969    0.0309425     -0.33769
    0.118113   -0.0164614    -0.161992    0.0175677
  -0.0401654    0.0114224    -0.126578      0.21144
   0.0857888    0.0365587    0.0595549   -0.0724293
   0.0415341    0.0352015    0.0712226    -0.474998
   -0.195357    0.0533312   -0.0269633    -0.114171
   -0.115264    0.0651798     -0.18942   0.00164641
  -0.0921376   -0.0316565   -0.0341436    0.0907168
   -0.104547   -0.0407884    -0.151866    0.0271548
  0.00967238    0.0613302    0.0375436    0.0754077
   -0.117303      0.10825    -0.164809    -0.235424
   -0.155621    0.0148302     0.175107    0.0830411
   -0.021443    0.0604337    -0.107519   -0.0913329
    0.125167   -0.0696042     0.162279    0.0447764
   -0.117885    0.0322679   -0.0904491     0.136949
  -0.0232021      0.13916      0.15653    -0.104502
   0.0693515    -0.135476    -0.436922    0.0866897
   -0.179266    0.0080763     0.112671      0.20128
    0.261391  -0.00456354      -0.4194   -0.0862601
     0.23406    0.0480478     -0.12468  -0.00125517
  -0.0100744  -0.00387051    -0.226878     0.155898
    0.141225    0.0456904  -0.00587616    0.0352497
   -0.090762    0.0754587     0.260184     0.142725
    0.159313  -0.00399675    0.0657021   -0.0157724
   -0.170456   -0.0229362    -0.198959      0.17945
   0.0120373  -0.00655009      0.17895      -0.1171
   0.0155531     0.123517    -0.113796   -0.0989167
    0.125915    0.0668302    0.0682992    -0.164331
   -0.183527    0.0581142     0.407648    -0.139123
   0.0897849    0.0792478   -0.0472333    -0.180616
   -0.130951   -0.0214788    -0.268655     0.275672
   -0.111209   -0.0676256    0.0370776     0.269316
   0.0128591   -0.0493167   -0.0185133     0.227627
    0.255278    -0.037004     0.119041     0.095609
   -0.276759    0.0455085    -0.163255    0.0718426
   -0.136554    0.0519201    -0.100482    -0.158122
   -0.041362    0.0482281     -0.20996   -0.0741607
   0.0224253    0.0308484  -0.00666383      0.22896
     0.15046  7.54851e-05     0.107397    -0.147223
   -0.221457     0.120956   -0.0185486    -0.129584
 0.000267687  -0.00379791    -0.307049    0.0310103
    0.152326  -0.00227531     0.246736   -0.0373058
   -0.152447  -0.00608723    -0.142922     0.152443
     0.36504    0.0914811     0.163493    -0.189257
    0.189215   -0.0505566     0.191268  -0.00269877
  0.00999472    -0.031568    0.0662642    0.0549851
 -0.00365808      0.02636     0.217709    -0.121429
   -0.118458  -0.00481529    -0.175573    0.0182278
   -0.127364    0.0275693     0.208888    -0.165032
    0.127877    0.0361602    -0.149774     0.203194
   0.0487622   -0.0160691    0.0720775    0.0224495
    0.096628    0.0973405     0.172692     0.185914
   -0.148998    0.0238103     0.369833     0.187714
   -0.112244  -0.00228226    -0.049018    0.0295091
   -0.202487   -0.0383601    -0.156408     0.150905
   -0.164394    0.0319622    0.0970874    0.0641364
    0.341277    0.0398898     0.101377  -0.00948067
    -0.16514    0.0782048       0.1367    -0.265249
   -0.057947    0.0633372     0.388526    -0.119755
    0.360324   -0.0198552    -0.277737   -0.0747937
   -0.099978    0.0124247    0.0108366   -0.0466733
   0.0868093    0.0472604    0.0941989   -0.0972494
  -0.0159317    0.0194614     -0.14718    -0.307605
    0.156268     0.020614    -0.115565    -0.174331
  -0.0238318    0.0591371     0.221876     0.133662
   -0.292989    0.0478959   -0.0482032  -0.00986199
 -0.00342626    0.0315647    0.0186683    -0.014498
    0.131656   -0.0153426    0.0604713   -0.0960143
    0.255018    0.0553842     0.406144    -0.448075
   0.0266052    0.0323693    0.0423286    0.0130423
   -0.134492     0.091155    0.0651179   -0.0225972
   0.0649005    0.0484507    -0.132218   -0.0794692
   0.0173696     0.106352    -0.229787    0.0359915
    0.167437    -0.102802    -0.133056    0.0362056
   -0.275758      0.13758    0.0438832   -0.0424036
      -0.128   -0.0441502    -0.365998     0.278275
   -0.100865   0.00814434    0.0115388    0.0711736
   -0.248363    0.0395693     0.192323    -0.450121
   0.0300864    -0.110733   -0.0849807    0.0128973
   -0.234687    0.0554158    0.0885443    0.0183133
  -0.0706758    0.0642138      0.31276     0.190991
  -0.0844215   -0.0141025      0.06771    0.0366554
   0.0337355   -0.0665484     0.158982     0.140026
   -0.196811    0.0939999     0.385306   -0.0728704
   -0.346132    0.0126536   -0.0909921    -0.287753
  -0.0662166    0.0577689     0.135013     0.183479
    0.119532   0.00498863   -0.0170079      0.15952
    0.159642     0.102496   -0.0509948    -0.329339
  -0.0919383  -0.00385187     0.215393   -0.0496702
     0.11882    -0.111897     0.376388     0.271783
    0.208031    0.0254123     0.110422    -0.138048
   -0.216313     0.104767     0.118778    -0.225816
   0.0635508 -2.87297e-05   -0.0625443     0.057729
     0.06834    0.0408984     0.227818    -0.016499
  -0.0312959    -0.101031   -0.0944425     0.264879
    0.104004     0.102416   -0.0780032   -0.0325861
   -0.209207    0.0511153   -0.0498229     -0.46282
    0.317894    0.0533154     -0.10561    -0.365943
    0.120233    0.0390915     0.286872    -0.175593
  -0.0692083    0.0712359    -0.314099    -0.260912
   -0.256907    0.0997482     0.196363    -0.345176
    0.280727   -0.0719717    -0.178594   -0.0261873
   -0.495544   -0.0139615    0.0260601   -0.0211958
   -0.244352    0.0537264    0.0302367     0.101435
   -0.110764  -0.00940992     0.111863    0.0671344
    0.242423    0.0907206    -0.146212    -0.295449
   -0.136805    0.0957687     0.031005    -0.251542
    0.115235   -0.0259853     0.188078      0.23222
    -0.10904    0.0259156    0.0817757    -0.148743
  -0.0673131    0.0534421     0.333807    -0.130159
   -0.206966    0.0288338   -0.0710668    -0.122756
    -0.37333    0.0752062   -0.0805513    -0.361833
    0.187957    0.0306146    0.0274695    0.0154884
   -0.198261  -0.00750451      0.04054     0.276475
   -0.166144    0.0866059     -0.24852    -0.132913
    0.104968   -0.0183641    -0.171188   -0.0183465
   -0.102097    0.0533726    -0.261935    0.0541582
   -0.181624    0.0813561    -0.388362    -0.109917
   -0.299068     0.124446     0.155321    -0.427881
 -0.00469348    0.0435926   -0.0541473     0.021149
    0.045938   -0.0257504     0.753861    0.0755678
   0.0657244    0.0281598    0.0516317    0.0348098
    -0.43038     0.106586     0.199717    0.0199431
    0.270487   -0.0362208    0.0842736     0.244342
  0.00134457 -0.000217702     0.328422    -0.215626
  -0.0330757   -0.0246182     0.115704    0.0450203
   -0.153137   -0.0863129    -0.182218     0.190376
   0.0513458    0.0460786     0.260924     0.211738
   -0.186109     0.105672    0.0352681   -0.0844789
    0.102655    0.0231236   -0.0492075   -0.0762784
   0.0304791   -0.0480855      0.14234   -0.0629095
  -0.0836262     0.103278    -0.197152    -0.233748
   -0.289851   -0.0193781   -0.0495219    -0.087032
   0.0786434   -0.0695359   -0.0253618     0.453742
  -0.0949811  -0.00333341     -0.15406   -0.0762737
   0.0634097    0.0268998    0.0989123     0.226062
  -0.0741251    0.0399245    0.0481653    -0.117945
   -0.065694   -0.0330054    0.0785602    -0.100967
  -0.0765478  0.000420866    0.0784317      0.14496
    0.170836    0.0159575     0.020747      0.14211
   0.0252542    0.0142691     0.437039     0.183294
   0.0097126     0.102636    0.0399253    -0.134164
   -0.175624     0.075463     -0.11706   -0.0210857
   -0.147608    0.0362305  -0.00735783   0.00154783
 -0.00246626    0.0628834   -0.0640389   -0.0195173
   -0.134093    0.0170564     0.210325     0.116702
   0.0623385    0.0946964    0.0738594    0.0921247
  -0.0811488    0.0546464    -0.188411    0.0631287
   -0.142358     0.149534       0.2581    0.0878864
   -0.145084   -0.0253843    0.0985786   -0.0385299
   0.0748665   -0.0288778     0.201969     -0.13115
   0.0349105    0.0392452    0.0995925    -0.162633
   -0.134027    0.0109999      0.21674   -0.0314512
  -0.0625929    0.0321014     0.151707  0.000937336
 -0.00478213   -0.0224526   -0.0455181   -0.0702182
  -0.0326631    -0.045265   -0.0546653     0.269198
    0.172467   -0.0471626    0.0140838    -0.204537
    0.203614    0.0194472     0.454843     0.253098
   0.0196071    0.0218361   -0.0963162     0.108523
     0.21784 -0.000904235    0.0296449   -0.0386852
   0.0420125    0.0877648     0.033346   -0.0277356
   0.0749076    0.0833756     0.158412    -0.112852
    0.122415 -0.000913515   -0.0351808    0.0125135
   -0.142125   -0.0145979    0.0177366    0.0514055
   -0.220541    0.0890507     0.120213    0.0757132
  0.00112229   -0.0198461     0.108405   -0.0858935
 -0.00129975    0.0850261   -0.0969365    0.0173458
   -0.315245    0.0533075     0.218771    0.0262738
   0.0278009   -0.0166564    0.0690504     0.146343
   0.0117806    0.0124598     0.120829    0.0266144
   -0.298255    0.0529134   -0.0960526     0.306077
   -0.169283  -0.00531576    -0.213698   -0.0661456
    0.216814   -0.0114954    -0.236376     0.275541
    -0.23985     0.114649  0.000751045    -0.248152
  -0.0511635    0.0779526    0.0909641     0.142405
-0.000660103      0.07317    -0.114323    -0.158661
   -0.198794    0.0329204     -0.18523   -0.0194332
    0.113962   0.00704015    -0.169974     0.125372
    0.177002   -0.0206927     0.207874   -0.0893507
    0.140944    0.0818152     0.160427     0.218311
   0.0345529  0.000436461   -0.0811056     0.313956
   -0.141937    0.0329787     0.441012      0.19345
    0.139534    0.0865176     -0.13987    0.0296848
  0.00394688   -0.0662782     0.188254   0.00627196
    -0.15789    0.0506082     0.116321     0.107337
   -0.107125     0.163851     0.358308   -0.0686468
    0.111657    0.0260072    -0.202973    0.0298168
   -0.027298     0.030263     0.171991    0.0752669
   0.0392281    0.0224225    0.0864749    0.0590845
   -0.311361     0.132927    0.0211164    -0.286138
  -0.0606178    0.0383404    0.0849426   -0.0545923
  -0.0571502    0.0373961     0.140537    -0.291107
    0.124456    0.0783771     0.112033   -0.0569537
   0.0365207    0.0659707      0.18157    0.0962495
  -0.0126796    -0.073209    -0.211775    -0.033388
  -0.0930038  -0.00346752   -0.0828332    0.0628725
   0.0252091     0.123672   -0.0712483     0.324857
   0.0920426     0.101041    -0.213142     0.082205
    -0.23421   -0.0106394    0.0577034   -0.0854704
   -0.199223     0.133337    0.0896585       0.1443
   -0.124823     0.118882     0.133662    0.0594162
   0.0339355    0.0315432    -0.329996   -0.0483641
    0.247744    0.0320083     0.105514   -0.0654144
    0.244939    0.0729786    0.0536917   -0.0649334
   -0.166956    0.0627393     0.147385   -0.0450223
  -0.0417102    0.0170076    0.0138617     0.144277
    -0.20176    0.0325458    0.0322967   -0.0288858
  -0.0367016    0.0603853     0.287644   -0.0337355
    0.046723   -0.0392464    0.0381548     0.237861
  -0.0587223   -0.0454244    0.0675521     0.222477
   0.0100775   -0.0457419    0.0910157     0.306022
 -0.00745656     0.011469     0.136258    -0.250268
     0.27524     0.115046     0.171203 -0.000310074
    0.183206    0.0365706     -0.33002     0.223775
   0.0942584  -0.00254679   -0.0258327      0.07131
   -0.159959     0.058699    0.0442835    -0.047981
  -0.0176109    0.0159702   -0.0707448     0.282977
   -0.262478     0.077355     0.140218     0.187584
   -0.205894    0.0737102    -0.194466    -0.410939
    0.182369   -0.0395323      0.15719   -0.0213462
   -0.191903   0.00410608    -0.363499   0.00827871
  -0.0587833   -0.0166158    -0.152384     0.163393
   -0.133452    0.0235822    -0.139539    -0.250163
   -0.216982    0.0268817   -0.0840076     0.253238
  -0.0691308   -0.0301795   -0.0724356      0.14568
   0.0296648    -0.018255    0.0720892     0.150447
   0.0927311    0.0146899     0.124457    0.0728513
  -0.0148724    0.0701605   -0.0117915   -0.0660933
   0.0956337   -0.0436491    -0.289819    0.0114843
   0.0241513   0.00983549     0.202379    -0.111864
   0.0629667    0.0636024    -0.124503     0.209998
      0.2274   -0.0300938     0.106937   -0.0387347
    0.049449    0.0686465     0.118694     0.123927
    0.127905   0.00907683     0.359952     0.225235
 -0.00724069     0.101189    0.0889563    -0.353272
    0.184542    0.0873543      0.45898     0.286745
   -0.263701    0.0419075    0.0436825      0.13216
    0.128759   -0.0428345    0.0682922    -0.015723
    0.145019   -0.0248383    -0.148309     0.336808
  -0.0185756   -0.0107242    -0.069649   -0.0132699
   -0.335762    0.0586773   -0.0841587   -0.0717585
   -0.101224   -0.0782695   -0.0421007     0.224697
   0.0261573    0.0305971    -0.118092    -0.189021
  -0.0233019    0.0717442     0.275916     -0.12651
  -0.0879764      0.12633   -0.0080987   -0.0886312
    0.201634    0.0456765     0.144196   0.00627961
   -0.261145    0.0223717     0.116965    0.0914948
   0.0220648    0.0479673     0.124431     0.269242
   0.0647986   -0.0193581    -0.145825    0.0392525
  -0.0934796    0.0133126    -0.057774   -0.0972328
   -0.465355     0.134428     -0.15887    -0.240234
    0.127275    0.0715766   -0.0497439    0.0509158
  -0.0638466   -0.0696735    0.0305883   -0.0110888
    0.180929   -0.0440043    -0.120555    0.0166353
  0.00479287     0.062008     0.243661    -0.053485
   -0.100003    0.0546584    -0.363418    -0.283831
    0.170813    0.0109076    0.0447421   -0.0668187
   -0.228354    0.0383701   -0.0808864     0.130958