   0.0207422    0.0385166    0.0864075    0.0601764
  -0.0472541    0.0134108    0.0461956   0.00457664
   0.0387751    0.0545012   -0.0321823    0.0419788
 -0.00303556   -0.0333688    0.0175145    0.0359427
  -0.0267554   0.00472609    -0.109447    0.0239339
  -0.0978424    0.0265249    0.0547549    0.0414432
  -0.0633391    0.0504571    0.0602771      0.05208
  -0.0420158  -0.00564475    0.0980686   -0.0599096
   0.0579591    0.0203229   -0.0366745  -0.00168186
   0.0587464   0.00396238    0.0223461  -0.00309895
   0.0260811    0.0146007    0.0157601   -0.0242457
    0.013592   -0.0303587      0.10968    0.0295418
-0.000276604    -0.066833   -0.0633877   0.00575305
   0.0388433    0.0709369    -0.240161   -0.0215143
  -0.0468595   0.00658347   -0.0663379    0.0386694
   -0.100164    -0.109512   -0.0102452    0.0522646
  -0.0748479  -0.00404917   -0.0208198   0.00762605
  -0.0837742    -0.133779   -0.0197667    0.0549886
  -0.0211147   -0.0913494   -0.0603213    0.0273577
   0.0324512    0.0340886   -0.0279424  -0.00851123
  -0.0102354    0.0505437   -0.0236849   -0.0247615
  -0.0161102  -0.00498381   0.00769086    0.0539104
  -0.0202594    0.0272204    0.0818625    0.0599805
   0.0149788     0.137744    0.0198756   -0.0157979
  -0.0333778    0.0673439     0.184529    0.0444438
  0.00796966   -0.0323058   -0.0418672    0.0419558
     0.07991    0.0210199    -0.144525   -0.0222015
  -0.0614868    -0.103963    0.0414593    0.0221086
   0.0150725  -0.00397111    -0.115628    -0.041145
  -0.0976492   -0.0248084     0.039383  -0.00449191
   0.0274707   -0.0216187     -0.10568    -0.021715
  -0.0805807   -0.0303231    0.0501252    0.0253354
   0.0235056   -0.0857831   -0.0667406   -0.0185379
  0.00626055    0.0412107    0.0339248    -0.045152
  -0.0575494   -0.0457391     0.065498    -0.058528
  0.00502973    -0.124148   -0.0264178    0.0076031
   0.0301549   0.00912455    0.0987083   -0.0379171
   0.0652941   0.00505038   0.00632549    0.0207562
  -0.0156243   -0.0198175    -0.185143  -0.00815555
   -0.059527    0.0438225    0.0685478    0.0395032
   0.0041827   -0.0545152   -0.0894755  -0.00683964
   0.0231703    -0.109734   -0.0908987    0.0470774
  -0.0232678    0.0385474    0.0559123   -0.0145585
   0.0754298    0.0494375    -0.055386    0.0340691
  -0.0581872     0.112526 -0.000209588   -0.0406574
  -0.0239276    0.0480604   -0.0749871     0.106035
  -0.0485413   -0.0165796    0.0864737    0.0899319
   0.0563074     0.104477    -0.169644    0.0192841
   0.0461978   0.00684917    -0.119275    -0.024942
  -0.0942265    0.0506893    0.0230669   -0.0247395
   0.0261477    0.0875409     0.106313   -0.0251352
   0.0790235     0.109375    0.0278542    0.0534231
   0.0442332   -0.0373299    0.0695679   -0.0441082
   0.0103847    0.0146759   -0.0554462   -0.0222944
  0.00786571    0.0977889   -0.0459057   0.00658281
  -0.0754933    -0.010227    0.0599713   -0.0492437
  -0.0759512    -0.086446    -0.033476     0.115321
  -0.0336409  -0.00996568    0.0492185  -0.00748573
   0.0615964    0.0677356   -0.0368129   -0.0144197
  -0.0215493    0.0833595    -0.057492    0.0665037
   0.0608441   -0.0310694   -0.0561787   -0.0114356
  -0.0398974  0.000379252   -0.0657781     0.046855
  -0.0335989    0.0155342    0.0269136    0.0863991
    0.107057    0.0604015   -0.0654422   -0.0343182
  -0.0349004     0.041782    0.0393875    0.0582219
  -0.0741204      0.11227   0.00267592   -0.0372849
   0.0517492  -0.00890473  -0.00359944    0.0399672
  -0.0190233   -0.0307553    -0.034208   -0.0467546
  -0.0982479     0.128171     0.030791    0.0927349
   0.0370982    0.0865983    0.0225148  -0.00921017
   0.0614763      0.10837   -0.0924915    0.0234299
   0.0440335    -0.144028    0.0597902    0.0754728
   0.0184842    0.0504483   -0.0783864    0.0543681
  -0.0880456    0.0635606    0.0567252   -0.0319221
   -0.030052    0.0416374    0.0761557    0.0374428
   0.0130666     0.132365    -0.105006  -0.00134551
   0.0416063     0.121081    0.0234008   -0.0758033
-0.000652433    0.0792409    -0.045542    0.0228317
   0.0658676     0.119737   -0.0735461   -0.0640675
  -0.0448405    0.0674027     0.146065    0.0482469
  -0.0212498    0.0473851   -0.0461755    0.0337465
 -0.00654924    0.0545743   -0.0181265    0.0409666
  -0.0374471   -0.0408282    0.0256285    0.0820051
  -0.0837471     0.098447     0.110939     0.017475
   -0.031366   -0.0492051   -0.0573906    0.0415948
    0.104931    0.0147645    -0.119038   -0.0356567
  -0.0848001    0.0611886    0.0766898    -0.027619
  -0.0396774   -0.0113927    0.0489809    0.0476084
     0.10229     0.156449    0.0520544   -0.0651746
   0.0319979   -0.0299781    0.0516439    0.0634195
   0.0166527  -0.00304774     0.116401  -0.00708486
  0.00679795   -0.0752087   -0.0426152    0.0403976
   0.0564654    0.0419924    -0.010314    0.0343666
  -0.0162269     0.109276   0.00983943   -0.0149273
  0.00529929   -0.0175959   -0.0444802  -0.00651492
   0.0506932     0.078581   -0.0199587   -0.0481702
   0.0286577    0.0548394    -0.024515   -0.0105603
  -0.0424563     0.187153     0.109634    0.0553593
   0.0424892   -0.0294968   -0.0785508    0.0325609
    0.110473  -0.00514091    -0.100427    -0.111281
  -0.0576747   -0.0224043   -0.0987324   -0.0379271
   0.0258499   -0.0215009    -0.185618   -0.0313986
   0.0161785   -0.0605429   -0.0946496    0.0652807
   0.0614581   -0.0480971    -0.176087    0.0210498
  -0.0559253      0.06973    0.0485014   -0.0200013
  -0.0177839    0.0206546     0.090569   -0.0174176
 -0.00869946     0.127594   0.00495575   0.00767877
   0.0232422     0.102255    0.0589737   -0.0320663
  -0.0568694   0.00509727   -0.0510553  -0.00723088
  -0.0270022    0.0257722   0.00815403   -0.0245351
  0.00671464    0.0549248    0.0195519    0.0512552
  0.00379835     -0.04683   -0.0193564   0.00546295
    0.127391    0.0684573    -0.268234    0.0664401
   0.0703229  -0.00849753  -0.00649933    0.0286643
   0.0661859      0.01399   -0.0536034    0.0282256
  -0.0100223   -0.0728346   -0.0522612   -0.0276649
  -0.0302794    0.0241776    -0.112309   -0.0698551
  -0.0290863     0.106049   -0.0600566    0.0373707
  -0.0301421     0.111483    0.0195781    0.0835556
 -0.00134767     0.101775   -0.0584144  -0.00982561
  -0.0455454   0.00257838    0.0761651    0.0279033
  -0.0743955    0.0341682    0.0727102    0.0970569
   0.0390084    0.0350869    0.0861483   -0.0406277
  -0.0392323   -0.0167618    0.0403543    0.0840717
   0.0690292   -0.0555253    -0.175383   -0.0182847
  -0.0445506   0.00382069     0.043855    0.0191855
  -0.0166832     0.110041   0.00485424    0.0140763
  -0.0233695     0.135332   -0.0106002   -0.0200063
   0.0108114    0.0935458    0.0816937    0.0121457
  -0.0214718     0.118309    0.0428114    0.0538282
  -0.0865972    0.0974062   -0.0534256    0.0323079
    0.004591    -0.161872    0.0883367    0.0291544
  -0.0251012   -0.0347098    0.0804269    0.0917754
   0.0542406     0.149778   -0.0497715    0.0136308
 -0.00791059    0.0611227  -0.00228141   -0.0323032
  -0.0697758    -0.149854   -0.0648782    0.0459877
  -0.0135386   -0.0361329   -0.0154973    0.0644992
    0.007875  -0.00447666   -0.0762887   -0.0229323
  0.00913707   -0.0443734    0.0074181     0.010927
  -0.0611417    0.0740214     0.027576     0.042106
   0.0575987    0.0696234   -0.0848017    0.0243811
   -0.189066    0.0578478     0.005327    0.0660607
   0.0476371  -0.00336816   -0.0733261   0.00943861
   0.0153305   -0.0138571    0.0886307    0.0388246
  0.00286779   -0.0765007     0.117762   -0.0185244
    -0.10205  -0.00913459    0.0400258    0.0735839
   0.0328929    0.0423369   -0.0035084    0.0306855
   -0.102557   -0.0723089     0.120057    0.0778196
  -0.0517719    -0.146246    0.0693861    0.0323582
  -0.0509646    0.0773273    0.0475574   -0.0502234
  -0.0155854    0.0107084     0.107451  -0.00613025
  0.00438928   -0.0449068   -0.0905193    0.0248823
  -0.0185894   0.00753153   -0.0424638   -0.0793312
  0.00168219   -0.0602748    0.0687165  -0.00554104
  -0.0097362    0.0295432    0.0441111    0.0513391
   -0.146452    0.0524193     0.198447    0.0121286
   0.0944478    0.0752635   -0.0563256    0.0362856
   0.0970789   -0.0300943     -0.10532   -0.0460106
   -0.024169   -0.0678786   -0.0213767    0.0897906
    0.054117   -0.0831972   -0.0745684    0.0102493
   -0.130263   -0.0118044    0.0481961    0.0648979
  -0.0697527    0.0612701    0.0713751     0.060572
   0.0373718     -0.02943   -0.0620947    -0.019032
  0.00900559   -0.0186906    0.0768066    0.0280002
   -0.103817    0.0727101    0.0476908   -0.0198482
  -0.0412141   -0.0305286    0.0581115    0.0823556
      0.1051   -0.0419531     -0.23733    0.0702265
   -0.108919     0.109901     0.265572     0.021388
   0.0431665   -0.0585707   -0.0541557   -0.0801933
  -0.0257802 -0.000682772    0.0720956    -0.011005
    0.015208   -0.0138191   -0.0885997    0.0438383
  -0.0259509   -0.0156009   -0.0525269    0.0661423
  -0.0757303    -0.129744    0.0199651    0.0465256
  -0.0341891    -0.174636    0.0261623    0.0218276
   -0.066072    0.0115558    0.0219458    0.0396422
   0.0137005  -0.00750465    -0.109941   -0.0678224
   -0.069262   -0.0218201    0.0362237  -0.00790612
  -0.0318276     0.058446   -0.0760275    0.0575545
   0.0330154     0.065929   -0.0244335    -0.012293
  -0.0118908   -0.0388698   -0.0249958    0.0445256
  -0.0129889    0.0779145   -0.0152699   -0.0288602
  -0.0297765    0.0254906     0.120202    0.0182322
   0.0295635  -0.00238762    0.0210988  -0.00619955
   0.0363719    0.0999267    0.0318105    -0.011131
   0.0133582   -0.0153518   -0.0635674    0.0321402
  -0.0666525  -0.00943831   -0.0171501    -0.054076
  -0.0267654    -0.156688    0.0406858    0.0508851
  -0.0593496    0.0901448    0.0514499     0.119444
   -0.071079    -0.122306     0.129799    0.0010819
   -0.101334   -0.0267191    0.0481938    0.0411325
  -0.0156764    0.0345794    0.0579172   -0.0371997
   -0.081501  -0.00278384    0.0310891   -0.0576719
   0.0278505    0.0669721    0.0256981   -0.0851862
  -0.0224042  -0.00954521   -0.0805941    0.0244316
    0.015393    0.0348884   -0.0555794    0.0498882
  -0.0523878    0.0821994     0.223368    0.0408796
   0.0740248   -0.0673189    -0.134011    0.0404722
    0.028678    0.0581582   -0.0652966    0.0533599
  -0.0143143   -0.0380526   0.00211518    0.0626966
  -0.0385143     0.055834    0.0489982    0.0424493
 -0.00955729    0.0773935    0.0439778   -0.0314796
   -0.043716   -0.0132384    0.0693156   -0.0167581
  -0.0148215    0.0850723     0.139116    0.0907383
   0.0175711    -0.110368   -0.0697582    0.0659463
   0.0752443      -0.0981   -0.0768704   0.00403497
   0.0250902    0.0165111    0.0623012   0.00371258
  -0.0333316   -0.0247674   -0.0546927     0.052676
   0.0057778    0.0327628    0.0105719    0.0379415
-0.000902019  -0.00463752   -0.0531938   -0.0610769
    0.080703    0.0161099   -0.0296221   -0.0644583
   0.0445636    0.0760485     0.016912   -0.0431681
  -0.0264639     0.103501   -0.0890259   -0.0537576
  -0.0557939  -0.00760321   0.00511863   0.00272881
  -0.0995484   -0.0131508     0.178783    0.0813752
   0.0652743    0.0267316   -0.0196729   -0.0465006
   0.0458463    0.0823217     -0.14164    0.0448024
  0.00860756    -0.068145    0.0592758    0.0174982
  0.00923411    0.0133115    0.0092843    0.0227052
  -0.0188878    0.0769691   -0.0612291     0.053984
   0.0317989   -0.0129508    0.0643157      0.03051
  -0.0822646     0.081164    0.0380049    0.0426387
   0.0528089    0.0163612    -0.173902   -0.0392844
   -0.130564   -0.0150604  -0.00590762     0.102819
  -0.0524258    0.0880585   -0.0490326     0.076982
  -0.0423441    0.0438258     0.001077     0.024855
   0.0242478   -0.0627146    0.0118482    0.0812797
   0.0538248    0.0620919   -0.0370879   -0.0241636
   0.0273687    0.0992965     0.018401    0.0418639
  -0.0566903     0.100997  -0.00937492   -0.0135031
  -0.0223761    0.0707592    -0.100014    0.0864356
  -0.0444546     0.068193    0.0514291  -0.00628725
  -0.0612433   -0.0160519    0.0494869    0.0842214
   0.0638297    -0.053135    -0.111965   -0.0560387
   0.0232855    0.0772341    0.0725061   -0.0506709
 -0.00552865    0.0351501    0.0613386    -0.026006
  -0.0572242     0.100934    0.0863348    0.0815663
   0.0149946   -0.0342075    -0.140448  -0.00646957
   0.0592055    0.0418551   -0.0487022   -0.0525802
  -0.0594364    0.0220165   -0.0628221    0.0425188
   -0.119658     0.096394    0.0686182    0.0153883
  -0.0491325    0.0601471     0.102492    0.0731523
   0.0239866    0.0477669   -0.0585782   -0.0457934
   -0.106887   -0.0802592    0.0778711    0.0247822
   0.0385317  -0.00972934   -0.0696753    0.0241942
-0.000912028    0.0154915    -0.128329    0.0304365
  -0.0815969    0.0537813 -0.000440621    0.0269834
  -0.0254032    0.0869455    0.0834897    0.0463607
  -0.0440518   -0.0432922    -0.082015   -0.0368339
   0.0846822    0.0500113   -0.0128012     0.103475
   0.0571139   -0.0103717    -0.101934   -0.0305585
  -0.0643083    0.0670206   -0.0174455   -0.0157085
   0.0164613    0.0380855    0.0471302    0.0696807
   0.0236973   -0.0146303   -0.0621526    0.0385551
  -0.0336727    -0.030328    0.0253624    -0.117097
  -0.0193058     0.026025    0.0470334     0.022296
   0.0357685     0.096638   -0.0814622   -0.0292017
-0.000357977    -0.128769     0.059266     0.117181
   -0.141086   -0.0204971     0.112245     0.181104
  -0.0291321    0.0204104   -0.0182493  -0.00245132
   0.0084031    0.0278224   -0.0307145   -0.0114147
   0.0968401    0.0596268   -0.0476879  -0.00526696
   0.0469603    0.0466684  5.46069e-05   0.00376624
  0.00652863    0.0280269    -0.034737   -0.0432086
  -0.0817811  -0.00496086    0.0892278     0.087647
  -0.0129389     0.015205    0.0272176    0.0789271
   -0.119079     0.020941     0.132712     0.128916
   0.0505078     0.104371    -0.112015   -0.0193295
  -0.0122649     0.052058     0.147445      0.12114
   0.0500683   0.00198173   -0.0531868    0.0608066
  -0.0354782    0.0142493   -0.0568511  -0.00280331
   0.0329718   -0.0311382   -0.0305623   -0.0371096
   0.0274468   -0.0345313    -0.119255   -0.0191015
 -0.00292753   -0.0237838    0.0713925    0.0170007
   0.0846938    0.0753899    0.0432853    0.0257292
  -0.0369887    0.0833706     -0.11934    0.0401108
  -0.0856668   -0.0100451    0.0321238   -0.0211888
  -0.0524627   -0.0046917    0.0769001     0.110941
  -0.0225391  -0.00697951   -0.0237614  -0.00488827
   0.0357238    0.0303532   -0.0953507   -0.0359538
   0.0483228    0.0150019    -0.109353    0.0388709
   0.0300753    0.0213207    -0.119311   -0.0148008
  -0.0923164   -0.0162489    0.0450322    0.0457911
 0.000386622    0.0394614    0.0313826   0.00451642
   0.0530825      0.05052     0.034475   -0.0212236
  -0.0306038    0.0119368    0.0431375    0.0868884
  -0.0516521   -0.0033577    0.0835694   -0.0331641
  -0.0530377   -0.0199343    0.0774084   -0.0468619
  -0.0509809   -0.0276823     0.095178    0.0312843
  -0.0730846    0.0372589    0.0912515   -0.0140552
   0.0532575     0.050157   -0.0296117    -0.021042
   0.0629408    0.0163581   -0.0187514   -0.0198987
   0.0599184     0.109943   -0.0594793   -0.0675689
   0.0176059  -0.00820026    0.0289015   -0.0044318
  -0.0764943   -0.0646332     0.120449    0.0407438
   0.0152152    0.0358002   -0.0286034    0.0923003
   0.0592611     0.090563     -0.25349    -0.086174
  -0.0319707    0.0409045    0.0914195    0.0763537
  -0.0449928   -0.0349226    0.0295755    0.0130241
   0.0663621    0.0497756    -0.105095   -0.0614366
    -0.08811   -0.0213738    0.0527229    0.0572486
   0.0756007    0.0373637    -0.146357    0.0447054
   0.0401348    0.0917229    0.0256363   -0.0142512
   -0.113263   -0.0435105     0.246547    0.0265583
  -0.0156107    -0.109849   0.00416527    -0.039103
   0.0172323    0.0931067    0.0847496    0.0473745
   0.0500831    0.0253463   -0.0405505   -0.0483434
   0.0361003    0.0655373    0.0645271   -0.0131528
 -0.00215737    0.0352715    0.0780854    0.0557973
   0.0465944   -0.0476836   -0.0142873   -0.0492478
   0.0416061   0.00470207    0.0602204    0.0684672
   0.0168976      0.02942   -0.0238148     -0.05323
   0.0181151   0.00802994    0.0460243     0.079671
  -0.0796252    0.0320392   -0.0395301    0.0271301
  -0.0369424   -0.0293997    0.0831993    0.0645826
  -0.0141635    0.0402284    0.0323218      0.10601
   0.0599109 -0.000731384   -0.0909566    0.0754387
  -0.0691311    0.0141489    0.0521523   -0.0265443
  -0.0749713    0.0845239    0.0483479   0.00165289
 -0.00298865    0.0508896    0.0252105    0.0621544
   0.0020031    0.0133552   -0.0465752    -0.031741
  -0.0280757   -0.0606539  -0.00283737    0.0595248
   0.0238604     0.113026    -0.107692  -0.00646063
  -0.0174691     0.107104     0.126969    -0.052342
  -0.0254005    -0.106772     0.115329   -0.0398789
    0.102397    0.0978974    0.0536255   -0.0247943
   0.0798067   -0.0407674   -0.0894028   -0.0152126
  -0.0118192    0.0158102   -0.0208946    0.0366961
   -0.157379    0.0366906     0.114503    0.0867338
  -0.0831547   -0.0291173    0.0601262     0.113966
  0.00412417     0.058642   -0.0665048    0.0422092
   0.0283751   -0.0241768    0.0647215   0.00368042
   0.0491336  -0.00624084    -0.139231    0.0143301
  -0.0310675   -0.0871761    -0.015186   -0.0514506
 -0.00996902    0.0865584   -0.0421651   -0.0112157
  -0.0484349   -0.0452854     0.110597     0.100164
  -0.0382439   0.00278349     0.112262   -0.0351667
  -0.0882873   -0.0724844   -0.0987944    0.0007831
   0.0530235    0.0549689   -0.0985197   -0.0235167
  -0.0504406    0.0180577    0.0812949    0.0813085
  -0.0300951     0.120929    0.0929534     0.078664
   -0.047954    0.0765845   -0.0149142  -0.00796833
   0.0109268    0.0641073    0.0265423   0.00489731
   -0.021446  -0.00981407   -0.0393458    0.0213029
   0.0175841    -0.160569   -0.0558492   -0.0269925
   0.0173993    0.0383948     0.167759    0.0185741
  -0.0370438   -0.0536383  -0.00178312    0.0093852
  -0.0231392    0.0639805   0.00245439   -0.0377021
    0.016262      0.04134   -0.0360841  -0.00488518
 -0.00917135   -0.0109532    0.0460314    0.0327481
   0.0590378    0.0109157    -0.182704   -0.0122315
   0.0173656     0.041229    0.0768435    0.0780811
    0.031747    0.0734179    0.0120086  -0.00827824
  -0.0126459   -0.0641053    0.0303195    0.0393497
  -0.0683767   0.00501766    0.0386957  -0.00350213
  -0.0290821   -0.0433546    -0.051488   -0.0171103
  -0.0196104  0.000851975   -0.0053586    0.0532077
  -0.0268075    -0.062326   -0.0986616   -0.0281667
   0.0397372   -0.0652696   -0.0106738    0.0557969
  -0.0295742     0.113544     0.110701    0.0186968
  -0.0218844  -0.00127447    0.0365154    0.0529555
 -0.00241521    0.0792291    -0.127849    0.0157343
   0.0274194   -0.0422448   -0.0862733    0.0318564
   0.0562669    -0.021797    -0.137217    0.0407618
  -0.0178569    0.0931534  -0.00247036    0.0853168
  -0.0212065    0.0168578   -0.0228081    0.0482199
   -0.061291    0.0483006   0.00969751    0.0944733
  -0.0312597    0.0712417    0.0574426    0.0854961
   0.0869324     0.119824   -0.0282416   0.00640556
   0.0645307   -0.0242319    0.0111793   -0.0748505
  -0.0511008    0.0187251     0.146908    0.0802896
-0.000554901     0.163443    -0.103326   -0.0397258
   -0.050345    0.0158663   -0.0572164    0.0445606
   0.0185694    -0.011872    -0.070777   -0.0696708
 0.000832764   -0.0561933  -0.00211485    0.0599334
   -0.013292     0.105844    0.0453773   -0.0157288
  -0.0400517    0.0282993    0.0317098  -0.00948458
   0.0408165   0.00315259    -0.169651   -0.0217923
   0.0795426   -0.0974404     -0.20506   -0.0826986
   0.0266165    0.0473089    0.0267024    0.0433524
   0.0673235    -0.031483   -0.0243099    -0.050126
  -0.0490813   0.00522543     0.135075    0.0492992
 -0.00920369   -0.0184001    -0.100053    0.0322057
   0.0432896     0.161257    0.0509627    0.0450313
  -0.0772875   0.00996976     0.132693    0.0298195
   0.0236929   -0.0604318   -0.0576815   -0.0696829
   0.0218586    0.0723594    0.0413803     0.113281
   0.0298132     0.027476    0.0307997   -0.0293407
  -0.0841251  -0.00133854    0.0973274      0.13827
  0.00666427    0.0320236    0.0698405    0.0644457
   0.0550486    0.0735097   -0.0851557   0.00703467
  -0.0549023    0.0949203 -0.000696087    0.0132546
  -0.0714819   0.00386567  -0.00568472    -0.012655
   0.0487903  -0.00786358  -0.00162782     0.095705
    0.168189     0.105536   -0.0792863   -0.0481255
  -0.0210924    -0.203393     -0.12846    0.0430143
    0.015488     0.015917   -0.0142233    0.0530551
  -0.0398997   0.00414392    0.0265004  -0.00363822
  -0.0336125   -0.0325862    -0.143761    -0.047646
  -0.0525072   -0.0544622    0.0284148    0.0208331
   0.0453044    0.0395061   -0.0122821    0.0230489
   0.0319647    0.0996265    -0.024851    0.0581352
  -0.0543858   -0.0166457     0.140641    0.0609478
   -0.102642     0.092798    0.0993483   0.00498787
  -0.0167799     0.144882    0.0478444   -0.0565425
   0.0140065   -0.0353657    -0.112941    0.0180187
  0.00371008    -0.095491   -0.0351999   -0.0226894
   0.0435682    0.0738533   -0.0424462    0.0292403
   0.0562794   -0.0252084    0.0713087   -0.0590988
  -0.0691163     -0.12015    0.0869731   -0.0368514
   -0.026853     0.101352    0.0206281   -0.0368265
   0.0338055    0.0550602   -0.0204234  0.000435994
   0.0492723    0.0458177    -0.020364    0.0465712
  -0.0238778    0.0233918    0.0660034   -0.0261289
  -0.0667796     -0.07522     0.082317    0.0816912
   -0.097458   -0.0423398     0.134299    0.0497119
   0.0372891     0.147568   -0.0389577   -0.0250621
   -0.104698   -0.0290751   -0.0106194    0.0224646
 0.000619189   -0.0517135     0.111846     0.033853
  -0.0575569   -0.0662332   -0.0854666   0.00546094
   0.0745232    0.0824363    0.0175949   -0.0327742
  0.00721879      0.05964   -0.0216151    0.0775825
  0.00311463    0.0148288   -0.0197499    0.0683098
  -0.0588297    0.0527303    0.0108724    0.0368205
  -0.0378779   -0.0289644    0.0546426    0.0805617
   0.0444848    0.0942007    0.0163336   -0.0147462
   0.0520932    0.0472869    0.0646106    0.0203349
    0.139531  -0.00726054   -0.0501374    0.0237335
   -0.105267    -0.105554    0.0241739    0.0300277
  -0.0751234     0.238177     -0.13504    -0.011038
  -0.0583375    0.0575509    0.0783585   -0.0053517
  -0.0918298     0.142631     0.107997    0.0342096
   0.0670607    0.0144699   -0.0752645   -0.0396356
   0.0434788      0.12728    0.0401206    0.0349732
   0.0312687   -0.0628798   -0.0360099   -0.0262369
  -0.0542876    0.0776555     0.153981    0.0108691
   0.0429077    0.0873796    -0.027808   -0.0113474
   0.0150176    0.0951458      0.12953   -0.0497248
   0.0570548    0.0525282    -0.079191  -0.00237437
  -0.0176654   -0.0312452    -0.119603 -0.000797613
   -0.021001    0.0078111    0.0921145    0.0203462
   -0.015267   -0.0503435   -0.0920669    0.0366911
   0.0170714   -0.0726723     0.011237    0.0491885
   0.0196558   0.00194197    0.0773091   -0.0100902
   -0.104661   -0.0222108    0.0169417   -0.0342914
   -0.046656    0.0485666   0.00302546  -0.00806312
   0.0809049     0.128308  -0.00751998   -0.0188828
   -0.117185   -0.0877428    0.0943991    0.0180497
  -0.0200585    0.0794706   -0.0784565    0.0480013
  -0.0272641   -0.0858342     0.124209     0.052832
   -0.100979  -0.00760599     0.120231  -0.00549244
    0.116011      0.02294    -0.065219   -0.0539928
   0.0376507    -0.030017   -0.0503964     0.100502
  0.00198945   -0.0242453   -0.0245167   -0.0417177
   -0.107689     -0.14445    0.0280721    0.0919012
  -0.0425713    0.0649048     0.088722    0.0441696
  -0.0541685      0.11816  -0.00733749     0.067163
   -0.101283    0.0875855    0.0794381     0.080518
   0.0200092    0.0857445    0.0260602   -0.0212423
   -0.127605   -0.0644886     0.172235      0.15844
     -0.1004     0.133593      0.11657    0.0767549
  -0.0563692   -0.0478281    0.0131279    0.0277459
   -0.102958    0.0401763     0.116878    0.0933572
  -0.0586402   0.00183384    -0.145576    0.0554395
  -0.0760437   -0.0541283      0.10462    0.0536209
   0.0126115    0.0605492   -0.0282136   -0.0500472
 -0.00206442    0.0236863    0.0174489   -0.0704261
   0.0552935   -0.0861435    -0.120327    0.0611989
  -0.0413961   0.00749593    0.0993877   -0.0203598
  -0.0871722   -0.0411733    0.0501218    0.0535449
   0.0592858      -0.0245   -0.0185262  0.000461766
  -0.0448162    0.0500104   0.00458704    0.0219421
  -0.0514281    0.0883455   0.00256472    0.0735878
   0.0105797     0.102362    0.0277518    0.0914952
  -0.0307944   -0.0108792    0.0664035   0.00674328
 -0.00135658   -0.0136024   -0.0164989    0.0421821
    0.102607    -0.044642   -0.0790521    -0.011678
  -0.0768979    0.0345248    0.0849275    0.0790222
   0.0696695   -0.0226433    0.0196448    0.0680193
   0.0558531     0.232095     -0.14146   -0.0868989
  -0.0306289    0.0185754    0.0787586    0.0758757
   0.0572026  -0.00892509    0.0440929    0.0235041
  -0.0507228    0.0476492   0.00310634   0.00671043
   0.0069385   -0.0105806    0.0397356    0.0137761
   0.0369747   -0.0161411    0.0290806    0.0546503
 -0.00154327    0.0525287    0.0524558    -0.022886
   0.0115844   0.00365351    0.0358248    0.0053868
  -0.0419043    -0.134527    -0.100326   -0.0205831
   -0.072977   -0.0206816     0.100528   -0.0418849
  0.00747598  -0.00830125  -0.00791913     0.014794
  -0.0296777    0.0199368   -0.0216948 -6.43686e-05
  -0.0510235   -0.0418399     0.061667     0.105704
  -0.0697535    -0.160776    0.0826423   -0.0392744
   -0.049727   -0.0462252   -0.0546261  -0.00772775
  -0.0471194   0.00764927     0.143466     0.103257
   0.0143947   -0.0348343   -0.0972892    0.0442168
 -0.00027944    0.0732886    0.0315355  -0.00142263
    -0.06691   0.00806783    0.0686675    0.0319785
  -0.0700934    0.0411522   -0.0685828    0.0462991
  -0.0827961   -0.0262681    0.0526578    0.0456505
  -0.0352737     0.106574   -0.0701438    0.0211869
   -0.151089   -0.0214299    0.0857864    0.0271271
  -0.0115701     0.015158    0.0465742     0.105495
   0.0765385    0.0504632  -0.00535959    0.0284278
  -0.0167121   -0.0373813   -0.0107983   -0.0327106
    0.026806    -0.154406    -0.159968   -0.0224598
   -0.037935    0.0592254    0.0548284    0.0282322
   0.0360621    -0.020187    0.0330962    0.0368378
  -0.0205967    0.0727807    0.0386847   -0.0152784
  -0.0564091    0.0670317    0.0376431    0.0078052
  -0.0072238 -0.000483897    0.0417672    0.0304494
   0.0316883    0.0410768   -0.0339213    0.0909442
     0.12158   0.00590742    0.0928245   -0.0122181