    0.222017    0.0696465     0.047638    0.0396785
    0.016963    -0.159692   0.00637352     0.029082
   0.0165183    0.0219257   -0.0595753   -0.0486157
    0.128128   -0.0263235      0.12407    0.0234832
    0.114056    0.0538925    0.0279367    -0.105446
  -0.0260378    0.0300381   0.00304109     -0.11371
   0.0764396    0.0346594   -0.0373345    0.0400321
   0.0482982  -0.00269114    0.0814717    0.0110664
   0.0041697   -0.0937402   -0.0298145   -0.0394453
   0.0904742   -0.0151571   -0.0564045    0.0590383
   0.0417905    0.0270582    0.0293668   -0.0889381
  -0.0148418    -0.120737     0.117774   -0.0066689
   0.0515076    0.0124628    0.0199522   -0.0280965
  -0.0773628   -0.0987647    -0.050514    -0.112063
   0.0625749    -0.110343    0.0772246    0.0639076
    0.135798    0.0266843    0.0448484   -0.0719667
    0.127533     0.192841    0.0709894    -0.128701
   0.0471882   -0.0978141    0.0784481   -0.0245766
 9.40807e-05    -0.021486    0.0438192    0.0387851
    0.121865   -0.0718807     0.072736   -0.0804732
   0.0790493   -0.0923139    0.0201695     0.109934
   -0.028905    0.0238557    0.0244713   -0.0280471
 -0.00423515     -0.14841    0.0459636    0.0466676
  0.00990983    0.0396847  -0.00441917    0.0334367
  -0.0423221    -0.143685    0.0102789    0.0322423
     0.14226    -0.126571    0.0517053    0.0384417
  -0.0836111    -0.174058    0.0195737     0.071324
   -0.172383    0.0824098   -0.0740928    0.0747906
   -0.102103   0.00280521   -0.0346655   -0.0484305
   0.0212094   -0.0580175     0.067522    0.0122016
  -0.0527812    0.0715734    0.0191851   -0.0630975
  -0.0382235    -0.111492    0.0112688     0.161773
  0.00596408     0.144424    -0.135944    -0.048866
   0.0350611  -0.00355271    0.0611849    -0.101388
   0.0627443    0.0793444    0.0527775    -0.043183
   0.0486092   -0.0038159    0.0792247   -0.0116211
   0.0297443     0.194345   -0.0298545  -0.00341541
    -0.13367    0.0578732    -0.159144     0.001482
   0.0156203    -0.145468    0.0174633     0.066531
   0.0615379   0.00644481    0.0151022    0.0149104
   0.0522717    0.0341175  -0.00316184   -0.0248285
  -0.0609098     0.158902   -0.0960926   -0.0559279
   0.0252103    -0.148426    0.0614871   0.00108386
   -0.026092   0.00574369   -0.0134817   -0.0494533
   0.0365361   -0.0662544   -0.0111209   -0.0363724
    0.113305   -0.0186365     0.113426   -0.0744187
   -0.131319   -0.0909208   -0.0947855    0.0345995
    0.125313    -0.181533    0.0638312   0.00692665
   0.0494568    -0.121157    0.0598817     0.127574
  0.00857726   -0.0221687     0.033606   -0.0638533
   0.0581095    0.0415107   -0.0240327    0.0167951
    0.219916   -0.0129993    0.0742817     0.115243
  -0.0109432    0.0431379     0.105308    0.0798783
   0.0313424    0.0746703   0.00294774   -0.0396755
   0.0673461    -0.113712    0.0349092  -0.00260475
    0.115379    -0.114113    0.0375701    0.0107123
  -0.0957542    0.0593411   -0.0725623   -0.0626395
  -0.0646015   -0.0631332    0.0373683    0.0108306
   0.0533353    0.0164139   -0.0680811   -0.0250071
  -0.0276046   -0.0650308    0.0632013     0.053034
  -0.0429106   -0.0480458    0.0356068   -0.0711025
   0.0170689    -0.185995    0.0410823     0.111215
 -0.00362692   -0.0129985     0.030574    -0.170219
  -0.0326789   0.00388548  -0.00134306   -0.0608634
  -0.0904858    0.0375385     -0.12364  -0.00133901
    -0.02465    0.0308907  -0.00715252     0.167499
   0.0603635   0.00948477  0.000505974     0.110795
   0.0515652  -0.00638851    0.0299592   -0.0602084
 0.000209598   -0.0648647    0.0149178    -0.076554
    0.115023   -0.0464338  -0.00457074    0.0261382
   -0.129899    0.0846776    -0.140154     -0.13821
   0.0911574   -0.0255386     0.138438  -0.00343733
   -0.108008    0.0208726   -0.0626944    0.0752063
     0.13422   -0.0585202    0.0926266   -0.0379301
   -0.034106    -0.110022  -0.00948115    0.0569282
   0.0618116    0.0770015    0.0102225    0.0291338
  -0.0232894    -0.135767     0.078744    0.0988286
   0.0365092   -0.0369543   -0.0282673   -0.0663568
   0.0210779     -0.16288    0.0466005    0.0889453
   0.0990834   -0.0141444   -0.0295249    -0.174843
   0.0160064   -0.0283847   -0.0281002   -0.0142158
  -0.0368489   0.00785444    0.0468335   -0.0741888
    0.268214   -0.0466132     0.139353    0.0338777
  -0.0162401    -0.134049    0.0475412   -0.0888348
 0.000334666    0.0807036    -0.071244    -0.120676
  -0.0902427    0.0401004   -0.0502536   -0.0167501
   0.0404584   -0.0873835    0.0285076    0.0257497
   0.0550847    0.0275911    0.0789844    0.0682508
   0.0111297   -0.0223772   -0.0669886   0.00156126
   0.0715111     0.034856     0.124268   -0.0116634
   -0.018974   -0.0466835    0.0134672    0.0733576
   -0.232221    -0.127413   -0.0335525   0.00650685
 0.000130998   -0.0250423   -0.0206204    -0.162867
   0.0306632    0.0873171    0.0254905   -0.0276609
 -0.00432748    -0.127612    0.0914239    0.0151054
   -0.171913   -0.0406682    -0.125238  -0.00217675
    0.148109  0.000223439      0.10175    0.0484124
   0.0419031   -0.0177896    -0.115909    0.0146135
   0.0014451     0.115473   -0.0499023   -0.0442119
  -0.0304922   -0.0235981   -0.0266713  -0.00179421
  -0.0617287     0.131591   -0.0904117    -0.175198
    0.116994     0.178744   -0.0703308    -0.239777
   0.0615583     0.149701     0.063395   -0.0230548
  -0.0231315   -0.0967397    0.0749851   -0.0234495
   0.0603304    -0.051362   -0.0357593    0.0903119
-0.000660681      0.02483    0.0137985    0.0292231
    0.124673   -0.0295936    0.0403395  0.000355627
   0.0893073    0.0755602  -0.00920123    -0.165517
     0.18149   -0.0794379     0.068699    0.0219441
   0.0914716    -0.197376    0.0687097    0.0294423
    0.025279    -0.082062    0.0603929   -0.0108221
    0.114718    -0.036403    -0.013597   -0.0734142
   0.0799715   -0.0622099    0.0102718   -0.0242567
    0.104384   -0.0849077    0.0831502     0.162306
   0.0427699   -0.0791003   -0.0127129    0.0674205
   0.0256522   -0.0204454    0.0123755     0.110163
  -0.0175499    0.0751208   -0.0214586   -0.0996203
 0.000904027   -0.0612163    0.0571091   -0.0333213
   0.0949328     -0.01842    0.0493382   0.00618785
  0.00716081    0.0477007    -0.143349   0.00533964
   0.0149583   0.00359511   -0.0402527    0.0200621
    0.067583   -0.0618165   -0.0190354    0.0293081
  0.00290706    -0.065459    0.0142819     0.148327
    0.130441    -0.105206    0.0491713  -0.00560287
   -0.214486   -0.0845991   -0.0786158    0.0870118
  -0.0124881   0.00611399   -0.0032159    -0.112056
  -0.0345958     0.112828 -0.000464295   -0.0403525
 -0.00895906   -0.0977995  -0.00139568   -0.0603438
   0.0802422    0.0516377    0.0057361   -0.0840544
   0.0374218     0.307758   -0.0857983   -0.0690054
   0.0505444    -0.108752    0.0972891   -0.0343259
    0.114533   -0.0328322     0.056396   -0.0666729
    0.108729  -0.00899593    0.0215779    -0.131662
  -0.0670394    -0.057073   0.00692144    0.0094937
    0.238621    0.0282447    0.0433058    0.0441149
   -0.316457    -0.151006    -0.124704    0.0759806
   0.0141774   -0.0102332    0.0569951     -0.11346
  0.00190172   -0.0521175    0.0555047    0.0346763
  -0.0734579    -0.116628    -0.065796     0.132025
    0.128463  -0.00772261   -0.0333035     0.108879
   0.0438997    -0.130135    0.0753478   -0.0152745
    0.149368     0.044212    0.0633481   -0.0503762
   0.0190503     0.199734    -0.110983   -0.0590941
    -0.12473   -0.0610525    -0.109973    0.0173857
   -0.127329    -0.172549    0.0613882    0.0294888
   -0.163787  -0.00941782   0.00728764   -0.0288761
  -0.0574843    -0.020583    0.0315973    0.0393485
  -0.0600222   -0.0205979  -0.00589319    -0.108328
   -0.148276   -0.0786469   -0.0749576   -0.0766463
  -0.0744783   0.00941903   0.00336064  -0.00339799
   0.0102288    -0.164198    0.0118099    0.0342617
   0.0587949     0.141751   0.00915427    0.0602568
   0.0266872   -0.0138341  0.000295594   -0.0504306
  -0.0223362   -0.0497221    0.0307368   -0.0367401
   0.0547726    -0.049149    0.0356016    -0.064285
    0.131665   -0.0412281  -0.00297863    0.0131952
    0.114603   -0.0467657    0.0333674    0.0439625
   0.0887403    0.0817629   -0.0377562    -0.171624
    0.112375   -0.0551757      0.11938    -0.114794
   -0.138909   -0.0821806  -0.00841062    -0.165476
  -0.0292509    0.0381494    0.0564191    -0.085107
    0.213943   -0.0187648    0.0364196  -0.00235214
  -0.0508688     0.024286   -0.0667077    0.0703709
  -0.0725043     0.108394    -0.126692   -0.0882212
  -0.0250351    0.0541269   0.00880822    -0.173877
  -0.0481229    0.0565913   -0.0890795   -0.0692263
   0.0330064    0.0440763   0.00200843     0.111168
   0.0652966    -0.111896    0.0604249    0.0686837
   -0.115984    0.0285732   -0.0566563    -0.135729
   0.0613409    0.0986586    0.0117495   -0.0367765
  -0.0607646      0.14809    -0.072868    0.0521478
     0.20265    -0.062394    0.0137437   -0.0614728
    0.165117   -0.0329946    0.0562913    -0.182491
    0.027433    0.0656568   -0.0973003    0.0144221
  -0.0470579   0.00240315   -0.0436422   0.00692909
    0.113186    -0.130416    0.0149505    0.0246156
   0.0167184     0.157536   -0.0743187  -0.00479941
    0.223931   -0.0534108     0.204267    0.0398257
 0.000706236   -0.0735058    0.0313962    0.0470182
   -0.129065    -0.194694     0.128856    -0.035849
     0.11125    -0.108659     0.134849  -0.00186504
   0.0918884   -0.0820068   -0.0142734   -0.0477403
   0.0692373   -0.0278008  -0.00475267    0.0711332
   0.0866057    -0.124759   0.00402912    0.0319205
   0.0149989   -0.0327591    0.0146274    -0.021783
   -0.156951     0.118647    -0.115922   -0.0190569
     0.20176    0.0494535     0.114935  -0.00434762
  0.00242652   -0.0323578  -0.00353707   -0.0644517
    0.114828    0.0714782  -0.00603923    0.0857501
   0.0664011    -0.172495    0.0845416    0.0576103
  -0.0254092    0.0049774    0.0136421    -0.124931
   -0.123616     0.268359    -0.227714     -0.20473
   0.0251586  -0.00951315     0.065061   -0.0960466
     0.12398   -0.0122001  -0.00118824   -0.0304584
    0.198975     0.110446    0.0497203    -0.249397
  -0.0874034     0.113279   -0.0991553   -0.0370909
 -0.00306523   -0.0889014    0.0685356   -0.0413368
  -0.0574277    -0.111471    0.0423968    0.0516962
     0.14596   -0.0357514    0.0429069    0.0119743
   0.0914225    -0.101994     0.174408   -0.0755982
  -0.0607586    -0.107492   -0.0199759   -0.0445658
     0.16153   0.00888836   -0.0200956   -0.0894551
   0.0509335   -0.0968079     0.165126   -0.0252458
   0.0510181     0.111944   -0.0617772   -0.0753124
    0.120382   -0.0506756    0.0258845    -0.116598
   0.0981782   -0.0936004    0.0192578    0.0974103
      0.1036     0.132514    0.0135303   -0.0601441
    0.017782   -0.0690486    0.0644035     0.102055
  -0.0297235     0.105925    -0.105201   -0.0540507
 -0.00817699     0.191982    0.0224571     0.037642
-0.000774888   0.00778365     0.069758    0.0867946
   0.0681683    0.0304126    0.0775241    0.0327215
   0.0601814   -0.0600705  -0.00870054    0.0218434
 -0.00790995    0.0162243    0.0489325   -0.0410866
  -0.0310355     0.100907    -0.018132   -0.0276312
    0.119767    0.0312731    0.0329453    -0.145092
   -0.185286   0.00947697   -0.0620013    0.0375657
    0.214074   -0.0146063     0.103052    0.0434137
    0.098316   -0.0678067  -0.00139216     0.143647
  -0.0281174   -0.0335085  -0.00230318    -0.150054
   0.0484418    -0.097136    0.0529658   -0.0664079
    0.175494     0.126715    0.0193195    -0.043256
  -0.0135961    0.0522511    0.0024365    0.0911423
  -0.0197291    0.0177905    0.0465886    -0.193228
 -0.00476958   0.00997305    0.0346231    0.0882635
  -0.0750239     0.128527   -0.0865815    -0.164919
     0.09913   -0.0323975    0.0836097   -0.0643999
   0.0323121    0.0873113   -0.0337432  0.000576131
  -0.0162462    0.0749093    0.0187889   -0.0809621
  -0.0385832    0.0801402    -0.044409   -0.0203307
  -0.0293403   -0.0122423    -0.029311     0.139471
   0.0721478    0.0339129   -0.0656095   -0.0856125
   0.0133037    0.0451045    0.0512956    0.0757102
   0.0442215   -0.0686394   -0.0141649    0.0521832
   0.0456814  -0.00725789    0.0792383   -0.0096624
  0.00512207    0.0924049    0.0862877   -0.0422169
   0.0293899    -0.105985    0.0328092   -0.0170406
   -0.227101   -0.0466013    -0.135794  -0.00302698
  -0.0363281     0.126507    0.0583818    0.0552841
  -0.0894763     0.125163    -0.103069     0.128227
   0.0954433    0.0582741    0.0549104    -0.118846
   0.0398606   -0.0683931    0.0303822     0.147626
   0.0648971    0.0218491    0.0711346     0.103204
  -0.0390605    0.0111762   0.00111917      0.27662
  -0.0304106   -0.0666951    0.0557756    0.0858845
 -0.00393077   -0.0268473   -0.0414303    0.0864197
    0.113495    -0.146353    0.0358519    -0.091519
   0.0184671    0.0702718    0.0488936    0.0629766
  0.00117233    0.0701685    0.0104771     0.133528
  -0.0259115   -0.0451353    0.0473653     0.146406
   0.0763286     0.092045     0.015816   -0.0921881
  -0.0423627   -0.0419759    0.0474471   -0.0738967
    0.167062   -0.0182216   0.00364168    0.0512892
   0.0290463    0.0925722   -0.0429949   -0.0228535
   0.0711385    0.0575704    0.0130037    0.0373372
  0.00251526    -0.104216   -0.0770134   -0.0709497
   0.0215965   -0.0343613    0.0367731    -0.115184
   0.0657686   -0.0437216   -0.0604803  -0.00195316
   0.0452622    -0.152003    0.0780258    0.0146636
    0.142846    0.0871692   -0.0241853   -0.0480174
   0.0801702   -0.0995712    0.0360945     0.156933
  -0.0413279     0.104422   -0.0540824  -0.00963769
   0.0574887   -0.0209352     0.125542    0.0571895
  -0.0142955    0.0159253    0.0528079  -0.00482588
  0.00654523    -0.118776     0.042779     0.165264
    0.047245     0.193853    -0.142888    -0.153405
  -0.0554655   0.00949806   -0.0369912    0.0251023
   0.0245111     0.172325  0.000369532   -0.0437502
  -0.0186503   0.00650583   -0.0864497   -0.0332394
     0.21303   0.00877815    0.0183611    -0.108616
    0.157651  -0.00092306   -0.0059767   -0.0132856
  -0.0526779   -0.0859474    -0.035133    0.0814087
   -0.186456       0.1033    -0.132335     0.217418
    0.093162     0.102343    0.0176073   -0.0246035
  -0.0260699    -0.117051   -0.0278059   -0.0087474
    0.172987   -0.0156319     0.107472   -0.0472843
    0.020023     0.109808    0.0242429   0.00359149
   0.0615333    0.0401312    0.0593791    0.0955868
  -0.0161131 -7.28206e-05  -0.00909434     0.114475
  -0.0517941    0.0217711   -0.0490568    0.0461199
    0.114158   -0.0760502    0.0101746     0.125842
    0.153119   -0.0992557      0.14979    0.0201347
  -0.0760224   -0.0301001   -0.0575411  -0.00979182
  0.00126301   -0.0423777   -0.0527972  -0.00724411
    0.113606    0.0668058    0.0252005   -0.0168857
   0.0801504  -0.00900442    -0.018668    0.0692803
   0.0755089    0.0168574     0.017926    -0.121413
  -0.0189574    0.0685614    0.0290628    -0.135457
   0.0800777   -0.0906073    0.0344861    0.0395039
   0.0978607   -0.0219692    0.0427958    0.0176782
    0.125859    0.0704409   -0.0331778   -0.0735242
  -0.0105261    0.0389477   -0.0469031   -0.0278847
   0.0379425   -0.0625663   0.00547302    0.0218983
      0.1495     0.146711   -0.0508742     0.038672
  -0.0437529   -0.0355513   -0.0134161   -0.0465112
 -0.00205742    0.0405615    0.0384095    -0.111867
   -0.105512   -0.0142302   -0.0524328   -0.0106877
    0.115725    0.0947994    0.0130142    -0.014977
  -0.0497706    0.0776705   -0.0234594   -0.0333835
    0.194515   0.00959393     0.145015    0.0776906
   0.0477293   -0.0444469    0.0493494    0.0640287
   0.0756911    -0.152928    0.0394037     0.121908
   0.0915374   -0.0630793     0.218622   -0.0242892
   0.0458179     0.146397   -0.0240111   -0.0757286
    0.161203    -0.160044    0.0278896     0.138779
   0.0215465    -0.178007   0.00337208    -0.104103
  -0.0130096    0.0785568    0.0413494    0.0141694
   0.0404573    0.0197516   -0.0321761   -0.0481612
   0.0104982    -0.059193   -0.0276881   0.00724589
   0.0977329    0.0651243    0.0022398     0.107944
   0.0906708    0.0548941    0.0236671    0.0099811
  -0.0813387   -0.0182277   0.00585307    -0.104518
   0.0836656    0.0525201    0.0133767    0.0983388
   0.0218486    0.0953275    0.0140187    0.0736379
     0.06042   -0.0232871    0.0342119   0.00385334
    0.238523    0.0071357     0.106249   -0.0479564
  -0.0064988   -0.0580973    0.0809313  -0.00759066
   0.0598958     0.200166  -0.00852903   -0.0966032
    0.135726   -0.0725788    0.0461917     0.136221
    0.175049     0.133105   -0.0347636   0.00632224
    0.085877    0.0192274    0.0676869  -0.00439076
  -0.0694781      0.11672    -0.031949    -0.035044
    -0.03851    0.0524397   -0.0899372   -0.0545849
    0.046362    0.0937982   -0.0536321   -0.0252889
   0.0894605    -0.143726    0.0969286     0.048195
   0.0503083    -0.104282    0.0990968    0.0959188
   -0.189207    0.0763661   -0.0589896   -0.0455797
   -0.135403   -0.0711115   -0.0372836    0.0576777
   -0.168698   -0.0589199   -0.0538926    0.0370871
   0.0765476    -0.140267     0.093612     0.077364
   0.0477996   -0.0918844    0.0993533    -0.117268
    0.131364    0.0487649   -0.0347292    0.0126127
   -0.155388    0.0531584   -0.0357098   -0.0250652
  -0.0193203    0.0339434   -0.0293418    -0.128403
   -0.192242   0.00473706    -0.101144   -0.0937318
  -0.0542071   -0.0176216   -0.0403835     0.135126
  -0.0163601   0.00255475    0.0113605    -0.060171
   0.0538344    0.0984804   -0.0724026    0.0381247
   0.0170127    -0.098246    0.0703491    0.0201753
   0.0732463 -0.000814922    0.0328779    0.0393006
  -0.0190415    0.0199889    -0.020206    0.0425854
    0.293735    0.0472658    -0.005646   -0.0189248
  -0.0546589    0.0269021    0.0587525    0.0216142
   -0.123651     -0.14942    0.0138149    0.0693017
    0.167628     0.131267   -0.0586978   -0.0889326
    0.023997   -0.0190643    0.0417952    0.0247988
  -0.0183096    0.0654251  -0.00731089   -0.0034663
    0.075354    0.0468784   -0.0112667    0.0478073
   0.0134082    0.0543499     0.123506   -0.0434969
    0.147397   -0.0227357    0.0681608     0.113583
    0.185578   -0.0257876    0.0951582    0.0848868
   0.0422264   -0.0791277    0.0912748    -0.223477
    -0.10134    0.0824481   -0.0690341   -0.0343668
   0.0425265   0.00665854     0.141623   -0.0753334
   -0.141688     0.111597     -0.10829   -0.0776115
 -0.00908482   -0.0606641    0.0875501   -0.0187517
  -0.0212722    -0.135464    0.0195906    0.0532126
    0.169824    -0.179386    0.0605847    0.0785132
   0.0398065   -0.0301582   0.00718482    0.0535947
   0.0617806     0.120319   -0.0167983   -0.0317486
    0.214194   -0.0120906    0.0938705    0.0754046
   -0.253739   0.00677208    -0.116852   -0.0211906
   0.0718449    0.0190993     0.081447   -0.0772591
   0.0911426   0.00930624     0.113853    0.0845866
   0.0944758   -0.0200373   -0.0168628  -0.00640641
  -0.0274492     -0.17622    0.0787376    0.0147016
  -0.0506195    -0.145963    0.0718505    -0.113086
    0.050518      -0.0573   -0.0260492   -0.0200578
    0.103444    0.0496279    0.0344728  -0.00807195
   -0.127762    0.0534353    -0.167283   -0.0995118
   0.0312198     0.217884   -0.0930065   -0.0545484
   0.0441564    0.0251355   -0.0104886     0.063851
    0.230216    0.0203487     0.140861   -0.0137709
  -0.0592705    0.0162459    -0.102981   -0.0451551
   0.0911146     -0.11254     0.163319     0.128923
  -0.0394239   -0.0675422   -0.0731721    0.0379459
    0.104067    0.0836498    -0.037194     0.016174
  0.00690058   -0.0240276    0.0589983    -0.133626
   0.0944469    0.0628073     0.106269   -0.0762879
  -0.0532085    0.0694382    -0.118232   -0.0265362
   0.0759701    -0.174052     0.120164      0.18596
   0.0871082    -0.087635    0.0781525     0.121335
   0.0604302    0.0343707    -0.061005     0.011807
    0.264848    -0.179997     0.284281    0.0434678
   0.0344012    0.0417569    0.0612168    0.0198333
   0.0992579    0.0582565    -0.085404    -0.169627
  -0.0340337   -0.0626825    0.0667295   -0.0638492
  -0.0112347     0.020253     0.030441    -0.107905
   0.0967805     0.152593   -0.0296581     0.100093
    0.036843    0.0246004    0.0787097   -0.0366721
 -8.0068e-05   -0.0094794    0.0110569   0.00394722
   0.0546813   -0.0183533    0.0447853    -0.136932
   0.0880679   -0.0513506    0.0146491   -0.0442391
    0.107417    0.0269454   -0.0215686    -0.108553
 -0.00926675    0.0687191    0.0518651   -0.0354997
   0.0101935   -0.0945379  -0.00884805   -0.0304398
   0.0300195    0.0507429   -0.0221619    -0.105131
   0.0769073   -0.0245191    0.0489851    0.0276186
    0.136454     0.118806   -0.0225928   -0.0746693
    0.125339   -0.0821141   -0.0114823     0.203473
  -0.0515454   -0.0215274 -0.000813823    0.0469161
    0.105202    0.0124696    0.0211864   -0.0279178
    0.165749   -0.0213702    0.0330919    0.0771396
   0.0292171   -0.0425245    0.0770775      0.02513
    0.260011   -0.0215124    0.0990847     0.101863
    0.122824    0.0372998    0.0684615   -0.0548559
   0.0344298   -0.0861758    0.0342466     0.106111
   0.0399619   -0.0201414    0.0192011   -0.0936845
   0.0262491    0.0596556   -0.0777908     0.007854
   0.0769807    0.0496775   -0.0419947  -0.00884323
   0.0559848   -0.0226706   -0.0100685   -0.0333636
    0.152575   -0.0104485   0.00952628    0.0784173
   0.0852747    0.0584954    0.0527417    -0.039698
   0.0415687   0.00925176     0.118953    -0.350232
    0.149371     0.226298   -0.0693899    0.0157655
  -0.0981138   -0.0183179   -0.0307536   -0.0309384
  -0.0132752    -0.155126    0.0835078   -0.0529362
    0.103456   0.00693331      0.15127    0.0622876
    0.129126      0.18829   -0.0135436    0.0749554
   0.0235655   -0.0814605    0.0282748   -0.0175505
   0.0673787    -0.012999   -0.0377032   -0.0110633
  -0.0403253   -0.0568109    0.0569912   -0.0405371
  -0.0284292    -0.173827    0.0942701    0.0782551
   0.0310661   -0.0255365      0.03278    0.0790691
   0.0805015   -0.0127775   -0.0267437   -0.0954929
  -0.0269805     0.074896    -0.101911    -0.146274
    0.163645   -0.0920411     0.159187     0.018668
  -0.0184972    0.0134539   -0.0871269    0.0683223
   0.0299254     0.123404    -0.117866    0.0383377
  -0.0308262    -0.107432    0.0142113   -0.0399455
   0.0506546  -0.00555156    0.0315512    -0.132533
  -0.0173942   -0.0216498   -0.0588178   -0.0343112
   -0.135689     0.144067   -0.0619398   -0.0643684
   0.0611864     0.118779   -0.0332681    0.0298077
   0.0799856    -0.113464    0.0615143   -0.0272382
  -0.0972841   -0.0229488    0.0385868     0.257318
   0.0638415    -0.106903    0.0447687  -0.00468455
   0.0274474    -0.110351    0.0869839    0.0622704
   0.0552263     0.149104    0.0044896      0.05157
   0.0508664   -0.0316739    0.0582587    0.0610595
  -0.0568217   0.00652781   -0.0662229   -0.0826918
   0.0845504   -0.0422634    0.0198855   -0.0782344
   0.0440234    0.0789458    -0.075577   -0.0274429
  -0.0589463     0.137135   -0.0422014     0.012271
   0.0130693     0.042536    0.0860779    -0.129604
   0.0944599    -0.077399     0.012514    0.0521667
   0.0892007    -0.222617     0.171548   -0.0976274
    0.064507    0.0658099    0.0392838    0.0719099
   -0.046622   -0.0991112    0.0187808     0.124733
    0.128413   -0.0224095    0.0775047    0.0789454
    0.203925   -0.0633406     0.104843  -0.00689227
 -0.00123383    0.0279112   -0.0556707    -0.221253
  -0.0502062   -0.0600086   0.00261914  -0.00791172
   -0.159308    -0.164538     -0.03692    0.0998437
   0.0129808     0.245481     -0.24867     -0.17931
    0.152424    -0.089699    0.0614431   -0.0808564
   0.0619464    0.0649687    0.0364534     0.112731
    0.139114   -0.0351479   0.00110824    0.0420555
    0.047256    0.0928495   0.00703917   -0.0358217
  0.00732966   -0.0367282    0.0637244     0.104542
   -0.106247     0.100167   -0.0347082   -0.0200175
    0.309801    0.0296545     0.161631    -0.277139
    0.050107    0.0877291     0.165594    0.0569159
   -0.176606    -0.135574    -0.059995    0.0846189
    0.118609   -0.0612235    0.0717406    0.0917529
    0.112114    0.0280286 -0.000838724   0.00170981
    0.101843    0.0810166     0.026651    -0.145232
    0.015746   -0.0674511    0.0873373    0.0802114
  -0.0800558   -0.0603693   -0.0333316    -0.113433
     0.11015    -0.121769    0.0964001     0.111362
  -0.0622652    0.0358443   -0.0205045     0.004722
    0.150083  -0.00127344    0.0587207   -0.0785428
    0.202399    0.0355094     0.213312      0.01778
   0.0468678  -0.00658458    0.0707154     0.111106
 -0.00462289  -0.00457852    0.0687272    -0.171559
   0.0626337   -0.0458927     0.092077    0.0928467
    0.021777   -0.0931394    0.0232861    0.0157981
    0.033154  -0.00568455     0.034845    0.0765265
   0.0182199    -0.115532    0.0153554  -0.00401002
   0.0717198    -0.116265    0.0808354    -0.023451
 0.000679428   -0.0569401   -0.0533468    -0.107942
   0.0179299   -0.0363035   -0.0144482     0.066873
  -0.0102352   -0.0972312   0.00890133   -0.0090913
    0.088542    0.0696848  -0.00208463    -0.028287
    0.197021   0.00923838       0.1613    0.0458947
    0.210898   -0.0273197     0.120592    0.0670176
  -0.0131242   -0.0671786   -0.0341459    0.0757719
    0.212871    -0.102021    0.0439429   -0.0134279
  -0.0853664    0.0256527    0.0513083     0.123321
   0.0490927    0.0749777   -0.0124008   0.00835324
   0.0725639   -0.0512402   -0.0254503   -0.0615699
   -0.141315   -0.0847749    0.0213896   -0.0426425
   0.0890597   -0.0266488   -0.0499015    0.0232198
  -0.0504745     0.030274    0.0315337   -0.0292417
   -0.125856    0.0229445    -0.074791    -0.124517
 -0.00822614    0.0802065   -0.0886139   -0.0700709
   0.0119976   -0.0904592   -0.0220148   -0.0985148
    0.137414   -0.0156319    0.0342768   -0.0113106
   0.0731566    -0.156131    0.0785265    -0.161143
    0.131545    0.0452515    0.0131125    0.0465305
   0.0503666    0.0436129   -0.0593021    0.0423468
  -0.0262982   -0.0283928   -0.0338943    -0.107054
   -0.159754   -0.0554758   -0.0100346    0.0760726
   0.0942325    0.0484957   -0.0094872    0.0638259
   0.0310723   -0.0472857     0.194945      0.10391
   0.0141336   0.00162932    0.0175055    0.0668701
    0.186449    0.0460932      0.13506   -0.0501165
   0.0476622    0.0218392    0.0186644     0.082495
   0.0488836    0.0679479    0.0246318   -0.0713082
  -0.0717466   -0.0340665    0.0231385    0.0352565
  -0.0783357   -0.0759368    0.0222181   -0.0758025
    0.107037    0.0843131   -0.0989911   -0.0199348