    0.062887    -0.182826   -0.0573076    0.0709267
   0.0226365     0.345091    0.0193995    -0.137102
   -0.062061     0.244114    0.0521063    -0.119432
   0.0366019     0.117378    0.0878336    -0.018468
  -0.0191609    0.0082855    0.0381251    0.0644975
   0.0216448     -0.17963   -0.0518875     0.139065
   0.0197574    -0.428032   -0.0731296    0.0868626
    0.207696     0.248623    0.0355248    -0.111961
  -0.0210955     0.162102    0.0284424   -0.0326898
  -0.0495243     0.148051   -0.0628974   -0.0189795
    0.018181     0.438751     0.129792    -0.122457
   0.0353624    0.0728855    0.0397118   -0.0801163
   0.0205992     0.100053    0.0699304    0.0261838
   0.0234819        0.828     0.215017    -0.299394
   0.0866362    0.0390526    0.0733851   -0.0701288
  -0.0239008    -0.248773   -0.0812165      0.10052
  -0.0161044    -0.270915   -0.0382326    0.0100685
   0.0306114    -0.177727   -0.0573735    0.0495669
 -0.00301469     0.221982     0.128362    -0.152689
 -0.00819529   -0.0350715   -0.0572736    -0.017985
   0.0535104     0.130262    -0.037291    0.0523494
   0.0389656   -0.0342504    0.0369358    0.0261223
  -0.0618591   -0.0909647   -0.0270597    0.0538833
  -0.0744849    -0.228268   0.00482242    0.0898753
    0.113832     0.297013  -0.00190969   -0.0030066
 -0.00240164    -0.160687    0.0512162     0.061077
   0.0229803     0.311497    0.0650361    -0.074425
   0.0190283     0.133364    0.0557351    -0.104428
    0.048749   -0.0519732    0.0717122   -0.0622871
   0.0319488    -0.168644   -0.0435932    0.0462747
  -0.0547926    -0.131234  -0.00501573    0.0838887
  0.00133562     0.146266    0.0126046   -0.0907476
  -0.0598314     0.195936    0.0661496   -0.0502287
   0.0143447     0.570917     0.138261   -0.0359514
   -0.026662     -0.17312   -0.0891827     0.143355
   0.0267648      0.10699    0.0350835    -0.024967
   0.0468772     0.392827      0.11196    -0.110107
   0.0245115     0.416573     0.131732     -0.15153
  -0.0026811   -0.0276052    0.0490095   -0.0193546
  -0.0132926     0.126273    0.0110485    0.0503897
   0.0110298    -0.107302   -0.0429011    0.0369313
   0.0456026    -0.539913   -0.0818944     0.176724
-0.000150806     0.245697  -0.00930576   -0.0265307
 -0.00339026    -0.144973   -0.0344925  -0.00822148
  0.00905846    -0.157515   -0.0737888  -0.00301207
   0.0167293   -0.0957442    0.0469884   -0.0367114
  -0.0673387     0.174288    0.0225905   -0.0802605
   0.0383844   -0.0929451    0.0267925   -0.0232686
   0.0228549     0.403792  -0.00448818   -0.0716914
   0.0198262    -0.357073    -0.076419     0.112904
   0.0529231   -0.0248749    0.0847305   -0.0409064
 -0.00697786   -0.0658213  -0.00257502     0.118521
   -0.012071    -0.364826   -0.0697593     0.169557
    0.051008    -0.152352 -0.000244832    0.0159436
  -0.0477289    0.0636077  -0.00309208   0.00744571
 0.000310217   -0.0296482    0.0152743  -0.00330748
    0.140198     0.781002     0.268948    -0.304469
   -0.041798    -0.223322   -0.0376162    0.0458738
    0.109696     0.289234    0.0694502    -0.152948
  -0.0400476     0.543247     0.153355    -0.189037
    -0.01753    -0.159458    0.0357697   -0.0347427
  -0.0349525     0.291007    0.0208153   -0.0769981
    0.045782   -0.0289754   -0.0261212    0.0761653
-0.000819306     0.516901     0.138442   -0.0491777
    0.127979     0.145341   -0.0209499   -0.0727663
  -0.0219453     0.234134   -0.0280045   -0.0187976
  -0.0522558    0.0411156   -0.0242023  -0.00408496
  -0.0121938     0.107845   0.00845102    0.0991833
  -0.0852284    -0.176202   -0.0744463     0.051864
    0.164914     0.203319     0.100267    -0.104763
   0.0409516     0.146466   -0.0198036     0.012137
  -0.0513499     0.160182   -0.0214051    -0.073886
   0.0306519     0.155487   -0.0579452   0.00953286
   0.0607634   -0.0803039   -0.0213235    0.0311005
  -0.0272617     0.162754   -0.0599986    0.0769512
  0.00629759     0.324977    0.0466453   -0.0747053
  -0.0515186   -0.0325772     0.056931    0.0272203
   0.0350143     0.033511      0.03106   -0.0594523
    0.045764    -0.170385   -0.0343217   0.00236577
  -0.0961661    0.0916692    0.0331957   -0.0321868
   -0.028793    -0.147368    0.0686272   -0.0322606
 -0.00407174     0.375062   -0.0601106     0.029376
   0.0211619    -0.177833   -0.0116944     0.168453
   0.0866454     0.379559    0.0968792    -0.150176
  -0.0207013    -0.371454    -0.136775    0.0602313
   0.0282523   -0.0531006    0.0251087    0.0214289
    0.117305     0.219431     0.109557  -0.00454833
   0.0412014   -0.0634529    0.0513702   -0.0271899
   0.0726267     0.437662    0.0264815   -0.0164086
 -0.00202931     0.211044    0.0317836   -0.0854889
  0.00550765    0.0123756   -0.0183793    0.0905146
  -0.0410915    0.0102603    0.0136288    0.0802838
   0.0272219    -0.024345    0.0464187   -0.0464665
    0.142645    0.0148138  -0.00872105    0.0910942
   0.0515862    0.0900449   -0.0699135    0.0792507
  0.00681442     0.126682     0.102292   -0.0425323
    0.119755     0.219392    0.0669118   -0.0206831
  -0.0721605     0.193422    0.0126214   -0.0154181
   -0.069345    -0.635911   -0.0306524    0.0775171
  0.00941608     0.116928    0.0170454   -0.0572679
    0.118036    -0.107448   -0.0565428     0.127343
  -0.0634584    0.0491767     0.127838   -0.0514016
 -0.00611026    0.0223735    0.0456329    0.0464215
   0.0104103   -0.0917944    0.0153044     0.064765
    0.079022    0.0128057   -0.0359871    0.0168363
   0.0447071     0.121583    0.0697759    0.0793008
   0.0114839   -0.0691512   0.00372645    0.0391632
   0.0109751     0.227328   -0.0462159   -0.0937237
    0.188973     0.272285   0.00938674     0.101316
   0.0260638     0.538211     0.108947     -0.16208
   0.0421898     0.123023  -0.00705506   -0.0202898
  -0.0367081    -0.246802   -0.0850722    0.0550063
   0.0706764     0.133788    0.0260925   -0.0493981
   0.0456993     0.287568  3.23688e-05     -0.11199
  -0.0585008    0.0918308    0.0515156   -0.0114198
  -0.0671961    -0.123103   -0.0563024    0.0644556
   0.0533302   -0.0185604    0.0660339   0.00886984
   0.0898025     0.133156    0.0770253  -0.00284454
    0.046453     0.107393    0.0345089   -0.0413611
  -0.0436021    0.0879333   -0.0240516   -0.0180623
   0.0729307     0.186425     0.101608   -0.0018294
  -0.0603674   0.00140371   -0.0336443   -0.0726695
  -0.0794021     0.542235    0.0520021   -0.0401587
   0.0471167   -0.0984956    0.0478243   -0.0114563
   0.0156465    0.0342278     0.098242   -0.0920901
    0.032459     0.630829     0.244331     -0.25187
   0.0189646    0.0721937   -0.0166374    0.0186382
     0.10368     0.439209     0.017025    -0.025033
-0.000987978    0.0156687   -0.0618497    0.0887412
   0.0679393    0.0267025   -0.0354239     0.079477
   0.0417495      0.18453    0.0712455   -0.0775847
  0.00834136    0.0350703    0.0460587   -0.0842514
   0.0637554    -0.120016    0.0289214   -0.0102073
    0.046998     0.267536    0.0622679    -0.114245
   -0.145168     0.462247    0.0163683    -0.144517
  0.00644206    -0.132533    0.0337027   -0.0870959
   0.0243651    0.0205717    0.0318956    -0.115458
   0.0069127    -0.226214    0.0239474    0.0681833
   0.0351558    -0.100402    0.0423802   -0.0240797
  -0.0141466     0.372985    0.0996595   -0.0586444
   0.0530536    -0.296611    -0.072191 -0.000218281
   0.0529362    0.0515084    0.0326232    0.0833639
    0.139279    0.0166298   -0.0279672   -0.0770038
  0.00289502    0.0982736   -0.0424791   -0.0163824
  -0.0312968   -0.0489234   -0.0485093   -0.0292267
  0.00293624    -0.503935   -0.0549905    0.0717722
  -0.0429116     0.824129     0.183007    -0.198714
  0.00905835     0.102563    0.0470583   0.00676495
  -0.0978397     0.244981     0.048251   -0.0351009
    0.076916      1.00554     0.191362    -0.147281
   0.0755797     0.440942    0.0348887    -0.108472
    0.037956     -0.27518   -0.0367104    0.0798022
  -0.0297932     -0.22122     0.034266    0.0404284
   0.0372197   -0.0339424    0.0642122    0.0136315
  -0.0427863     0.120615   -0.0472043     0.023142
  -0.0098997     0.420925     0.101762     -0.10165
   0.0626855     0.116068    0.0512075    0.0770741
  0.00645877     0.230897     0.109389    -0.118096
   0.0485486    0.0470452    0.0751592   -0.0559377
   0.0559275    -0.141161   -0.0169993    0.0994877
   0.0631704    -0.074173     -0.07106     0.026594
   0.0569343     -0.15973    0.0307823    0.0958357
  -0.0950667    0.0412913    0.0183775    0.0475658
   0.0833398     0.181887    0.0524637    0.0500268
   -0.035961     0.112744     -0.02583    0.0789338
  -0.0366177     0.268158     0.103393   -0.0770861
    0.045645    -0.399807   -0.0548708    0.0282829
  -0.0416368    0.0874108    0.0461934    0.0842602
     0.14602    0.0455839    0.0269443    0.0168579
 -0.00128351     0.224234    0.0745688   -0.0860728
  -0.0448338     0.100483    0.0380005   -0.0114923
    0.027342    -0.109033    0.0492747   -0.0958697
   0.0215555    -0.114849    0.0460293    0.0448832
  -0.0563459   -0.0825734   -0.0694956    0.0278388
  0.00270119   -0.0334182    0.0243252   -0.0197154
    0.137272     0.229311     0.072941   -0.0943203
  -0.0395969   -0.0859639  -0.00380699     0.018219
  -0.0285001     0.785783     0.118833     -0.15219
   0.0135112       0.4072    0.0873122   -0.0399048
  0.00909943   -0.0485409   0.00526766    0.0309332
  0.00591391     0.248677   -0.0397918    0.0107245
 -0.00314714    0.0483877   0.00299948   -0.0239587
   0.0370711   -0.0754773   -0.0433743    0.0557845
    0.121939    -0.138904    -0.077851    0.0974147
  -0.0397844      0.11236   -0.0100904    0.0277662
   0.0993964     0.277914     0.105296    -0.137863
   0.0363125    0.0845139  -0.00307829    0.0373975
   0.0777124      0.25224    -0.025686   -0.0270389
   -0.057008    0.0446706   -0.0513369    0.0169182
  -0.0244608   -0.0414429    0.0502722  -0.00737147
    0.299105     0.312995   -0.0887574    0.0458029
  -0.0655923    -0.135161   -0.0403399    0.0910566
  -0.0113242    -0.164766    0.0105771    0.0601467
   0.0790301     0.111522    0.0179081   -0.0444329
  0.00942308    0.0782669   -0.0131343    0.0216325
  -0.0133291    -0.198588   -0.0257439    0.0549906
   0.0264636    -0.252511   -0.0453927    -0.029906
   0.0599848     0.220117    0.0393274    0.0235824
   0.0450832     0.418359      0.03062    -0.103453
  -0.0306615     0.213906    0.0325482    0.0182219
  -0.0164185     0.335969  -0.00344679    0.0571989
  -0.0549291     0.257356    0.0530777   -0.0478367
 -0.00407356    -0.140922   -0.0976361     0.151894
   0.0320675     0.340794     0.170629   -0.0478432
   0.0999452     0.263068    0.0434347   -0.0145626
 -0.00436967     0.182399    0.0330118   -0.0137329
    0.184609     0.651774     0.126171   -0.0390524
  -0.0288165    0.0202071    0.0272618   -0.0604063
     0.11527    -0.337562   -0.0367056   -0.0667764
  -0.0285669     0.142788  -0.00869938   -0.0367811
    0.101335     0.373181     0.163804    -0.149163
  -0.0468372     0.436162     0.134909    -0.114702
   0.0250948    0.0637406    0.0510813   -0.0678657
   0.0594594    0.0506583   -0.0311797     0.075206
    0.075156   -0.0488304  -0.00178132    0.0337308
   0.0598932     0.137308    -0.053629    0.0095028
  -0.0194015    -0.184543   -0.0376233     0.030716
   0.0989148     0.228636    0.0584545   -0.0973246
   0.0473432   -0.0472256   -0.0470483   -0.0126888
     0.12662   -0.0440434    0.0364796     0.086996
   0.0135274     0.185021  -0.00425644   -0.0107293
   0.0258191     0.140499    0.0320788  -0.00293142
   -0.172811   -0.0771926   -0.0693655    0.0468735
   -0.013918     0.182851    0.0298435    0.0458223
  -0.0239311     0.311356    0.0441074    0.0735643
   0.0151904   -0.0489013    0.0321046   -0.0262829
  0.00738543    0.0814837   -0.0319051    0.0629212
   -0.051649     0.241949   -0.0351287    -0.120221
   -0.053722     0.094973   -0.0963037    0.0815419
  -0.0164795   -0.0106206     -0.07174   -0.0121197
   0.0680119     0.132951    0.0386772     0.023192
    0.018519   -0.0094213     0.011583    -0.033036
   0.0520883    -0.256476    0.0274594     0.045299
   0.0699195     0.206806    0.0646104   -0.0158557
     -0.0207    -0.132154   0.00178467    0.0279188
  -0.0273771    0.0119593   -0.0342536   -0.0312838
  -0.0303077    -0.297736   -0.0268687   -0.0158519
   -0.104044     0.102609   -0.0471896   -0.0686463
  -0.0765335    0.0303661   -0.0553519   -0.0251857
   0.0156036     0.143696   0.00423763   -0.0425025
  0.00357394     0.139753    0.0349733    -0.125801
   0.0620161    0.0285043   -0.0737878    0.0670875
  -0.0660744    0.0425338  -0.00569363    0.0328585
  -0.0738993     0.354978     0.127217    -0.124384
   0.0500342      0.11011    0.0410421   -0.0860375
 -0.00558959    -0.190367   -0.0666909     0.138581
   0.0640184   -0.0516854   -0.0628872    0.0691495
   0.0106769    -0.167322    0.0497733   -0.0612977
   0.0527581     0.160245    0.0172319   -0.0901524
    0.067548    -0.239281   -0.0448269    0.0334313
    0.027982     0.157598  -0.00627289    0.0866375
   0.0698616    -0.158835    0.0757529    0.0174964
  -0.0122746     0.328276   -0.0234603   -0.0443708
  -0.0547429    -0.192157   0.00969976     0.086409
    0.030748     0.107158    0.0821521   -0.0162136
  -0.0277004   -0.0970844   -0.0240441   -0.0624937
   0.0240892     0.327432    0.0274608   -0.0865958
  -0.0762505    -0.300121    0.0484336    0.0652721
  0.00821603 -0.000453895  -0.00294838   -0.0360883
  0.00365991     0.323333     0.117142    -0.134878
   0.0365252    -0.319208    -0.115357    0.0929124
    0.121603     0.262072   -0.0170854   -0.0595991
 -0.00483691    -0.105294    -0.059876    0.0317189
  -0.0280961     0.171745    0.0359859   0.00166579
  -0.0344747      1.11534     0.162717    -0.135675
  -0.0122492    0.0148038   0.00533859    -0.043798
   0.0445407     0.298158   0.00544698   -0.0755294
   -0.167454   -0.0865376   -0.0941169   -0.0468509
  -0.0179966     0.104194    0.0201493   -0.0245854
   0.0407595   -0.0496853   -0.0242246   -0.0726094
   0.0071081    -0.099457   -0.0114503    0.0169146
   0.0407373     0.878145     0.199432    -0.195094
  -0.0858312    -0.231541   -0.0913367     0.145696
    -0.01571     0.127751    0.0534765   -0.0102294
   -0.027271     0.816911     0.260216    -0.272655
    0.105757    0.0494664    0.0562737   -0.0594163
  -0.0222344    0.0686116    0.0744903   -0.0538484
 -0.00242945    -0.317213      0.01119    0.0801865
  -0.0207311    -0.134546   -0.0336742  -0.00277617
  -0.0581247     0.301871    0.0525795   -0.0242788
  -0.0396486  -0.00933563   -0.0678663   -0.0510747
  -0.0607657     0.155421    0.0836987    -0.046185
  -0.0545093    -0.142252   -0.0085594    0.0536972
  -0.0039462    -0.226167   -0.0114607    0.0178184
  -0.0752765     0.193421    0.0610805   -0.0760769
   0.0676391     0.110637     0.046015    -0.102556
  -0.0144073     -0.20714    0.0183039    0.0435877
   0.0459277   0.00360252    0.0248946    -0.104557
   0.0167404    -0.037012   -0.0171323   -0.0387959
   0.0294296     0.707738     0.141523    -0.159625
   0.0400995    -0.222572    0.0320057    0.0279935
  -0.0229694    0.0470819    0.0384601  -0.00686415
 -0.00350523     0.215063    0.0509079   -0.0333605
   0.0224431     0.254231    0.0428859    0.0102882
   -0.020556     0.214583    0.0399161     -0.10239
  -0.0118128    0.0209166   -0.0862618     0.172063
  -0.0432691   0.00164605   -0.0164331   0.00212214
   -0.076296     0.198214    -0.014403   0.00766423
   0.0707236   -0.0713078   -0.0845527  -0.00456019
   0.0278758   -0.0506774    0.0511024   -0.0497929
   0.0494356    0.0485482   -0.0818968    0.0532142
    0.130751     0.435189   -0.0320182    0.0306165
 -0.00374773    -0.397372   -0.0838073      0.11597
  -0.0507585      0.25664    0.0244373   -0.0494735
  -0.0850545    0.0490879    0.0478883    -0.104307
     0.03845     0.638446     0.127288    -0.189819
   0.0398091    0.0564978    -0.093584    0.0614701
   0.0483323     0.250712   -0.0136911     0.078733
    0.140371    0.0385877   -0.0904274    0.0757213
   0.0601481    0.0534766    0.0119805   -0.0765445
   0.0327247   -0.0769644   -0.0369168    0.0566181
   0.0324723   -0.0912085   -0.0173071   -0.0210966
  -0.0364543      0.53805      0.04819    -0.139851
    0.105795     0.768539     0.177989     -0.19034
 -0.00736873     0.330898     0.130362   -0.0694151
  -0.0169536     0.056063   -0.0229666   -0.0374415
   0.0424796     0.330585      -0.0233   -0.0311915
   0.0156148    0.0722402    0.0503465   -0.0469818
   0.0382249     0.293921   -0.0433695   -0.0134197
   0.0118636      0.21431    0.0850556   -0.0871254
   0.0359517      0.10741    0.0746264   -0.0397848
  -0.0129707   0.00221111   -0.0700899   0.00961792
  -0.0279455    0.0173813    -0.116573   0.00243037
   0.0935588   -0.0808734   -0.0335564   0.00800405
    0.147577    -0.118417   -0.0160739     0.136032
  -0.0542757    -0.180658 -0.000907184    0.0474225
    0.042462     0.104738    0.0603565   -0.0429456
  -0.0370813      0.10078    -0.126991    0.0889246
  -0.0537515    -0.309775   -0.0435685    0.0167133
   -0.116237    -0.300104   -0.0619931   -0.0292612
   0.0925907     0.295328    0.0766673    -0.118221
   0.0650555     0.312666    0.0246856   -0.0163989
    0.177896      0.16828   -0.0433266    0.0496803
  -0.0419009     0.169759     0.111738    -0.134955
  -0.0762257    -0.129227     0.034769   -0.0439363
  -0.0257043    0.0478728    0.0108191   -0.0452529
   0.0448977    -0.117504   -0.0823584    0.0651193
    0.100987  0.000578667    0.0452586    0.0489043
    -0.10484   -0.0375194   -0.0691706   -0.0460121
   0.0428659     0.217561  -0.00902034   -0.0146195
   0.0416818    -0.226218   -0.0504954   -0.0307804
  -0.0508842   -0.0283982    -0.054925    0.0448398
    0.128735    -0.154421   -0.0287674    0.0374744
   0.0261183   -0.0188474  -0.00751192    -0.014518
   0.0839254     0.174715    0.0738763    0.0634568
   -0.088676      0.29608  -5.7412e-05    -0.129726
  -0.0183436    0.0849275    0.0356471   -0.0862622
 -0.00351851  -0.00916535     0.054896   -0.0431849
  -0.0622313    -0.340187   -0.0429213    0.0988649
  -0.0380571   -0.0712186    0.0622554    0.0154656
   0.0529823    0.0617846   -0.0114731    0.0480499
  0.00367771     0.424854     0.170669     -0.12895
    0.100979     0.652504     0.137605    -0.168489
   -0.020696     0.195113   -0.0045553   -0.0442091
  -0.0947779    0.0124338   -0.0598809    0.0801787
   0.0722544   -0.0339069    0.0654788    0.0411436
     0.22975     0.420913    0.0498391   -0.0121407
  0.00764962    0.0192129    0.0251539   -0.0155688
   0.0475455   -0.0674791   -0.0679744    0.0142898
-0.000726748   -0.0443612    0.0123498    0.0144723
   0.0517055   -0.0792331     0.019328   -0.0188576
   0.0257115     0.121287      0.10726   -0.0904127
    0.060352    -0.042819  -0.00416817    0.0664513
    0.112677     0.564072     0.113309    -0.147622
   0.0523149    -0.039522    -0.028345    0.0436622
  -0.0304875    0.0294149    0.0371345   -0.0680974
    0.111668   -0.0591538   -0.0514623    0.0331307
   0.0888023    0.0900772     0.109592    -0.157324
   -0.010055    0.0294132   -0.0611312     0.052469
  -0.0199857    0.0272194   -0.0550671   -0.0190888
  0.00352116   -0.0415693    0.0823587   -0.0456032
  -0.0400021     0.289997    0.0644541    -0.025387
  -0.0514378   -0.0685222   -0.0117091   -0.0398582
   0.0798294   -0.0496898   -0.0257616   -0.0036226
  0.00532551    0.0506827   -0.0408964    0.0173214
  -0.0415432     0.461616   0.00970956    -0.137689
  -0.0769081     0.100858    0.0006922   -0.0690977
  -0.0114632    0.0473849   -0.0104674    0.0136744
   -0.056945    -0.111558   -0.0478208   -0.0154096
  0.00251867     0.412788    0.0266222   -0.0332245
   0.0969672     0.383561     0.110388    -0.137841
  -0.0780497    -0.128427   -0.0222309  -0.00566283
   0.0826903     0.208845  -0.00634826   -0.0610447
   0.0530463    -0.243632   -0.0631144    0.0385856
  0.00552476     0.636417    0.0991857   -0.0832678
    0.091933   -0.0968601    0.0119307   -0.0659469
  -0.0469077    -0.129612   -0.0811344    0.0184394
   0.0399934   -0.0616436    0.0241233    0.0279924
    0.041784      1.24868     0.136224    -0.204503
   0.0869757     0.194321     0.039179   0.00503394
    0.238618     0.968309     0.117334     -0.17639
  -0.0499219    0.0779068    0.0227332     0.117571
   0.0551644      0.38679    0.0973453   -0.0822591
    0.127425     0.162559   -0.0338607     0.112642
  -0.0273686    -0.959836    -0.100195     0.198738
    0.141942     0.132438    -0.035084   0.00523061
    -0.03903   -0.0883116    0.0338899    0.0345396
  -0.0351061     0.264553   -0.0287633   -0.0768948
    0.015516     -0.16245  -0.00556933    0.0641308
     0.04283    -0.126036    -0.035336    0.0583795
  0.00256277    -0.121716   -0.0769559    0.0744387
  -0.0502278     0.169842    0.0783635   -0.0793984
  -0.0597571     0.554097    0.0776796   -0.0659164
    0.137115      0.34304     0.090917   -0.0100009
  -0.0478202    0.0848125    0.0427807   -0.0735411
  -0.0262241    0.0315152     0.033586 -1.78359e-05
   -0.113493    0.0630527   -0.0515196    0.0467258
    0.146193    0.0188662  -0.00544122    0.0282562
   0.0168453     0.492733    0.0262568   -0.0056988
   0.0817868    0.0529383   -0.0409782    0.0422099
   0.0365595    -0.196821    -0.104001    0.0138773
   0.0351858   -0.0176584    0.0122688    0.0236817
   0.0128561    -0.104713   -0.0119589   -0.0379385
    0.047797     0.118472   -0.0256523   -0.0122728
   0.0549763   -0.0521169   -0.0527108  -0.00510335
   0.0173069    -0.430908   0.00776922  -0.00209884
   -0.033996    -0.634129    -0.107231    0.0790765
    0.051342    -0.126043   -0.0525282 -0.000342096
   -0.100379    0.0989396   -0.0252716     0.108514
   0.0248236      0.28386     0.121273   -0.0368772
   0.0553951    0.0462386    0.0666534   -0.0188648
  -0.0319877    -0.168966    -0.026966     0.220425
   -0.136515    -0.251524    0.0128855      0.02379
 0.000556637 -0.000973913    0.0202978    0.0725772
  -0.0067109    0.0268977    0.0161427    0.0797377
    0.341238     0.600342     0.132186    -0.136401
    0.212924     0.279085   -0.0283868   -0.0592354
  -0.0289733    -0.226118   -0.0387304     0.132599
   0.0291541     0.284033    0.0342021    -0.083957
   0.0153471   -0.0342799    0.0271174    0.0306026
  -0.0334453    -0.170239    0.0059012    0.0343186
    0.205097    0.0565929     0.106356    0.0455928
   0.0164301     0.186742   -0.0410771    0.0368587
  0.00134445    -0.112466   -0.0135957    0.0516929
  -0.0259267   -0.0997827    0.0451941   -0.0556039
   -0.033651     0.507194     0.106137    -0.136468
   0.0596304     0.243276   -0.0289435   -0.0516286
  0.00536039    -0.118656    0.0411249    0.0246566
   -0.013058    -0.108701    -0.109905    0.0871516
   -0.047935   -0.0311764   -0.0462821 -0.000896661
     0.13702     0.237553   -0.0435826    0.0311632
  -0.0400914   -0.0131777   -0.0534902   -0.0701691
  -0.0266483    -0.358992   -0.0648593    0.0379778
  -0.0229471     0.265877    0.0406606   -0.0221822
  0.00783129    -0.041266  -0.00607794    0.0512847
  -0.0553832   -0.0218612   -0.0552504   -0.0291624
   0.0296087     0.073961   -0.0302173   -0.0407903
   0.0960716      0.23142    0.0633111   -0.0941145
  -0.0542827    -0.507689    -0.101284     0.110319
   0.0639661    -0.113417   -0.0135158   -0.0123618
  -0.0206203    0.0696083    0.0201395    0.0161895
   0.0669301   -0.0701625   0.00609706    0.0719557
   -0.042523     0.239224   -0.0110586   -0.0972681
   0.0105953     0.205878   -0.0591967   -0.0379151
 -0.00889177     -0.18242   -0.0378279    0.0142087
  -0.0813618     0.155274   -0.0263923    0.0321584
  -0.0436852    -0.166044   -0.0359786     0.113159
    0.159266     0.418584    0.0495422   -0.0504108
   0.0222953  -0.00334496    0.0216815    0.0506941
   -0.101654     -0.14648    0.0200888    0.0405574
  -0.0540429     0.158354   -0.0327101   -0.0246328
  -0.0640042    0.0347886  -0.00188401    0.0162339
   0.0186883     0.102212    0.0909392   -0.0729176
    0.262543     0.344342     0.103958   -0.0487995
   0.0252163   -0.0531319    0.0563346    0.0296986
   0.0568344     0.133317     0.107484   -0.0935565
    0.122445   -0.0680941   -0.0506283    0.0286571
  0.00652314   -0.0215285   -0.0514058    0.0544405
  0.00144335     0.115727    0.0223725    -0.025145
  -0.0369561   -0.0322687   -0.0245083   -0.0486478
   0.0596702   0.00390945   0.00912164    0.0473153
   0.0672878     0.696255     0.144031    -0.220431
   -0.026179   -0.0284718    -0.078909    0.0579078
   0.0531062    0.0059159 -0.000625896    0.0376217
     -0.0997      0.24574    0.0411379     -0.10297
 -0.00861626     0.162059    0.0207245   -0.0452206
  -0.0377584    0.0242256    0.0445584    0.0677464
   0.0200767    -0.107265    0.0375942   -0.0248471
    0.196625     0.396566    0.0221433    0.0620777
  -0.0551981     0.279004   -0.0170082   -0.0161661
   0.0355189     0.449549    0.0297087   -0.0871963
    0.181846     0.383834   -0.0170877      0.14499
   0.0776087      0.35842     0.135439   -0.0983633
-0.000928751    -0.159841   -0.0418185    0.0989265
   0.0731911     0.262615   -0.0383752   -0.0569305
   -0.097491     0.290772    0.0644001   -0.0191578
   0.0500739     0.341425    0.0787531      -0.1025
  -0.0136886     0.302339    0.0281534      0.08478
  0.00195172   0.00982886   -0.0480842   0.00496564
  -0.0567979   0.00593171  -0.00652109   -0.0329163
  -0.0314984    0.0782687    -0.020577   -0.0392733
   0.0394202     0.701596     0.033129   -0.0191599
  0.00348749    0.0473593    0.0550485   -0.0493673
   -0.072365    -0.146567    -0.101658    0.0691729
-0.000453685    -0.208815   -0.0248101     0.154898
   -0.106209   -0.0900171   0.00752678    0.0609933
   0.0109762     0.165375     0.042142   -0.0504929
   0.0474397     0.106066    0.0510878   -0.0497034
  0.00077793     0.126648    -0.101132   0.00375481
   0.0216872     0.292593    0.0805159   -0.0939362
  -0.0119442     0.332783    0.0462068   -0.0922591
   0.0839223     0.542699     0.143594    -0.235796
  -0.0154178     0.160032    0.0219902  -0.00816713
   0.0406342    -0.078235    -0.027848   -0.0378268
   0.0970416     0.161038    0.0129733   -0.0219669
   0.0907655   -0.0208314    0.0448546   0.00270103
 0.000178245     0.283697  -0.00706339   -0.0271767
    0.092923   -0.0264976    -0.068612   -0.0096451
   0.0618393     0.141058    0.0073248   -0.0276205
  -0.0843587    0.0826855    -0.043866   -0.0138847
   0.0619243    -0.294171  -0.00296357   -0.0334577
    0.261137     0.443047    0.0427375    0.0530541