    0.178483   -0.0117214    0.0235006   -0.0760487    0.0158269   -0.0710383   -0.0222681   -0.0409291
    0.224352   -0.0943247    0.0360761    -0.152972    0.0878771   -0.0817765    -0.112374   -0.0366144
    0.107412 -0.000666409     0.198282    0.0899944   -0.0883633    0.0995824    -0.118199   -0.0670192
    0.100097    0.0183992  -0.00676013    0.0718729   -0.0802826    -0.110063   -0.0873451    0.0404422
   -0.235111   -0.0351124    -0.444016   -0.0319171   -0.0864163   -0.0182086   -0.0658474     0.207225
  -0.0377872   -0.0249112   -0.0300634    0.0714133     0.229424     0.195478   -0.0506706    0.0196384
 -0.00799648    0.0353064    0.0156098   -0.0518394   -0.0882233    0.0254289    -0.045935   -0.0276243
   -0.130658    -0.163673    0.0786704   -0.0814721   -0.0790664    0.0473778     0.175356    -0.194104
   0.0393411   -0.0231089    0.0232245   0.00950636   -0.0551499    0.0354662   -0.0417502   -0.0312978
  -0.0711599   -0.0113991    -0.233141    -0.148108     0.115791    -0.106171   -0.0311157     0.171803
    0.226901  -0.00182616     0.128579   -0.0106529     0.123683   -0.0314684    -0.135176   -0.0700342
  -0.0566099   -0.0113898     0.017107    -0.023234   -0.0577418    0.0519257     -0.16931   -0.0512879
   0.0142649    0.0248126   -0.0359016    -0.124963   -0.0103401    -0.095041     0.023877    0.0685786
   -0.241336    0.0375176    -0.352887     0.141517    -0.372893   -0.0365368   -0.0711143     0.180666
   -0.252485     0.026293   -0.0106791    0.0959072   -0.0742181      0.11352   -0.0248753    0.0166454
  -0.0171405   -0.0539534  -0.00510018   -0.0923991    -0.113838   -0.0160855  -0.00195619   0.00832916
   -0.110496     0.119568     0.116411    0.0317078    -0.193993    0.0790678    -0.100675   -0.0580977
   0.0233891   -0.0201424   -0.0921628   0.00466251    0.0187554   -0.0375857   -0.0125312    0.0290829
   -0.296045   -0.0102995    -0.660255    -0.197362    -0.329915    -0.279297    -0.102855     0.548319
    0.588985    -0.132876    0.0256887    -0.142745    -0.642227   -0.0728952    -0.430098     0.100776
   0.0859824   -0.0227602    0.0381497    0.0826542     0.124016   -0.0496617   -0.0129316   -0.0778484
   -0.262635   0.00834768   -0.0184517    0.0150933    -0.202958    0.0870185     0.147117    0.0745315
    0.110826     0.037692     0.117457   0.00674991     0.154174    0.0963006    -0.151331   -0.0483187
  -0.0416899    0.0368358    0.0554884    0.0177545     0.242828    0.0380059    0.0764558    -0.169581
   -0.182547   -0.0396565    0.0240561    -0.145386    -0.199609    0.0264613     0.109256   -0.0828727
   -0.341199    0.0904926    0.0706474     0.222051    -0.334129     0.327492    -0.156731   -0.0710078
 -0.00181928   -0.0072044    0.0367595   -0.0395771     0.166333   -0.0322311   -0.0369993    0.0305928
   0.0462227   -0.0366011    0.0399776   -0.0139352    0.0301968    0.0531824    0.0788696   -0.0642538
    -0.12073     0.087226    -0.141717   -0.0453562    -0.205744   -0.0740376   -0.0932474      0.12769
  0.00674412     0.042322    -0.122427    -0.119073    0.0170784    -0.118194   -0.0563152    0.0884579
  -0.0166564   -0.0164655    -0.213888    0.0232821   -0.0680093     -0.10553   -0.0524962      0.12104
  -0.0761772   -0.0154016   -0.0413563    0.0726107   -0.0667301     0.048287   -0.0199859   -0.0450589
    0.103784   -0.0646812   0.00471973   -0.0523141  -0.00259145   -0.0790974   -0.0560031   -0.0297488
    0.207829    0.0761951     0.352056     0.200698    -0.537701     0.257182    -0.101885    -0.203295
   -0.236443    0.0100657    -0.324448   -0.0128055    -0.248359  0.000736174    -0.104072      0.23055
  -0.0176193   -0.0972704   -0.0318796   -0.0605506     0.174751   -0.0806962    0.0644856   -0.0157099
    0.110881    -0.112101    0.0382353    0.0878954     0.107614  -0.00248053   -0.0940493   -0.0423869
   -0.226089    0.0269263   -0.0639722   0.00330358     -0.26503    0.0311633    0.0665213   -0.0132447
    -0.07815   -0.0793408   -0.0314533    0.0147077    0.0428685    0.0624284    -0.026944   0.00355209
    0.025501   -0.0781971     -0.36142    -0.176738    0.0467994     -0.18117    -0.154741     0.206835
  -0.0510853   -0.0245794   -0.0421273    0.0666363   0.00879422    0.0405894   -0.0463316   -0.0530721
   0.0717056      0.12569     0.178081     0.167332     0.145768     0.125807    -0.133799   -0.0421724
   0.0551578   0.00558113   0.00660379   -0.0331994     0.054433    0.0203861   -0.0226059    -0.058077
    0.103364    -0.036381     0.252592   -0.0820077     0.109082    0.0567358    -0.022606    -0.151128
   -0.329237    0.0717017   -0.0335733    -0.140899    -0.322028    0.0714337    0.0745753    0.0479813
  -0.0794744     0.035554   -0.0162765    0.0379741    -0.190388     0.050442   -0.0423328     0.101578
   -0.110618   -0.0435111   -0.0628975    -0.167083     0.025831   -0.0287128    0.0271195    0.0168765
   0.0523801    0.0229197     0.103616     0.159616      0.12754     0.103728   -0.0306479    -0.166769
 -0.00995833     0.117867    -0.209091 -0.000288161   -0.0137324    0.0445478    -0.114345     0.199166
   0.0193501   -0.0314787     0.142643    -0.110695   -0.0219435    0.0387741   -0.0967568   -0.0128518
    0.140015    -0.234821    -0.111757    -0.237475     0.243124     -0.13024   -0.0994627  -0.00705675
  -0.0452659   -0.0527701   -0.0365816     0.141498    0.0982797    0.0163567    0.0111356    0.0726111
  -0.0361046    0.0487789    0.0121035    -0.112394    0.0835621    0.0693826   -0.0178095    0.0678357
  -0.0364193    0.0176509   0.00142665    0.0350741    -0.154999   -0.0404871    0.0836206    0.0210963
   -0.325265    0.0194637    -0.691791   -0.0907607    -0.287512    -0.194835   -0.0620622      0.43036
   -0.165839     0.122911     0.126431    0.0120629    0.0775914     0.168431   -0.0783468   -0.0488023
  -0.0206967  -0.00636363     0.165307     0.101069    -0.142995     0.165338   -0.0491449    -0.117189
  -0.0247997    0.0139455   -0.0166182   -0.0163231    -0.035633    0.0943104   -0.0422452   -0.0284917
   0.0295622    0.0097123    0.0156046   -0.0036113    -0.326951     0.151802     -0.15571   0.00830619
   0.0743102    0.0280618   -0.0633909   -0.0492143     0.164971   -0.0155094   -0.0389609    0.0248242
   -0.376175   -0.0132369    -0.796187    -0.225052    -0.147698   -0.0883811    -0.145632     0.571964
     0.11187     0.055394   -0.0286567   -0.0250697 -0.000433537    0.0476732    -0.143858   0.00811731
   -0.454967    0.0323222    -0.297207     0.208661    -0.522906   -0.0636733   -0.0155483     0.295489
  -0.0966592   -0.0100073    -0.339343   -0.0870774     0.168589    -0.175398   -0.0905566     0.231668
   -0.144605      0.11529    -0.122028     0.143833    -0.239105      0.14451    -0.130979     0.176713
    0.402769     0.121976     0.298522    0.0827399    0.0136963   -0.0790103    0.0611064   -0.0979897
  -0.0749066   -0.0291183    0.0158536   -0.0683459   -0.0893763    0.0129796   -0.0789235      0.02806
    0.206552   -0.0981506    0.0350171    -0.174844     0.238927    -0.158879    0.0107765    -0.102574
  -0.0548855   -0.0193846   0.00744311  -0.00539116    -0.117324   -0.0649748    0.0655972   -0.0806561
   0.0487226   -0.0133971    0.0281257    -0.108887    0.0739215   0.00681246   -0.0674124    0.0396635
   -0.258732    0.0255679   -0.0338634    -0.022471     -0.14763    0.0733111     0.041947    0.0414117
  -0.0786354    0.0570608   -0.0931649    -0.156537     0.243823   -0.0876887   -0.0407803   0.00361969
  -0.0334708   -0.0195053    0.0516785  -0.00367727    0.0778959    0.0593403   -0.0469628    -0.016577
  -0.0477039    0.0159038    0.0744687    0.0526844    -0.126167   0.00411363    -0.022558    0.0121491
  -0.0284414   -0.0297857   -0.0902739   -0.0228675   -0.0374279    -0.158019   -0.0699525    0.0925334
   0.0293479   -0.0490871      0.27886   -0.0460167    0.0808329     0.103162     0.157852    -0.206151
   0.0616685    0.0254975    0.0846013  -0.00900945     0.165504     0.043876   -0.0309674   -0.0470541
   0.0666291   -0.0921143    0.0574868   0.00328984    -0.123582    0.0293516    0.0285359   -0.0670208
  -0.0137525   -0.0531378     0.170575   -0.0475023    0.0703222     0.242318    -0.105111    -0.127509
    0.119092    0.0463444     0.130707    0.0597773     0.241405     0.133159  -0.00130507    -0.175558
     -0.1115    0.0866044    0.0724601    0.0737401    0.0552607     0.223726   0.00492768    -0.137929
   -0.022149   -0.0482736     0.010888   -0.0320018  -0.00591157    0.0423785  -0.00332918    0.0358922
    0.130227    0.0233712    0.0552218  -0.00324304     0.152621   -0.0670066   -0.0573853    0.0056213
  -0.0541395    0.0163679    -0.187638    0.0735189    -0.292046    -0.091502    0.0631663     0.067045
   -0.211753   -0.0320777   -0.0937032   -0.0356625  2.24642e-05   -0.0228032    0.0314333    0.0417449
   -0.163905    0.0755539   -0.0923705    0.0553532    -0.190587   0.00704402     0.019966     0.051488
   0.0187779  -0.00864627   -0.0245972  -0.00385088    0.0943612   -0.0404687    -0.102064   0.00168636
 -0.00274157   0.00848497    -0.238496    0.0181163     0.100052    -0.003387    -0.231234     0.248694
   -0.168503  -0.00764976    -0.079621     0.145774   -0.0734222    0.0609642      0.14715    -0.113707
  -0.0332735    0.0517077   -0.0892711   -0.0366194    0.0239541    0.0529315   -0.0518001    0.0687066
  -0.0995251   -0.0257387     0.130997   -0.0368921   -0.0365692    0.0572503    0.0115216   -0.0520893
    -0.14303    0.0592094    -0.044891  -0.00301267    -0.186603  -0.00477293     0.061033    -0.028247
-0.000362211   0.00498973   -0.0325791    0.0848996    -0.059759    0.0387687   -0.0476643     0.058307
   0.0635004    -0.108087    -0.172434   -0.0332017    -0.179508    -0.101114    -0.146681    0.0931997
    0.065707    0.0168905    0.0637963    0.0856412   -0.0201755    0.0943704   -0.0386717    0.0380065
   0.0233685   -0.0737174    -0.059678    0.0558172   0.00886223    0.0651522   -0.0731197    0.0220555
   0.0148178   -0.0575353  -0.00114151    -0.116723   -0.0234476   -0.0605946     -0.10361  -0.00799506
   -0.147903     0.137923   -0.0292049   -0.0202079    -0.229151    0.0224729    -0.078021     0.020989
   0.0235787    0.0669309   -0.0346909    -0.020115    0.0893488    0.0501182   -0.0132722     0.039342
 -0.00712584     0.128208    0.0319311    0.0514787     0.169115   -0.0152139   -0.0176288   -0.0134757
   -0.658762     0.264274    0.0638184     0.549904    -0.742747     0.660211    -0.167012  0.000633112
   0.0319889    0.0720972    0.0438431   -0.0171309    0.0165677   -0.0538536    0.0465431    0.0121056
   -0.133668    0.0328568   -0.0598678   -0.0246304   -0.0154772   0.00451989   -0.0003988     0.071837
   -0.158323   -0.0566557   0.00304159    -0.145304   -0.0272744    0.0971089     0.057789    -0.113878
    -0.26577    0.0475965    -0.350419     0.257576    -0.107536   -0.0956387     0.131025     0.110955
  -0.0361464   -0.0605698     0.205077    0.0396353     0.116665    0.0753651     0.164323    -0.159962
 -0.00855101    -0.086833    0.0814881     -0.01842  -0.00659174   -0.0223432    0.0386692 -0.000982541
    -0.22771   0.00688115    -0.080954    -0.125258   -0.0104308    0.0166378     0.114081    0.0710159
  -0.0729769    0.0282813    0.0885341     0.101177  -0.00831332     0.243961    0.0234779    -0.126759
   -0.062456  -0.00525235    0.0709175    0.0206409   -0.0756343  -0.00284583    0.0333132    0.0794448
   -0.113487   -0.0446102     -0.14265    0.0326939   -0.0893339    -0.027087    0.0502245    0.0231909
  -0.0975564   0.00109052    -0.245975    0.0545363   0.00777398    0.0468776     -0.16915     0.108383
   -0.177258   -0.0207211    -0.201559  -0.00509856   -0.0572564     0.106602    -0.167802     0.152705
   0.0612822    0.0326084    -0.105303  -0.00105667    0.0451387    -0.085212    -0.107586    0.0600724
   0.0129941    0.0191729  -0.00975312   -0.0328523     0.165015    0.0437703   -0.0265199    0.0763858
   -0.054123   -0.0233807    0.0587232   -0.0541933    0.0907178    0.0320968     0.156104   -0.0868319
   -0.105044    0.0783557  -0.00562245     0.069612   -0.0181841    0.0270321     0.100003  -0.00493408
 -0.00336371  -0.00746855     -0.02096   -0.0685264   -0.0511477   0.00863149   -0.0168027    0.0616466
   -0.123732     0.086366    0.0200351   -0.0120336   -0.0462535    0.0131691   -0.0335707   -0.0598272
   -0.496126   -0.0350581    -0.353676    0.0343992    -0.355284  -0.00680936    0.0637128     0.220814
    0.137374   -0.0999261   -0.0200525   -0.0419878    -0.174138   -0.0969627    0.0889229   -0.0191903
    0.325444    0.0852615     0.189211    0.0566078     0.450553   -0.0178237   -0.0607605   -0.0461856
   0.0197677  -0.00112132   -0.0198299   -0.0186138  -0.00279023    0.0475066    -0.113992    0.0804083
   -0.272517     0.054441    -0.156873    -0.116802    -0.141019   -0.0887531   -0.0512455     0.231846
   -0.112345   -0.0656469    0.0139508   0.00131938   -0.0342617    0.0307004   -0.0145933    0.0177085
   -0.201315   -0.0439956    -0.113336    -0.107546    -0.147034   -0.0346816   -0.0289187     0.127644
  0.00658168     0.123297   -0.0110818     0.126183   -0.0503964    0.0280814    -0.119645    0.0639112
     0.26476     0.034838     0.128221    0.0359536    0.0505559    0.0452705   -0.0529203    0.0100269
   0.0329382   -0.0874161   -0.0722264    0.0600483   -0.0187576    0.0245691  -0.00750626    0.0119505
   -0.121484     0.136645    -0.105037     0.274026    -0.435767    0.0302785    -0.103278    0.0582505
   -0.274346    0.0431558    -0.135899    0.0742016    -0.345495    0.0941026     0.114214   0.00284044
   0.0444886   -0.0167144     0.156808     0.126814      0.18974      0.13335    0.0132528    -0.112961
   0.0865597   -0.0563932    0.0833388   0.00577903     0.121241   0.00047859   -0.0181028   -0.0495785
  -0.0799429   -0.0451364   -0.0264377    0.0661312  -0.00994544   -0.0891969    0.0390451    0.0404053
  -0.0567359   -0.0201831    -0.146846   0.00821564    0.0677172   -0.0748211   0.00340043     0.105526
   0.0115192    0.0334383   -0.0882379    0.0416744   0.00272596    0.0253426    -0.103268     0.124188
   0.0441094    0.0384849    0.0943644    0.0124314   -0.0800074     0.109226    -0.042343   -0.0603677
   -0.136123   0.00926013    -0.169939      0.21501   -0.0967565    0.0200987   -0.0554075    0.0178095
   0.0777777   -0.0363602  -0.00836331   -0.0395433    0.0564108    0.0158982    -0.074268   -0.0501677
   -0.156316   -0.0439004    -0.213087   -0.0909341    -0.335767    0.0395689   -0.0533409    0.0408579
    0.225777   0.00801133     0.131647   -0.0168932   -0.0397187    -0.120261   -0.0576686   -0.0130513
   -0.142123   -0.0148418    -0.175068    -0.154964    0.0463556    0.0707799     0.189413    0.0284716
    0.095804   -0.0268968   -0.0381934   -0.0304829    0.0823382    0.0353946  -0.00163407   -0.0372637
    0.112535   -0.0800944   -0.0653271   -0.0984017    -0.175065   -0.0117667   0.00779369   0.00658571
   -0.226168   -0.0252442     -0.25722   -0.0388024    -0.164686    -0.149566   -0.0285274     0.189784
   -0.062235   -0.0234578    0.0138837    0.0272135   -0.0682617    0.0116108   0.00784605    -0.055852
 -0.00349862   -0.0132528   -0.0784191   -0.0339477  0.000398113   -0.0881727  -0.00849615    0.0178674
  -0.0155207     0.106195   -0.0555335    0.0675178     0.216002     0.096117    -0.081476   -0.0190112
  0.00742809    0.0426263   0.00920574    0.0119194    0.0873453    0.0398109    0.0283981    0.0102433
  -0.0748249   -0.0143636    0.0140941   -0.0356741    0.0822333   -0.0278157    0.0797499     0.065056
    -0.15762   -0.0771763    -0.199104     0.129954    -0.165268  -0.00387075    0.0746781    0.0223546
   -0.234486    0.0204371    -0.262514    0.0100952    -0.115564    0.0389089   -0.0122135     0.155104
   -0.245834    0.0169203    -0.669304     0.150636    -0.403348    -0.193547   -0.0445333     0.285592
  -0.0685081    0.0534758    0.0224338    0.0938406    0.0536935    0.0659036   0.00262872   -0.0664278
   -0.239507    0.0670239    -0.240869    0.0439626    -0.199326   -0.0193545   -0.0491286      0.11039
   -0.119589      0.02225    -0.186112     0.164884    -0.146708    0.0104966    -0.071858    0.0358688
  -0.0634317   -0.0130867  -0.00728223    0.0555566    -0.100651    0.0592125   0.00281421    -0.018973
 -0.00348463    -0.107255    0.0457517    -0.173772    0.0161689  -0.00788028    0.0194998    -0.132146
 -0.00995991     0.011483    0.0578375   -0.0479132    -0.120251    0.0556812 -0.000387867   -0.0891505
    0.130988   -0.0628376    0.0912691    0.0516263    0.0818616     0.126401    0.0832318   -0.0900516
     0.26305    0.0205941     0.250703  -0.00105133      0.20481    -0.015589    -0.103032   -0.0397712
  -0.0329258    -0.066227    0.0324229  -0.00307276   -0.0331394    0.0554197   -0.0621612   -0.0593615
 -0.00635852    0.0439184     0.031253    0.0204322    0.0674322    0.0290307    0.0645964   -0.0359814
   0.0805718   -0.0368036  -0.00170909    -0.105819    0.0426105   -0.0847316   0.00741698    0.0471294
-0.000820388    0.0818481   -0.0717134  -0.00712811     -0.12153    0.0139979    -0.127378     0.123832
    0.207357   -0.0598808     0.194786     0.050384  -0.00737663   -0.0381377   -0.0732277    -0.101238
  -0.0884315    -0.100352   -0.0441468   -0.0363856    -0.252676   -0.0384326     0.081052   -0.0140097
    0.130365   -0.0312027    0.0420506   -0.0357783    0.0654555    0.0297615    0.0173591   -0.0780247
    0.193558    0.0482936   -0.0968391    0.0762415     0.151724    0.0527552    -0.106999    0.0640773
   -0.166367   0.00887872    -0.111618    0.0817789    -0.319431    0.0307526   -0.0624921  -0.00444171
   -0.224795     0.108762     -0.10155    -0.102279    -0.369561   -0.0834764    0.0343597     0.130766
    0.145694    0.0100335     0.277588   -0.0255717   0.00347491    0.0559004   -0.0203825    -0.182241
   -0.183687    -0.018606    0.0766622    -0.148306    -0.021359     0.044635   -0.0103227    0.0227791
  -0.0157763   -0.0436944     0.084296   0.00500628    0.0530277     0.105874     0.102808   -0.0998786
   0.0284675    0.0211035   -0.0363907   -0.0400473 -0.000671363  -0.00841734    0.0751844   -0.0495922
   0.0056534   -0.0771348   -0.0155758   0.00304854     0.124951   0.00414876   -0.0268526   -0.0215479
    0.016898   -0.0787225    0.0783531    0.0716635   0.00867786    0.0221883    0.0333554    0.0453046
   -0.133439    0.0453458   -0.0343789    0.0509146    -0.106849    0.0672031   -0.0600915     0.106096
   0.0388608   -0.0510386   -0.0513994     0.103666     0.100821   -0.0865226    0.0288202   -0.0656752
   -0.224056     0.122906    0.0375674    0.0455055   -0.0771638     0.228866    0.0484515    -0.076957
  -0.0823994   -0.0191863    -0.172679   -0.0288097   -0.0171078  -0.00165056    0.0368162    0.0127875
   -0.238139    0.0131143   -0.0631761     0.158914    -0.083947     0.179106   -0.0792047    0.0968281
   0.0657628   -0.0742055    0.0129175    0.0146283    0.0438356    0.0518067    0.0111062   -0.0319975
    0.375387    -0.130685  -0.00464023   -0.0696098    -0.311502    -0.191872   -0.0885857    0.0828846
   -0.180804    0.0300623    -0.200677   -0.0335476     -0.18402   -0.0952359  -0.00384189     0.208386
  -0.0557992    0.0540175    -0.158732    0.0751621    -0.154553  -0.00590616   -0.0267998     0.172925
  -0.0678972    0.0176566   -0.0815725    0.0662246    -0.134527    -0.050595    0.0657104    0.0653321
   0.0856535   -0.0995245     0.125512   -0.0835275     0.223415    0.0312124    0.0316851    -0.121242
   -0.164038   -0.0190183   -0.0566137    0.0843416    -0.214115   -0.0231396     0.250571    -0.182702
 -0.00797355     0.011918     0.102617     0.019569    0.0466271    0.0757617    0.0563018   0.00296578
   -0.302318    0.0481716    0.0796668    0.0938915    -0.285611    0.0286606    0.0913802    0.0199896
     0.10125    0.0976933    0.0466857    0.0678018     0.144117     0.164371    -0.160713    0.0431003
    0.125987    0.0956028     0.083075    0.0112182      0.26097   -0.0300874   -0.0733344   -0.0308463
  -0.0381979   -0.0871369   -0.0230439    -0.119437   -0.0223077   -0.0207952   -0.0964862     0.011271
   -0.354507  -0.00764808    -0.104708   -0.0399101   -0.0880419    0.0623276    0.0520541     0.100458
     0.13648    0.0434021     0.196196    0.0934211     0.384002    0.0321678   -0.0494374    -0.105235
  -0.0233599   -0.0459274     0.186585    -0.051119   -0.0639363    0.0412124     0.161762    -0.219391
   0.0446801   -0.0429185   0.00114793   0.00795237   -0.0320274     0.057701   -0.0255916     0.033225
   -0.261606     0.058683   -0.0528722   -0.0503479    -0.246404   0.00305196    0.0364685     0.105893
   -0.146662   -0.0886415   -0.0204034   -0.0310207   0.00881644    0.0147331    0.0291572   -0.0584921
  -0.0767666   -0.0708263   0.00227857   -0.0394508   -0.0817589    0.0264349    0.0418319   -0.0606381
 -0.00512378    0.0180906    -0.133363    0.0798242   0.00296137   -0.0646771   -0.0222799    0.0268569
   -0.271802   -0.0376174    -0.246068    -0.129491   -0.0912683   -0.0979501    0.0524128     0.153269
   -0.188756     0.051115   -0.0368965    -0.135028    -0.627543    0.0221871    -0.120096     0.195022
    0.584191    -0.120486     0.266744    -0.156784   -0.0461768    -0.235526    -0.248959   -0.0416423
    0.035878   -0.0240657    -0.142972   0.00127918    0.0661004  -0.00718573   -0.0959694     0.102079
    0.056393    0.0322116    0.0945334    0.0241576    0.0131205   0.00925505   -0.0343511   -0.0873161
   -0.107796    0.0357241    -0.067978   -0.0057931   -0.0935004    0.0168974   -0.0542357     0.107165
    0.078473   -0.0698721    0.0918345   -0.0273729    -0.302841  -0.00827812    0.0798695   -0.0616552
   -0.139433   -0.0405567   -0.0531322    0.0304959     0.106693    0.0480563    0.0422169    -0.013988
   -0.101246    0.0456017    -0.267033  -0.00778269    -0.145417    0.0757957   -0.0797372    0.0996584
    0.326204   -0.0273995    0.0523721  -0.00148504    -0.121097    -0.030417    -0.154325   -0.0357838
  -0.0353115   -0.0133076    -0.078288    0.0148633    -0.189144   -0.0833836   -0.0412124    0.0475928
  -0.0687833   -0.0048502    0.0601237   -0.0193301    -0.170602    0.0308601     0.135756   -0.0328003
  -0.0783809    -0.112834    -0.111688     -0.14834    -0.110232   -0.0190027   -0.0121176  -0.00625445
   0.0782102   -0.0506258    0.0941834   -0.0103285    0.0596416   -0.0522009   -0.0416518   -0.0675095
 -0.00438825   -0.0645678   -0.0514099    -0.131009     0.011017   0.00897548   -0.0286216    0.0984799
 -0.00632309  3.81048e-05    -0.221102    -0.153148     -0.16053   -0.0693816      -0.1432     0.249707
   0.0991298   -0.0911514     -0.09803  -0.00593507      0.10397  -0.00104444   -0.0805594   -0.0145122
   0.0177155   -0.0377025   -0.0374555    -0.023809    -0.213206   -0.0551536   -0.0249969   0.00901287
   0.0181957    -0.035677    0.0963844   -0.0796164    0.0649311   0.00580356  -0.00476489    0.0250831
   -0.158908    0.0017172  -0.00601556  -0.00207062    -0.228801   -0.0171121  -0.00797339    0.0508653
  -0.0363225   -0.0429268    -0.190235   -0.0301156    0.0504257    0.0234277    0.0545016    0.0764275
 -0.00572837    -0.207203    -0.268835   -0.0489176      0.19378    0.0328468   -0.0697351     0.146414
   0.0341172    0.0173312   -0.0388533    0.0226622   -0.0058426    0.0417478  -0.00191727   -0.0368291
   0.0613562   -0.0279533    -0.128484    0.0797987   -0.0850244   -0.0330927   -0.0755527   0.00554507
   0.0653676    0.0139047    -0.153947    0.0633515 -0.000843838      0.01842   -0.0297097    0.0796315
   0.0159538    0.0735294    0.0115284    0.0831804    -0.153838    0.0284387   -0.0760115     0.034592
   0.0177381   0.00286954    0.0705444  0.000392139     0.211682    0.0328516  -0.00267155   -0.0209564
  -0.0614837   -0.0409058  -0.00800809   -0.0423102    0.0240577     0.109727   -0.0331651   -0.0373108
   -0.256922    -0.105112     0.177854   -0.0557979   -0.0876684    0.0565588     0.170586    -0.156818
  -0.0443629   0.00511559   -0.0557493    0.0352971 -0.000195383    0.0726686  -0.00431996    0.0763044
  -0.0631714  -0.00812226    0.0652738      0.13654   -0.0345316     0.175967   -0.0937176    0.0289895
    0.121716   -0.0377749    -0.215108   -0.0759797   -0.0558052   -0.0850419   -0.0745377     0.156862
    0.167234   -0.0979813     0.010979    0.0110873    0.0927188    -0.068973   -0.0265325     0.030713
  -0.0932811     0.145139     0.152245     0.117831   -0.0802558     0.302234   -0.0972406   -0.0461811
    0.174396   -0.0781042    0.0506825    0.0232975    -0.124965   -0.0574083    -0.110959   -0.0498184
    0.134338    0.0165933     0.226438   -0.0287225     0.261708    0.0576575    0.0211027    -0.151806
   0.0670141    -0.164558    -0.143799    -0.168635    -0.171673    -0.121911  -0.00149841    0.0483732
  -0.0921559    -0.031168     -0.18833  -0.00503799    0.0539755   -0.0306524   -0.0677512     0.117246
   0.0689857    0.0273477    -0.249689   -0.0653586     0.158162    -0.008678    -0.178092     0.215129
    0.224089   -0.0624328    0.0716793    -0.129465   -0.0338176   -0.0808745   -0.0213844   -0.0281588
   -0.282193    0.0731324   -0.0339961    0.0400641    -0.145849    0.0877323   0.00802274  -0.00726948
    0.185545   -0.0683931    0.0107807  -0.00784778    0.0448822  -0.00730363   -0.0586626    0.0566795
   0.0462641   -0.0526574  -0.00193022    -0.115367  -0.00433988    -0.109386   -0.0745021    0.0506813
    0.377848    -0.122329    0.0808573    -0.232034    -0.203986    -0.277773   -0.0846811    0.0832261
      0.1207    -0.045245    0.0270515    -0.086992    0.0525907   -0.0940637    -0.051183    0.0129406
     0.02045    0.0295404    -0.146794   -0.0205988   -0.0228239   -0.0736523    -0.104494    0.0962969
    0.071882    0.0137038   -0.0175185   -0.0537515   -0.0526029    0.0008361    -0.109576   -0.0135727
    0.235996   -0.0467266     0.080087   -0.0111844   -0.0619589    0.0352654    -0.141898   -0.0659392
  -0.0517874    0.0427843    -0.122923   -0.0197836    0.0608247   -0.0307103     0.068156   -0.0300493
    0.165856   -0.0561382     0.107686   0.00424745     0.239682  -0.00107329   -0.0221065   -0.0218926
   -0.121423   -0.0219228   -0.0512241     0.073818   -0.0195714    0.0705917    -0.100889   -0.0171949
  -0.0148756   0.00959884     0.103369    0.0605998   -0.0370463   -0.0145135     0.106273   -0.0185371
   0.0298628    -0.031792    0.0331273   -0.0550418     0.099417    0.0330851    -0.128886    0.0205822
   -0.328658     0.122692    -0.216128    0.0918333    -0.369989   -0.0183505    -0.139666       0.1988
   -0.123703   -0.0120649   -0.0641874   0.00564448   -0.0983357    0.0682891   -0.0882938     0.102252
 -0.00850239   -0.0151891   -0.0405075    0.0036124   -0.0381368    0.0219142     0.043127   0.00348991
   -0.141076    0.0414757    -0.249182   -0.0106936    -0.264319   -0.0320142   -0.0556542      0.20683
  -0.0296897   -0.0267357     0.217277    0.0877701    0.0561793    0.0206966     0.136704    -0.148991
  -0.0620601    0.0556115     0.108702    0.0207436      0.12011    0.0516503   0.00737111     0.058032
    -0.16377     0.029958    0.0888114    0.0911325   -0.0587069     0.119913   -0.0475467   -0.0458964
   -0.129168    0.0167187     0.158453   -0.0454534   -0.0931852     0.133121  -0.00788769    -0.137378
   -0.136251     0.122931   -0.0148113   -0.0732169    -0.115437   -0.0193536    0.0815934     0.107371
 -0.00288605    0.0175387   -0.0473667   0.00279199   0.00409975    0.0313124    -0.110229   0.00344295
    0.105568   -0.0460281    -0.162582    0.0765968     0.250471   -0.0316851   -0.0377371      0.10732
  -0.0848867    -0.020718   -0.0459735   -0.0192859    -0.135723   -0.0233088    -0.102528    0.0300352
   0.0394167   0.00483079    0.0851934    -0.103803      0.14546    0.0726354 -0.000862995  -0.00476291
   -0.116452    0.0520287    0.0700444    0.0459972    -0.134565     0.190681   -0.0177451    -0.100983
  -0.0408383   -0.0705619   -0.0126243   -0.0385364     0.124627   -0.0701605    0.0894192   -0.0901844
     -0.1901   -0.0311615    0.0198808    -0.157536   -0.0561867   -0.0480948     0.021173    0.0929355
   -0.198597   -0.0462731    -0.331119   -0.0582589    0.0114514    -0.126968   -0.0892547     0.312903
   0.0519615    0.0228024     0.179796     0.101543     0.160542     0.215605   -0.0108935    -0.254146
  -0.0439957   -0.0853096     0.203367     -0.15235  -0.00932427   -0.0255606     0.168406    -0.183862
   0.0368365    0.0118866  -0.00469759    0.0973825    0.0511637    0.0786998   -0.0527208    0.0417102
  -0.0552115    0.0167563     0.093649   -0.0990384    -0.096226    0.0581021   -0.0522337   -0.0103702
  -0.0228292    0.0374043    0.0391145   0.00420192   0.00607942    0.0181124   -0.0516104    0.0179223
 0.000476342    0.0379132    0.0257198   -0.0317037     0.017323   -0.0230893    -0.169403    0.0823793
  -0.0598067    0.0480502   -0.0507784    0.0269513    0.0805051    0.0845178   -0.0438085    0.0336141
   -0.402523     0.120235    -0.129782   -0.0225745    -0.218068    0.0831405    0.0942333    0.0475393
  -0.0758291   -0.0125239    0.0580836     0.109769    -0.134092       0.2146   -0.0607402    -0.102138
   -0.107575 -0.000944967    -0.401911  -0.00148741    -0.404367    -0.204437    -0.143586     0.359961
    0.272237    -0.072324    -0.215145    -0.198926    0.0277941    -0.235054    -0.199953      0.28314
  -0.0126145   0.00494193    0.0546694    0.0301647   -0.0431408     0.108397    -0.104539   -0.0114591
   -0.284138    0.0665705    -0.243041    -0.167114   -0.0930891   -0.0787197   -0.0743108     0.223222
    -0.15152    0.0757682   -0.0876604     0.185428    -0.200178    0.0783806     0.041388   -0.0844503
    0.261666     0.167979     0.110787    0.0329628     0.206931    0.0883455    -0.042024  -0.00743032
   -0.153615    0.0375569    -0.123705   -0.0451605    -0.028038   -0.0945817    0.0968047    0.0590732
   0.0633352    0.0206156    0.0552099    0.0446954    0.0741304  0.000117806   -0.0540419    0.0465974
    0.142021    -0.080757   -0.0214977   -0.0594856    -0.150522    -0.114661    -0.106425    0.0390048
   -0.214022    -0.013449   -0.0668105   -0.0367428    -0.154015  -0.00123437   0.00338297    0.0673105
   0.0689589   -0.0168608     0.026054    0.0601236   -0.0890601    0.0402355   -0.0125372    0.0814006
    0.208093   -0.0694118     0.151629    0.0637251     0.293491     0.145431   -0.0411224    -0.169515
  -0.0709306    0.0188543     0.170756     0.007812    -0.130654    0.0790108   -0.0955444    -0.043221
  -0.0259074   -0.0138403     0.147298    0.0122568     0.053146     0.137884    0.0312009    -0.103871
   -0.136745   -0.0175241    -0.046644     0.021555    -0.203268   -0.0291932    0.0475252    -0.102265
   -0.019717    0.0550448     0.113355   -0.0195243     0.111398     0.151999   -0.0861539   -0.0899795
  -0.0122621   -0.0136628   -0.0159632   -0.0400247    0.0595991   0.00242607   -0.0634346     -0.01571
   0.0340602  -0.00319826   -0.0634672    0.0210025      0.11953    0.0216619   -0.0100704   -0.0306034
  -0.0333254    -0.125017    -0.252424   -0.0766362    -0.202326   -0.0811813   -0.0439684     0.167969
    0.103806   -0.0206873    -0.040444   -0.0475778    -0.360926    -0.028828  0.000610987     0.106137
   -0.263857     0.168905    0.0105429   -0.0354105    -0.268276     0.244036    -0.232073     0.179937
   0.0170079   -0.0232287    0.0287804    0.0500908   -0.0526164   -0.0269882   -0.0182466   -0.0152946
    0.223158    -0.028948  -0.00562877    -0.111353    -0.129585    -0.137331   -0.0858225    0.0390698
    0.186221   -0.0688189     0.131636   -0.0550576     0.163816   -0.0567253   -0.0314041   -0.0844617
  -0.0691461    0.0124152   -0.0242236   -0.0537052     0.118784     0.116174   -0.0518694   -0.0721247
  0.00672194     0.135556     0.267857     0.090177    0.0299086     0.252812   -0.0849031     -0.11625
   -0.144473   -0.0641779   -0.0957889    0.0473717    -0.230513    0.0762278     0.111391    -0.054195
  -0.0228365   -0.0766717    -0.214708     -0.10253     0.232957    -0.146052  -0.00252081     0.105253
   -0.016634     -0.01865   0.00128773  -0.00446996   -0.0675964   -0.0625015   -0.0405679   -0.0015093
  -0.0488133    0.0602472   0.00740927   -0.0631446    0.0241574    0.0137807   -0.0930685    0.0116078
    0.146771   0.00984673    0.0305032   -0.0258663    0.0569483    -0.115467   0.00449607   -0.0853944
  -0.0843961    0.0945615   -0.0835263     0.221075   -0.0767586    -0.042349    0.0206248   0.00434024
   0.0831729   -0.0158341     0.138315   0.00286421     0.220134     0.135173   -0.0817587    -0.199152
  -0.0783203    0.0649288    0.0302756   -0.0646376    0.0857264     0.067178   -0.0214859   -0.0539328
   0.0355039    0.0320933     0.108143     0.118039     0.092136    0.0641864   -0.0166848   -0.0544093
   0.0896147  -0.00411467    0.0466901    0.0211594    0.0473203    0.0105647    -0.110479    0.0143589
    -0.05581     0.096431    0.0012196     0.035098   -0.0538493    0.0661995    0.0027032   -0.0401193
    0.194228   -0.0155175     0.159958    0.0223244     0.488798     0.143302   -0.0443668   -0.0933455
   -0.216576   0.00396337   -0.0945618   -0.0275375    -0.142733    0.0400845   -0.0440602     0.096113
   0.0376769   -0.0331813   -0.0707923    -0.022432    0.0988707   0.00498353  -0.00565572    0.0483961
  -0.0446671    0.0565922    0.0716657     0.102333     0.195275    0.0915407  -0.00536947   -0.0796073
  0.00279995   -0.0213739   0.00392934     0.141538    0.0648335    0.0526826    0.0517621   -0.0631472
   0.0656664    0.0119893    0.0584121   -0.0322067   -0.0233171   -0.0165044   -0.0169945   -0.0941136
   -0.177052     0.110761    -0.333761    0.0588636     -0.16647   -0.0844396    -0.152428     0.336424
   -0.164357     0.039029     0.107788    -0.070801    -0.119018     0.152733    -0.102781   -0.0604041
   -0.236626   -0.0568645    -0.209082    -0.013495    -0.190439    -0.102024   -0.0496717   -0.0105708
  -0.0828192    0.0243334     -0.03057     0.136179       0.1409     0.102975     0.144721   -0.0609209
 -0.00766043   -0.0728641     0.114831    0.0181728    -0.101504   -0.0188699    0.0245489   -0.0347639
   0.0241555   -0.0527895     0.163104   -0.0171101     0.146523    0.0238951    0.0981909    -0.113608
    0.019206    -0.044808    0.0441781  -0.00541128   -0.0889813    0.0504516   -0.0846913    0.0249552
   0.0327533   0.00823491    -0.228343     0.245083    -0.163687    -0.165397   -0.0952539      0.15275
   -0.188369      0.11906    0.0150409   -0.0409755    -0.115935   -0.0104665    0.0240216   0.00698658
   0.0857857    0.0263961     0.108965   0.00135542    0.0705329    0.0489094    0.0367865    -0.141637
   -0.104753    -0.118658    -0.246851    -0.159359    0.0776019    -0.129473   0.00782701     0.180463
    0.195386     -0.05543    0.0758577    0.0439534     0.211924    0.0516364   -0.0346127    -0.153621
   -0.247638    0.0227692    0.0952936   -0.0544306    -0.132509   -0.0310282  -0.00163181   -0.0212887
  -0.0290694   -0.0161295   -0.0597977   -0.0424958   -0.0367876    0.0312695   -0.0631211    0.0240086
  -0.0805601  -0.00295795   -0.0452849     0.111109   -0.0556841    0.0808329   0.00475916    0.0838669
   -0.134517   -0.0578284   0.00969523   -0.0570421    0.0246147    0.0386093     0.101833   -0.0726983
  -0.0666094    0.0405343    0.0138813    0.0220112     0.134332     0.179574    0.0199075    -0.135647
   -0.160085    0.0435115    -0.188475    -0.035813    -0.293957   0.00923125   -0.0299365    0.0881973
 -0.00851296     0.040439   -0.0147687   -0.0219284   -0.0162539    0.0554749   -0.0433112   -0.0706392
   -0.271258    0.0320289   -0.0363885  -0.00888033   -0.0474309    0.0449369   -0.0383575    0.0530095
   0.0193551    0.0842117    0.0492267    0.0495035   -0.0814323  -0.00116942   -0.0383743   0.00428356
   -0.122357    0.0263119   -0.0798984    0.0824739     -0.08498   -0.0744193   -0.0515275    0.0428573
  -0.0760201    -0.116417    -0.087401    -0.124552    -0.156049   -0.0551746   0.00703139    0.0679299
   0.0641493    -0.061117      0.17968   -0.0658494   -0.0822419    0.0176445   -0.0116438   -0.0682458
   -0.202231    0.0550061   -0.0716905    0.0378862    -0.418565    0.0849242     -0.15103     0.144456
   0.0214378   -0.0389906   -0.0785524   -0.0441774   -0.0922561   -0.0641439   -0.0221369    0.0457708
    0.144292   -0.0747229    0.0328455   -0.0770888      0.22433   -0.0521796    0.0632193    -0.121767
   0.0653213   -0.0597114    0.0481333    0.0657725     0.245475   -0.0380973  -0.00348734    -0.114213
   0.0469033    0.0390012   -0.0309981   -0.0130948   -0.0191415   0.00581151    0.0256283    0.0115542
  -0.0879683    0.0944523    0.0194979   0.00237456    -0.100798       0.1496    0.0167537    0.0164667
  -0.0264893   -0.0209828  -0.00736842   -0.0368222     -0.15122   -0.0751627   0.00201598   -0.0330058
   -0.357449     0.142913   -0.0459349     0.177349    -0.222553     0.197271   -0.0619166   -0.0594158
   -0.374459    0.0490854    -0.126896   0.00821353    -0.314702    0.0641243   -0.0711074    0.0850037
     0.12138   -0.0581681     0.110679   0.00152211     0.231394    0.0233887    0.0691836   -0.0582401
   -0.172596   0.00108266   -0.0338113    0.0178206   -0.0573186   0.00644104    0.0585697    0.0553628
   0.0367782   -0.0374666    -0.112286   -0.0575635     0.191484    0.0288896     0.024403    0.0627515
   -0.204413   -0.0104052    -0.242025     0.173182    -0.177956     0.149805    -0.103604    0.0698857
    0.120195   -0.0577143    0.0389798    0.0382237    0.0635401     -0.08419   -0.0523683     0.040402
-0.000496914    -0.122805    0.0410256    0.0242873    -0.070421    -0.024572    0.0486821   -0.0884935
   -0.168806   -0.0224541   -0.0139101   -0.0129841   0.00856222     0.123198   -0.0543907  -0.00303742
  -0.0160596   -0.0726234   -0.0897653   -0.0346388   -0.0258693    0.0791169   -0.0582293    0.0558695
  -0.0771889   -0.0044541     0.141435     0.123654   -0.0675246     0.199796    0.0683672    -0.142221
   -0.137549   -0.0233872   -0.0777897    0.0128557    -0.071496   -0.0703941   -0.0520381    0.0852043
 -0.00967068   0.00912732    -0.070184    0.0514228    0.0169442   -0.0221543   -0.0561076   -0.0396026
   -0.191937     0.107565   -0.0879041    0.0547774   -0.0981905    0.0434324    0.0319533    0.0641908
    -0.11242     0.117849    -0.114706     0.142751    -0.257938   -0.0672509    -0.151391     0.118897
    -0.10048   -0.0103595    -0.164863    -0.129391   -0.0118365    0.0866446    0.0178352    0.0537875
  -0.0782462   -0.0355893    -0.127114    0.0361936   -0.0561669    0.0371202   -0.0302146  0.000204155
   -0.159043   -0.0904158    -0.321867    -0.177564   -0.0104257   -0.0918426   -0.0779001     0.230397
   -0.028526    0.0174631  -0.00727459    0.0138872     0.172247     0.164911   -0.0480282     -0.14207
   -0.155615  -0.00762179    0.0240805   -0.0208654   -0.0451732    0.0678215  0.000747954   0.00776897
   -0.119545   -0.0386998    -0.410273    -0.109556     0.146295    -0.240957    0.0286319     0.142969
  -0.0761409    0.0235549   -0.0251829    0.0436076   0.00430643    0.0415744    -0.072347    0.0863745
   -0.193856 -0.000508246    -0.179835   -0.0758053    -0.252424    0.0186672   -0.0941375     0.148248
    0.137699   -0.0113449    0.0462957    -0.019561      0.16692   -0.0222046   -0.0285911   0.00714086
  0.00076268   0.00876272    0.0427131    0.0146939    -0.117269   -0.0196451   -0.0848082     -0.01844
    0.174406   -0.0229545    0.0453511   -0.0846092    0.0053692   -0.0805028   -0.0751679   -0.0351111
    0.101898   -0.0199515    0.0381435    -0.146732     0.154865   -0.0475138   -0.0626885   -0.0544793
    0.108507     0.107648     0.204024     0.156167     0.119212    0.0795531  -0.00516067   -0.0544692
  -0.0101559   -0.0521519   -0.0753924   -0.0593615    -0.140449  -0.00786151   -0.0206615     0.170363
  0.00176533    0.0225479    0.0629205  -0.00257804    0.0348565   -0.0240489   -0.0946054   -0.0111748
     -0.3707    0.0869785    -0.324698    0.0114003    -0.301729   -0.0551072    -0.140228     0.353178
 -0.00462232   -0.0313297    0.0498059    -0.183385     0.224465   -0.0746338     -0.16707  -0.00362149
   -0.100923    0.0328473   -0.0549132   -0.0143989   -0.0603816    0.0737584   -0.0748749   -0.0451855
    0.105177    0.0415588     0.237004    0.0302993       0.3477    0.0993989    -0.103911     -0.14414
    -0.20437   -0.0131284    -0.158173    0.0230238   -0.0402772   -0.0157816    0.0682765    0.0636123
   -0.236207   -0.0321486    -0.194852   -0.0352435    -0.201653    0.0268504    0.0345078     0.142145
 -0.00896742   -0.0651163    -0.104176   -0.0879633    0.0554664   -0.0345941    0.0865894     0.103173
    0.167057   -0.0516896   -0.0459344    -0.177082    0.0249075   -0.0343604     -0.13954    0.0387549
   -0.164692   -0.0591629    -0.312449    -0.103896   -0.0839016    -0.129056   -0.0231791      0.24903
   -0.192724   -0.0233087    0.0127704   -0.0404089   -0.0533032   -0.0428921    0.0930714   -0.0422201
    0.276928   -0.0603956     0.184039   -0.0662629    -0.239008    -0.124715     -0.12427  -0.00669555
  -0.0164505    0.0353061   -0.0549772   -0.0301415    0.0992202   -0.0275487    0.0457484    0.0547477
    0.116554  -0.00831555    0.0699786     0.061318     0.113713     0.112944   -0.0522166   -0.0850704
  -0.0284105    -0.035942     0.153397   -0.0536973   -0.0779247  -0.00241977    0.0923357    -0.134179
  -0.0164346    0.0234511   -0.0896627    0.0358659   -0.0731627    0.0329945   -0.0244871   0.00203281
  -0.0487931   0.00739287    0.0750877   -0.0280503    0.0549258    0.0778594   -0.0532985    0.0334793
   0.0445207   -0.0429869    0.0170927   -0.0200052     0.172177   -0.0922295   -0.0478191     0.048964
  -0.0398606    0.0379876   -0.0355953    0.0605279   -0.0831944    0.0692397   -0.0699196     0.036786
    0.156589    -0.033595   -0.0116568    0.0753523    -0.256091    0.0215941    -0.116631   -0.0655626
   -0.256642     0.174122    -0.058309   -0.0159297    -0.452113     0.136457     -0.21103     0.295899
   -0.124446   -0.0386322    -0.114079    -0.142687     0.117549    0.0447971     -0.11821    0.0786123
  -0.0460887    0.0121755    -0.326995    0.0991765    0.0665629    -0.175141    0.0323976     0.105063
  -0.0629457    0.0743767    -0.119626     0.035498    -0.269588   -0.0407387    -0.156074     0.167285
  -0.0300182   0.00172191   -0.0586738    0.0227005     -0.19191    0.0147703   -0.0344738    0.0312334
   0.0880515   -0.0479361    0.0153411    0.0298907     0.108725    0.0731399   -0.0144707   -0.0508709
  -0.0089309   0.00683271    -0.274396    0.0660369    -0.233621    -0.120167    -0.137514    0.0750077
   0.0549971   -0.0320391    0.0183594     0.107989    -0.134191    0.0107909   -0.0405302   -0.0136548
   -0.151904   -0.0715724     0.171093   -0.0302895    0.0603398      0.15813     0.108969    -0.102274
  -0.0247528   -0.0215819    0.0114177   -0.0514283    0.0647907    0.0558751   -0.0757199    0.0039557
   -0.120294   -0.0317334     0.106798   -0.0366914    -0.160338     0.098656    0.0278649   -0.0328045
  -0.0216191   -0.0630524   0.00422228  -0.00322756    -0.170497   -0.0122892    -0.102898    0.0231331
   -0.128812     0.045783    -0.349204     0.128262     -0.49218     -0.12129    -0.214132     0.451172
   0.0303769    0.0245257     -0.10186    0.0714116    0.0737428   -0.0580791   -0.0587152    0.0915112
  -0.0740515  -0.00671207     -0.14441   -0.0948031    -0.172487     0.143643    -0.312864     0.233818
   -0.183764    0.0340374    -0.223807     0.100334    -0.419815    -0.185323    0.0295919     0.120612
  -0.0625719    -0.013395    0.0455963   -0.0494299   -0.0825275    -0.032092   -0.0705272    0.0977776
   0.0725512    0.0079903    0.0819451    0.0121987     0.171178     0.044887    0.0505101    0.0012054
   -0.109989   -0.0132936    0.0217694    0.0248321    0.0148795    0.0771124      0.10373    0.0143195
  -0.0778636    -0.193236     -1.04173    -0.306503     0.109867    -0.243282    -0.355928     0.657228
  -0.0734519   0.00519843     0.109441    0.0260762   -0.0391847  -0.00562193    0.0255072  -0.00851475
   -0.293933   -0.0328023    0.0262218     0.113983    -0.307805    0.0368293     0.166418   -0.0653667
     0.13387   0.00514896     0.387086 -0.000903571     0.164058     0.255032    -0.153765    -0.265387
  -0.0766973     0.117398   -0.0275361    0.0256832    0.0375865    0.0491706   -0.0896334     0.013259
   0.0408615   -0.0614377    -0.286991    -0.060888    -0.205011    -0.163115   -0.0206514     0.116731
   -0.281418    0.0497723    0.0972045   -0.0889798    -0.188556     0.192005    0.0273906   -0.0213171
   -0.037832  -0.00946854      0.10923   -0.0191797  -0.00250462    0.0786432    0.0779895     -0.20489
  -0.0575887    -0.027525    -0.124978    0.0583527    0.0960183   -0.0204074     0.046293    -0.054223
   -0.125649   -0.0791057    -0.283244    -0.191121   -0.0523004    0.0489765    -0.202821     0.269625
  -0.0839437    0.0342953      -0.2224    0.0914197   -0.0928144    0.0152394    -0.119946     0.194146
   -0.159091    0.0164645    -0.174133   -0.0380693    -0.278735   -0.0614824   -0.0286529    0.0982457
   -0.090349   -0.0955773    0.0309697   -0.0468532    -0.202272   0.00739585    0.0794397   -0.0501823
   -0.119991    0.0656243   -0.0354619    0.0711415   -0.0622882    0.0138115    -0.072004   -0.0230829
    -0.25147     0.107328   -0.0695925     0.135066    -0.223238    0.0339342    0.0405123    0.0689706
   0.0377352   -0.0815976    -0.150549   -0.0170525   -0.0203996    0.0306836     -0.18488    0.0804341
   0.0173569    0.0304139    0.0128257    0.0648069    -0.137691    0.0367051   -0.0478378   -0.0578458
   0.0424236    0.0433367   0.00439228    0.0579694     0.130549    0.0735944    -0.116274   -0.0458848
  -0.0934687   -0.0498424    -0.110759     0.101747   -0.0752933    0.0463669   -0.0296594   0.00674725
   -0.068843     0.121966   -0.0777441    0.0860943    -0.104724    0.0140414   -0.0658048    0.0389011
  -0.0177883    0.0300091    -0.147058   -0.0976891    -0.188435    -0.123396    0.0496088    0.0582577
   -0.248807   -0.0572641    -0.326591    -0.184109  0.000912398    -0.145927    0.0140241     0.197149
  -0.0438035    0.0582305     0.276443   -0.0563546    0.0590796    0.0659046    0.0561668    -0.185724
   -0.103294    0.0902614    -0.465532    0.0354277    -0.487282    -0.237112    -0.159513     0.337498
   -0.030487    0.0244641  -0.00710731   0.00447303     0.120418   -0.0385351    0.0248876  -0.00722158
    -0.25972   -0.0940383    -0.238588   0.00858569   -0.0214663   -0.0853801    0.0805316     0.147109
    -0.07228    0.0700081   -0.0828709   -0.0361359    0.0741249    0.0126728   -0.0396086  0.000152799
  -0.0937423    0.0444247    -0.201452    0.0592278    0.0392405    0.0290601     0.068496    0.0161129
   0.0085881    0.0342396    0.0827148  -0.00429901   -0.0124247      0.11448   -0.0476618    0.0686464
    0.217211   -0.0611181     0.100782    -0.150819     0.248502   -0.0804082   -0.0209468   -0.0204047
    -0.19023    -0.060854    -0.295283   -0.0428187    -0.117253     0.121956    -0.106362     0.178175
    0.129049   0.00673967    -0.266241    -0.153058    -0.200813     -0.19011    -0.190782     0.183409
  -0.0364814  -0.00728582    0.0260065   -0.0844462   -0.0771439    0.0135153   0.00615049    -0.022189
   0.0834824   0.00142592   0.00861722    0.0320747    0.0121667  -0.00582607   -0.0684679   -0.0198506
   -0.150928   -0.0948272    -0.351739    -0.230397    -0.248955     -0.11353    -0.214107     0.292737
    0.210347    -0.137921     0.302197    -0.100377    -0.116306   -0.0220149   -0.0915718    -0.146501
   -0.084017    -0.021275    0.0491768   -0.0715364  -0.00726377    0.0256443   -0.0604452   -0.0400909
   -0.111001     0.158675     0.141316   -0.0884858    0.0153662     0.191133    -0.188265    0.0387087
   0.0674258    0.0403455    0.0538509    0.0545094    0.0633583    0.0993364    -0.114516     0.011759
  -0.0518566      0.11346    0.0279315    0.0757187   -0.0168282    0.0499734   -0.0228638   -0.0542902
 -0.00256001   0.00744518    0.0613252   -0.0315862   0.00800086     0.102677  -0.00931022    -0.100364
   -0.226909    0.0165143    -0.178502   0.00656525    -0.161049     0.109249    0.0302445    0.0599028
   -0.284684     0.114571   -0.0968218    0.0467333    -0.425629     0.221218      -0.1104     0.185921
   0.0797223   -0.0370895     0.340546    0.0197918     0.284082     0.345962   0.00820262    -0.307121
  -0.0442801    0.0134002    0.0185756    0.0288071  -0.00184321    0.0499434    0.0455959    0.0341728
 -0.00488555   -0.0725981   -0.0263072    -0.056399   -0.0248876   -0.0512253   -0.0380586    0.0250578
   -0.160532   -0.0323227   -0.0998391   -0.0535041   -0.0954442   -0.0694363    0.0492766    0.0106888
   0.0757044    -0.125847    0.0345454    -0.179811     0.215453    0.0136752    0.0813154     -0.12305
   -0.197968   -0.0497221    -0.285942    0.0223264    -0.203371    -0.107008    0.0388226     0.110494
     0.22763    0.0718527     0.143492     0.163681     0.394791    0.0674139   -0.0575648   -0.0264271
  -0.0786592   -0.0272365   -0.0421325   -0.0334022   -0.0422711    0.0256214   -0.0488342    0.0986177
    0.160797   -0.0573446  -0.00637687    0.0913396    0.0788471    0.0554436   -0.0760273   -0.0889598
   0.0378441   -0.0648161     0.175088    0.0461764    0.0968922     0.131708   -0.0293174   -0.0256439
   -0.112568   0.00577205    0.0389623   -0.0445113   0.00304611  -0.00535353    0.0101965   -0.0164279
   0.0120909   0.00250049    -0.105774   -0.0675474   -0.0545381   -0.0117215    0.0251709    0.0666551
    0.036314   0.00140105    0.0397968    -0.110604    0.0933419   -0.0388056    0.0281631   -0.0673279
  -0.0312789   0.00990428    0.0778658     0.060975   -0.0154149    0.0454538   -0.0360943   -0.0110815
  0.00460735   0.00591548    0.0308364    0.0115649    -0.112109   -0.0149897   -0.0302434    0.0718513
    0.232254    0.0579019     0.106387    0.0228341    -0.151248    0.0252213    -0.140292     -0.03385
    0.062214    0.0316986     0.209798     0.134836    -0.061263     0.112419    -0.121881   -0.0967318
   -0.274588   -0.0425869   -0.0679316  0.000659471   -0.0670029  -0.00216807    0.0659852     0.035697
  -0.0285105    0.0428671    0.0289489    0.0709896   -0.0383715     0.041311    0.0422055   -0.0242332
   -0.149041   -0.0082358    -0.167527  -0.00469025    -0.125676   -0.0109288    -0.105467     0.144981
  -0.0218886   0.00420235   -0.0183801    0.0569771    0.0189159    0.0229893    0.0705838   -0.0525139
  0.00623429   0.00305143   -0.0579689   -0.0328209   -0.0941114    0.0147346    0.0250833   -0.0207093
  -0.0962603    0.0088202   -0.0580681   -0.0525406    -0.241287   -0.0426646    0.0478561   -0.0190545
  -0.0283649    0.0526173  -0.00371916     0.148301   -0.0891069     0.193875   -0.0808541   -0.0163925
  -0.0475854  -0.00918535    -0.264332    -0.117686   0.00410296    -0.110027   -0.0734889     0.157027
  -0.0397432    0.0365965    -0.071499   -0.0458179    0.0388523   -0.0217134   -0.0458495    -0.033989
  -0.0828962   0.00234153   -0.0897873     0.032781    -0.105653   -0.0761544   -0.0322197    0.0412604
  -0.0441007    0.0363509  8.25607e-05   -0.0425542   -0.0677626   0.00425427    -0.031679    0.0905329
   0.0869332   -0.0629247   0.00453201   -0.0339181   -0.0327516    -0.070581   -0.0702886   -0.0283276
  -0.0745274   -0.0567685    0.0242643    -0.108704     0.106258    -0.045924   -0.0245899    -0.031777
   0.0738666   -0.0842863    -0.117408    0.0520217    0.0156362   -0.0460146   -0.0695422    0.0346876
   0.0209471   -0.0164151    0.0790992    0.0722158   -0.0625151    0.0407655  -0.00977665   -0.0147413
    -0.06815     0.091784     -0.16401    0.0568291   0.00407958    0.0326839    -0.110019    0.0797359
   0.0371765    -0.101519     0.161546    -0.106488     0.244777    0.0353886    0.0296918    -0.136284
   0.0423862  -0.00488421    0.0942106    -0.109897    0.0868653     0.123177    0.0458276   -0.0379061
   0.0791322    0.0753984   -0.0122721   0.00571831     0.074481    0.0765591   -0.0825796     0.028558
  -0.0856397   0.00769738     0.116464     0.116804   -0.0669718    0.0088383    0.0161806   -0.0343229
   -0.130913    -0.083316   -0.0675367   -0.0332666     0.171178   -0.0377214    0.0225998   -0.0512344
   -0.174714    0.0667161    0.0298215   -0.0362062    -0.208095      0.15676    0.0200334   -0.0746473
  0.00854732  -0.00975374   -0.0499571   -0.0676959    -0.066137    0.0274822   -0.0195164    0.0423827
  -0.0362421   -0.0231976    0.0566728   -0.0352536   -0.0161387    0.0901687   -0.0315806    -0.059563
  -0.0707612    0.0281562    0.0236975   -0.0348173    0.0135658     0.038162    0.0335628   -0.0949279
    0.188294    0.0220624     0.194135    0.0359783     0.289739    0.0734451   -0.0407167    -0.118934
   0.0809891   -0.0297676    0.0457432   -0.0244641   -0.0410805   -0.0905889    0.0521582   -0.0544047
    0.076217     0.023559    0.0776688    0.0442044    0.0471273      0.15888  -0.00380516    -0.109225
    0.113108  -0.00894195     0.132567   -0.0355277     0.374801    0.0919213  -0.00838818    -0.139806