   -0.144889     -0.11202   -0.0950351    -0.146939
    0.224034     0.171057    0.0412185     0.065368
    0.112006   -0.0674064    -0.159124    -0.252499
   0.0489819   -0.0618621   0.00954865    0.0339777
  -0.0122355    0.0685333    0.0129342   -0.0176769
     0.30743     0.140089    0.0276228   -0.0498477
  -0.0861989    0.0128777   0.00994406    -0.167123
  -0.0319252   -0.0501227      0.13178     0.360305
   -0.156195   -0.0705268   -0.0675504   -0.0817426
   -0.102751   -0.0898732     0.014239   0.00371291
    -0.17003    -0.133397   -0.0971039   -0.0178963
  -0.0224888   -0.0709336   -0.0616096   -0.0980849
  0.00569076    -0.066536    0.0745172   -0.0381928
    0.138621    0.0460496    0.0486933     0.160367
   -0.150287   -0.0228476    0.0579485    0.0907495
   -0.211496     -0.22749   -0.0769933    0.0474064
   0.0249668   0.00433526   -0.0121398     0.016302
    0.178952      0.15283    0.0392391    0.0891203
    0.360786     0.124252     0.115123     0.355879
   -0.172642    -0.132547    -0.116298    -0.170506
   -0.265498    -0.127001   -0.0290454   -0.0958275
   0.0659468    0.0185984      0.10158     0.168962
  -0.0895455 -0.000944163    -0.062456    -0.116816
   -0.414705    -0.142272   -0.0602575   -0.0643022
    0.449065     0.130337    0.0619939    0.0864147
   0.0455368      0.11126     0.136452     0.181894
   -0.320227    -0.204656    -0.130012     -0.18545
     0.01151    0.0553952    0.0123154     0.179385
   -0.173561    -0.100875    -0.062104     0.059436
   -0.031968   -0.0362008   -0.0595417    -0.114401
  -0.0979114   -0.0468713   -0.0723031    -0.124938
   0.0211729   -0.0275843   -0.0285667     0.104153
   -0.179505   -0.0995979    0.0569339    0.0300377
    0.214176     0.135721   -0.0448531   -0.0139942
  -0.0208979    0.0325994    0.0446824    0.0530698
    0.149442    0.0523679    0.0715821     0.178875
   -0.271122    -0.249852    -0.101364   0.00715506
   0.0112769   -0.0754153    0.0668962     0.167965
   -0.179752    -0.129016   -0.0740655    -0.151427
    0.271454     0.135749      0.12105     0.197091
  -0.0212522   -0.0656066   -0.0697376    -0.124162
  -0.0206861    -0.175755    -0.201111    -0.363687
   -0.123965   -0.0756394   -0.0854089   -0.0818195
    0.147077    0.0425232    0.0333088    0.0647523
  -0.0237889    0.0147283     0.166235     0.280017
  -0.0798403   -0.0254216    0.0330776   -0.0633116
 -0.00663913   -0.0723535  -0.00854336   0.00663082
 -0.00619057   -0.0212167   -0.0637304    0.0630303
    0.277814    0.0923339    0.0487617     0.101501
   0.0477869     -0.02447   -0.0516721    -0.131317
  -0.0413744   -0.0650688   -0.0821713   -0.0474737
   -0.231601    -0.136752    -0.121395   -0.0607967
    0.107193    0.0884089    0.0476475     0.145539
   0.0619789    0.0839635     0.013297    0.0281365
   0.0916064    0.0602619    0.0227307     0.135963
    0.101955     0.109958    -0.019574    -0.254066
   0.0448545    0.0583207   0.00894196     0.153043
  0.00141218   0.00217445  0.000974841    -0.121534
   -0.120096   -0.0409403   -0.0179395   -0.0381432
   -0.044481   -0.0556149   -0.0626516   -0.0257309
   -0.189266    -0.201067   -0.0342625    0.0642508
  -0.0324332   -0.0148081     0.102053      0.17729
   0.0966125    0.0886744    0.0713126     0.123053
    0.175714     0.140613   -0.0555075   -0.0616134
  -0.0883886   -0.0245768   -0.0530727   -0.0318057
    0.086953  -0.00801835   -0.0671907    -0.170972
   0.0755199    -0.036329     0.019728    0.0349379
    0.334145     0.100364    0.0870576     0.264285
  -0.0438966  -0.00757445   -0.0561728   -0.0128202
 -0.00710388   -0.0132964      0.01301   -0.0674746
    0.384653     0.109614    0.0815741    0.0660033
  -0.0518681   -0.0129947   -0.0120872    -0.055063
  -0.0406889   -0.0136323   -0.0345115  -0.00523942
  -0.0782565   -0.0482492    0.0410132   -0.0564811
   -0.282869    -0.102058    0.0976963     0.211546
   0.0649684   -0.0100118   -0.0315502    0.0151161
  -0.0820411    -0.084042   -0.0171305   -0.0689188
  -0.0777179    -0.156168    0.0139323    0.0296454
  -0.0834442   -0.0322934   -0.0489892    -0.143654
   0.0518128   -0.0247568   -0.0454917    0.0358454
    -0.03399    0.0543052   -0.0739091 -0.000642452
  -0.0294374    0.0289234   -0.0320018    0.0523885
   -0.289555    -0.197491    -0.104988    -0.158441
   0.0337669    0.0268945  -0.00349565   -0.0383403
    0.161078    0.0893858    0.0159899    -0.103693
   0.0117462    0.0846566    0.0157441    -0.071789
 0.000626128   0.00639077   -0.0796221    -0.114535
    0.235428   -0.0201527    -0.096182   -0.0833992
  -0.0204532  -0.00926251   -0.0610281    -0.114496
  0.00491263    0.0661998    0.0112513    -0.103496
  0.00395809  -0.00164672    0.0447718    0.0956805
   0.0319324   -0.0306061   -0.0241664   -0.0640615
  -0.0883803    0.0560234  -0.00150479   0.00580399
  -0.0353123   -0.0970053    -0.079522    0.0119558
   -0.210622    -0.181052   -0.0241498    -0.045291
  -0.0896956    -0.072885    0.0256615    0.0259752
  -0.0708015   -0.0990087    0.0154494     0.088011
    0.256117    0.0470376   -0.0170576   -0.0450692
   -0.131431   -0.0500679    0.0113414   -0.0332613
  -0.0972924    -0.072337    0.0470098    0.0900795
    0.111934    0.0917694   -0.0553836   -0.0289906
 -0.00336756    0.0623918    0.0424582    0.0615384
 -0.00683684   -0.0639037    0.0238442   -0.0808425
     0.18261   -0.0527633    0.0776839     0.161046
  -0.0388247   -0.0360907   0.00408569    0.0257512
  -0.0931861    -0.183518     0.124682       0.2977
   0.0825225  -0.00458192    0.0154776    -0.119003
    0.100625    0.0759819   -0.0897184    -0.297538
   -0.161285    -0.085832   -0.0547531   0.00837822
   0.0240015   -0.0339398   -0.0806734   -0.0760669
   0.0229436    0.0041575   -0.0111102    0.0712656
  -0.0645698    -0.017416    0.0581225     0.248993
    0.219384       0.1554    0.0417694  -0.00434945
    0.313336     0.254362    0.0387464    -0.194692
   -0.233921     -0.12848    0.0603379   -0.0547592
   0.0495107     0.153547   -0.0377968    -0.153719
   -0.150918   -0.0606766   -0.0481035   -0.0994166
    0.105773    0.0682142   -0.0509524   -0.0656427
   0.0467247   -0.0449831   -0.0541821    0.0229185
   -0.050504   -0.0841187    0.0820435     0.109827
  -0.0172962    -0.063685    0.0801409    0.0517237
    0.020299    0.0574644     -0.07552    -0.332897
   -0.155269   -0.0516094   0.00959118    0.0519758
   -0.103901    -0.065054    0.0743657     0.161391
    0.108029    0.0580552    0.0578906    -0.113359
   0.0771075    0.0116682   -0.0367497    0.0366981
    0.657671      0.60748   -0.0336717    -0.197986
   -0.227623    -0.107436    -0.124871     -0.24221
   -0.147953   -0.0345313   -0.0387523   -0.0862524
   0.0635962    0.0265551    0.0212267     0.259382
  -0.0530713   -0.0909019   -0.0367124    -0.184876
  -0.0496944   -0.0638249   0.00494552    -0.028448
  -0.0424385    -0.059181    0.0385604 -0.000620275
   -0.297877    -0.139541     0.027151   0.00205348
  -0.0678013   -0.0495666   -0.0307552   -0.0539754
  -0.0338491    0.0331444  -0.00605945    0.0491129
   0.0145781    0.0877742    0.0259767   -0.0238278
    -0.11659    -0.104241   -0.0793468    -0.069991
     0.14278   -0.0036241     0.100078     0.186229
   -0.164285    -0.147768   -0.0540886      0.15256
    0.246124    -0.031838   -0.0174636    -0.134052
    0.181214    0.0721351    0.0636306     0.118412
  0.00438828   -0.0819068   -0.0011448     0.043664
   -0.138021   -0.0598353   -0.0264644    0.0343263
    0.139218    0.0155475   -0.0270805     0.185586
   -0.043419    -0.116014   -0.0243559    0.0778817
    0.102932     0.052913   -0.0278338   -0.0527517
   -0.152348     -0.02438    -0.073911     -0.17584
   0.0353397   -0.0312434     -0.02815    -0.106902
    0.189229     0.136137     0.074569   0.00213653
   0.0302884   -0.0690455   -0.0482097    -0.179835
  -0.0532527   -0.0278912    0.0101083     0.112449
    0.151139    0.0592044    0.0363713    0.0673908
   -0.123959   0.00242273    0.0536378   -0.0506397
  -0.0327095   -0.0260736   -0.0373636   -0.0210581
  -0.0684528   -0.0245127   -0.0404743    0.0162176
   0.0714724   -0.0230244   -0.0503331    0.0531789
  -0.0486021   -0.0941168   -0.0264569   -0.0436309
   -0.016711   0.00466514  0.000454263   -0.0237123
    0.313917    0.0831856    0.0661525     0.180421
   -0.222922    -0.220861    -0.222205    -0.504982
  -0.0202543   -0.0767371   -0.0377518   -0.0752325
  -0.0754852   -0.0822467    -0.100025   -0.0619715
   -0.039219    -0.124877   -0.0790024   -0.0115514
     0.38304      0.29214   -0.0267671    -0.382809
  -0.0890913    0.0145605   -0.0455232    -0.173366
  -0.0448095     -0.12969   -0.0277396   -0.0170801
    0.176572    0.0591535     0.025541   -0.0647124
   0.0751784   0.00537766   -0.0491553   0.00360112
   -0.053585    -0.164068   -0.0500161   -0.0988493
   0.0491854   0.00532935    0.0274647     0.101145
   -0.111546   -0.0375216   0.00576555   -0.0595422
   0.0360191    0.0142925    0.0704049      0.10993
  -0.0574209   -0.0178037   -0.0310955    0.0618089
   -0.120283   -0.0606301     0.025246   -0.0351893
   0.0183956    0.0332007     0.041116    0.0346528
   0.0384503    0.0173281   0.00489303    0.0772053
   -0.433694    -0.302044    -0.140897   -0.0456851
    0.044844     0.124058   -0.0183932    -0.114592
    0.156256    0.0418055   -0.0399714    0.0368953
    0.171323    0.0243182  -0.00373728   -0.0886463
    0.224837     0.192936     0.195579     0.438006
   0.0303499   -0.0702036    -0.013905   -0.0746562
   0.0436436   -0.0140139   -0.0442733   -0.0356103
  -0.0874716   -0.0959108   -0.0019856    0.0217892
   0.0471381    0.0301424    0.0271234    0.0659752
    0.059092    0.0658958   -0.0157585   -0.0781158
   -0.184429   -0.0642837   -0.0129731    -0.188855
   -0.583987    -0.412269    -0.100114    -0.229785
  -0.0314767    0.0153567   0.00741462    -0.140691
    0.131313     0.116018   -0.0410143    0.0102422
    0.204162       0.1219  -0.00916066    0.0472094
  -0.0842127   -0.0604197   -0.0615305  -0.00547082
   0.0422271    -0.028112    0.0107745    0.0740793
    0.299293      0.12803    0.0280472   -0.0597835
    0.444456      0.18515   -0.0112219   -0.0419045
   0.0245231    -0.012048  -0.00928711     0.125054
    0.183568    -0.021249    0.0224238   -0.0835358
   0.0343374   -0.0466353    0.0277346   -0.0216137
  0.00332348    0.0292186   -0.0551316   -0.0436527
    0.018238    -0.128998   -0.0753366   -0.0481755
    0.199819   -0.0063715   -0.0636122    -0.108452
   0.0793162    0.0142402     0.111786     0.138081
    0.217737    0.0969789     0.130173     0.348476
   0.0532913    0.0913584    0.0091939   -0.0871049
     0.32275     0.257907     0.029807   -0.0786643
   -0.189219    -0.119884   -0.0245555     -0.10687
  -0.0500736   -0.0137685    0.0623233    0.0493508
   0.0446327   -0.0493589    0.0290206    0.0160644
  -0.0587641      0.01817   -0.0748967   -0.0784478
    0.112739     0.105132   -0.0271588     0.055583
   -0.177423    -0.136097   -0.0566622    -0.140061
    0.100582   -0.0740607    0.0444897   -0.0449421
   -0.162461    -0.160564   -0.0572624    -0.192007
  -0.0670565   -0.0983134   -0.0454429   -0.0500117
   -0.177061    -0.153017   -0.0235329   0.00210985
    0.109609    0.0064403   -0.0578665     -0.16913
   0.0704317     0.033016    0.0722494    0.0776872
 -0.00724445   -0.0902252   -0.0482834    0.0193932
    0.136729   -0.0304369    -0.047076    0.0253457
   0.0215035   -0.0450151   0.00142533   -0.0953128
   0.0482295    0.0899998    0.0245267    0.0642998
    0.132433    0.0406011    0.0541165     0.141735
  -0.0973425  -0.00523829    0.0134853   -0.0334151
 -0.00420811   -0.0819613   -0.0595482   -0.0430198
    0.159145    0.0628185    0.0697393    0.0497819
    0.277737     0.197679     0.172723     0.272767
   0.0933779   -0.0223274  -0.00634326  -0.00671623
  0.00379277   -0.0233772   -0.0328461    -0.222385
    0.129023    0.0656518   0.00221024   -0.0660946
   -0.153837   -0.0711358    0.0370187     0.148849
   -0.113635  -0.00864936    -0.126644     -0.11004
    0.355796      0.25675   -0.0184546    -0.362488
   -0.163041   -0.0965931   -0.0316546   -0.0493533
  -0.0431016  -0.00337269    0.0230911    -0.101003
   -0.132981    -0.217958   -0.0217892  -0.00601319
   -0.169492    -0.136935   -0.0590697   -0.0666784
   -0.159228    -0.164438   -0.0304599   -0.0318371
    0.187719     0.140613     0.082159     0.262251
    0.116947    0.0432315    0.0681559    0.0471169
   0.0899518   -0.0167428     0.018828   -0.0396488
  -0.0293953   -0.0298201   -0.0760028    -0.175938
    0.264021     0.178564  -0.00722591    0.0404886
   -0.216379    -0.240459   -0.0452479    -0.174347
  -0.0605864   -0.0522044    0.0382454    0.0352298
   -0.029159   -0.0210796   0.00708859    -0.102103
    0.199974     0.143089    0.0560574    0.0504544
   -0.102749     -0.11266   -0.0908022    -0.206426
     0.10187   -0.0363474    0.0125902    0.0220929
    0.214531     0.163175    0.0107581    -0.143375
    0.162927    0.0151284   -0.0133599    -0.103227
   0.0192415   -0.0398874    -0.114111    -0.252416
   0.0340586    0.0260897    0.0595816    0.0848328
   0.0081908   -0.0632773   -0.0298268   -0.0104855
    0.527979     0.405639    -0.135698    -0.419607
   0.0756987     0.122431    0.0254658   -0.0580787
  0.00106684   0.00778349     -0.10051   -0.0727609
  -0.0327742    -0.090214   0.00717516    -0.127956
    0.058323    0.0182301   -0.0484655    0.0731959
    0.124961     0.124319    0.0875263    0.0593759
   0.0442354   -0.0154827    0.0196913   -0.0144344
   0.0764763    0.0263017    0.0485982    0.0678259
  -0.0741999   -0.0631071    0.0178097    0.0369964
   0.0966647    0.0417606    0.0390555    0.0800297
     0.11861    0.0287629    -0.036205   -0.0435059
    0.188927    0.0575969     0.150683     0.282676
    0.201372     0.150786     0.100228    0.0718843
    0.185527  -0.00938466    0.0184696    0.0845678
  -0.0311426   -0.0253922    0.0876223     0.291951
 -0.00477746   -0.0209584   -0.0393127   -0.0457489
   -0.125365    -0.158308   -0.0595498   -0.0097966
    0.227111     0.268803      0.11808     0.178466
  -0.0582257   -0.0519671    0.0102614    0.0354262
  -0.0412891    -0.123421    0.0271991     0.114716
   0.0936771   -0.0278101    -0.022443   -0.0202429
    -0.15713    -0.246548   -0.0452887    -0.056029
    0.014822    0.0017673   -0.0769425   -0.0314871
    0.311825     0.268025     0.092263   0.00458611
   0.0353636    0.0600842    0.0902609    0.0210926
   0.0620588    0.0212684   0.00947837     0.107347
 -0.00639497   -0.0886546    0.0137941    -0.075606
   0.0392558    0.0849252   -0.0389108   -0.0848112
    0.201561     0.163295    0.0168677    -0.103601
  -0.0629285   -0.0655808     0.113212     0.319209
    0.104356    0.0888615    0.0812092    0.0521808
  -0.0269186    -0.177618    0.0121151    0.0927793
   -0.232607    -0.185191    -0.120552    -0.292134
    0.116689    0.0253298    0.0535052    0.0575008
  -0.0446584   0.00331931     -0.03428    -0.022042
   0.0915936    0.0168507   -0.0232839    0.0143924
  -0.0223926   -0.0267573    0.0603263     0.132257
    0.131045    0.0753885  -0.00506371    0.0642007
   -0.213014   -0.0530801    0.0135979   -0.0415192
    0.282857      0.17293       0.0741     0.181815
    0.142249   -0.0941824   -0.0132185    -0.168484
  -0.0205998    -0.166553    0.0490104    0.0656292
  0.00730671  -0.00640635   -0.0419952    0.0366046
   0.0444379   -0.0274982    0.0316233    0.0198719
   0.0332084   -0.0394701   -0.0898506    -0.151363
  -0.0710705   -0.0152201  -0.00997423    -0.144152
  -0.0729345    -0.130863    0.0214371    -0.116798
   -0.112076   -0.0641726   -0.0288327    -0.115644
   0.0462868    0.0367925    0.0716654     0.161662
   0.0764064   -0.0683817   -0.0198239   -0.0921156
   -0.213063    -0.245929   -0.0155571   -0.0489551
    0.210582     0.120678    0.0866241    0.0975867
    0.522506     0.276115   -0.0795199    -0.312507
     0.10322    0.0634393    0.0999598    0.0946324
    0.146158     0.113169  -0.00176855    -0.174155
   -0.148145   -0.0795482    -0.107714    -0.119663
   0.0373207   -0.0286055    0.0145064    0.0631271
   -0.119472    -0.104684    -0.065084    -0.125694
   -0.126288    0.0400278   -0.0021954   -0.0418697
   -0.119432   -0.0349471    -0.131385    -0.206079
    0.181568   -0.0103699   0.00884059    -0.037498
 -0.00802783    0.0507198   -0.0376262    -0.059914
     0.33953     0.214581     0.105699     0.172416
  -0.0308552    -0.011961    0.0816374   -0.0316408
   -0.052694   -0.0215289   -0.0393729    -0.327186
  -0.0416774   -0.0215939   -0.0514817   -0.0919096
   0.0915532   -0.0732735   -0.0566734    -0.157813
  -0.0128742    -0.112072   -0.0576723    -0.227745
    0.165172   -0.0731414   -0.0354323   -0.0745671
   -0.110265   -0.0186679   -0.0645732   -0.0313937
  -0.0825555   -0.0829241   -0.0263816   -0.0984847
      0.0446   0.00600886   -0.0261206   -0.0512894
   -0.155798     -0.14492    0.0604214    0.0612324
   -0.169095   -0.0670935   -0.0929787    -0.102564
    0.115348     0.141134     0.075945    0.0547741
  -0.0603529    0.0378489   -0.0404634   -0.0253244
    0.203639    0.0985974    0.0169638     0.200812
    0.114111     0.107607     0.179847     0.409915
    0.120916    0.0687082     0.023593   -0.0657969
  -0.0610904   -0.0491793  -0.00450328    -0.063744
     0.51643     0.329336   -0.0055192    -0.235018
    0.208219    0.0835413   -0.0658377    -0.199417
   -0.313392    -0.219386    -0.100724   -0.0204658
  -0.0723987    0.0629218     -0.02183   -0.0511379
    0.181383    0.0749627  -0.00644628    0.0541627
  -0.0511684  -0.00528846   -0.0218003    -0.132763
  -0.0583936    0.0220127    0.0779434   -0.0175899
   -0.119725    -0.182399    -0.027429   -0.0283252
   0.0818237    0.0867474    -0.119151    -0.233607
    0.236576     0.251402   -0.0575923    -0.243994
   0.0841492     0.054332    0.0272805   -0.0160329
  -0.0334276   0.00271462    0.0232172     0.010553
     0.13857  0.000285597    0.0542511    0.0228261
  -0.0526612   -0.0640513    -0.037712    0.0141477
  -0.0961721    -0.101333  -0.00259201   -0.0149635
  -0.0280532   -0.0895568   -0.0394688    -0.106128
  -0.0958883    -0.055123    0.0193026    0.0755879
   0.0185874    0.0120072    0.0213492    -0.155352
   0.0142642   -0.0350522   -0.0228375    0.0359893
   0.0605734   -0.0170992     0.152377     0.298639
   0.0708807    0.0431162    0.0356664   -0.0761272
   0.0381028   -0.0150698    0.0595909    0.0508859
   0.0805665     0.074427     0.105393     0.297131
   -0.102541    -0.102999   0.00921468    -0.109262
  -0.0700967   -0.0863674    -0.064909   -0.0355297
    0.319444     0.183985    0.0727726     0.196857
    0.100401   -0.0139225   -0.0743036    -0.153663
   0.0638002   -0.0334092   -0.0308039   0.00876636
   0.0823586    0.0563619   -0.0146429   -0.0139031
  -0.0127833  -0.00127958   -0.0292804    -0.045701
  0.00559833  -0.00336203    0.0182784    0.0211102
    -0.14584    0.0165395    0.0297442    0.0321951
  0.00173167   0.00471863    0.0718596   0.00698212
 -0.00679294    0.0124904    0.0308831   -0.0153899
    0.285693     0.176856    0.0348457     0.163802
   -0.215379    -0.244926    0.0337522     0.164414
   0.0719423    0.0154905   -0.0418932  -0.00995795
  -0.0749222   -0.0877074   -0.0874185    -0.198906
 -0.00982891     0.080325    0.0492347    0.0633858
   -0.308476   -0.0557482    0.0214074     0.165414
    0.140019    0.0785293    0.0272105   -0.0149129
    0.366228     0.194758    0.0121683    0.0410793
    0.100781    0.0529642   -0.0542742   -0.0763108
  -0.0054495    0.0278451    0.0480537     0.296079
   0.0994058     0.115429   -0.0286839    -0.273379
   0.0915752    0.0182591    0.0974207     0.109706
    0.191118    0.0493535    0.0299904    -0.126386
   0.0082582   -0.0605039   -0.0336941   -0.0240395
     0.17068    0.0198968   -0.0189298    -0.231839
  -0.0553862   -0.0961062   -0.0987661   -0.0430753
   0.0054026   -0.0373475    -0.044177   -0.0102844
    0.191087     0.146248    0.0599415   -0.0428941
   0.0744144     0.103794   -0.0625741    0.0127655
    0.104159   -0.0134875    0.0131996   -0.0273668
    0.242339     0.164373    0.0245156   -0.0664227
   0.0427098    0.0271236    -0.057408   -0.0506668
   0.0648447    0.0536811   0.00807252    -0.027534
   0.0789472    0.0177508     0.044338     0.160098
  -0.0735827    -0.027435     -0.02248   -0.0842259
  -0.0882857    -0.067371    0.0046915   -0.0946786
  -0.0841529    0.0138507    0.0156666    0.0831331
   0.0201262    0.0143176    0.0529781    0.0193002
   0.0796387    0.0975493   -0.0131505     0.106525
    0.140559    0.0487617   -0.0819893    -0.180399
     0.16633     0.115613    0.0212879   -0.0254154
   0.0624888   -0.0278924   -0.0286415    -0.139434
    -0.13612    -0.029646  -0.00156069    0.0390074
  -0.0976868    -0.103599   -0.0994299    -0.177319
   0.0756755   -0.0286307    0.0569413     0.035854
  -0.0365163   -0.0182051   -0.0332374   -0.0467373
   0.0735553    0.0553364    0.0729471      0.18767
     0.20392     0.161653    0.0363444       0.1823
  -0.0357094     -0.13108       0.0548   0.00639213
  -0.0610368   -0.0677883    0.0425637    0.0451188
    0.066186    0.0467883     0.101668     0.217429
   0.0508465   -0.0421257   -0.0184175    -0.119771
      0.1433    0.0719888    0.0379668   -0.0804066
    0.273634     0.140837   -0.0128513    -0.129907
  0.00999115   -0.0432092    0.0194985    -0.106703
    -0.10358   -0.0743819    0.0424381      0.11887
    -0.21613    -0.188675   -0.0656628    -0.257463
  -0.0684117   -0.0706607   -0.0412929    0.0631267
   0.0392205     0.111463   0.00742459     0.114846
  -0.0375212    -0.124044    0.0355458     0.032567
   0.0738706    0.0183327   0.00552817     0.047165
  -0.0662731  -0.00494005   -0.0417809   -0.0755882
  -0.0238248    -0.118933     0.059915    -0.052299
    0.102898     0.162269    0.0452842     0.125466
    0.190931    0.0552848     0.146703     0.304256
   -0.441765    -0.216075    -0.114619    -0.129257
    0.162658     0.130421   0.00608206   -0.0825915
   -0.086254    -0.131081    -0.115833    -0.249818
  -0.0932909    -0.094663   -0.0894046    -0.223861
 -0.00182815    0.0335627   -0.0492605   -0.0155978
    0.385462  -0.00033805 -0.000344819   -0.0914933
   -0.126127    -0.168274   0.00981916   -0.0438228
  -0.0162945     0.025916    0.0436555  0.000849718
    0.188421     0.216788    0.0450425   -0.0491865
    0.412728     0.307854     0.019099   -0.0294737
-0.000375147   -0.0418719   0.00461051    0.0288029
     0.13615    0.0340162   -0.0337701   -0.0645957
 2.08043e-05   -0.0153725    0.0400093      0.09471
  -0.0349012    -0.115082    0.0164557   -0.0228599
  -0.0128574    0.0156524   -0.0886955   -0.0873662
  -0.0255434    0.0308729    0.0149246   -0.0350919
     0.03331    0.0245373    0.0404538    0.0107411
    -0.24465   -0.0854152   -0.0517672    -0.166935
   0.0720073  -0.00582469    0.0115311   0.00750193
   0.0152247   -0.0388485     0.034292     0.123212
   -0.129041   -0.0950745     0.018973     0.121809
   0.0193291    0.0388359   -0.0549357   -0.0378907
  0.00779225    0.0136687   -0.0435387    -0.165939
    0.134756    0.0587132     0.148505     0.265574
  -0.0333471   -0.0636785   -0.0612291    -0.108258
   0.0664191    -0.110778  -0.00203195     0.136527
   -0.163433   -0.0759311   -0.0580709   0.00660989
   -0.114206    -0.149767    -0.115502    -0.127954
    0.209739     0.100778   -0.0357021   -0.0544033
   0.0766553    -0.048245    -0.067324    -0.222943
   -0.189015    -0.146404   -0.0712679   -0.0499603
  -0.0411698    -0.043967   0.00837284    0.0360464
 -0.00366497    0.0196814   -0.0231131    0.0306214
    0.271306     0.180538   -0.0397918   -0.0736675
    0.191397     0.191094    0.0312985   -0.0157777
     0.23533     0.258268    0.0274375     0.112627
   0.0526125    0.0435971    0.0333346   0.00316953
    0.226124     0.120763     0.171383     0.311194
    0.100648    0.0505416   -0.0638422   -0.0301319
  -0.0733686   -0.0701082  -0.00199341   -0.0689806
   -0.161743    -0.063194    0.0193427     0.012633
   -0.163901   -0.0836969    -0.119399    -0.376994
   0.0452366     0.124854     0.101136     0.121877
   0.0824368   -0.0964344   -0.0414089    -0.177149
   -0.163236   -0.0661578   0.00366479    0.0158621
   -0.135049   -0.0474292    0.0646298    0.0665662
  -0.0346921   -0.0645036   -0.0209394    0.0195373
    0.366642     0.111355    0.0412382     0.132543
   0.0790528   -0.0701763    -0.026933   -0.0102097
   0.0984138    0.0903439   -0.0266436    -0.199705
    0.220902    0.0899979    0.0435265    -0.044675
    0.119963  -0.00913628   -0.0877612    -0.189364
  0.00100454   -0.0969588    0.0553365    0.0559715
   0.0626028   -0.0159628  -0.00865589    0.0436644
  0.00975283   -0.0623005    0.0672242    0.0899393
  -0.0516746    -0.018651    0.0473456    0.0864173
  -0.0704902    -0.124363   0.00270332    0.0429381
    0.033534   -0.0215915    0.0753218    0.0131397
   0.0674368  -0.00758839  -0.00951685    -0.143771
   0.0103995   -0.0876883   -0.0333972    -0.128538
     0.05563   -0.0273276   -0.0572663   -0.0931248
  -0.0678966   -0.0275258    0.0214715     -0.10729
   0.0311297  -0.00448717    0.0226021    0.0541511
    0.324139     0.219455    0.0443185    0.0966427
  -0.0187571   -0.0263443   -0.0360372    0.0157919
   0.0081577    0.0468449   -0.0243354      0.14261
    0.104463    0.0770726    0.0376713    -0.095116
  -0.0324848    0.0264841    0.0209969   -0.0461384
  0.00261627    0.0172596    0.0595419   -0.0140377
   0.0831341    0.0405499    0.0265503   -0.0220841
   0.0148379   -0.0476653   -0.0387386   -0.0295727
   -0.215877    -0.222643   -0.0176191   -0.0561246
   -0.218239    -0.165433   -0.0565303  -0.00592984
    0.270811      0.11182   -0.0869315    -0.271504
  -0.0196112    0.0310803   -0.0193229   -0.0819635
   -0.209843   -0.0869932    0.0504788   0.00549138
  -0.0914859   -0.0945516   -0.0712977   -0.0983696
   0.0955603   0.00242495     0.093851     0.162787
    0.163689   -0.0182442   -0.0313532    -0.061421
    0.231929    0.0849871    0.0439445    0.0372223
  -0.0603596   -0.0642786   -0.0312731   -0.0808879
    0.191996    0.0993528   -0.0185172    0.0827933
   -0.132051   -0.0634488    0.0580643     0.106369
   -0.122855   -0.0941368   -0.0463768    -0.199784
   0.0368592   -0.0473327    -0.034455    -0.046527
  -0.0675056   0.00171006    -0.139225    -0.524255
   0.0353216    0.0384673    0.0445353      0.13363
    0.258284     0.108437    0.0479088    0.0250256
    0.182046    0.0669827    0.0196355    0.0764425