    0.327569     0.178817    0.0446829     0.107919
    0.145685    0.0779775     0.076808    0.0835173
    0.178462     0.126965   -0.0443547     -0.07124
    0.261043      0.10623     0.101468     0.161195
   -0.163341    -0.126143    -0.044769    -0.198966
    0.231256     0.251111    -0.022572  -0.00600438
   0.0819604    0.0368247    0.0143646    0.0870134
    0.062361   -0.0332801    0.0319643   -0.0977907
    0.131665     0.067086   -0.0358937    0.0692488
  -0.0623891   -0.0113013    0.0348584    0.0752831
    0.142135     0.172128     0.034853    0.0285535
    0.264346     0.091343    0.0166023      0.12415
   -0.155629   -0.0436332    -0.019884   -0.0149722
   -0.101771   -0.0605749    -0.163443    -0.258121
   -0.233172    -0.148714    -0.100616    -0.160762
   0.0482368   -0.0545616     0.126142     0.200791
  -0.0170697   -0.0694027   -0.0816722   -0.0244744
  -0.0174121    0.0251153  -0.00134731  -0.00339885
   -0.554658    -0.395281    -0.108521    -0.236015
   0.0823146    0.0962106   -0.0641685    -0.112064
  -0.0784713   -0.0378296    0.0254905    0.0341489
    -0.15846    -0.155027    -0.152351    -0.186953
     0.28141     0.162016   -0.0215088    0.0262863
    0.032189   -0.0356147   -0.0305281    0.0271772
  -0.0540519   -0.0893158   -0.0517696    -0.114521
   -0.136908    -0.144518   -0.0867665  -0.00981961
    0.190092     0.120067    0.0608587   -0.0685363
   -0.339084    -0.168174    -0.109768    -0.144834
   -0.035279   -0.0679531  9.49396e-05   -0.0555913
   -0.051572   -0.0517561   -0.0655693    -0.224402
   -0.055268    -0.104979   -0.0662049   -0.0736478
    0.102497    0.0593139    -0.046287    0.0468274
   0.0479076    0.0841471   -0.0192477   -0.0923425
   -0.255326    -0.225392    -0.103873    -0.122961
  -0.0173381   0.00974786    0.0209119    0.0105426
   -0.123915   -0.0426701    -0.130048    -0.388281
    0.160674     0.115786   -0.0268298    -0.205477
   0.0114343   -0.0836966   -0.0751241    -0.170203
     0.23193     0.104456    0.0288676     0.128143
   -0.254412    -0.193111   0.00336494   -0.0546656
 -0.00692184   -0.0292104    -0.105034    -0.185498
   0.0287008   -0.0704375   0.00286371    -0.109761
   0.0531252    0.0357395    0.0821802      0.14577
    0.166128     0.154471   -0.0260548    -0.109371
   0.0548912    0.0106951   -0.0193636    -0.150305
  -0.0177432   -0.0682846   -0.0313183   -0.0254125
  -0.0719465   -0.0540834   -0.0528496    -0.121388
    -0.17613    -0.169129   -0.0128738   -0.0293575
  0.00940278    0.0300571    0.0903796     0.230225
   0.0765822 -0.000670841   -0.0499267    0.0269937
  -0.0828242     0.067608    0.0322934   -0.0613101
    0.177415      0.18471    0.0439921    -0.060076
   -0.028073   0.00564125   -0.0203881    0.0364983
  -0.0390931   -0.0547747    -0.122529    -0.161208
   -0.242939    -0.113452    -0.115715    -0.146637
    0.304556     0.240705     0.040058    0.0463128
   0.0219774    0.0349801    -0.072433   -0.0679523
   0.0454927   0.00847755   -0.0192502   -0.0105326
    0.177217    0.0696134    0.0572452   -0.0111186
   0.0469851   0.00308306  -0.00600256   -0.0575796
   -0.341993    -0.280118   -0.0697911    -0.312523
    0.375712       0.2161     0.130619    0.0452408
    0.102383    0.0556741    0.0316295   -0.0471184
   0.0377479   -0.0578525   -0.0188302   -0.0280594
   0.0484019   -0.0454102   0.00250196    0.0596888
    0.272243     0.297365      0.12252     0.257355
   0.0720134  -0.00239803    0.0131114   -0.0643584
   -0.336207    -0.220559    -0.171319    -0.331553
    0.129431   0.00750274    0.0295997    0.0179871
    0.065786    0.0564673    0.0986325     0.109149
    0.192721    0.0984263    0.0686574   -0.0962441
  -0.0525038   -0.0532318   -0.0107611   -0.0287009
 -0.00569642    0.0338151   -0.0100136   -0.0368571
    0.203743     0.194389    0.0358444    -0.114689
   0.0235079   -0.0396611   -0.0487608   -0.0125816
   -0.118161    0.0322185   -0.0760742    -0.212196
    0.271296     0.150092   -0.0102132    0.0262479
  -0.0813292    -0.052667   0.00262044    0.0268015
 -0.00705675    0.0057677   -0.0502053   -0.0417917
 -0.00696304    0.0396427    0.0809898    0.0825722
   0.0056804    0.0243809   -0.0573591    -0.253511
   0.0839293    0.0554574   -0.0477091   0.00464211
   0.0138751   -0.0648058    0.0805876     0.195579
    0.191714     0.183007    0.0358988    0.0136862
  0.00992513   -0.0393534  -0.00720018   -0.0343616
   0.0683052   -0.0371337    0.0207529   -0.0280847
   0.0526331   -0.0107986   -0.0153724   -0.0528773
 -0.00247745   -0.0134497 -0.000404405     0.172024
  -0.0152419   -0.0287185    -0.107361    -0.176148
  -0.0948056   -0.0328078   -0.0445236    0.0430362
   0.0702325     0.102466     0.084802    0.0310769
   -0.146294   -0.0688716    0.0134751   -0.0682621
   0.0463056   0.00161202   -0.0570379   -0.0708171
  0.00141655    -0.028488   0.00238609   -0.0417579
    0.135461     0.148795    0.0793086     0.192072
    0.110118   -0.0181992   -0.0216776    0.0409982
   -0.198655    -0.206232    -0.148697    -0.218184
  -0.0977854   -0.0833036    -0.042269   -0.0476251
   0.0235554    0.0796059   -0.0226506 -0.000936048
    0.257061     0.223005      0.12476     0.048261
   -0.144705    -0.135745   -0.0100513    -0.174352
   0.0808298    0.0831493   -0.0408132    -0.112079
    0.216727     0.113999   -0.0112584   -0.0980024
    0.291156     0.293931    0.0228224    -0.121973
   -0.279427    -0.141768    -0.165842    -0.235602
   -0.168237    -0.221503   -0.0230115   -0.0706095
  0.00316644   0.00296874    0.0536259   -0.0899223
    0.186206     0.058995    0.0566008     0.294579
   -0.117956       -0.185   -0.0324851   -0.0892737
   0.0232336    0.0305781   -0.0598737   -0.0139198
  -0.0860637     -0.18883   0.00770006    -0.119863
    -0.19421    -0.152662   -0.0665371   -0.0817445
   -0.180607    -0.158222    0.0245206    0.0109213
   -0.118505    -0.137818  -0.00273464    0.0509228
   0.0847631    0.0131646   -0.0644549   -0.0682727
    0.148636    0.0490624     0.105379    0.0718224
  0.00325261    0.0182029  -0.00182593     0.118121
   0.0326743    0.0406492   0.00782393   -0.0285991
 -0.00267247    0.0502793    0.0424746    0.0626452
     0.29079     0.297126   -0.0175591   -0.0776395
   -0.162618    -0.187077  -0.00767874    -0.126994
    0.316007      0.27602    0.0839474  -0.00613508
   0.0855117    0.0245183   -0.0665533   -0.0044085
  -0.0905058   -0.0897245   -0.0213892    -0.180225
    0.108237     0.030003    0.0209474 -0.000404053
  -0.0868621    -0.120071   -0.0422654   -0.0517444
   0.0112649   -0.0312192    0.0140819     0.232005
   0.0507814    0.0726285     0.107842     0.159182
  0.00213888   -0.0677563   0.00198306    0.0383299
   -0.377187    -0.278613    -0.135678    -0.363668
    0.160134    0.0646132   -0.0268858    -0.165723
   -0.123508   -0.0863639   -0.0411878    -0.123326
  -0.0351982    0.0263495   -0.0346511    -0.302779
   0.0835451    0.0843591   -0.0597522     -0.09976
    0.011037   0.00759208    0.0372865    0.0401273
  -0.0504575   -0.0741695    0.0429231   -0.0544157
  -0.0165349    0.0497167    0.0424488   -0.0509482
  -0.0393745    -0.142193     0.047658    0.0473975
  -0.0244197    -0.028642     -0.03976   -0.0244165
    0.129868     0.186984    0.0123776     0.022839
   -0.184812   -0.0896219    -0.017935  -0.00261753
   0.0855585    0.0736972   -0.0184872   -0.0308192
  -0.0303812   -0.0391896    0.0448742    0.0170585
   0.0676604   -0.0110599    0.0829913     0.195364
  -0.0658541  -0.00165877   -0.0417412    -0.168749
  -0.0804126   -0.0208644     0.040816   -0.0305451
  -0.0543907    0.0371653   -0.0259332    0.0643548
  -0.0512133   -0.0671319    0.0256111   0.00779118
   0.0233227    0.0871589   -0.0587659   -0.0835699
   -0.071306    -0.011049    -0.126324    -0.175654
   -0.156543       -0.143   -0.0654765   -0.0486948
  -0.0519236   -0.0408042   -0.0809623   -0.0793128
   -0.169507    -0.141392   -0.0154415    -0.157599
   0.0103732    0.0999834   -0.0105209    0.0950107
    -0.06519   -0.0934665   -0.0634621    0.0314529
   -0.022009    0.0207786  -0.00869727    0.0498791
   0.0879793    0.0206849   -0.0333768    -0.200956
    0.304158     0.266414   -0.0870193    -0.237316
    0.203207      0.15073    0.0750911    0.0329882
    0.510417     0.291839    0.0223801     0.130593
   0.0943449    0.0601654    0.0486726   -0.0460859
  -0.0248273    0.0291993    0.0109088   -0.0175871
    0.113036    0.0397934   0.00159179    0.0130934
   0.0413474   -0.0138713     0.108853     0.190235
 -0.00157879   0.00884354   -0.0325339    -0.117967
   0.0197516   -0.0262861    0.0170408   0.00123324
   -0.132325     -0.11045   -0.0009998   -0.0165067
    0.195765     0.170189    0.0304067   -0.0954327
   -0.133198    -0.112082   -0.0398082   -0.0340652
    0.169099    0.0146619     0.120373     0.129974
  -0.0249854    -0.117692    -0.104023   -0.0532092
    0.219923     0.150567    0.0590937       0.1009
   -0.263914    -0.150885   -0.0990312  -0.00308805
    0.492982     0.366439     0.171339     0.335965
    0.137519     0.136548   -0.0307579    0.0956551
   0.0474965  -0.00886449    0.0162494    0.0614269
   -0.127277   0.00288463   -0.0201127    0.0211755
    0.204268     0.210817    0.0728323     0.270682
  -0.0319015    0.0306227   -0.0130395     -0.01746
   -0.131288    -0.103496   0.00328663    -0.192443
  -0.0992481    0.0104635  -0.00492407    0.0330639
   -0.513589    -0.450007    -0.141171    -0.163679
   0.0717784   -0.0290001     0.113691     0.152938
  -0.0123388    -0.046778   -0.0565489   -0.0374968
   0.0759952    0.0140761    0.0458958   0.00408986
    0.134748     0.153893    0.0371868    -0.112017
  -0.0120454    0.0311974   0.00552914    0.0846902
   0.0347968    0.0227566   -0.0284665   -0.0966568
    0.632017     0.459204    0.0399223  -0.00160699
    0.197942     0.164171   -0.0610313    -0.172022
    0.154791     0.154076    0.0780964     0.230454
   -0.137985    -0.184439   -0.0627533    0.0512063
    0.128362    0.0656801    0.0308152   -0.0858425
   -0.042414   -0.0623016     0.057114    0.0972165
   -0.166399   -0.0988961    0.0614044    0.0723932
    0.136559     0.116053    0.0172342  0.000828217
    0.314133     0.241365    -0.137246    -0.458416
  -0.0380008   0.00923442  -0.00458027    -0.102119
    0.040766    0.0142149   -0.0627977    0.0148489
  -0.0563973    0.0480575   -0.0220803    -0.113875
    0.247155     0.246534   0.00861365   -0.0958407
  -0.0575628   -0.0809789    -0.104043    -0.136879
    0.149452    0.0907023     0.033164    -0.179949
   -0.121501   -0.0582701   -0.0427377   -0.0994845
    0.124604     0.145238    0.0794139     0.195855
   -0.159556    -0.130352    0.0724686    0.0455312
    0.120399    0.0390707   -0.0626105    -0.089289
     0.07343    0.0632238   -0.0495978    -0.116826
    0.116796    0.0198161    -0.116535     -0.10505
    0.024296   -0.0450096    0.0277284    -0.014941
  -0.0934063    -0.088911   -0.0808793   -0.0879019
     0.18947    0.0709493   -0.0098502   -0.0884369
   0.0945419     0.150166   -0.0373326   -0.0903502
     0.27849     0.319574    0.0440981    -0.225279
   0.0223901   -0.0026267    0.0833518     0.118016
   0.0439181     0.142724    0.0841418     0.104308
 -0.00140521   -0.0270161    0.0498321  -0.00979324
    0.024004   -0.0558133   -0.0419406   -0.0521858
 -0.00220223   -0.0135211   -0.0466258    -0.140507
    0.055995    0.0202351   -0.0390632    0.0293253
    0.123089    0.0574979   -0.0118659   -0.0465985
    0.369421     0.216964     0.101212 -0.000834773
   0.0985656     0.141915   -0.0376868  -0.00410742
   0.0173372   -0.0534286   -0.0437677    -0.124867
    0.040546    0.0188307    0.0463331  -0.00284186
   -0.134065    -0.152959    -0.108638    -0.119505
   -0.137318    0.0280099  -0.00431097   -0.0854856
   -0.107192   -0.0937164   -0.0699734   -0.0508244
    0.089497    0.0876165     0.105076     0.244772
  -0.0887907    -0.153233    0.0420355   -0.0257024
   0.0703539   -0.0353948   -0.0404736    -0.134424
 -0.00197761    0.0221008    0.0223502    0.0824023
    0.266352      0.14192    0.0844986    0.0277941
   -0.210147   -0.0697267   -0.0363667    -0.072738
  -0.0727926   -0.0495689   -0.0913579   -0.0665875
   0.0343376   -0.0699372     0.117896     0.237687
   -0.112146    -0.111259   -0.0369014   -0.0822231
    0.180605    0.0925553   -0.0284562   -0.0757063
   -0.229999    -0.229707     -0.08506    -0.108829
   -0.150284    -0.159495   -0.0385331    -0.111211
   -0.140512   -0.0727236    0.0244464    0.0607876
   -0.203423    -0.100257   -0.0749357   -0.0625419
 -0.00353906  -0.00304775   -0.0141398     0.151641
   -0.130108    -0.139715   -0.0874305    -0.233691
  -0.0917738   -0.0522294    -0.115767    -0.246509
   0.0543676     0.105435 -0.000124104   -0.0550086
  -0.0634865    -0.132735    0.0763093     0.134619
  -0.0244684     0.039252   -0.0826627   -0.0248551
    0.140932     0.119323       0.1093   -0.0167918
  -0.0420385  -0.00715451   -0.0168728    0.0477585
    0.235987     0.171279   -0.0109496   -0.0845329
   -0.253259     -0.11555    -0.054231    -0.148565
  -0.0221687   -0.0700325   -0.0671471   0.00942184
   0.0210302    0.0525646    0.0212916   -0.0187055
  -0.0178869    -0.033053   0.00146179   0.00638186
   0.0542561     0.119638   0.00419719    -0.064877
   0.0522229     0.126209    0.0711003    0.0954372
    0.140523    0.0990558  -0.00378066   -0.0307171
   -0.112778    -0.133915   0.00152189    -0.195294
    0.213693     0.111891    0.0120117   -0.0211867
    0.227043     0.151788   -0.0116295    0.0223718
   -0.119968   -0.0724279   -0.0468966   -0.0712601
    0.113067  -0.00475876   0.00275635    -0.156737
  -0.0344074   -0.0871044   -0.0323829   -0.0715159
   -0.084108 -0.000188174   -0.0645762    -0.265216
  -0.0930938   -0.0616863    -0.204866    -0.295789
  -0.0844898    -0.103986   -0.0877769   -0.0181112
    -0.11371   -0.0436047   -0.0671005   -0.0527839
    0.448183     0.313991   0.00759538     0.028186
    0.135756    0.0437927    0.0316285     0.089885
   0.0281699   -0.0545677   -0.0915924    -0.090914
    -0.21528   -0.0996168   -0.0911642   -0.0665958
    0.252475     0.111644    0.0835487     0.122425
  -0.0680005    0.0474133   -0.0302211    0.0576453
  -0.0241065   -0.0742026    0.0587122    0.0254157
  -0.0149385   -0.0347958     0.087979     0.154114
   0.0447134     0.017366   -0.0791215   -0.0483944
    0.192306    0.0710506   -0.0477662    -0.295906
   0.0436058      0.03536    0.0252804     0.193567
  -0.0587132   -0.0146997   -0.0320082    0.0870194
  -0.0407625   -0.0664954   -0.0626062   -0.0460098
   -0.239201    -0.181613   -0.0167561   -0.0398895
    0.279223     0.180341    0.0364672    0.0652247
   0.0387629   -0.0763992   -0.0417962   0.00331022
    0.184772     0.219484   -0.0108053   -0.0513464
    0.126149    0.0521638   -0.0585623    -0.197907
   -0.132363    -0.131674     0.191268     0.286172
   0.0803661     0.075262    0.0405474   -0.0331276
   -0.176452   -0.0963605 -0.000321407   0.00353658
  0.00555053  -0.00923963   -0.0331377    -0.138802
   -0.210794   -0.0930957   -0.0378528   -0.0799137
    0.115202   0.00292547   -0.0341989    0.0422991
   0.0347157    0.0281491   -0.0526266    0.0558302
    0.047135    0.0360267   -0.0563617    -0.141784
   0.0750482     0.009386   0.00894436    0.0473584
   0.0516122   -0.0276446    0.0313708   -0.0942703
   -0.110316   -0.0605728   -0.0161043    0.0178275
    0.048753    0.0294685   -0.0112483  -0.00353534
    0.010008    0.0629874   -0.0111816    0.0392328
   -0.208152    -0.128965  -0.00956066   0.00243199
   0.0247665   0.00065042    0.0752555     0.137146
   0.0335955   -0.0432343   -0.0381102   -0.0347062
    0.109571    0.0570566    0.0265183   -0.0449375
  -0.0992145   -0.0597415   -0.0905273    -0.139098
    0.152331    0.0728576    0.0458885    0.0887121
    0.153228    0.0829674    0.0238518    -0.090824
   -0.075023   -0.0927234    0.0385047      0.22831
 0.000122611    0.0400991    0.0443353   -0.0716744
   0.0220595    0.0254636 -0.000896674   -0.0891469
  -0.0446385    -0.102009  -0.00277921     0.152681
    0.175379     0.140378    -0.068361    -0.027186
   0.0946054     0.022283    0.0457646    0.0387263
  -0.0759171    -0.101832     0.014922   -0.0136708
    0.295449     0.174058    0.0182631   -0.0903455
   0.0389593     0.055048    0.0433347    0.0737038
     0.27922     0.121915    0.0301595   -0.0325531
  -0.0474748    -0.030864    -0.133124     -0.14847
    0.131478    0.0876577    0.0467815  -0.00158963
  -0.0305153    0.0205872    0.0330627     0.053053
   0.0694926    0.0959837     0.109495    0.0964525
    0.159806    0.0716056    0.0113596    0.0214824
 -0.00570429   -0.0352628    0.0027386    0.0436274
  -0.0246229   -0.0250632    -0.068614    -0.098167
    0.122054     0.086671    0.0531519    0.0916143
    -0.16013    -0.160394   -0.0214913    -0.100177
    0.123413   -0.0214099   -0.0230249    -0.120873
    0.111707     0.033743    0.0186968    0.0510711
   0.0249047    0.0769678    -0.014666   -0.0821134
     0.23381    0.0724259    0.0220806   -0.0881591
  -0.0779419    0.0422112    -0.138768    -0.384959
   0.0441605    0.0867957   -0.0488045    0.0853342
   -0.129071   -0.0741111    0.0222883   -0.0025943
 -0.00981824   0.00397204    0.0103759    -0.062067
  -0.0739208   -0.0208983    0.0105256   -0.0818443
  -0.0596891   -0.0924276   -0.0828544   -0.0879894
    0.498419     0.304882    0.0586904   0.00428607
    0.206246     0.187345   -0.0163905   -0.0903811
    0.089171    0.0536425   -0.0537527      -0.1022
   0.0669962  -0.00789481   -0.0698162   -0.0660764
    0.062728     0.103392    0.0924997     0.048325
    0.178672    0.0811556    0.0124137    -0.167368
   0.0593989   -0.0653714   -0.0640912   -0.0578017
   -0.053873  7.14308e-06   -0.0174972     -0.13305
   0.0259341    0.0256081   -0.0658959    -0.097453
    0.152057     0.112042     0.025957   -0.0209786
  -0.0296457    0.0094646   -0.0351425   -0.0979248
  -0.0363703   0.00101488   -0.0923511    -0.123293
    0.125748  -0.00676248    0.0478479    0.0210814
  -0.0402862    -0.087479   -0.0705321    0.0202547
   0.0777006    0.0246292   -0.0374374    0.0706307
    0.228985     0.211311    0.0473874    -0.112545
  -0.0404949    0.0272242   -0.0566995    -0.126984
    0.210369     0.165153    -0.027639    -0.149143
   0.0545144    0.0689955  -0.00381465    -0.149693
    0.164868     0.174655    0.0251694    -0.167334
    0.129676    0.0920379   -0.0562023   -0.0867921
    0.149058    0.0999822    -0.122715     -0.22136
  -0.0579603    -0.173346   -0.0992913   -0.0195298
  -0.0339017    0.0247042   -0.0373814    -0.173956
   0.0618609    -0.076857   -0.0788155  -0.00733288
    0.043771    0.0382519   0.00200571   -0.0255923
   -0.182856    -0.147471   0.00170941    0.0940347
    0.171115     0.139236    0.0549231   -0.0194196
  -0.0513314    0.0266489   -0.0436243     0.114587
   0.0498823   -0.0486001  -0.00766575    0.0199811
     0.11208     0.101006   -0.0292178    -0.108897
  0.00897615   -0.0017054 -0.000735071   -0.0200252
 -0.00769794   -0.0516196    0.0104508    0.0251913
   -0.141951    -0.151218    0.0227339    -0.133895
    0.131689     0.123674   -0.0756929    -0.254209
    0.102132     0.166875   0.00937277    -0.119958
    0.091774    0.0754779    0.0484971    0.0261977
   0.0244859   -0.0229227   0.00920539    0.0592208
    0.206299      0.10971     -0.06708    -0.243059
   0.0856883     0.116248    0.0795254    0.0555286
    0.216034     0.135123    0.0835489     0.212994
    0.248954     0.199252    0.0945873     0.145363
   -0.313705     -0.26845    -0.115528   -0.0646791
    0.197658    0.0917689    0.0560765    0.0828393
    0.224553     0.139241     0.041977    -0.116393
  -0.0745341   -0.0152141   -0.0859933    -0.143391
   -0.103982    -0.118844   0.00581487   -0.0436932
    0.196701     0.125829    -0.037306   -0.0421325
   0.0947781    0.0859363    0.0265285   0.00501293
    0.163007     0.149317    0.0164175    0.0139076
  -0.0204998    -0.107185     0.126997     0.191513
  0.00987055   -0.0215927     0.027413  0.000325034
   0.0774094 -0.000409348    0.0270257    0.0473911
    0.190779     0.115318    0.0700946   -0.0136975
   0.0378118   -0.0710417    -0.120736    -0.137959
   0.0733428    0.0958772    0.0246627    0.0134441
    0.259961     0.234405   -0.0188938   0.00407739
  0.00493721   -0.0916639   -0.0290678   -0.0813255
  -0.0376388    0.0020001     0.001169   -0.0895476
    -0.16524   -0.0895846    -0.072052    -0.111892
   -0.295855     -0.17554   -0.0196792   -0.0645959
    0.122008    0.0376051   -0.0487152    0.0181612
 -0.00869126 -0.000331455    0.0529693   -0.0284069
   0.0571356    0.0234492   0.00244847    0.0051323
   -0.124001    -0.159186   -0.0969682   -0.0181293
   0.0342418   -0.0174672   -0.0490298   -0.0495763
   -0.131709     -0.12633    -0.101385    -0.113151
  -0.0394554   -0.0753634   0.00589587   -0.0948866
   0.0381265   -0.0374488   -0.0669666   -0.0415361
   -0.265454    -0.164558   -0.0654481   -0.0460698
   -0.137631   -0.0810522   -0.0153622    -0.136694
    0.112592     0.110498    0.0376854   -0.0268569
   0.0637594    0.0677047    0.0837514     0.070258
  -0.0471082   -0.0424379   0.00776121   -0.0510343
   0.0872577    0.0322663   -0.0124633   -0.0908271
  -0.0543419    -0.031364  -0.00193375    0.0113159
  -0.0190914    -0.038435   0.00769219    0.0648523
     0.13942     0.132389    0.0715992   -0.0508305
   0.0823742    0.0892898    0.0585905   -0.0418742
    0.599606     0.468129    0.0709515    0.0258234
    0.113229    0.0329338   -0.0628271   -0.0575062
   -0.359691    -0.334275   -0.0595527   -0.0294354
   -0.103324   -0.0196026    -0.099761   -0.0815385
    0.188853    0.0418001      0.01061    -0.175026
   -0.103307    -0.130721    0.0239364    0.0698996
   0.0227382    0.0121645   0.00322309    0.0135211
    0.251219     0.244449    0.0231078    0.0480553
   -0.100491   -0.0553835    -0.139246    -0.193909
  -0.0931102   -0.0747423   0.00172228    -0.139944
   -0.162617     -0.16485    -0.012744   -0.0671791
   0.0650642     0.105063    0.0511347    0.0145157
    0.098365    0.0339572    0.0796117     0.154201
    0.099788    0.0313139   0.00600694     0.136627
   0.0606981   0.00823487    0.0395524      0.13755
    0.209875    0.0737492    0.0283756     0.171769
    0.453425     0.343957    -0.100828    -0.189373
    0.100933   0.00179107    0.0431481   -0.0456322
   -0.318543    -0.185088   -0.0807855    -0.137763
   0.0767672     0.137091     0.082842     0.122366
   0.0952756    0.0593742   -0.0325993    0.0206108
   -0.191695    -0.155315   -0.0869684    -0.132495
    0.118857    0.0620205   -0.0233918    0.0694871
  0.00383811   -0.0183272   0.00835971    0.0186002
   -0.126496   -0.0974729   -0.0213733    -0.120678
   0.0859499     0.083571   -0.0799024   -0.0993939
   0.0984255    0.0985621   -0.0800221      -0.1103
   0.0581922   -0.0211823   -0.0287303    0.0278355
   -0.133512    -0.052557    0.0115282   -0.0907638
   -0.305572    -0.203628   -0.0869822  0.000774781
  -0.0359218    0.0128058   -0.0875567    -0.153738
    0.122237    0.0681262    0.0401358     0.124848
   -0.377215    -0.343184    -0.187033    -0.218633
     0.21261     0.154557   0.00459652   -0.0439981
   -0.593939    -0.351164    -0.165626    -0.311116
  -0.0739935   -0.0441421   -0.0065123     0.108436
    0.272227     0.116213   -0.0318478    -0.085916
  0.00450072   -0.0382603    0.0700723     0.116583
    0.104882    0.0572047    0.0274541    0.0107136
    0.294439     0.212979   -0.0326181    -0.265302
   -0.152669    -0.166781   -0.0329092   -0.0800367
  -0.0232864    0.0748341  -0.00750788    -0.129968
   -0.025194   -0.0606393    0.0635734    0.0562302
  -0.0968268    -0.132326   -0.0145055   -0.0648009
  -0.0323371    0.0195678    0.0422083   0.00671162
  -0.0449648     0.045097   -0.0293589   0.00627936
   -0.138048    -0.156144   -0.0589652    -0.224949
  -0.0867051    -0.111532   -0.0156131    -0.104782
   -0.100913    -0.103466   -0.0202061     0.072104
  -0.0501558    -0.116902    0.0359333   -0.0184755
    0.169308     0.106104     0.153955      0.28447
   -0.142875   -0.0925358    -0.073615    -0.141751
  -0.0454601   -0.0130986    0.0780035     0.263282
     0.12239     0.120267   -0.0551339   -0.0752837
  0.00316404   -0.0474397   -0.0473378    0.0472731
   0.0611226     0.108393   -0.0165154    0.0965153
    0.269749     0.199359   -0.0640058    -0.236513
  -0.0493281    -0.065976    -0.099005   -0.0617984
  -0.0763901    -0.128008   -0.0289615  -0.00431485
  -0.0524572   -0.0688154   -0.0512575   0.00700125
   -0.152869   -0.0567117    0.0529923     0.256221
    0.176894       0.1821   -0.0402113    -0.142354
   0.0593967    0.0342931   0.00206733    -0.052737
    0.152255   0.00397276    0.0694847    0.0907757
   0.0212036   -0.0137751   -0.0245548    0.0898668
     0.10161     0.112118   -0.0582866   0.00710051
  0.00252621   -0.0527102     0.061566    0.0567988
  -0.0401232    0.0225517    0.0290747    0.0877471
   0.0734575   0.00166547    0.0956152     0.154246
   0.0334146   -0.0394215    0.0110374    -0.109304
   -0.317734    -0.291382   -0.0501171    -0.237465
    0.300875     0.228852    0.0716944    0.0214978
   -0.119596    -0.156796   -0.0612618    -0.104885
   0.0430606    0.0320042    0.0466326   -0.0144847
    0.109783     0.137332   -0.0861528    -0.121474
   -0.143374    -0.133828    -0.113178      -0.1713
  -0.0335431   0.00872782   -0.0764199    -0.171346
    0.016063   -0.0637974  -0.00871502    -0.120135
   0.0419644   -0.0789502    0.0380682   -0.0345166
    0.148107    0.0990673    0.0278191    0.0486123
    0.428792     0.281941   -0.0860091    -0.497555
    0.318933     0.180553    0.0350863   -0.0456356
   0.0529353    0.0494212    0.0427397    -0.143833
   0.0576226   -0.0549612   -0.0535286    0.0430913
    0.267358     0.149399     0.104144     0.165392
    0.104462    0.0254657  -0.00950634   0.00553107
   -0.253196    -0.213921   -0.0854125   -0.0747578
   -0.116578   -0.0636477    0.0880727       0.1953
   -0.157824   -0.0441337   -0.0372202   -0.0286974
    0.176894     0.107344    0.0893425     0.269496
   -0.147596    -0.157851     0.017498    -0.119144
    0.031471     0.030806   -0.0300408    0.0997532
    0.139029     0.125357   -0.0151905     0.162953
   -0.147917    -0.109535   -0.0305947   -0.0269076
    0.284035     0.210261     0.118878     0.240248
   0.0798556     0.127627   -0.0287929    -0.101297
   0.0326867     0.110696    -0.044018    -0.140522
   -0.483625    -0.361453   -0.0527075    -0.122557