   0.0719853  -0.00245717    0.0236362   -0.0502734
   0.0321398    -0.107739    0.0318479     0.162143
 -0.00531211     -0.10808     0.034883    0.0784578
   0.0781755    0.0335892   0.00810276     0.119033
  0.00898569    0.0172559    0.0061309     0.112231
   0.0563186    0.0969359   -0.0251737    -0.127154
  -0.0299635   -0.0623122   -0.0198523    0.0251981
   -0.118256    0.0027167    0.0218177   -0.0183291
  -0.0198236    0.0384973    0.0710337    0.0423855
   0.0566781     0.014991    0.0379509    0.0656772
  -0.0243062   -0.0805326   -0.0682785  -0.00155272
     0.29057    0.0919072    0.0517029   0.00727016
  -0.0239995     -0.03836   -0.0175603   -0.0616792
   0.0758458    0.0652432    0.0330316    0.0925478
   -0.010707  -0.00265369     0.011086     0.131547
    -0.13969     0.013021   0.00176861    -0.135861
   -0.121286    0.0298817    0.0316794    -0.116706
   0.0148406    0.0254498    0.0637755   -0.0158898
   0.0788687     0.102093    0.0580769    0.0905295
    0.107975   -0.0112889     0.044072    0.0746642
    0.146856   -0.0621607     0.031651   -0.0720951
 0.000363394    0.0855024   0.00649679    -0.193817
   -0.100588    0.0249787   0.00654663     0.128064
    0.406648     0.137165  -0.00318723    0.0258698
  -0.0953488    -0.145372   -0.0867277   -0.0469061
   0.0359969   -0.0252719   -0.0166001    0.0536233
   -0.164841    0.0414771    0.0687824     0.131643
    -0.03774   -0.0693495    0.0466566    0.0974998
  -0.0516573    -0.160582   -0.0369501   -0.0802962
   0.0481157   -0.0966259    0.0128063    0.0324219
   -0.110385    -0.191521    -0.060975   0.00492211
   0.0422035    0.0569071   0.00808924    0.0514183
  -0.0230682    -0.174135   -0.0444632   -0.0422464
   0.0909599   0.00509203    0.0354741   -0.0433207
  -0.0672119    0.0615038   0.00442253    0.0551431
  -0.0501755   -0.0306718    0.0910053     0.127407
   -0.194516    -0.152351   -0.0117557   -0.0668973
 -0.00301626    0.0301834   -0.0843277   -0.0841287
  -0.0511743   -0.0610319   -0.0261765    -0.217565
     0.16634   -0.0166269   -0.0313647   -0.0929259
    0.185132     0.012981    0.0439082    -0.058191
   -0.102873    -0.173223    0.0479152     0.122208
   0.0335264    0.0601266   -0.0767109    -0.108982
   -0.153926    0.0343815  -0.00460051    0.0700881
    0.192063      0.16156 -0.000334717    0.0967285
   0.0119195     0.063528  -0.00134844    0.0304605
    0.067204    0.0420346   -0.0161158   -0.0410371
    0.147532    0.0492331    0.0140103     0.108626
    -0.17206    0.0127731    0.0601575     0.107898
  -0.0534543   -0.0573613    0.0454334    0.0640494
   -0.161884   -0.0976305     0.023986    0.0194023
   -0.179426    -0.150723   -0.0859916   -0.0766265
   0.0477678    0.0842785    0.0542247   0.00588063
  -0.0936366   -0.0355095   -0.0870326  -0.00582741
    0.086571   0.00228266   0.00240434     0.139315
   -0.206474    -0.152257   -0.0231473     0.155746
   -0.159303   -0.0134706   -0.0214936    0.0625062
   -0.158797   -0.0308738    0.0638101    0.0295584
   0.0718016    0.0849228    0.0444665  -0.00927005
   0.0228726   -0.0396072   -0.0645494   -0.0490491
  -0.0602011   -0.0173097   -0.0241278    0.0317467
   -0.058074   -0.0539994    0.0424732    0.0489821
  -0.0491835      0.03569   0.00469594  -0.00320548
   -0.138346   -0.0445825   -0.0194472    -0.172271
    0.167364    0.0242956  -0.00243414    -0.173533
    0.176197   -0.0760197   -0.0498202    -0.121782
  -0.0141828   -0.0854485    0.0152883   0.00897566
    0.155134     0.181535   0.00930344   -0.0579707
  -0.0408057  -0.00644552   -0.0616486   -0.0353462
   0.0755661    0.0235737   -0.0078729    0.0255394
   0.0865596   -0.0445416    0.0649048     0.018022
   0.0189922    0.0929762   -0.0907961    -0.153186
   0.0878464   -0.0315402   -0.0415198  -0.00654737
    0.011452   -0.0293422   -0.0807249    0.0204975
    0.147646   -0.0063271      0.02302     0.133708
    0.118442   -0.0168419    0.0369736     0.126072
    -0.12083    0.0135425   0.00103953    0.0152482
    0.154658     0.083966   -0.0131265   -0.0722154
-0.000616337    0.0312878    0.0147701    0.0546303
  -0.0684844    0.0121962     0.059662    0.0618397
   0.0456423     0.197143    0.0431811    0.0141875
  -0.0365108   -0.0669009   -0.0512146    0.0234433
   0.0483028   -0.0476173   -0.0313545    -0.104251
   0.0749527      0.14284    0.0206358   -0.0825544
  -0.0592308    0.0324204     -0.10927    -0.221609
   0.0879561    0.0892751     0.020343    -0.088601
   0.0261799   0.00109875    0.0330261    0.0781912
    0.148585   -0.0149157    -0.047565     -0.15398
  -0.0465256   -0.0212233   -0.0202888    -0.133715
     -0.1009   -0.0489757   -0.0447566   -0.0712773
-0.000278125   -0.0477692     0.039772    0.0906727
    0.113815    0.0397738    0.0441621   -0.0957148
    0.147363    0.0556101   -0.0110273   -0.0122359
   -0.108043    0.0335176   -0.0245508     0.120507
   0.0176418    0.0610565    0.0904218    0.0555096
   0.0334901    -0.041002   -0.0320551     0.107014
   -0.194382   -0.0442839  -0.00695866    0.0474859
   0.0563051    0.0878244   -0.0587329    -0.129139
    0.094928   -0.0383681   -0.0141143   -0.0947411
-0.000722761   -0.0554261   -0.0460843    -0.212205
  -0.0503481    -0.061454    0.0234967    0.0456744
  -0.0401592   -0.0421422   -0.0427729   -0.0362434
    0.064723    0.0318909   -0.0361656    -0.087843
  -0.0947096    -0.107278   -0.0358239   -0.0163102
    0.034799    0.0112245  -0.00314719    0.0570107
  -0.0499912   -0.0833202   -0.0450218   -0.0721908
    0.119829   -0.0139743    0.0476564     0.073858
   0.0189749   -0.0623798   -0.0790904    0.0128208
  -0.0181183    0.0107236   0.00589121 -0.000475805
   -0.113605   -0.0167471   -0.0355266    0.0176878
  0.00468809    -0.045333   -0.0404003    0.0407979
  -0.0910623     0.104433   -0.0373618   -0.0827901
   -0.111937    0.0131186    0.0137992     0.131554
   0.0271369   -0.0216645  -0.00491584    -0.168412
  -0.0116692   -0.0526041   -0.0431423   -0.0838178
   -0.187847    -0.128799    0.0288725      0.11881
   -0.193821   -0.0617821    0.0281214      0.17361
 -0.00832895    0.0342235    0.0549633   -0.0271326
  -0.0633013    0.0754471    0.0326715    0.0140275
   -0.223159   -0.0305643    0.0171635   -0.0941071
   0.0282088   -0.0356286   -0.0657597   -0.0982096
   -0.191882    0.0516502    0.0184401     0.148839
  -0.0348825   -0.0171486    0.0712909    0.0420456
    0.162864    0.0390738    0.0166211   -0.0201897
   -0.112636   -0.0339421   0.00475858   0.00671253
    0.129022    0.0101492   0.00477756   0.00455877
   -0.232864    -0.111403   -0.0226817   -0.0680127
     0.19573  -0.00737968    0.0455982     0.100836
   0.0619292  -0.00493607    0.0383893     0.012801
  0.00688187    0.0617549   -0.0184904    0.0375241
   0.0198725  -0.00816543   -0.0566211   -0.0983838
   -0.155239    -0.135868   -0.0223629    0.0246085
   -0.216194    0.0258655   0.00875105    0.0532116
    0.283007    -0.114833    0.0250151   -0.0554041
  -0.0326155   -0.0357751   -0.0952327   -0.0347365
    0.174311    0.0509936   -0.0492146   -0.0811888
  0.00995673    0.0234124   -0.0719522   -0.0324469
     0.14273    0.0576641         0.06    0.0291036
  -0.0167283   -0.0232285   -0.0610547  -0.00451952
   -0.053153   -0.0010473   -0.0267325  -0.00817588
     0.25201     0.127833   -0.0671145   -0.0414761
  0.00916409    -0.113345   -0.0406352    0.0621995
   0.0328651   -0.0180883    0.0247404  -0.00736466
   -0.136887   -0.0871994   -0.0223008    0.0274759
    0.135598  -0.00544204  -0.00585442   -0.0461825
    0.128477    0.0265765    0.0662036   -0.0423098
   0.0849291   0.00617657    0.0273982   -0.0500099
   -0.120141    -0.105573   -0.0390359     -0.19835
    0.165436    0.0638553    0.0553118    0.0296485
  -0.0501505    0.0065022    0.0553102     0.054832
  -0.0158495   -0.0201594    0.0455526    -0.057051
  -0.0144281    0.0988003    0.0442246    0.0850055
    0.102281    0.0925276   -0.0142657    0.0141539
    0.036524     0.109444    0.0437031   -0.0691541
    0.170894      0.14823    0.0742592     0.109497
   0.0334245   -0.0361093    -0.016604   -0.0289334
    0.108403    0.0234423   -0.0275523    0.0184797
 -0.00380923   -0.0287176    0.0170663    0.0678546
   0.0478936     0.120216  -0.00804988    0.0456881
    -0.17158   -0.0780761    -0.100665    -0.164691
    0.224432    0.0382035     0.125703     0.271948
  -0.0695508   -0.0538893    0.0305019     0.149161
  -0.0533246    0.0573947    0.0515306     0.103444
   0.0449559    0.0309853      -0.0752    -0.041306
   -0.198263      -0.1383    -0.014958    0.0168778
  -0.0735482   -0.0732616    0.0386401     0.113513
    0.308394    0.0368095   -0.0288132    0.0706857
  -0.0384298   -0.0129859    0.0329008    0.0878253
    0.244288    0.0961119  -0.00182075   -0.0737549
   0.0375557   -0.0351759  0.000309437   -0.0122443
    0.104141    -0.032123     -0.09864    -0.124731
   0.0820706   0.00983658   -0.0339446    -0.145818
     0.25168    0.0428188    0.0155908   -0.0295115
  -0.0242997   -0.0538903   0.00623561   -0.0149611
   0.0343286   -0.0612944      0.05868    0.0672219
  -0.0205922  -0.00623303   -0.0292611   -0.0268871
    0.103225    0.0207877    0.0590615    0.0907691
  -0.0216336   -0.0588678    0.0252891    0.0599802
   0.0924939   0.00436376   -0.0616294    -0.118666
  -0.0304295    0.0478055  -0.00318618    -0.132059
  -0.0855016   -0.0913011   -0.0743939   -0.0579258
   0.0270401    0.0894778  -0.00303918     0.137971
    0.318111    0.0279876    0.0559767    0.0135041
    0.101994    0.0590165   -0.0479179   -0.0831713
    0.035348   -0.0121046   -0.0420101    -0.181323
    0.144976   -0.0522427    0.0343792    0.0525744
  0.00615368  -0.00275402    0.0400559   0.00391234
    0.172218    0.0515497    -0.018453  -0.00659716
 -0.00912517   -0.0961172     -0.13356     -0.17354
   0.0384748    0.0830749   -0.0348182    0.0979575
  -0.0469422   0.00714066   -0.0795518   -0.0703915
  -0.0201079   -0.0622664    0.0389135    0.0318519
   0.0652766     -0.08235   -0.0306028   -0.0575681
    0.099001   -0.0128911    0.0629201    -0.068589
   -0.301569    -0.130089    0.0121051    0.0116163
  -0.0963319    0.0549116   -0.0701965    0.0326255
    0.111716   0.00422839   -0.0273258   -0.0217346
    0.179302    0.0816498    0.0407056   -0.0824778
   0.0263457   0.00489244    0.0227653    0.0863903
  -0.0160938    0.0221679    0.0357126   -0.0609134
  -0.0368271   -0.0953058   -0.0325209    0.0565195
  0.00264329   -0.0221123    0.0145606    0.0579683
  -0.0261341    0.0601368    0.0187748    0.0600326
  -0.0282161   0.00742335   -0.0376637   -0.0960062
   0.0832582   -0.0131061    0.0730325     0.143978
   0.0992498   -0.0131384    -0.038886    -0.087436
    0.192003   0.00943098    0.0365747   -0.0246805
  -0.0453162    0.0410143   0.00671695    0.0360214
   -0.300132    -0.149869    0.0224086    0.0687291
   -0.016299     0.030327    0.0566199    0.0602354
  -0.0289488   -0.0612288   -0.0245385   -0.0272077
     0.30029    0.0383724      0.11476    0.0631359
  -0.0150597    0.0328397    0.0673655   -0.0124299
   0.0298996  -0.00213493   -0.0877817   -0.0534922
  -0.0756214    0.0298347   -0.0447535   -0.0370911
   0.0987207  -0.00674122   -0.0229021    -0.123974
  -0.0337752    0.0393213    0.0719678    0.0340832
   0.0654172    0.0433145    0.0317475   -0.0123724
    0.110842    0.0548042     0.155443     0.285832
    -0.22784    -0.130395    0.0320641    0.0586848
   0.0456089   -0.0126186    0.0404684    0.0148255
   -0.023357    0.0898025    0.0157841    0.0681206
   -0.152674   -0.0813348   -0.0107444     0.011825
  0.00566674    -0.031671  5.87207e-05   -0.0341532
   0.0230793    0.0534083   -0.0368009   -0.0160932
   -0.136496   -0.0690668   -0.0900354    -0.115664
  -0.0591293   -0.0678948   -0.0364789    -0.149449
    0.222261   0.00703357    0.0742166    0.0535886
   0.0922253   -0.0375627    -0.052205   -0.0116513
   -0.138238   -0.0911431   -0.0707542  -0.00622039
     -0.2161    -0.156395   -0.0702665    -0.207352
  -0.0119021    0.0577488  -0.00535502    0.0746609
   -0.051167   -0.0680202   0.00708585    0.0457898
   -0.011765   -0.0306866   -0.0634451    -0.110376
   -0.084056    -0.125841   -0.0139598  -0.00273985
  -0.0731477    0.0720704    0.0129125    0.0692708
  -0.0159146   -0.0140372    0.0255309    0.0739452
   -0.099454   -0.0235021   -0.0153148    0.0158997
   0.0849254    0.0441926   -0.0118705   -0.0359302
    0.152895    0.0532778   0.00332095    0.0628054
  -0.0851717    -0.125337    -0.114361  -0.00942615
   0.0527411    0.0346772    0.0692082    0.0456469
  -0.0214069   -0.0975058   -0.0610853   -0.0158823
    0.085507    0.0191326    0.0506049     0.118082
  0.00926731    0.0492506    0.0688654    0.0259858
 -0.00149201   -0.0989761   -0.0149242    0.0393918
   0.0618871    0.0229598    0.0173706    -0.072203
    0.084313    0.0360602  -0.00808333    -0.185922
   0.0418718    0.0350493   -0.0411739   -0.0521083
  -0.0895107   -0.0782796  -0.00895721    0.0723827
    -0.11729   -0.0272514   -0.0156516   -0.0562722
   0.0353566  -0.00726791   -0.0637068    0.0275674
   0.0978614    0.0552539    0.0110477    -0.110943
   0.0944847    0.0628987   -0.0655066   -0.0643326
   0.0374285     0.168484    0.0613058     0.092664
  -0.0602818   0.00247509   -0.0170317    -0.121444
   -0.127887   -0.0987416     0.024123    0.0819486
     0.12814    0.0643969    0.0448776   -0.0188222
  -0.0214961   -0.0117812    0.0150389   -0.0981627
   0.0107887    0.0413423   -0.0294793    -0.143832
   0.0766861    0.0721656   -0.0745199   -0.0738913
   0.0536626     0.136495   -0.0525457   -0.0848047
    0.112344     0.111368     0.116836     0.215512
  -0.0137873   -0.0202043    0.0457031    0.0674872
  -0.0608062   -0.0146579    0.0148864      0.17539
    0.167354   -0.0526665   -0.0237322    0.0399507
   0.0127657   -0.0298839    0.0276806   0.00608695
   0.0482959    0.0305176    0.0307714   -0.0442502
   0.0832559     0.179712    0.0203332   -0.0116801
  -0.0720403    0.0516292    0.0633158    0.0125424
    0.178654     0.121058    0.0414082    0.0822591
   -0.199015    -0.114547     -0.02203    -0.157856
  -0.0945103    0.0139865   -0.0573494    -0.216226
   0.0684432      0.08972   -0.0277494   0.00216838
    0.215426    0.0837064   -0.0121215   -0.0951182
    0.037951    0.0143613   -0.0191281   -0.0025652
   -0.109062   -0.0855593   -0.0270735   -0.0140544
    0.206247   -0.0087256    -0.101243    -0.233919
   -0.230972    0.0444537   0.00631041   -0.0241328
   -0.142395   -0.0849152   -0.0092097   -0.0552192
    -0.13637  -0.00781317   -0.0123831   0.00673556
   0.0714536     0.108946    0.0458865   -0.0269115
  -0.0676044    -0.105536    -0.039484  -0.00734382
   0.0917109    0.0385794   -0.0326798    -0.149887
   0.0602278    0.0338179   -0.0419903   -0.0200694
  -0.0765312    0.0284569    -0.052277   -0.0223879
    0.147143      0.04556   -0.0519993   -0.0791604
   0.0974012   -0.0538698    0.0196889    0.0284062
    0.053336   0.00534989   -0.0404998   -0.0103683
   0.0261437    0.0227043   -0.0269066   -0.0668995
  0.00501958    0.0290145   -0.0123361    0.0104144
   0.0736112    0.0228089  -0.00737904   -0.0145466
  -0.0120512   -0.0426569    0.0361295    0.0375963
  -0.0036005    0.0658567    0.0514335   -0.0213774
    0.216379    0.0653423   -0.0676461    -0.068047
  -0.0079878    0.0391768   -0.0314364    0.0360982
    0.138133     0.201191    0.0351522     0.222843
  -0.0517241    0.0409247    0.0721474    0.0667798
    0.129759   0.00389812   -0.0153015    0.0958724
    0.045818     0.106207    0.0786762    0.0552408
  -0.0161912    0.0354834   0.00620762   -0.0187526
    0.180875    0.0713554    0.0111466    0.0946949
   -0.139846   -0.0536466    -0.018145    0.0786127
   0.0962899    0.0378148    0.0342871   -0.0367544
    0.078557   -0.0323691   -0.0401114    -0.118218
   0.0398556   -0.0189517    0.0185043   -0.0509354
   0.0702592    0.0755667   -0.0108139   -0.0519859
     0.10277    0.0794774   -0.0572509     -0.14715
  0.00712383    0.0039605    0.0539483    0.0433908
   0.0841199   0.00360246   0.00664752    0.0540145
  -0.0548896 -0.000304823    0.0575772   -0.0627296
   0.0647792     0.047989  -0.00912495    -0.038754
    0.135363    0.0104528    0.0530651     0.102332
   -0.171576     -0.10516  0.000765793   -0.0745206
  -0.0230937   -0.0285838   -0.0116272   -0.0391565
   -0.126584   -0.0646799 -0.000994735    0.0892365
   0.0687052   -0.0469264    -0.103933   -0.0713328
   0.0541842    0.0653843     0.022657    -0.081533
   0.0713794     0.106031   -0.0339318   -0.0155968
  -0.0119917    0.0605202  0.000122672   0.00069444
   0.0350559    0.0198203   0.00201716   -0.0557499
   0.0437963   -0.0177606   -0.0387701    -0.154235
    0.096218    0.0694584    0.0588832     0.127535
   -0.139009   0.00725807   -0.0194601    0.0802788
   -0.108298    0.0504673   -0.0297994   -0.0165296
  -0.0155365   -0.0968553   -0.0139961    -0.137169
  -0.0546005  -0.00691133    0.0049315   -0.0641946
    0.170342    0.0775401   -0.0109187   -0.0176051
  -0.0803844    0.0404226   -0.0171842   -0.0773045
 -0.00306055    -0.114144     0.033429    0.0994525
    0.299053    0.0679953    0.0412191    -0.139987
 -0.00382125   -0.0657162    -0.111395    -0.115337
   -0.118214   -0.0580941   -0.0450239   -0.0527655
  -0.0557494    0.0400404   -0.0621866    -0.115566
  -0.0974823   -0.0857307     0.019237    -0.057704
   -0.139827   0.00386437    -0.108578   -0.0737599
  -0.0340839   -0.0708121    0.0632055   -0.0849814
  -0.0716878    0.0015106    -0.024885   0.00635451
  -0.0118286    0.0161495   -0.0679043  -0.00311973
   0.0258168    0.0315286  -0.00435945   0.00868298
  -0.0456049    0.0858788    0.0174089  -0.00695849
  -0.0728896    -0.112921   -0.0803624   -0.0714244
  -0.0785626    0.0106175   -0.0523741    0.0101891
   -0.162119    -0.110366   -0.0184935     0.180505
   0.0192127    0.0100291    0.0446784    0.0546307
   -0.153639   -0.0659652    0.0141783    0.0844915
    0.064372     0.106115     0.101112     0.183877
   0.0160513    0.0230804    0.0474286  -0.00764742
   -0.130897   -0.0688614   -0.0541427    -0.140266
    0.115371     0.025568    0.0268986   -0.0724191
   -0.156223   0.00790678   -0.0381729 -1.27021e-05
    0.032971   -0.0260919    0.0157761    -0.056912
  -0.0364689   -0.0115798   -0.0580567   -0.0340932
  0.00778276   0.00121083   -0.0866244   -0.0604546
    0.123597     0.141859    0.0588131    0.0110591
  -0.0987351   0.00473895    0.0191242     0.124414
    0.111289     0.151192    0.0673543   -0.0176334
   0.0681712   -0.0719978   -0.0299236    0.0405551
    0.346789    0.0181581  0.000776585   -0.0948862
   0.0321344    0.0600626   -0.0821362    -0.212752
   0.0919897    0.0754128    0.0757362    0.0144725
    0.116851    0.0814936    0.0384461    0.0566976
   -0.150695   -0.0445569   -0.0233243  -0.00766085
   -0.110828    -0.101204   -0.0353798   -0.0289416
    0.205087    0.0140745    0.0326171   -0.0320082
 -0.00185869    -0.042635    0.0195259     0.146903
   0.0187935   -0.0605168  -0.00999158   -0.0452496
    0.104653   0.00421758    0.0208357   -0.0200154
   -0.111941   -0.0503035    0.0506775    0.0339547
   0.0416502     0.100521    0.0527435    -0.025817
  0.00771584   -0.0806311   -0.0140626   0.00481414
  -0.0109532    0.0422209    0.0237192   -0.0428283
   0.0324688    0.0916796    0.0146283   -0.0702444
   0.0971887   -0.0614075   -0.0103267    0.0658364
 -0.00532605    0.0693762    0.0138017     -0.05463
   -0.178159   -0.0450015   -0.0726197    -0.101028
  -0.0410233    0.0580392   -0.0630672   -0.0941132
  -0.0488335    0.0462773   -0.0677797  -0.00883294
  -0.0355936   -0.0329829   -0.0261931    -0.058466
  -0.0440274  -0.00365183   0.00667921    0.0917751
    0.186372    0.0882313    0.0405431  -0.00703423
    0.176007     0.052457    0.0606475    0.0111546
     0.08099   -0.0111488   0.00460395    0.0759694
    0.168101    0.0436141     0.109187     0.116804
  -0.0326716    0.0154947    0.0877663    0.0441614
  -0.0338473     0.081811    0.0700965     0.137082
   0.0193968     0.129148  -0.00520226     0.205112
  -0.0597087   -0.0541892   -0.0373518    -0.148515
   -0.181832     -0.10104    0.0107971   -0.0142433
   -0.268147    -0.178438  -0.00501828   -0.0389627
  -0.0297804  -0.00757061    0.0988956      0.11337
   -0.173355     -0.11805   -0.0540484  -0.00471966
    0.038489   0.00292932   -0.0388088   -0.0392578
   -0.114777    -0.131768   0.00525221   -0.0229563
     0.11058   -0.0558227     0.026387    0.0108857
   0.0557547    0.0134576    0.0349198   -0.0220195
   0.0250387   0.00900279    0.0378432   -0.0691712
   0.0677776 -0.000313621   -0.0443672    -0.131194
  -0.0829645  -0.00269185   -0.0541858   -0.0879037
   0.0273104    0.0296337    0.0103747   -0.0796186
    0.166019     0.153121    0.0716387  -0.00569185
    0.126665    0.0786758    0.0620869   -0.0253867
    0.110188    0.0465448   -0.0437223   -0.0141671
   -0.104962   -0.0520921     0.012079    0.0421688
   0.0436699     0.110489    0.0720325     0.111546
  -0.0372903   -0.0408874    0.0738819   -0.0204617
  -0.0804803   -0.0238867    -0.144633    -0.171693
  -0.0537047    0.0147598   -0.0653516   -0.0458751
  0.00553447     0.040374   0.00696382    -0.102655
    0.134331   -0.0415442    -0.021758   -0.0650244
   -0.150546    -0.122415    0.0324347    0.0551166
    0.174834   -0.0209563    0.0170165    0.0817233
   -0.121756   -0.0321394   -0.0719297    -0.106326
   0.0430862   -0.0589978   -0.0432288    0.0297517
    0.124024   -0.0999944   -0.0672461    -0.103359
   -0.159081   -0.0269463   -0.0582935   -0.0166153
  -0.0816648     0.199376    0.0362891     0.100049
   0.0538204    -0.077153   -0.0227354   -0.0213328
  -0.0444194   -0.0253498 -0.000922284   -0.0474524
  -0.0619926    0.0340809    0.0915182    0.0598491
  -0.0917168    0.0172301   -0.0402784    0.0315345
    0.166648    0.0662603   -0.0443016    -0.130422
  -0.0952384    0.0100663    -0.113271    -0.207885
    0.265336    0.0301891   -0.0409068    -0.165353
  -0.0182393  -0.00356925   -0.0839874   -0.0466887
    0.104776     0.067728   -0.0403426    0.0252511
   -0.269903   -0.0764726   -0.0642201   -0.0134726
  -0.0478039   -0.0721629   -0.0595496   -0.0331563
   0.0414156    0.0778059   -0.0234945   -0.0939195
   -0.124033    -0.126776   0.00269384   -0.0620542
   -0.189921    -0.146487    0.0168007   -0.0642076
   -0.067351    0.0144476    0.0712335     0.136483
    0.122662    0.0678923   -0.0262517   -0.0313945
   0.0534992    0.0830012    0.0124681    -0.215932
   -0.107629   0.00159657   -0.0324022   0.00173925
    0.125601     0.121766    0.0189646    0.0769288
  -0.0586506   -0.0676879   -0.0217734   -0.0580344
   0.0196912   -0.0607851   -0.0435347    0.0418089
   -0.146869    -0.126793   -0.0595267     -0.13655
  -0.0540517   0.00190618   -0.0419881    -0.112957
   0.0307247   -0.0204593    0.0396771   0.00645417
   0.0783471    -0.015873   -0.0115765    -0.046176
   0.0307298   0.00160066    0.0492492    0.0145504
  -0.0455779     0.161552   0.00481072   -0.0606078
   -0.195988   -0.0911925   -0.0149034    0.0183176
    0.096355     0.105755   -0.0607872   -0.0554977
   -0.128489    0.0463646    -0.120026    -0.144167
    0.137846    0.0597918    0.0492179    0.0707305
    0.047458    0.0214179    0.0430954  0.000758818
  -0.0585493   -0.0144485    0.0974646   0.00738718
   0.0520716      0.10298    0.0569492    0.0122792
   -0.135561   -0.0661747  -0.00500454   -0.0747185
    0.163152   -0.0518668    0.0303532    0.0112534
 -0.00686697      0.18506    0.0386421    0.0800373
  -0.0595724   -0.0359246   0.00251434     0.163654
   -0.069434   0.00301957  -0.00270736   -0.0443094
    0.063381    0.0653738   -0.0305291   -0.0387737
   0.0767957    0.0258104   -0.0128092   -0.0703062
  -0.0488554     0.105193    0.0378519    0.0723316
  -0.0433428   -0.0181237     0.030491     -0.06476
   0.0726262    0.0426393  -0.00876877    0.0768059
  -0.0077076    0.0119729    -0.022021  -0.00175539
-0.000863188    0.0124392   -0.0163072   -0.0262309
   -0.103744   -0.0917552    -0.030063   -0.0564005
    0.149941    0.0930006    0.0442845      0.12254
    0.131759    0.0721689    0.0368925     0.103998
  -0.0781617   -0.0357869    0.0567743   -0.0305635
  -0.0788673    0.0371051   -0.0288593   -0.0189507
   0.0170639    0.0819229   -0.0680872   -0.0165359
  -0.0110411   -0.0932119  -0.00765194   -0.0202134
   -0.027062    0.0389335    0.0143202   -0.0555926
   -0.208875    -0.133187     0.030128   0.00505093
    0.137735    -0.025026    0.0634637    0.0400366
   0.0312831    0.0343334   -0.0127715    0.0329022
   0.0824215   -0.0355487   -0.0531065   -0.0515435
  -0.0116157   -0.0486385   -0.0294539   -0.0338667
    0.132411    0.0930775    0.0518005    0.0279956
    0.109727  -0.00516545    0.0120984     0.023944
    0.047326   -0.0227485   -0.0511759   -0.0648805
  -0.0140407   -0.0661356   -0.0533174    -0.104898
   0.0561162    0.0135335    0.0510683     0.108834
  -0.0179206    -0.046822    0.0723979    0.0231092
   0.0400011     0.123478   -0.0258963     0.014291
   -0.166968    -0.135334   -0.0976202    -0.051909
   0.0687501    0.0838895     0.126445     0.116976
   -0.152274   -0.0710575  -0.00423637    0.0640884
  -0.0322043   -0.0134231    0.0848656      0.13571
   -0.146895     -0.12283    -0.015696    0.0828971
   -0.117692    -0.066007    0.0091044    0.0308344
  -0.0133007    0.0741558    0.0496042    0.0778336
    0.052335    0.0433679 -0.000314356   0.00262433
    0.117593    0.0235878     0.031171   -0.0561002
   -0.091494    0.0115703   -0.0843451   -0.0425349
    0.041005    0.0614256    0.0587838    0.0225421
   -0.101599   -0.0767328   -0.0704182   -0.0751023
   0.0611423    0.0720012   -0.0489109    -0.117117
   -0.105758   -0.0970021   -0.0128459    0.0145439
   0.0524485    0.0378681   -0.0398725   0.00905455
    0.140726    0.0450432    0.0175684    0.0104604
  -0.0555508    -0.086146   -0.0350042   -0.0504846
   0.0162238   -0.0125303    0.0303139    -0.103752
    0.163649   0.00637653   -0.0426537    0.0677296
   0.0927432    0.0526811    0.0420148    0.0191504
   -0.175058   -0.0582228    0.0380607     0.137318
   -0.138205   -0.0260376   -0.0134227   -0.0589752
 -0.00762917    0.0108141     0.014567     0.016607
   0.0362718   -0.0332411    -0.031042   0.00325603
   -0.059968    -0.036183   -0.0362176   -0.0494894
   0.0751983   -0.0242058   -0.0271395   -0.0375077
  -0.0355639   -0.0504294   -0.0179371   -0.0269681
  -0.0306909    0.0310604     0.043038    0.0861639
   0.0219586    0.0193838     0.064263      0.17335