   0.0226973    0.0334291   -0.0339697    0.0259117
  -0.0199815   -0.0992798    -0.007869   -0.0728182
   0.0438241    0.0110312    0.0439179    -0.033756
   -0.108622    -0.141149   0.00349157    -0.140377
  -0.0385848   -0.0581508   -0.0119277   -0.0845164
   0.0368802   -0.0209509    0.0961319      0.13535
    0.117781     0.152609   -0.0304089   -0.0382248
   0.0808103    0.0270111   -0.0487574    0.0982346
   0.0806382      0.10549  -0.00442535  -0.00746592
   0.0146588   -0.0391501     0.034248    0.0850386
    0.103232    0.0347219    -0.015592    -0.108316
    0.125724    0.0262735    0.0615218    0.0485798
   0.0403089   -0.0241261   -0.0210294   -0.0613536
    0.179264    0.0562919    0.0731296     0.148884
   0.0356892    0.0503013  -0.00327278    0.0688496
    0.229621     0.051009     0.085587    0.0519403
   0.0504476   -0.0144995   -0.0334241   -0.0326676
   0.0288297    0.0342509   -0.0800023   -0.0798333
    0.192573     0.092002     0.101255     0.195526
  0.00351832  -0.00468247    0.0319685   0.00932474
    0.100426    0.0552256   -0.0132416   -0.0387853
  -0.0479165    -0.130865    0.0313798    -0.103374
  -0.0785632  -0.00299931    0.0161387   -0.0443064
   0.0122434    0.0796296   -0.0994713   -0.0727112
   -0.111418    -0.176772   -0.0840728   -0.0802847
   0.0721523     0.112199   -0.0582187   -0.0514551
   0.0882311     0.172239    0.0143188    0.0673835
   0.0180198   -0.0254816  -0.00468057   -0.0138834
  -0.0429237   -0.0433498   -0.0979695   -0.0465988
   0.0305067    -0.020505   -0.0656471    0.0197901
    0.075148     0.101557    0.0764372    -0.010117
    0.019693     0.060347     -0.03041    0.0336397
   -0.185151    -0.187171   -0.0164296   -0.0113194
    0.189883    0.0365805    0.0392503    0.0471779
  -0.0315529   -0.0872046    -0.108625   -0.0226873
   0.0717368    -0.018673    0.0181984     0.124563
    0.163559     0.161441   -0.0113269   -0.0519098
    -0.03991    -0.106381   -0.0531213   -0.0567887
  -0.0677422    0.0555628    0.0290423  -0.00301114
   0.0703424    0.0370392    0.0635601    0.0878863
 -0.00559014    0.0201526   -0.0417493  -0.00305943
 -0.00505338    0.0673418    0.0307425     0.170452
   0.0718668      0.11924    0.0351659    0.0106376
   0.0323122    0.0891973 -0.000690726    0.0161594
  -0.0919188    -0.182923    -0.137084    -0.117303
   0.0801196    0.0525889   -0.0771401    -0.169763
  -0.0879715    -0.126238   -0.0624715 -0.000641633
    0.160386    0.0813377  -0.00951722   -0.0375662
   0.0458199    0.0343219   -0.0530287   -0.0701404
   0.0486073    0.0442239   -0.0625232    0.0180624
    0.141811    0.0790685   -0.0289028    -0.067581
    0.119137    0.0243869   -0.0054343    0.0471692
   0.0761862   -0.0281401    -0.068661   -0.0306172
  -0.0309006    0.0073316     0.047669    0.0396387
    0.129751   -0.0571907  -0.00505609    0.0278058
 -0.00738815    -0.143569   -0.0596145    -0.137129
   0.0388184   -0.0494339   -0.0588891   -0.0207205
   0.0174187    0.0560478   -0.0481224   -0.0702156
   -0.105071    -0.119554   -0.0916906   -0.0426109
  -0.0313169    0.0707769   -0.0794113    0.0167969
    0.367432     0.163279   0.00824914   -0.0255882
    0.044154    0.0793012     0.017863     0.110723
  -0.0233511   -0.0403123   -0.0745354    -0.125493
 -0.00546348    0.0499425   -0.0922259  -0.00181843
   -0.158224    -0.148782    0.0683407   -0.0836653
   -0.083233    0.0170334    0.0407599   -0.0477565
    0.127964     0.114919    0.0136204   -0.0455502
   0.0615029    0.0795767    0.0127308     0.100228
   0.0550458  0.000794795    0.0407291   -0.0302931
  -0.0918646    -0.120117   -0.0858919    -0.156219
   0.0169604   -0.0314395   -0.0217829   -0.0635805
   -0.134845   -0.0513048    0.0611202  -0.00451346
  -0.0841725     -0.10201   -0.0186551 -0.000973017
    0.128711     0.120534   0.00805663    -0.065305
  -0.0423039    0.0959182   -0.0198129    0.0565656
  -0.0549619   -0.0760052   0.00199271  -0.00809288
   0.0130804   -0.0543519    0.0738169    0.0685693
  -0.0217122  -0.00526607   0.00646547   -0.0383056
   0.0152148   -0.0337991     0.078632    0.0085606
  -0.0384788   -0.0133765 -0.000615044    -0.146731
     -0.1946    -0.127981  0.000765801   -0.0147042
  -0.0112976   -0.0235309   -0.0959466   -0.0376691
   0.0904471    0.0973271    0.0379506     0.172504
   0.0677785   -0.0515781   0.00949259    -0.158388
   -0.185013    -0.209747  -0.00624218   -0.0663094
   0.0766426    0.0216426    0.0289526   -0.0672253
    0.113609    0.0899162   -0.0259609   -0.0037604
   -0.141627    -0.172863   0.00333242    -0.210177
   0.0774085     0.116627     0.073767    -0.189076
    0.108126    0.0813307  -0.00719035   -0.0561671
  0.00667348   -0.0550208    0.0141328    -0.105134
  0.00108594    -0.138276   -0.0866171    -0.104094
   0.0206885    0.0531132    0.0434337    0.0492299
  -0.0272449   -0.0111632    -0.029354    0.0344869
    0.120519    0.0724456    0.0147029    0.0513697
  -0.0637643    0.0202302   -0.0054502  -0.00686668
  -0.0158802    -0.127697    0.0266547    -0.162376
  -0.0634698   -0.0291993  -0.00104905   -0.0927405
    0.133094     0.151157    -0.039105    -0.135338
   -0.127903    0.0278142    0.0705628    0.0893088
   0.0480259     0.083271    -0.105022    -0.114216
   0.0367513   0.00435268     0.050752   -0.0851323
   0.0535804    0.0925878     0.047462      0.16071
    0.152124     0.170093    0.0111682   -0.0115609
    0.161912    0.0217015  -0.00625423   -0.0429866
   0.0227946    0.0165773   -0.0485356    0.0332758
  0.00737819    0.0322529   -0.0415166   -0.0265355
  0.00303887    -0.150702  -0.00619211    -0.202473
    0.187747     0.160479   -0.0425167   -0.0390873
   0.0209995    0.0250713   -0.0383766   -0.0424228
   0.0685009     0.080417    0.0131654    0.0127995
   0.0613482   -0.0588601     0.042355    -0.168196
    0.258657     0.131189   -0.0898238    -0.121891
   -0.064553   -0.0747294    0.0124899   -0.0619816
   -0.163098    -0.138314    0.0222783    -0.156434
   -0.102954    0.0382738   -0.0864405      -0.0863
   -0.198751    -0.141842 -0.000455185   -0.0327242
  -0.0237367    0.0618983    0.0420489     -0.12479
     0.35876      0.12042    0.0842199   -0.0971375
   0.0986374   0.00441285    0.0733558     0.171358
   0.0401123    0.0303284   -0.0108092   -0.0661009
  -0.0823019  -0.00519583    0.0284118    0.0310264
  -0.0488116   -0.0446621    0.0546459    0.0465581
   0.0571975     0.113433   0.00486094     0.103677
   0.0906933     0.102625   -0.0565939    -0.140659
   -0.111556   0.00180678    0.0356674   -0.0710397
     0.18896     0.122803    0.0764053   -0.0695727
 -0.00583103    0.0819369   -0.0248399   -0.0175755
     0.11812    0.0322654    0.0396622   -0.0739072
   0.0266186  -0.00760631   -0.0520316   -0.0987581
    -0.10839   -0.0526656    0.0221511   -0.0231297
    0.168085     0.190671    0.0260833    -0.155878
   0.0964174    0.0869487   -0.0421228   -0.0240849
  -0.0826325    -0.100791  -0.00906919  -0.00920865
    0.039233    0.0614223   0.00675007   -0.0607208
  -0.0209108    0.0420195   -0.0223249  -0.00931402
   -0.062061   -0.0451879    -0.104525   -0.0656969
  -0.0154311   -0.0856831    0.0307526    0.0726174
  -0.0330191    0.0525411   -0.0570676    -0.102984
   0.0496847   -0.0212039   -0.0789424    -0.130847
   -0.184865   -0.0326314    0.0153283   -0.0764438
 -0.00732722    0.0411779    0.0741268    0.0856023
  -0.0532985   -0.0335342   -0.0840528   -0.0843511
   0.0640035    0.0244199   0.00145292    0.0345838
   0.0989255    0.0268021   -0.0687086     -0.15827
  0.00936664    0.0553241    0.0264405    -0.102958
  -0.0633936  -0.00645119   -0.0599868   -0.0592029
    0.078216    0.0264573   -0.0173762   -0.0410272
   0.0915954    0.0340111    0.0959079   0.00112086
   0.0835752     0.188029   -0.0247798   -0.0207163
    0.093771     0.102843   0.00282151    -0.138175
   0.0893775    0.0321948   -0.0169063   -0.0868115
    0.171665    0.0583112    -0.038352    -0.080308
  0.00105885    0.0264202   -0.0195798    0.0247674
  -0.0223435    0.0136147   0.00298116  -0.00841504
 -0.00606985  -0.00228608   -0.0349279    0.0197516
    0.164214     0.134681    0.0120198    0.0131947
   -0.172922    -0.147687   -0.0284887   -0.0111268
   0.0351251    0.0449662   -0.0238752   -0.0143708
  -0.0688236     -0.10085   -0.0500222    0.0379357
   0.0628385    0.0215392   0.00623024    -0.140904
  -0.0322566   -0.0639666  -0.00521926    -0.022695
  -0.0538788   -0.0432495   -0.0641128    0.0935576
   0.0593219    0.0236604   0.00744226   -0.0678842
    0.227402     0.131853   -0.0018085  -0.00280445
  -0.0966304   -0.0159922     0.054027    0.0744261
   0.0748952   -0.0235093   -0.0532072   -0.0343687
  -0.0413691   -0.0491121   -0.0319663   -0.0434043
   0.0503065     0.115818   -0.0284451    0.0114511
    0.100417    0.0123425    -0.015398   -0.0259174
  -0.0264692   -0.0326441   -0.0215208  -0.00460228
   0.0355033   -0.0223434  -0.00800435   -0.0182179
  -0.0802799  -0.00417578     0.020211   -0.0350318
   -0.014481   -0.0490513    0.0293385    0.0878199
  -0.0848427   -0.0676868   0.00961244    0.0335905
   0.0565858   -0.0209718  -0.00359022   -0.0601713
    0.128553     0.201589   -0.0333118   0.00242628
   0.0303071    0.0566868    0.0618225     0.111073
    0.178753   -0.0302551    0.0424675    -0.151567
  0.00622607   -0.0215642   -0.0541541    0.0306804
  -0.0138141    0.0182188    0.0311776   -0.0965837
    0.179158     0.102316   -0.0773515    -0.141155
    0.109534    0.0263421   -0.0244092    -0.112993
  -0.0438157   -0.0663588     0.046683    -0.123801
  -0.0757503   -0.0530695   -0.0235406   -0.0403079
  0.00298795  0.000603899    0.0383481    0.0505744
  -0.0029158   0.00440478   -0.0354707    0.0435637
    0.081495    0.0355058     0.106651      0.12384
    0.116106    0.0713907  -0.00872629    0.0875967
   -0.136048    -0.162722  -0.00107655   -0.0424373
  0.00188667    0.0332726   -0.0669381  -0.00630337
    0.178972    0.0532434    0.0319007   -0.0404091
  -0.0416329   -0.0199232   -0.0959287    -0.101808
 -0.00992749    0.0402944   -0.0800656    -0.122515
  -0.0003484   -0.0272362    0.0339057   -0.0196988
  -0.0351773   -0.0314897    0.0460432     0.115065
  -0.0601924   -0.0557014    0.0315822    -0.072306
  -0.0372712     0.104813   -0.0220545   -0.0193105
   0.0164711    0.0113229   -0.0205643    -0.106456
  -0.0196866   -0.0912378   -0.0623942   -0.0552844
   0.0173575   0.00280382   0.00496199   -0.0723804
   0.0759644    0.0785101     0.046409     0.016109
   0.0342057    -0.036145    0.0405536    0.0207344
    0.193512    0.0415046   0.00967047   -0.0265906
 -0.00526353    0.0436797   -0.0480674   -0.0990569
   -0.108003   -0.0892341   -0.0233409   -0.0388962
  -0.0418481   0.00372977   -0.0704568   -0.0541616
  -0.0388175   -0.0316517     0.026957    0.0396843
   -0.031063   -0.0274385   -0.0362477   -0.0125638
  -0.0145948    0.0373768   -0.0289836   -0.0387741
    0.110117   -0.0464331    0.0488515   -0.0360123
   0.0937936     0.120973    0.0188317        0.137
    0.200812    0.0532471      0.08322     0.103059
    0.139296     0.135819     0.100551     0.147844
  -0.0620096   -0.0297005   -0.0537774    0.0425705
   -0.039276    0.0851058   -0.0147951    0.0820323
   0.0489015    0.0381055    0.0314583   -0.0702409
   -0.107902   -0.0370518       0.0246    0.0182156
    0.131694     0.108032   -0.0376925     0.015545
    0.105632     0.107579    -0.016234      0.15827
  -0.0951842   -0.0596294   -0.0557279    0.0112826
  -0.0342988   0.00243462   -0.0230076     0.113596
   -0.176458    -0.181389    0.0384985   -0.0524688
    0.101566   -0.0638752     0.016908    0.0428992
   0.0396295   -0.0221467   -0.0250203   -0.0225946
    0.110361     0.148325   -0.0390455    -0.013919
   0.0140121    0.0926561    0.0624249    0.0146018
     0.10275    0.0548767   -0.0593051    -0.111355
   0.0874058    0.0724238    0.0582101     0.104344
      0.1544    0.0813362   0.00893772   -0.0407873
   -0.136984    -0.130277   0.00515466     0.136811
    0.097056    0.0633686    0.0058695   -0.0192222
   0.0212892   -0.0131886  -0.00651929     0.063039
    0.258626     0.221024   -0.0270764  -0.00728648
   0.0925686    0.0609467   -0.0232847  -0.00408873
 -0.00317535   -0.0249504    0.0585518   -0.0234217
  0.00927693  -0.00256133    -0.007446    0.0233288
   0.0594035    0.0170864    -0.040455   -0.0620516
   0.0951732    0.0847497   -0.0364258    -0.207377
  -0.0063822     0.083137    0.0375162   -0.0189395
  -0.0171338    0.0994045    0.0649535     0.225899
    0.069587     0.107212    0.0545587    0.0263565
    0.112278    0.0569691    -0.102418   -0.0953885
   0.0212013   -0.0890113   -0.0309097   -0.0141229
  -0.0210395  8.99734e-05     0.024756   -0.0115717
   0.0576538     0.138639   -0.0341359   -0.0233298
   0.0748291     0.102748    0.0333298   0.00552594
  0.00671754     0.020942 -0.000677384  -0.00455151
    0.108194      0.04682   -0.0088778    -0.101802
  -0.0387138   -0.0184606    0.0148522  -0.00952326
  -0.0806762   -0.0594603   -0.0249872   -0.0633987
 0.000990432    0.0191648   -0.0275312      0.15322
    0.125224     0.109111    0.0835893    0.0571791
   -0.013346    0.0306359   -0.0177856    -0.121707
    -0.17684    -0.121274    0.0170981    0.0724014
   0.0241998     0.020412   -0.0997491    -0.163976
   -0.301846      -0.1847    -0.018612    -0.081772
   0.0562168    0.0132239   -0.0300076   -0.0474559
 -0.00790667    0.0544125   -0.0270492   -0.0873788
   0.0550434    0.0412918    0.0851272    0.0936762
  -0.0592354   -0.0684611    0.0186193   -0.0959727
  -0.0140601   -0.0112516    0.0214003    0.0823344
   0.0995978    0.0477866    -0.110759    -0.173002
   0.0225733    0.0669468    0.0265636     0.158418
    -0.12929   -0.0506521   -0.0125228   -0.0616602
   0.0560171     0.141468   -0.0284977   -0.0384514
     0.18213     0.158082   -0.0367589     -0.12125
   0.0145508    0.0947825  -0.00076218      0.10145
   0.0472255   -0.0104716 -0.000798698    -0.131517
   0.0204063   -0.0357163   -0.0733253   -0.0477431
   0.0392931     0.130533   -0.0337604    0.0349269
    0.166086     0.130329    0.0876664     0.115391
  -0.0114892   -0.0015325   -0.0566609   -0.0987433
   0.0211107   -0.0363922   -0.0287474    0.0472371
   0.0219294   -0.0186139    0.0603465    0.0620876
     0.11277     0.200156   -0.0426496  -0.00484682
    0.100145  0.000554262    0.0560079   -0.0399603
   -0.239163    -0.104221   -0.0295117    -0.030554
   0.0272604     -0.10089    0.0198305    -0.006525
     0.15668    -0.099014  -0.00841844    -0.272843
  0.00719653   -0.0412506   -0.0286859   0.00234845
   0.0212811    0.0853411   0.00660982    0.0951688
   -0.104591    -0.163071    0.0200701     0.114799
   0.0292022    0.0557112   -0.0492715    0.0376683
     0.14416   -0.0509173  -0.00357033     0.136833
 -0.00916982   -0.0789275   -0.0114083    -0.189087
-0.000823067   -0.0160856    0.0241137     0.150567
   -0.123604   -0.0577551    -0.081064   -0.0710148
    0.250789     0.151497   0.00404831   0.00647244
  -0.0154573   -0.0944809   -0.0363859   -0.0484149
    0.132646    0.0755958    0.0552218    0.0270899
    0.235678     0.180287     0.111012      0.12695
    0.067143     0.119399    0.0401373   -0.0556194
    0.044412    0.0576803   -0.0402388    0.0511094
  -0.0921873    0.0506543   -0.0487517    0.0648343
   0.0996764     0.142136    0.0539242   0.00406652
   0.0181228    0.0570339   -0.0270322     -0.12698
   0.0729978    0.0141273   -0.0326895    -0.118704
  -0.0720317   -0.0479161   -0.0828961    0.0259174
    0.142166    0.0919546   -0.0350508   -0.0841977
    0.158877     0.107636    0.0544097    0.0459284
   0.0273954    0.0695152   -0.0442336    0.0539793
    0.157817    0.0985465    0.0558164   -0.0232488
   0.0200051   -0.0156205   -0.0335596     0.224314
   0.0143534     0.077928   0.00458363    0.0956962
     0.10757    0.0547454   0.00352953   -0.0882666
    0.153337    0.0638444   -0.0296165     0.118881
  -0.0441878   0.00495846   -0.0468786   -0.0435993
  0.00706548     0.037625   -0.0136783    0.0835539
  -0.0421008     0.021086     0.015947   -0.0506719
  -0.0527401   -0.0281521   0.00169134   -0.0198973
   0.0724117    0.0403894    0.0551146    0.0381436
   0.0980739    0.0657935   -0.0783147    0.0028136
   0.0386753    0.0961038    -0.024979      0.13548
    0.090627    0.0650633   -0.0280917    -0.240132
    0.169024    0.0791995   -0.0430309   -0.0052799
  -0.0355193    -0.101479    0.0823133    0.0555413
   0.0128167    0.0471841   -0.0556497    0.0428196
   0.0388968    0.0525946   -0.0214636     0.215706
  -0.0908643    0.0282364   -0.0581546   -0.0718383
   -0.199438   -0.0946262   -0.0335756   -0.0604246
   0.0573562    0.0127026    0.0959343    0.0267721
   -0.104444    -0.025341    -0.103027   -0.0602512
 -0.00638038   -0.0454113   -0.0598909    -0.136336
   0.0458796    -0.033247   -0.0551107   -0.0635377
   -0.102077    -0.122076   -0.0152576    0.0539921
  -0.0181033     0.027753   -0.0337792    0.0257734
  -0.0560881    0.0326715  0.000751159   -0.0819026
    0.049835   -0.0117091    0.0229436    0.0577901
    0.041875   -0.0460815    0.0261542    0.0290658
    0.052072    0.0269246    0.0280535    0.0615191
   -0.113664    -0.123514   -0.0808914    -0.106133
   0.0544024    0.0230185   -0.0190177   -0.0140249
  -0.0305993    0.0749885   0.00273464   -0.0205201
    0.198858     0.118912    0.0609032     0.170569
    0.143274    0.0530695     0.100701     0.151952
   0.0602655    0.0832151   -0.0274507   -0.0647452
    0.257303     0.184724 -0.000640735    -0.132168
   0.0602119   -0.0425072   -0.0564192   -0.0219233
    0.206146    -0.104522    0.0368591    -0.341877
   0.0802678     0.126382   -0.0655548     -0.10178
    0.200212     0.108374    0.0590424   0.00428706
    0.176555    0.0872146   -0.0360109    0.0848485
   0.0136312   -0.0502292    0.0444822     0.123793
  -0.0536316    0.0445075    0.0427613   -0.0375934
   0.0356002    0.0634803    0.0484901   0.00497644
   0.0140267  -0.00986432     0.034449    0.0440223
     0.04223   -0.0726249    0.0198361   -0.0334401
  -0.0503129     0.026774    0.0679979     0.123931
   0.0212927   -0.0205111    0.0405956    0.0125619
  -0.0528463  -0.00369609    -0.117313   -0.0740229
  -0.0378565   -0.0389258   -0.0560425    0.0389057
  -0.0284717     0.018304   0.00171488   -0.0583048
  -0.0126826    0.0762069   -0.0646827   -0.0270204
   0.0481733   -0.0523949    0.0673817    0.0736951
   0.0066193     0.045384   -0.0191375    -0.004547
   0.0560222    0.0379177   -0.0202683   -0.0442604
  -0.0100918 -0.000218603    0.0666994    0.0560609
  -0.0886867   -0.0289509    0.0128691    0.0279218
   -0.134737    -0.169535    -0.158179    -0.299778
   0.0438492    0.0814542    0.0270965   -0.0440132
   0.0868856   -0.0255704   -0.0108423     0.140761
  -0.0270232    0.0187536    0.0642795    0.0629021
   0.0118091   0.00862427   -0.0396884   0.00297012
  -0.0522925   -0.0388343    0.0230339  -0.00142339
  -0.0167302   -0.0957332  -0.00947353  -0.00716494
   -0.126767   -0.0535534    -0.069837   -0.0960703
   0.0049345   -0.0546218   -0.0520111    -0.036415
 -0.00579147   -0.0142034    0.0557311     0.118131
    0.245203    0.0847654    0.0276507    0.0726835
   0.0416126     0.108152  -0.00906675   -0.0772242
  -0.0766895   -0.0683552    0.0626555   -0.0231492
   0.0328263    0.0019765   -0.0840476    -0.124199
   0.0433914   -0.0250758    0.0642332    0.0534979
    0.104628    0.0632017   -0.0319073   -0.0563072
  -0.0650482    -0.106288    -0.143295    -0.163264
 0.000319341    0.0443056   -0.0124432   0.00404544
    0.190876     0.101982    0.0769322    0.0818409
    0.028224   -0.0316705   -0.0880076    0.0171501
   -0.126741   -0.0831267   -0.0630984    0.0781173
  -0.0630657   -0.0408652   -0.0365665     0.048789
   0.0944636   0.00749376   -0.0612552    -0.071741
  -0.0530723     -0.02055  -0.00560478     0.013783
    0.169418    0.0498847    0.0691591   0.00500738
    0.142836    0.0837069     0.058967     0.267932
   0.0596949 -0.000235004   -0.0682479   -0.0990192
    0.142846     0.029873    0.0214073    0.0987969
    0.155214     0.127563    0.0106118    -0.114624
  -0.0834679   -0.0573269    0.0399166    0.0673628
    0.101863    0.0379089    0.0409094   -0.0442535
    0.232682    0.0789349    0.0589955    0.0199856
  -0.0913054    -0.136681    0.0129933    -0.055024
  -0.0153539   -0.0743392    -0.070578    -0.155375
  -0.0714893    0.0525009    0.0111305   -0.0463849
    0.174983    0.0199532    0.0201416     0.134879
  0.00460464    -0.073205    0.0632867    0.0808914
   -0.149478   -0.0514287  -0.00280424   -0.0223458
   0.0588275   -0.0456245  -0.00265306    0.0137091
  -0.0275035 -0.000596291    -0.026187    0.0564789
   -0.105396   -0.0338959   -0.0195758   -0.0381721
     0.13374    0.0176001    0.0208975   -0.0341458
    0.134861    0.0886761    0.0412001    0.0961163
   0.0235593   -0.0499931    0.0076396    0.0309457
  -0.0291031    0.0134864   -0.0990175   0.00146867
   0.0837974    0.0799206 -0.000109378  -0.00465994
   0.0122362  0.000394085     0.050207      0.02774
    0.136401    0.0571656    0.0197153     0.226073
  -0.0467214   -0.0585037    0.0198771    -0.053365
    0.148094    0.0180779    0.0430096    0.0424084
   0.0022048    0.0348965   -0.0425532    0.0668444
     -0.0316    0.0270848   0.00276612    -0.117657
    0.022213    0.0519534    0.0877697     0.109254
    0.100281     0.145325   -0.0135783   -0.0216777
  -0.0145891   -0.0452828   -0.0190898    0.0548281
  -0.0225156    0.0841033    0.0871682    0.0754563
  -0.0713612   0.00274405    0.0412397     0.211071
    0.111507   -0.0515144   -0.0166985   -0.0646304
 -0.00514695   -0.0988074   -0.0125367    0.0308826
   0.0728301   -0.0089875   -0.0860347   -0.0708418
   0.0872575    0.0706951   -0.0518304   -0.0123771
   0.0464174     0.064202   0.00820401   -0.0310734
   0.0511339   0.00998614    0.0647295    0.0279442
   -0.139159    -0.136958   -0.0480065    0.0557845
   0.0836031   -0.0299985    0.0327676   0.00384687
   0.0650366   -0.0284026   -0.0270009    0.0376893
   0.0303579   -0.0642896 -1.53836e-05    -0.091133
    0.107641     0.043357   -0.0303398    -0.145126
   0.0267001    0.0139717   -0.0359789   -0.0434529
   -0.116341    -0.208117   -0.0836971     0.038052
  -0.0324311  -0.00065122   -0.0332208    -0.103104
  -0.0840611    0.0254013   -0.0128085   -0.0746529
    0.146771    0.0482614     0.104917     0.106498
  -0.0139364   -0.0333466    0.0321283    0.0243491
    0.075458    0.0421227   -0.0274295   -0.0692788
   0.0976722    0.0519422    0.0812806    0.0214222
    0.163796    0.0726411  -0.00998107   -0.0756228
    0.108554   -0.0078258    -0.105617    -0.127706
  -0.0261628   -0.0673529   -0.0773161   -0.0332536
    0.153791     0.100232   -0.0202617    0.0016947
   0.0478645 -0.000799278    0.0248634   -0.0226606
    -0.08547   -0.0265154   -0.0971735   -0.0272539
  0.00789107    -0.092527  -0.00631931   -0.0671512
   0.0407686    0.0493185    0.0150422   -0.0737062
   0.0109899   -0.0588034   -0.0149059    -0.116101
    0.115671    0.0190707     0.105363    0.0430391
  -0.0785345  -0.00973565  -0.00916302    0.0218733
    0.143396    0.0897112    0.0748326    -0.034985
   0.0261322   -0.0089792   -0.0140243    0.0103219
    0.221649     0.225206    0.0557639    -0.049399
   -0.137305   -0.0687321    0.0297862   -0.0329097
   0.0287496   -0.0413814    0.0693796    0.0694807
   -0.161181    -0.109976   -0.0280201    0.0904642
   0.0404571     0.146095    0.0600062     0.251478
 -0.00748268  -0.00244318   -0.0208957    0.0317513
  0.00870258    0.0614835    0.0216625   -0.0344959
   0.0384078   -0.0960916   -0.0561895    0.0409019
    0.111294    0.0227199    0.0158675   0.00315522
   -0.120594   -0.0747613   -0.0517005  -0.00398195
   -0.122741    -0.119232    -0.071442   -0.0382649
    0.112367    0.0922404    0.0271968   -0.0302626
    0.089718    0.0217857   -0.0668159    -0.164314
    -0.14029   -0.0826442    0.0300169  -0.00394017
  -0.0716587    -0.036013  -0.00673428    -0.125096
  -0.0211353   -0.0434596   -0.0247225  -0.00971136
    0.174087  -0.00449131   -0.0461003    -0.286908
  0.00437521   -0.0737823   -0.0870586     -0.22483
  -0.0654592   -0.0214169   -0.0692653     0.058546
   0.0235798   -0.0823196   -0.0295108    0.0742138
  -0.0110308    -0.131279   -0.0228734    -0.104851
   0.0352447    0.0246874    0.0525974  -0.00890813
   -0.153891   -0.0729119  -0.00856929    -0.081967
    0.138583    0.0928426    0.0288548    0.0764911
   0.0479158     0.139102   -0.0728127   -0.0495395
   0.0945279    0.0845862 -0.000216993   0.00856676
  0.00986634    0.0791509   -0.0957379    -0.104021
  -0.0392561    -0.120424   -0.0683882   -0.0879355
   0.0887786    0.0222051    0.0556688    0.0877609
  -0.0840289   -0.0312884    0.0822344    0.0972481
   0.0179235   -0.0411098   -0.0114545   -0.0165047
  -0.0650751   -0.0226475    0.0261025    0.0518457
  -0.0183104     0.030641  -0.00642045    0.0162275
  -0.0399329   0.00124029   -0.0440554    -0.024478
    0.104644   -0.0281977   -0.0729842   -0.0456433
  0.00798248    0.0275455   -0.0220862     0.126957
   0.0203128    0.0276223   -0.0209355   0.00335332
  -0.0334511    0.0290787    0.0120509    -0.203318
   0.0514494    0.0125482   -0.0217951    0.0373733
   0.0598148    0.0279869    -0.050192    0.0598141
   0.0536372   -0.0430868   -0.0700034    -0.128557
   0.0698123   -0.0341484 -0.000196936    0.0192557
   0.0569482     0.121848    0.0835125    0.0609969
    0.300412     0.118905    0.0267903   0.00922452
    0.010023    -0.021482   -0.0209799    0.0467031
  -0.0003457    0.0690272  -0.00204766   -0.0351383
    0.152883    0.0110472    0.0386586   -0.0418121
   -0.181188    -0.114364   -0.0547756    -0.105374
    0.088463     0.031517    0.0552592   -0.0514213
   -0.158124   -0.0530693   0.00234653   -0.0786456
   -0.120641   -0.0335467  -0.00395908   -0.0432786
    0.113363     0.076877    0.0412901    0.0462133
   0.0926963     0.036713    0.0529645    0.0314198
    0.130622    0.0658065     0.023408    0.0489198
  -0.0223058    0.0216682   -0.0725052   -0.0608698
   0.0765596    0.0169174    0.0315197   -0.0200771
    0.070067    0.0945725    0.0322129   -0.0163227
  -0.0708161   -0.0717684   -0.0541969    -0.121865
   0.0543428   0.00870628   -0.0763526  -0.00266947
   0.0320368    0.0566844    0.0400409    0.0202906
   0.0576191     0.130407   0.00907295     0.111028
      0.0166    0.0794906    0.0332153    0.0512583
   0.0601135   -0.0179312   0.00473921  -0.00351957
   0.0984363     0.159009    0.0401887   0.00193458