   0.0549981   -0.0762628    -0.039258    -0.197536    0.0306962   -0.0827758   -0.0835266   -0.0195049
   0.0966601   -0.0678478     0.141906   -0.0961117   -0.0432341   -0.0998493    -0.140336 -0.000789471
   -0.213941   -0.0553599    0.0157809   -0.0254448   -0.0334559      0.12683    0.0334833    -0.165463
  -0.0185155  -0.00990041     0.144804   -0.0648385   -0.0465138     0.149162    -0.101608    -0.105635
  -0.0124726   0.00688168     0.174162    -0.110493   -0.0477687   -0.0887904   -0.0389514   -0.0806965
    0.135631    0.0568723     0.118447     0.115425   -0.0392993    -0.178638    0.0818233   -0.0098218
  -0.0111531   0.00264337   -0.0036293   -0.0290616   -0.0488929   -0.0345035    0.0404243  -0.00164886
    0.017988    0.0459126     0.155154    -0.015197     0.122052    0.0947808    0.0486356    -0.103008
   0.0168829  -0.00375402  -0.00142247     0.074362    -0.036993    0.0924801   -0.0178486   -0.0543852
  -0.0425089    0.0150448   -0.0473792   -0.0270434    -0.108782    0.0727369   -0.0670677    0.0460692
  -0.0102346   -0.0669335    -0.143457    -0.056295    -0.140449  0.000774982    -0.190917    0.0644441
    0.015629   -0.0889714    0.0506286    -0.127396   -0.0987571   -0.0248138   -0.0483637   -0.0157779
   -0.146112   -0.0576662   -0.0558919   -0.0560104    -0.123504     -0.11847    0.0160903    0.0506547
    0.104923   -0.0841833     0.011401    -0.128041     0.047659   -0.0517293    0.0198792   -0.0333241
   -0.026109    0.0677766    0.0688184     0.013878   -0.0546037   -0.0174797   -0.0651157  -0.00431429
  -0.0262075  -0.00860426   -0.0724311    0.0387875    0.0202538   -0.0208738    0.0429068     0.162738
  -0.0402894   -0.0046821     0.167931    0.0646331   -0.0198285    0.0176568     0.101532   -0.0957822
   0.0345545    0.0222011     0.122089   -0.0260416    0.0747824   -0.0290027   -0.0514852   -0.0468477
    0.254261    -0.075813    0.0707413   -0.0958795     0.228174    0.0134823   -0.0521679    0.0392184
   -0.231186   -0.0458639   -0.0435138    -0.135959   -0.0216515      0.11072    -0.157486    0.0312061
  -0.0991217   -0.0614285    -0.073251    -0.312289   -0.0878446     0.190756    -0.231318   -0.0959222
  -0.0531545   0.00627129     0.034907    0.0586936   -0.0232247    0.0580765   -0.0118366   -0.0255052
  -0.0128381    0.0856487   -0.0920785    0.0187949    0.0778036   -0.0258285   -0.0212268    0.0471572
  -0.0509948    -0.140468   0.00538586    -0.195703  -0.00726015     0.182713    -0.121431    -0.182409
    0.207245   -0.0969476     0.139357   -0.0164621     0.185385    0.0628324    0.0198853   -0.0613741
   -0.131703   -0.0638995   0.00588927   -0.0101394    -0.150572     0.169233    -0.151234     -0.02379
   0.0507607   -0.0161331   -0.0463383     0.140941   -0.0406576   0.00294651     0.102091   -0.0591135
 -0.00227524   -0.0301428    0.0387759    -0.121749     0.113382  -0.00397667    0.0187323     0.031352
  0.00772084    -0.113531    0.0670757   -0.0406423    -0.121849    0.0589479    -0.135886    -0.132845
    0.105669   -0.0269219     0.106605    -0.026522    0.0715015    0.0229481   -0.0352253    -0.116369
   0.0288169   -0.0241287     0.105225    0.0153219   -0.0176958    0.0753963    0.0147044   -0.0539528
   -0.105605   0.00200508   0.00038361   -0.0582021    0.0433571    0.0335147    0.0167523   0.00824309
   -0.121225   -0.0215897    0.0203843   -0.0532654    -0.020054    0.0881128   -0.0327568   -0.0749216
  -0.0762738   -0.0560673    -0.158942   -0.0624396   -0.0054925   -0.0431257    -0.133538    0.0448647
    0.135282     0.128459      0.11756    0.0963702    0.0454709   -0.0150894    0.0940797  -0.00430056
 9.22956e-05    0.0536347      0.16542   -0.0135138     0.101037    0.0982124     0.105373   -0.0592134
   0.0532691   -0.0735799   -0.0458878   -0.0523881  -0.00654916   -0.0540851    0.0423971    0.0578188
   0.0580306   -0.0110011     0.138795  0.000788005   -0.0263709   -0.0610892    0.0846588   -0.0974961
   0.0499922    0.0396548   -0.0576365   -0.0165848     0.144929   -0.0388446   -0.0743459     0.075385
    0.120299   -0.0473719   -0.0281428    -0.129869    -0.155335   0.00313914    -0.247014   -0.0360884
  -0.0869945     -0.10413    -0.166673   -0.0285229    -0.171322   -0.0111191    -0.058213     0.114125
    -0.10947   -0.0163928    -0.110699    -0.152364   -0.0866022    0.0761945    -0.119847   -0.0446465
   -0.122554   0.00392603     0.126873  -0.00452753    -0.134998   -0.0301604    0.0470325   -0.0242956
   0.0233152    0.0873726   -0.0691111     0.139072    0.0656865   -0.0622363     0.113969    0.0580101
    0.170243   -0.0406169    0.0111322     0.103306    0.0308436   -0.0792313    -0.130334    0.0332985
   0.0109336    0.0266928   -0.0727378    -0.223069     0.179323   -0.0545131  0.000806464    0.0377173
  -0.0139056   -0.0224002   -0.0386892   -0.0288595   -0.0497608  -0.00561626   -0.0302205   0.00747397
  0.00881589   -0.0238293    -0.072266   -0.0698551    0.0134134   -0.0491198    -0.012109    0.0389766
   0.0848434     0.137049    0.0543009     0.215958    0.0397466  -0.00777896     0.144044    0.0373172
  -0.0539271    0.0545837    0.0277879   -0.0867987   -0.0961021    0.0414308   -0.0526774    0.0466367
     0.17108   -0.0708439     0.128688   0.00135797     0.103045    0.0677763    0.0360921   -0.0638073
  -0.0220752    0.0695289    0.0282093    0.0967401     0.133372   -0.0367028       0.1029    0.0063311
   -0.065399  -0.00543239   -0.0215935   -0.0631955     0.152586    0.0274318  -0.00729872    0.0377848
   0.0513236    0.0514389  -0.00851481    0.0524849    0.0539364    0.0439272    -0.137928    0.0719617
   0.0782882   -0.0169308    0.0559372    0.0967173    0.0525051    0.0253017   -0.0998513    0.0019991
   0.0315929    0.0985016     0.211825   -0.0502879   -0.0163388     0.137424  -0.00871209    0.0533056
   0.0678979    0.0264842    0.0602323      0.10139     0.113512   -0.0669756    0.0929895     -0.11868
     0.13927   -0.0319729     0.020528    0.0224881    0.0755046    0.0205858   -0.0187901    0.0138228
  -0.0228051  -0.00769825    -0.163744   -0.0372906  -0.00395833    -0.098301    0.0180731      0.19187
   -0.107039    0.0541459   0.00611686   -0.0361127   -0.0601703    0.0384399   -0.0309657   -0.0117651
 -0.00516042   -0.0999802    -0.124017  -0.00274884      0.13633    -0.163585    0.0508468    0.0424642
  -0.0268474    0.0336954    0.0390849   -0.0460018  -0.00162008    -0.117002    0.0279828   -0.0445483
  -0.0317536   -0.0190657   -0.0137765   -0.0837507     0.075316   -0.0968462    0.0848527   0.00377206
   -0.149896   -0.0124796  -0.00524155   -0.0772625    -0.224272    0.0120285     0.110511    0.0389318
  -0.0587929    -0.085733    0.0722545     -0.13686   -0.0629089     0.118141   -0.0796387   -0.0598725
   -0.213995    -0.112754   0.00403954    -0.256891   -0.0413946    0.0734485    -0.216574   -0.0510743
    0.137249   -0.0630114    0.0250847    -0.023568  -0.00500197   -0.0331409   0.00366459  -0.00647722
     0.10762     0.137862     0.231842   -0.0211036   0.00519618   -0.0293212    0.0256444   -0.0436136
  -0.0221672   -0.0420179    0.0386304   -0.0517988    0.0328814    0.0698522    0.0162648   -0.0508999
 -0.00294415   -0.0203751   -0.0128049     0.011554    0.0829992     0.031855    0.0903301   -0.0676887
  -0.0842084   -0.0573885    0.0702072    -0.130326    -0.211977   -0.0207647    -0.036561   -0.0103974
  -0.0231661   -0.0836247    -0.311042   -0.0929978   -0.0839709    -0.066326   -0.0219735     0.142394
  -0.0260329    -0.111769    0.0516463  -0.00895579    0.0076044    -0.068709    0.0824389    -0.012468
  -0.0337759    0.0469758   -0.0262387   -0.0327464     0.065323   -0.0933898   -0.0770315    0.0258861
  -0.0651636    -0.221106    -0.104517    -0.199552    -0.208285   -0.0286965   -0.0726962    0.0480103
  -0.0947581    -0.111771    -0.137223   -0.0752017    -0.184917   -0.0709014    0.0429144   -0.0272315
   0.0454588   -0.0313926   -0.0963016   -0.0348749   -0.0221119   -0.0836266    0.0722121     0.106783
  -0.0623412    0.0488438   -0.0023483   -0.0178969   -0.0414786   -0.0183763    0.0526477   -0.0776813
    0.178765    0.0337375    -0.044759    0.0337526  -0.00667343    -0.052801   -0.0034414  3.38358e-05
    0.106402   -0.0355637   -0.0909251    0.0233361    0.0322539  -0.00927072     0.038125   -0.0237226
  -0.0811973     0.046563    0.0924258   -0.0827204   -0.0283959   -0.0930024    0.0552415    0.0906433
    0.052589   -0.0271362   -0.0216799     0.054955   -0.0686857    0.0293112    0.0871511    0.0645652
  -0.0430601   -0.0053654    -0.108084   -0.0505653    0.0669075   -0.0648573  -0.00165688     0.141383
  -0.0712967     0.141244   0.00629235   -0.0166502   0.00565798   -0.0317116    0.0406797    0.0946221
    0.160188     0.158107     0.202033     0.149107   -0.0626049    0.0407107  -0.00887143   -0.0775862
  -0.0972429    0.0273826   -0.0321019    0.0461746   -0.0557521    -0.062784     0.081334   -0.0528852
   0.0793678    0.0169014   0.00417642    -0.079631   0.00464466   -0.0125366   -0.0444561   -0.0221664
  -0.0682642   -0.0778102    -0.239689    -0.197849    -0.300591     0.203278    -0.383315   0.00350429
   0.0512952   -0.0351759    -0.203465   -0.0622973    -0.100309    -0.090793   -0.0109563    0.0489057
   0.0732434   -0.0586141     0.140918    0.0757398     0.162187    0.0823557   -0.0121207   -0.0566814
  -0.0518483    0.0299005     0.100393    0.0442492     0.119771   -0.0488045     0.101078   -0.0375402
   0.0269739   -0.0679074    0.0682726   -0.0454068   -0.0740348 -9.33227e-05   -0.0211024   -0.0906351
  -0.0924928   -0.0729539   -0.0543545   -0.0213386    -0.121214     0.105878    -0.125589    -0.162005
    0.149816   0.00536411    -0.169612     0.102593   -0.0130787   -0.0266436   -0.0077857     0.111219
   -0.072981    0.0614057     0.059283    0.0121663    -0.026257    0.0118076   -0.0471246   -0.0103283
  -0.0487754    0.0206752   0.00293662   -0.0110338   -0.0394079    0.0194965    0.0625167    -0.105792
  -0.0498583    -0.046527    0.0257046    0.0640573    -0.023404    -0.123245    0.0592273   0.00305902
  -0.0407019    0.0103329     0.123624    -0.119702    -0.180715    0.0446864    0.0399981    0.0388045
  -0.0573073    -0.013465    0.0156023    -0.069086   -0.0986457    0.0385491   -0.0197625   0.00428448
  -0.0685767    -0.112427   -0.0811808   -0.0483897    0.0246969   -0.0279372     0.110076   0.00230037
  -0.0572791 -0.000129164     0.116291    0.0363171     0.051987   -0.0426464     0.019263   -0.0720342
    0.117197   -0.0791088    -0.150022    0.0114123    -0.155831  -0.00612417    -0.125564    0.0594273
   0.0760603    0.0532668   0.00342005   -0.0836428    -0.111542   -0.0433762   -0.0182955    0.0158927
   -0.119552    0.0965139   -0.0149766   -0.0867548     0.116849   -0.0513245    0.0232327     0.188967
  0.00990602    0.0853549   0.00544321    0.0941426   -0.0864172   -0.0692436    0.0464657   0.00154548
   -0.140222     0.092735    0.0533725    0.0437882   -0.0943193   -0.0303821    0.0947384   -0.0112079
  -0.0462572  0.000361645   -0.0790196   -0.0665512   -0.0791145   -0.0129288   -0.0573174     0.104388
   -0.111448     0.020578   -0.0297543   -0.0269577   -0.0663334    0.0152948  0.000883293   -0.0568132
  -0.0755595    0.0191019    -0.300478 -0.000879117   -0.0312582    -0.215913   -0.0780666     0.169724
    0.119979     0.077514    -0.117697    0.0362625    0.0355981   0.00804397   -0.0576489    0.0118388
   -0.123778    0.0424754   -0.0537223    0.0230309   -0.0691434    0.0089003   -0.0180073    0.0601768
   0.0898361    -0.013082    0.0816322     0.110356   -0.0316604    -0.145059     0.276217    0.0124811
  -0.0673996    0.0562428    -0.176017     0.213348      0.12531    0.0230706    0.0371359     0.115154
   0.0655238   -0.0382769     0.156786   0.00866885    0.0391191    0.0366197    0.0273886   -0.0817618
   0.0292498   -0.0561845   -0.0152295    0.0101757    0.0288269   0.00437649    0.0278267    -0.101685
   0.0832529    0.0681104    0.0624009    0.0631911    -0.015025   -0.0396147    0.0275709     0.017526
   0.0541927    0.0517661   -0.0622823     0.150771     0.167808    -0.107254     0.149101   -0.0625369
  -0.0323871    0.0615696   -0.0656983   0.00599841   -0.0337143   -0.0136032   -0.0201072  0.000250113
    0.105808    0.0483549     0.123562    0.0910821     0.057434    0.0511127    0.0168366   -0.0168705
   -0.149737     0.170352   -0.0769825     0.142908    -0.238753    0.0915294   -0.0523254     0.174405
    0.151122    0.0493349    -0.166105   -0.0369395  -0.00202447    -0.111283   -0.0510951    0.0443823
   0.0457231    0.0605042    -0.150901     0.157838   -0.0577256    -0.143332    0.0611188   -0.0146888
  -0.0986409    0.0510711    0.0337304    0.0248894    -0.152722    0.0481065   -0.0139096    0.0701817
   0.0953409   -0.0438816    -0.106412   -0.0184087    0.0624051   -0.0329288   -0.0999527    0.0440731
  -0.0880234    0.0384107  -0.00881503     0.159394    -0.192461    0.0541875     0.070569    0.0523156
  -0.0594842   -0.0963066   -0.0756862    -0.131746   -0.0913347    0.0845094    -0.033473   -0.0306948
  -0.0400201  7.89445e-06    -0.100637     0.183917   -0.0653986    0.0614662    0.0514834    0.0193924
  -0.0158525   -0.0779803   -0.0433797    -0.177972    -0.201496   -0.0241242    -0.055191    -0.135448
   0.0944459   -0.0730881    0.0238806   -0.0943234   -0.0506985   -0.0406474  -0.00701957     0.016849
   0.0468529    0.0608816   -0.0354533   -0.0270374     0.221728    0.0697935   -0.0995509    0.0660705
  0.00789924    0.0597011     0.111591     0.100618    -0.104698    -0.065775     0.122975   -0.0171382
      0.1394    0.0218847   -0.0710508   -0.0350715    -0.132395    0.0424918     -0.13517     0.123085
    0.182908   -0.0180217    0.0573053    0.0596715     0.169547   -0.0603259   -0.0290046    0.0118631
   -0.208594    -0.222282    -0.109244    -0.322735    -0.265289     0.269131    -0.364254    -0.080683
  0.00566008    0.0525897     0.106092   -0.0181847   -0.0190878     0.105608  -0.00910118   -0.0749684
  -0.0829981   -0.0905912   -0.0233891    0.0478238   -0.0752504    0.0460286  -0.00377009   -0.0527846
   0.0357286    0.0785454    0.0638034    0.0580579   -0.0364069    0.0596858   0.00336464   -0.0535557
   -0.064024    0.0430231     0.131874    0.0227739    -0.165844    0.0746206    0.0081799    -0.134354
  -0.0776364     0.002368   -0.0827957   -0.0255763    0.0299857   -0.0393306    0.0123802   0.00969819
      0.1542    0.0502808    0.0311947     0.148957    0.0134256   -0.0165951    0.0583878    -0.105613
  -0.0866957   -0.0707978    -0.105017      -0.0804    -0.181272    0.0718518    -0.083615   -0.0570379
   -0.128856    0.0185376     0.125698    0.0679774  -0.00365297    0.0693978      0.10884    -0.141562
  -0.0433253    0.0433049   -0.0165031    0.0181232   -0.0764675    -0.063617    0.0027563   0.00285835
    0.092088     0.060767      0.12032    0.0412191    0.0852943   -0.0799987    0.0429442    -0.021975
  -0.0805338   -0.0692972    -0.130803   -0.0649405     -0.17266   -0.0126967   -0.0155587  -0.00126478
   0.0500537   -0.0887469  -0.00518893   -0.0810011    -0.100305     0.131292    -0.132094   -0.0372462
    0.117468   -0.0429351   -0.0200365   -0.0900251     0.143986 -4.96498e-05    0.0223811    0.0304575
   0.0332487  -0.00276306      -0.1283     0.145864   -0.0343201    0.0675455   -0.0985988   -0.0872096
  -0.0945366    0.0867593    0.0183256    0.0292095    -0.194137      0.01602    0.0342985   0.00396658
    0.119044  -0.00220789    0.0854657    0.0475978     0.073872   -0.0531445    -0.038167   -0.0250463
   0.0234896    0.0463268     0.095195  0.000448239    0.0338281  -0.00183346     0.035496  -0.00981423
    0.117373     0.132663   -0.0642536    0.0536889    0.0401412    -0.143428    0.0222183    0.0637722
   0.0940649    0.0292518     0.106406   -0.0712681     0.101931    0.0394376   -0.0471201   -0.0837549
 -0.00174973    0.0452063   -0.0347689   -0.0989122    0.0508579    -0.049259  0.000806851    0.0280096
   -0.033959    0.0889783    0.0561899    0.0447205    0.0075051      0.11407    0.0232304   -0.0987697
   0.0442775    0.0929462   -0.0655934    0.0646865    0.0748547   -0.0366222    0.0500732    0.0326609
  -0.0693092   -0.0476741   -0.0605535   -0.0971715    0.0406021    0.0226806   -0.0963432    0.0165928
   0.0257133   -0.0375401  2.02141e-05    0.0956228    -0.044358    0.0342392    0.0899154  0.000640743
   0.0695696   -0.0286272   -0.0158755    0.0285258   -0.0185987     0.024648    0.0268966    0.0102541
   -0.123785   -0.0322055    -0.115691  -0.00694503    0.0424315    -0.034497   -0.0582369    0.0791033
   -0.191234    -0.136275    -0.232437   -0.0337847    -0.184748    0.0431852   -0.0614229    0.0468315
  -0.0998814     0.154839   -0.0457788  -0.00418241    -0.169405      0.09492  -0.00184397    0.0411697
    -0.11302    0.0587143    -0.149986   -0.0296997   -0.0814192   -0.0327372   -0.0512505     0.223384
  -0.0834453    0.0376896    0.0560365    -0.125408    -0.025359   -0.0367031    -0.138396      0.11598
    0.164544   -0.0959797    -0.123961     0.146866   -0.0273426    0.0175804    0.0794736   -0.0996173
  -0.0805016    0.0242893    0.0418413    0.0923102    0.0336035    0.0538227     0.100198   -0.0341972
   0.0808163    -0.135116   -0.0682206     -0.11613    -0.170768    0.0316805     -0.14713    -0.165881
    0.141412    0.0531719    0.0103682    0.0443704    0.0897168   -0.0422756    0.0616581   -0.0125201
   -0.115469    -0.121139    -0.104574   -0.0696902   -0.0181034      0.12502    -0.119351   -0.0259164
  -0.0788808   -0.0513447    0.0455152    -0.110504    0.0682741    0.0227857   -0.0476514   -0.0282696
   -0.037768    0.0561525    -0.092271   -0.0597684   -0.0784511    0.0942653     -0.14367     0.148473
  -0.0287619   -0.0118762   -0.0394936   -0.0616774    0.0523863     0.104286    -0.159491   -0.0441201
   0.0190702    -0.023611   -0.0534615    -0.026169   -0.0790794    0.0255819   -0.0982348   -0.0136949
   -0.151991   0.00190767   0.00236392   -0.0559832     0.103297     0.154887   -0.0691219   -0.0456142
  -0.0754807   -0.0277493    -0.113274    0.0972569    -0.115705    0.0294852     0.109124    0.0014277
   -0.079707      0.05801    0.0387183    0.0388195    0.0326894   0.00735127   -0.0404359    0.0558789
   0.0240529    -0.034844    -0.173416   -0.0210241   -0.0559188    0.0893067    -0.137888    0.0230148
  0.00421213   -0.0134396   -0.0744201    -0.027364    -0.193213    -0.130343   -0.0247081    0.0493693
    0.100526    -0.088567  -0.00553164    0.0670993   -0.0164624   -0.0689638   -0.0574863    0.0523877
    0.152208   -0.0612598     -0.10567   -0.0691598     0.180422   -0.0116229    -0.147581    0.0411204
   0.0931099   -0.0151699     0.105656   -0.0366603     0.119863    0.0073923   -0.0832273  -0.00176443
   0.0735765  -0.00685168    0.0293907   -0.0242689   -0.0580497   -0.0219096   0.00910456    0.0322106
    -0.21508    -0.158501    -0.114604    -0.212147    -0.199286     0.125752    -0.226393   -0.0544912
  -0.0416516    -0.130434   -0.0684188    -0.115327    -0.100075     0.104322    -0.106296   -0.0288464
  -0.0543652   0.00578583   -0.0164338     0.115923    0.0588811     0.042479     0.091403     0.022432
   -0.158643    -0.134059   0.00976784   -0.0100641    -0.198821    0.0355428   -0.0876128   -0.0202879
   0.0392146    0.0925603    0.0430549   -0.0245458  -0.00859373     -0.05269   -0.0197125    0.0512442
   0.0340422   -0.0948184   -0.0218081   -0.0865339   -0.0202496    0.0538454    -0.127369    -0.137494
   0.0638569   -0.0553635    -0.154476    0.0380447   -0.0438974  -0.00357437   -0.0969127   -0.0158504
  -0.0899131   0.00793167  -0.00162787  -0.00519278    -0.111379   0.00135449    0.0174422    0.0456113
   0.0493153     0.096784  -0.00395679    -0.106643    0.0102471   -0.0435412    0.0123329     0.175662
   0.0675061    0.0154484     0.181245    0.0972153     0.102427    0.0484001    0.0722591   -0.0885076
   -0.209043     -0.11572  -0.00947791    -0.224142    -0.191713    0.0335204   -0.0811656    0.0654092
   0.0383049   -0.0708839   0.00694251   -0.0588615   -0.0173293   -0.0401965    -0.103089    0.0428538
  -0.0282334     0.012306    -0.195336   -0.0683429    -0.167887    -0.274912    0.0307513      0.16714
  -0.0323743    0.0539587   0.00776161    0.0105927   0.00944754   -0.0835237    0.0619059     0.179585
   -0.135785  -0.00730382   -0.0673347   -0.0096533   -0.0833499    0.0229092   -0.0571929    -0.116972
   0.0251133   0.00120818   -0.0363666    0.0131027    -0.106075    0.0722588    -0.069829    0.0461974
   -0.102791   -0.0238144   -0.0134349   -0.0242324    -0.138508    0.0101174    -0.065289    0.0865856
   0.0620385    0.0275133    0.0293251      0.12626    -0.139755  -0.00117657    0.0104642    -0.180312
  -0.0322667   -0.0288238  -0.00240787   -0.0624823   -0.0473014  -0.00253851   0.00292914    0.0361685
   0.0378195    0.0142958   -0.0742696   -0.0483949   -0.0397393   -0.0485406     -0.14202   -0.0539588
   0.0684309    0.0505652   -0.0389366    0.0860371    0.0639826    -0.132569    0.0256168    0.0421011
  -0.0073095    -0.111541   -0.0110496    -0.123123   -0.0778545   -0.0616219   -0.0545517     0.114134
   0.0468922   -0.0824949   -0.0677116     0.014704    0.0943834     0.124459   -0.0662719    0.0375259
   0.0112113    0.0659641    0.0668205    0.0560791     0.039635     -0.02432    0.0161548   0.00555108
   -0.115916    -0.122689   -0.0701115    -0.148246    -0.207903    0.0193828    -0.120829   -0.0523731
    0.077462   -0.0162757      0.17782    -0.142007   -0.0369716    0.0337818    0.0672996    -0.026863
    0.114814    0.0384386     0.139018    0.0579124     0.027728   -0.0267911     0.119891   -0.0523902
   0.0739815   -0.0590995    0.0391524    0.0130605     0.164688    -0.108372      0.12817    -0.111561
  0.00676949   -0.0582822    -0.101799   -0.0106587  -0.00665899   -0.0830142    0.0468862   -0.0214189
  -0.0106234   -0.0331373    -0.148803    -0.118939    -0.200203    0.0967205    -0.154555    0.0435283
   0.0304036   -0.0150609    -0.023064       0.1191    -0.070626   -0.0344417    0.0125257    0.0782301
   -0.133795    -0.109383    -0.023735   -0.0795707   -0.0589878    0.0508532   -0.0380375    -0.134578
     0.10075   -0.0473021    0.0807571    0.0339325     0.168291   -0.0500838    0.0839506   -0.0312319
  -0.0385809   -0.0910536   -0.0185785    -0.183543      -0.1666    0.0170155    -0.126352    0.0313253
     0.11222   -0.0531278   0.00220969    0.0545688   -0.0400253   -0.0167054   -0.0111397    -0.025522
    -0.12968    0.0548539    -0.145511   -0.0657223    -0.214505   -0.0143431     -0.06047   -0.0134678
  -0.0229605    0.0819586     0.166003    0.0179682   -0.0720226   -0.0448291  -0.00868165    0.0357043
   0.0403485    0.0237293      0.11412    0.0509182     0.018111    0.0822482   -0.0121891    0.0188815
    -0.18367   -0.0356555   -0.0263917    -0.111209    -0.112692    0.0851191    0.0149693    0.0236412
  0.00553271     0.126369    0.0670497     0.160918   -0.0601947    -0.026633    0.0582175   0.00219584
   0.0297748    0.0684628    0.0756141   -0.0379645  -0.00504254    -0.122606     0.118832     0.090235
    0.104025   0.00520406    0.0308209    0.0729228    0.0747822    0.0425295    -0.022551   -0.0949555
   -0.120958   0.00239086   0.00998098    0.0145344    -0.163592  -0.00871013   -0.0248033    0.0617843
   0.0670663    0.0583566   -0.0448755    0.0161585     0.125313   -0.0238452     0.105257     0.106451
   -0.043192   -0.0822442   -0.0772261    -0.210495    -0.181922   0.00408162    -0.107828   -0.0351927
    -0.11241    0.0162263     0.142111   -0.0674635   -0.0247434     0.172538  -0.00320078     -0.14931
     0.08642    0.0150683   -0.0901259     0.107958    0.0504142    0.0827979    -0.123177  -0.00202048
    0.032721    0.0492908    -0.084179   -0.0315807   0.00756213   -0.0678969   -0.0468996    0.0529296
  -0.0985781     0.127955    0.0479517   -0.0541334   -0.0151457      0.13877    0.0194581 -0.000121659
   0.0601417    0.0832461   -0.0350441    0.0636788  -0.00681903   0.00181083  0.000239211    0.0454534
   -0.115417    0.0549804      0.15571     -0.12211    -0.189243    0.0446533  -0.00223176   -0.0780971
  -0.0638995   -0.0200691     0.143412 -8.41671e-05    -0.103829   0.00171388    0.0699188    0.0372428
  -0.0351087    0.0311749   -0.0124152    0.0385094    0.0665123   -0.0183345    0.0692854   -0.0651546
  0.00610036   -0.0255778   -0.0446127  -0.00668091   0.00471135   -0.0146721     0.135126   -0.0514368
   0.0621238    -0.103087    -0.105054   -0.0544762    0.0119454    -0.046169   -0.0558768     0.103889
 -0.00892273     0.105051    -0.146339      0.13726    0.0162781    0.0408465    0.0675809   -0.0175387
  -0.0788627   -0.0467262    0.0479859   -0.0195031   -0.0620517     0.112636    0.0376441    -0.143257
  -0.0132585    0.0799822     0.177742   0.00335594   -0.0824551    0.0795677     0.121912    -0.116187
  -0.0139891    0.0590121    0.0439954    -0.065966   -0.0588268     0.098636    -0.168145    0.0645843
  -0.0147107   -0.0536431     0.121859     0.017474   -0.0419595    0.0181009     0.155994    -0.145036
  -0.0387414    0.0293099    0.0309286    -0.110362   -0.0845418    0.0642459    -0.097534    0.0605354
  -0.0282513     0.041224    0.0110572     0.104163    -0.150202   0.00276176   -0.0633044   -0.0615759
    0.106186   -0.0152125   -0.0420323    0.0191022    0.0980924   -0.0937216   -0.0173484  -0.00763196
   -0.103839    -0.156498   -0.0594251  -0.00946091   0.00371994   -0.0638609     0.110338    -0.137371
   0.0492005     -0.11805   -0.0160841   -0.0297729  -0.00064031   -0.0572819    0.0196426    0.0452186
   -0.140957    -0.012449   -0.0325244   -0.0710885    -0.147845    0.0954356    -0.149256     0.007395
   0.0346599    0.0260506   0.00873471   -0.0847568    0.0374538   -0.0135967    0.0209227    0.0215989
    0.115879    0.0756947    0.0550262   -0.0345449     0.101707     -0.08076    0.0731939  0.000959801
   -0.125853   -0.0261147  -0.00732467    0.0752181   -0.0926931   -0.0871807     0.128253    -0.059173
   -0.089493    0.0156485   -0.0881075  -0.00496197    -0.114203    0.0255893   -0.0757995    0.0455364
   0.0495882   -0.0221663   -0.0229892    0.0543996    -0.137879   -0.0672999  -0.00602796    -0.019278
   -0.108563   0.00926646   -0.0979654   -0.0561621   -0.0254588   -0.0286018   -0.0412758    0.0826048
    0.189264    0.0287368    0.0541773   -0.0069766    0.0542866   -0.0980002    0.0276373    0.0078603
   0.0792741    0.0226923    0.0709968    0.0674825    -0.127131    0.0337026    0.0056517   -0.0379859
    0.100213    0.0351598  -0.00117545    0.0537894    0.0121146    0.0287336    0.0114286     0.030186
   -0.116421  -0.00644428   -0.0968717   -0.0302533   -0.0879925    0.0466018   -0.0327064   -0.0251239
   0.0918126    0.0299995   -0.0146475    0.0116961    0.0663387   -0.0202083   0.00546394    0.0690606
   0.0848625    0.0768929     -0.10323   -0.0636623     0.127727   0.00476428    0.0495808    0.0582063
   -0.100094   -0.0413958    -0.152043    0.0148936      -0.2361   -0.0304295    -0.069354    0.0818081
  -0.0496313  -0.00917054    0.0933078    0.0175392    0.0796465   -0.0511331 -0.000537359   -0.0452657
  -0.0171364     0.128048    0.0843059     0.144091     0.205841     0.108121   -0.0291317   -0.0237742
   -0.051602   -0.0177087    0.0256143   -0.0819443    -0.111827    0.0865669   -0.0354082   -0.0918769
   -0.063129    0.0299685    -0.297436    0.0348641    0.0367166    -0.109586    0.0500593     0.198479
  -0.0284417   -0.0586109    0.0262545    -0.156739    -0.203145   0.00126873    -0.140605   -0.0420395
   0.0758848    0.0185118    0.0280454   -0.0647211     0.149483    0.0903302   -0.0803003   -0.0794964
   0.0822015   -0.0571627   -0.0871023  -0.00676664   -0.0229958   -0.0334857    0.0733009   -0.0248001
    -0.10369    0.0943368    0.0826545     0.112119     0.107921    0.0450466    0.0515635   0.00773214
   0.0283448    -0.019305  -0.00794234     0.289797     0.102816     0.056599     0.107957   -0.0567888
   0.0302754     0.057092    0.0129486    0.0853598    0.0248773   -0.0129505  -0.00498784    0.0484604
    0.119995    0.0490659    0.0337217   -0.0133968   -0.0460916   -0.0833116   -0.0644935    0.0399558
  -0.0165447  -0.00171204   -0.0603545   -0.0421299   -0.0486762    0.0359074    -0.077106    0.0727024
  -0.0491348      0.10337    0.0192551    0.0599264     0.141722   -0.0292406    0.0944966   0.00110243
   -0.143561    0.0115917    -0.125476    0.0171555    -0.135348    0.0415818    -0.156355    0.0595601
   0.0378316    0.0555921    0.0223436    0.0411299    0.0416785    0.0679815   -0.0592024   -0.0132907
    0.124111    0.0230822   0.00703824    0.0236175    -0.106853    0.0130604     -0.16309     0.047836
  -0.0672819   -0.0995978   -0.0101261   -0.0729849    -0.187906    0.0941751    -0.127161    -0.219527
   0.0106726    0.0485806    0.0899306     0.107843   -0.0034486   -0.0942906     0.107578  -0.00656244
  -0.0205453   -0.0490997     0.136317     -0.17996   -0.0782009  -0.00332273    0.0143838    0.0968862
  -0.0243918    0.0776741    0.0454649    0.0935631   -0.0660371    0.0892172    -0.123397   -0.0126084
    -0.10586     0.126494   -0.0111047     0.140633       0.1316  -0.00809327     0.163397    0.0657509
     -0.1434    -0.006144    0.0259728    -0.079875    -0.104718    0.0478951  -0.00559477  1.65453e-05
   0.0446662    -0.041779    0.0381432  -0.00630683     0.139203   -0.0149779    0.0371103    0.0971355
    0.301155    0.0265184     0.111747    0.0978434    0.0935812   -0.0670123  -0.00702905   -0.0703934
    0.141883    0.0971783     0.134338   0.00298217     0.198947    -0.118911    0.0946232     0.130034
   -0.136472    -0.059211   -0.0218979    -0.101702     -0.12271     0.203934    -0.202953    -0.207153
   -0.147249   -0.0699414   -0.0205357  0.000152398    -0.157483    0.0355418    0.0403057   -0.0321741
   0.0416516   -0.0241837      0.12335    0.0782632    0.0218233    0.0469201  -0.00695637    -0.130725
   0.0727664   -0.0963647    0.0647276    0.0726122    -0.104249    0.0129583   -0.0647369   -0.0579256
   0.0233181   -0.0404102    0.0883456   -0.0379064   -0.0513701    0.0122042   -0.0750985    0.0158544
  -0.0114196    0.0184303    -0.125359   -0.0657921    -0.026514    0.0502774     -0.10901    0.0832999
  -0.0626232   -0.0387678   0.00457985   -0.0835386    -0.134258  -0.00281479    -0.117811   -0.0340477
   0.0363503    0.0248722   -0.0100235   -0.0358341    -0.077311   -0.0335651   -0.0116219    -0.002254
  -0.0659559    -0.125272   -0.0949241   -0.0371382    -0.145528    0.0230025   -0.0278382     0.027514
   0.0690832    0.0466892    -0.119992    0.0332215     0.100664    0.0367119   -0.0725006  -0.00340579
   -0.100189   -0.0431389   -0.0106912   -0.0585528     0.102258    0.0182274   -0.0323401   -0.0704984
  -0.0292625    0.0385406  0.000337875   -0.0584922       0.0478   -0.0117516    0.0473494   -0.0736365
  -0.0392841  -0.00564539    0.0168136     0.101597    -0.164034  -0.00944287   -0.0451765     0.107422
   0.0582858    0.0810473     0.106219    0.0205088     0.100327    0.0866821    0.0508212   -0.0172547
    0.206002    0.0576526   -0.0595655   -0.0496782    0.0573962   0.00355902   -0.0798339    0.0460891
    0.112351 -0.000983215    0.0258821   -0.0841059      0.10801   -0.0827606    0.0782136    -0.120136
  -0.0447476    0.0373985   -0.0490741    0.0209122   -0.0324753   -0.0137013    0.0696045   0.00229801
    0.166125   -0.0375752    0.0596996    0.0875319    -0.216988    0.0767655    -0.166005   -0.0759668
      0.1152    0.0362607    -0.214684   -0.0358977   -0.0202162   -0.0980726   -0.0658814      0.17148
   0.0302638   0.00786749    0.0720604   -0.0389403   0.00166594   -0.0359804   0.00110584   -0.0106352
  -0.0606832   0.00127735    0.0078113    0.0151781    0.0332089     0.105182   -0.0820076   -0.0542867
    0.139512    0.0669064   0.00268937    0.0359524    0.0799132    0.0312474    0.0594361   -0.0533262
   0.0331068    0.0129748    0.0101779    0.0349301    0.0525785     0.172527   -0.0934033   -0.0273762
   -0.130629   0.00427624   -0.0187468   -0.0780468     -0.13669 -0.000559774    0.0818685   0.00301994
  -0.0540675   -0.0278979   -0.0270561   -0.0595244    -0.023095   -0.0149635     0.128414    -0.058793
   0.0331591   0.00484985    -0.124693     0.060041    -0.105733   -0.0271488   -0.0191626     0.153546
  -0.0612304    0.0227047    0.0369654   -0.0704449    0.0811576   -0.0540748     0.202495    -0.153282
   0.0271725    0.0358534     0.017308      0.17597    0.0408014    -0.120081    0.0723431    0.0731138
   -0.236276   -0.0587217    -0.124139   0.00142088    -0.115338   -0.0447553    0.0700576  0.000219728
    0.018142    0.0764463    0.0721476    0.0627178    0.0620155     0.110995    0.0196838   -0.0988453
  -0.0887538    0.0118836   -0.0712703   -0.0790363    -0.115593      0.10037    -0.213752    0.0470693
   0.0569795     0.126824    0.0025174    0.0184125   -0.0895697    -0.059025   -0.0371377   -0.0116754
   0.0711568   -0.0301339    -0.100154     -0.02411   -0.0354822   -0.0604039  -0.00900391   -0.0691285
  -0.0751864  -0.00866318   -0.0825834      0.10713    -0.116766    0.0140461  -0.00537943     0.128632
   0.0486189   -0.0734478   -0.0223138   -0.0512518   -0.0623749  -0.00387992   -0.0877041   -0.0186804
   -0.107283   -0.0328586    -0.214698    -0.100049    0.0103465    0.0594868   -0.0727749   -0.0115381
   0.0440873   -0.0419294  -0.00292477   -0.0761524    0.0740554    0.0396064    -0.111279      -0.0237
   0.0568219    0.0453652    0.0102697    0.0272717    0.0391019     0.109368    0.0490682  -0.00978618
    0.160709   -0.0453078    0.0322007     0.029104   -0.0307234    -0.045937   -0.0587137    0.0691356
  0.00948273    0.0274662    0.0521852    0.0246892   -0.0905717    0.0950997   0.00256131     -0.17999
    0.116755    0.0806984  -0.00159028    0.0933693      0.15188   -0.0477441    0.0860806    0.0362244
   0.0617446   -0.0845387    -0.122578    -0.175317   -0.0826904    0.0331727    -0.171745    -0.009959
  -0.0629029   0.00974674    -0.138568    0.0239752   0.00767346   -0.0960782   0.00575307    0.0400155
   0.0367128   7.2314e-05     0.106137    -0.163933     0.104689     0.137492    -0.107815    -0.062535
   -0.167929    -0.121056    -0.118231    -0.191238    -0.120209     0.103471    -0.171639  0.000677563
    0.109045    -0.041291   -0.0963185   -0.0107467   -0.0184078    -0.131874    0.0793897   -0.0951714
  -0.0445994    0.0518421    0.0583569     0.150431    0.0140887   -0.0729052     0.129651    0.0834085
-0.000759152    0.0254269    0.0643511    0.0642452   -0.0877093    0.0419406    0.0916167   0.00288708
    0.241652    0.0782479    0.0629648     0.273239   -0.0543513   -0.0700199     0.035655    -0.128106
    0.172866    0.0808661   -0.0106541    0.0300172 -0.000510648    -0.178325    0.0488166     0.120422
   0.0142346    -0.104035   -0.0557956    -0.140131    -0.157149     -0.16116    0.0166137     0.048585
    0.064394    0.0238949    0.0785927    0.0419428    0.0660024    0.0206312   -0.0276564    0.0391804
  -0.0464751    0.0669995   -0.0686203     0.083172   -0.0377518   0.00109493    0.0233718    0.0174838
   0.0061654    0.0293571     0.014952    0.0409879    -0.116227   0.00985214   0.00162162   -0.0549578
   0.0198474   0.00513017     0.108301    -0.032107   -0.0719247    -0.121455   -0.0772388    0.0950704
  0.00803679     0.058532    0.0856111   -0.0423648     0.085149     0.045366    0.0446506  -0.00334772
   -0.145686     0.112172    -0.016039    0.0255697     -0.17748    0.0106816     0.108554    0.0441803
    0.101421    0.0715943    0.0719954     0.235756   -0.0250188    0.0393739     0.196411   -0.0345189
  -0.0607296    0.0447049   -0.0458353     0.072292    0.0428222    -0.123582      0.06962     0.142876
   0.0419905   -0.0108946   -0.0288971    0.0975018    -0.112354     0.105314    0.0545713   -0.0785819
   -0.113222    0.0610088     0.201312     -0.11639     0.141875    0.0231963    0.0412976   -0.0665665
 -0.00593771    0.0587319   -0.0661793    0.0248318    0.0416588    0.0185968    0.0145991   -0.0285607
 -0.00640582     0.102504   0.00540595    0.0831594    0.0147788   -0.0230499     0.131284   0.00384068
  -0.0144918     0.015974     0.069474    -0.145966   -0.0998862     0.138259   -0.0771507    -0.047912
   -0.078899    0.0109283   -0.0897729     0.120638    0.0329968    -0.141136    0.0536427    0.0560564
    0.102074     0.116393    0.0156284   -0.0879082    0.0225346   -0.0883308  -0.00463064     0.109389
   -0.169982    0.0485313   -0.0345146   -0.0559184    -0.101415   -0.0151918    0.0139951    0.0840417
    -0.14037   -0.0771056   -0.0106922    -0.109446     -0.13369    0.0568885    -0.052665   0.00624823
    0.197525   -0.0242699    0.0773231     0.100523    0.0582894    0.0882282    0.0148567   -0.0723601
   -0.108398    0.0322291      0.14035    0.0627372   -0.0826482     0.201232   -0.0229925   -0.0824994
    0.102886    0.0310117    -0.251586    0.0719435   -0.0294856    -0.130984   -0.0816884     0.144771
  -0.0708792   -0.0737296    0.0671151   -0.0529433   -0.0151146    0.0599344    0.0392031    -0.049259
   -0.107169    -0.239707    -0.133788    -0.276551    -0.193601      0.15267    -0.273089    -0.140475
   0.0270592   -0.0471052    0.0907094    0.0246094    0.0426806    0.0695555    0.0355202   -0.0146904
  -0.0438959   -0.0570757     0.149894   -0.0308054     0.016753    0.0153156    0.0326168     -0.13459
    0.120405    0.0355391   0.00693799   -0.0402987   -0.0669345 -0.000945477    0.0431495    0.0240129
  -0.0720905    0.0777009    -0.039681   -0.0862601      0.11456    -0.129515     0.107019    0.0344521
   0.0373222   -0.0506769    -0.129243    -0.134799    0.0452845   -0.0625896   -0.0164215    0.0331064
   -0.133645    -0.108736    -0.118391    -0.143517    -0.138818    0.0734284   -0.0959281   -0.0342394
   0.0525506    0.0132005    -0.104522    -0.057932     0.339316 -1.45635e-05    -0.099766    0.0096168
  -0.0778465   0.00667781   -0.0390651    0.0363322   -0.0527265    0.0406443    0.0366053    0.0175606
   0.0749481     -0.14945    -0.165236    -0.142508   -0.0250697   -0.0421321   -0.0171169    0.0562017
  -0.0538253    0.0548698    -0.108847   -0.0599386   -0.0370388    0.0571973   -0.0562206    0.0863983
  -0.0805487     0.029196    0.0633943    -0.082784    0.0621031    0.0279095   -0.0422449    -0.041485
    0.176664  -0.00808631   -0.0651347     0.120118   -0.0686531    0.0573731    -0.134138   -0.0547505
  -0.0153205     0.046718   -0.0620184      0.03854    0.0528349   -0.0342268    0.0108712    0.0348475
   0.0666338    0.0572634    0.0272192    0.0587163    0.0872525    0.0462884    0.0337922     -0.12253
   -0.189683    -0.185341    -0.118977     -0.12342    -0.120214     0.112029    -0.157752   -0.0547206
    0.057281   -0.0461742    -0.135168      0.10925    0.0625196   0.00331255    0.0185122    0.0274837
  -0.0251434     0.024496    -0.137892    0.0676611    0.0760094    0.0349102   -0.0475967     0.158893
    0.107699    0.0837426    0.0561165    0.0232374     0.095229   -0.0742315    0.0509803      0.06257
    0.163769   -0.0121391    0.0560936    0.0244969    0.0966938   -0.0171055    0.0223334    0.0577672
  -0.0351374    0.0521302    -0.061205    0.0408638    -0.170219    0.0575346    0.0165005    0.0185327
 -0.00450399    0.0517932    0.0468703   -0.0118351    0.0141042    0.0717158    0.0430001   -0.0049173
  -0.0702363    -0.128895    -0.044611    -0.144163   -0.0167368    0.0592352    -0.155604   -0.0366533
    -0.13464   -0.0477226    -0.010527    -0.153151    -0.309118   -0.0134421   -0.0949752   -0.0381633
   -0.240194   -0.0767242   -0.0833821   -0.0321888   -0.0326538     0.114519  -0.00801791   -0.0500631
  -0.0115599    0.0549707    0.0568507   -0.0433965  0.000510886    0.0214782    0.0579571    0.0784117
    0.110111    0.0527637  -0.00478563    0.0679699   -0.0589288  -0.00812003       0.1125    0.0157888
   0.0968615    0.0142442    0.0832177    -0.101458   -0.0572435   -0.0362123     0.161466    -0.100688
   0.0747059     0.112777     0.109701    0.0988831    0.0719598    0.0868956   0.00780478   0.00498745
   -0.105998    0.0277711   -0.0699434    0.0490391    0.0528058    0.0160897   0.00954292   -0.0202933
    0.151536     0.123323     0.210072     -0.14094   -0.0702646    -0.079309    0.0632289   -0.0279967
    0.222423    -0.028647    0.0424281    0.0719958  -0.00855907   -0.0799765    0.0407437   0.00907094
   0.0809678     -0.06259    0.0393893   -0.0184129  -0.00356459    -0.121723   -0.0336057    0.0640376
    0.206275    0.0103136    -0.082494   0.00309971     0.160542   -0.0552467    0.0204039      0.22615
    0.133189    0.0659894    0.0174839     0.118139    0.0863581    0.0979659     0.011749    0.0277852
   0.0966899   -0.0879541    -0.189926  -0.00598443   -0.0535138    -0.109551    -0.117546     0.156921
   -0.118619    -0.102833  -0.00286855    -0.128006    -0.151313    0.0702813    -0.115621  -0.00154777
   -0.102497   -0.0485348   0.00244542    0.0771996   -0.0693315    -0.048611     0.138879   -0.0506703
   0.0827912   -0.0134635   -0.0219366    0.0187932   -0.0938861   -0.0529165    0.0855572    -0.058124
   0.0937871   -0.0242585    0.0976203   0.00570879    0.0143101    0.0576569   -0.0190395     -0.09216
  -0.0157848    -0.018655  -0.00785757     0.100743    0.0327225    0.0282463   0.00675186    0.0169005
   0.0277646     0.016022   -0.0259152    0.0700823    0.0824788    0.0264417    0.0254612    0.0702621
   0.0379265   -0.0579837    0.0871637   -0.0688947    -0.120575    0.0812373   -0.0169672   -0.0822442
  -0.0369613  -0.00589678   -0.0106497   -0.0161314    -0.102097   -0.0732416    0.0962324    -0.132077
   0.0453464    0.0264785   -0.0559176   -0.0909112   -0.0029002    0.0423803   -0.0360353    0.0523552
   0.0192766    0.0253419    -0.073828    0.0253972   -0.0444899   0.00613189    -0.131705     0.110015
   0.0284703  -0.00543305    -0.139748     0.136882   -0.0640351    0.0546474   -0.0773578     0.133615
   -0.147616    0.0903222  -0.00665744    0.0814607    -0.174918     0.105527    0.0261967    -0.148078
    0.230482    0.0499775    -0.106616    0.0425177     0.121154     0.101826   -0.0971732   -0.0482508
   -0.036365   -0.0353071    0.0667801   -0.0442494   -0.0184426   -0.0384867     0.106454    0.0520277
  -0.0250228  -0.00385333    0.0926128   0.00825675    0.0503039   -0.0314982    0.0105614    -0.078447
   -0.177631    -0.153301    -0.061305    -0.149893    -0.179265     0.245363    -0.169938    -0.104545
   0.0184304    0.0325247  -0.00410295     0.176163    0.0756677   -0.0392856    0.0331356   -0.0124953
   -0.115735    -0.110569    0.0240532   -0.0946704     -0.23007     0.130585    -0.101456    -0.085653
   0.0610946   -0.0491193     0.101607    0.0759481   -0.0970319    0.0558754    0.0437222   -0.0794654
   -0.155171   -0.0486651   -0.0147557    -0.100244   -0.0391608     0.109728    -0.180671   -0.0636471
  -0.0246341    -0.127691   -0.0662969    -0.130198    0.0406425    0.0538632    -0.165432     0.032343
   0.0658492   -0.0064478   -0.0303128    0.0221296    0.0209158  -0.00056567   -0.0353702    0.0512414
   0.0760841     0.173414    0.0859105     0.180822   -0.0152913     -0.06841      0.23067     0.029193
  -0.0138628   -0.0743539    0.0124643  -0.00465335     -0.16766    0.0579209   -0.0903085   -0.0388823
   0.0675959    0.0427041     0.101838   -0.0467177    -0.160099    0.0403566    0.0100057   -0.0356903
  -0.0912778    0.0429139   -0.0093422    0.0633582      0.10689     0.145328  -0.00979591    0.0616231
   0.0606079   -0.0436081   -0.0264962    0.0298692     0.016367    -0.029133   -0.0378074     0.048026
   -0.248975    0.0183526    -0.121649   -0.0720949    -0.340492    0.0809929   -0.0765867    0.0437785
    0.103143    0.0544539     0.108728    0.0283558    0.0117797   -0.0714879   -0.0252312     0.100151
   -0.182689   -0.0742172   -0.0282041    -0.249304    -0.306182    0.0975334    -0.168759   -0.0396493
   0.0738969     0.066473    0.0446912    0.0269907   -0.0884204    0.0497132   0.00537311   -0.0244377
    0.147678   -0.0431813   -0.0576608    -0.168486   -0.0818593   -0.0299933    -0.121062   0.00378912
   0.0860464    0.0765765    0.0106894    0.0662885    -0.111496   -0.0155427     0.109051    0.0452819
  0.00923208    0.0306304   -0.0054913    0.0294259   -0.0586374   -0.0195133  -0.00542293  -0.00986899
    0.062611  -0.00146512   0.00667667     0.023936    0.0876191    0.0797817    0.0286887    0.0181677
    0.143214   -0.0770335    0.0316211    -0.072685     0.136725    0.0931612   -0.0739186    0.0435428
   0.0635771    0.0427874   -0.0905275    0.0828915   -0.0278214    0.0444973   -0.0604018    0.0442043
  -0.0962362     0.175231     0.212487    0.0631909    -0.123274    0.0487923     0.147246  -0.00741748
  -0.0700959    -0.110333     0.178249    -0.170828    -0.105626    0.0910135  -0.00854088   -0.0990788
   0.0502816   -0.0172104   -0.0743689   -0.0174081     -0.12702    0.0639215    -0.200953     0.100399
   0.0345718   -0.0815227   -0.0250153  -0.00718605      0.24326   -0.0993401   -0.0217786    0.0480685
  0.00380078   -0.0390377   -0.0607162   -0.0898742      0.11595    -0.118183     0.170814    0.0331859
     0.11305   -0.0143887  -0.00842153    0.0608294   -0.0256206   -0.0214325    0.0467094   -0.0602502
    -0.14669    -0.167527   -0.0383158    -0.181721     -0.13378    0.0279059   -0.0863421    0.0536725
  -0.0639886    0.0499484   -0.0156753     0.166326    0.0130559    0.0153938     0.164685   -0.0392738
   -0.059818    0.0148335   -0.0680295   -0.0817698    0.0782042    -0.104961    0.0651013    0.0293215
  -0.0323721    0.0658591    0.0296697     0.017347   -0.0396511   -0.0580365   -0.0358418    0.0929373
  -0.0621819   0.00894209    0.0613315   -0.0539315    0.0984658    0.0264834   -0.0701875    0.0606118
  -0.0687444   -0.0701717    0.0380484   -0.0679173    -0.050534    0.0227292    -0.022618    0.0118905
     0.22501    0.0627664     0.130769     0.158524     0.213919    0.0367386     0.111484   -0.0383407
   0.0519742   -0.0133144    0.0147339     0.025093    0.0323189   -0.0465348    0.0260204   -0.0251062
    0.153379   -0.0300778   0.00860491    -0.104647    0.0346828   -0.0231881   -0.0941634   0.00915601
   -0.119376     0.120158    0.0813028    0.0271427     0.210604   -0.0155415     0.168575   -0.0455259
   -0.158649   -0.0567328     0.028399    -0.153869   -0.0580745    0.0786108    -0.096677    -0.123989
 -0.00602548    0.0319323    0.0755995    0.0347407    0.0293712    0.0877261    0.0035448   -0.0605723
   0.0482671   -0.0716971    -0.182383    0.0226684    -0.105543     0.114274    -0.156922   -0.0839918
  -0.0644165      0.12273     0.148568   -0.0358457    0.0298268    0.0138806   0.00685547    0.0173903
   0.0632156    0.0480039    -0.104506    0.0984621   -0.0364995    0.0101827    0.0743211   -0.0272683
  -0.0933365   -0.0787027    -0.151493    -0.128599     -0.20943   -0.0121158   -0.0678538    0.0747413
  -0.0072722   -0.0150753   0.00608926    0.0180766   -0.0422093    -0.176362   -0.0355036    0.0360551
  -0.0144365    0.0327146   -0.0181851    0.0788792   -0.0711925   -0.0358899  -0.00908752    0.0685943
   0.0561617    0.0879921    0.0885334     0.126746   0.00174306   -0.0429108    0.0871306    0.0691709
  -0.0786579   -0.0403402    0.0797297    -0.050135   -0.0483561   -0.0513746    0.0788355    0.0158352
   0.0450285    0.0661024      0.12817    0.0361539     0.146723   -0.0236508   0.00251452   -0.0261818
   0.0122926     0.137674     0.131252     0.151097     0.164523    -0.111324     0.174184   -0.0117577
   0.0831147   -0.0397991   -0.0807535   -0.0395858    0.0416159   -0.0987395    0.0419173    -0.006418
    0.153346     0.107664    -0.128382    0.0120938   -0.0341204    -0.160222   0.00435642     0.116425
  -0.0563424   -0.0310763    0.0567534   -0.0166395  -0.00650156   -0.0988481    0.0186033      0.10869
   0.0786712    0.0547151     0.136137   -0.0544154     0.148357     0.153723   -0.0433922   -0.0956453
   0.0594453    0.0895926    0.0360551     0.104761   -0.0340263   -0.0169772    0.0107445    0.0142671
   0.0834656    -0.156775   -0.0141945   -0.0727178    0.0414084   -0.0142529   -0.0673405   0.00498899
    0.126803   -0.0709965     0.200122   -0.0216181   -0.0533897    0.0211289   -0.0857494   -0.0315268
  0.00831653    0.0664531    0.0212587   -0.0291641    0.0536136   0.00885948    0.0291914     0.105158
  -0.0774163    0.0122923   -0.0599751   -0.0356333   -0.0519845   -0.0101663    0.0100164    0.0657662
    0.100973   -0.0382764   -0.0933508   -0.0252989     0.125595    0.0178562   -0.0437394  -0.00259376
   0.0177014    0.0408027    0.0401594    0.0137545     0.126499    0.0804468    0.0282353  -0.00658885
  -0.0388115    0.0301233    0.0394706   -0.0218033   -0.0479868    -0.024048     0.101578    0.0563925
  -0.0589534    0.0868715    -0.276737    0.0919919    0.0801432   0.00166633    0.0457731    0.0608183
  -0.0820472   -0.0210335    0.0176044   -0.0574967     0.061875    0.0920753   -0.0214985   0.00813664
 -0.00959585   -0.0375115   -0.0342342   -0.0642035    -0.221863   -0.0145411    -0.106483    0.0448687
    -0.14479   -0.0426565    0.0184402    -0.121184    -0.102461    0.0669107   -0.0942148   -0.0635429
   0.0594916    0.0271051   -0.0656163    0.0546912   -0.0281924   -0.0512518    0.0451899   -0.0392018
   0.0684236   -0.0998568    -0.135567   -0.0361614    0.0580066   -0.0358712   -0.0549802     0.108259
   -0.158885     0.059305   -0.0213529   -0.0129505    -0.134526    0.0750574    0.0342591    0.0551005
  -0.0552523   -0.0581947   -0.0924497   -0.0294601   -0.0403866    0.0260947    -0.128295   -0.0391401
    0.188545    -0.026107    -0.201297   -0.0195445    0.0263952     -0.19083   -0.0121847     0.164461
   0.0993384   -0.0320172    0.0305326   0.00592169  -0.00535448    0.0312371    0.0756386   -0.0131699
  -0.0373663   0.00332536    -0.152953   -0.0697951    0.0175851    0.0496463  0.000119158    0.0200659
  -0.0266542   0.00237551      0.01486    -0.074947    0.0151149   -0.0652267   0.00568861    0.0861109
  -0.0224135    0.0150971    0.0552402   -0.0821426   -0.0910462    0.0897949   -0.0473741   -0.0393628
   0.0940969    -0.012521    0.0480277   0.00414646     0.157877   -0.0580499    0.0179808     0.055889
  -0.0691405    0.0275959   -0.0547972    0.0442509    -0.117994   -0.0522921    0.0809383    0.0925063
   -0.244286    0.0608689   -0.0720466    0.0105373   -0.0807236    0.0682967    0.0970981     0.149765
 -0.00184003   -0.0147989    0.0539962     0.139927     0.068478  -0.00602092    0.0728073   -0.0977838
  -0.0803905    0.0197082    -0.132771   -0.0266021  -0.00846052   -0.0332447    -0.144149    0.0930681
    0.152328    0.0328497     0.249709    0.0859326   -0.0591709    -0.026269     0.179579   -0.0668738
   0.0822243    0.0260333   -0.0214689     -0.10464    0.0758183   -0.0253639   -0.0650383     0.101669
  -0.0735908   0.00383894    0.0232985   -0.0401224   -0.0827301   -0.0294968    0.0710303   -0.0149942
    0.139808    0.0584359    0.0954082    0.0455027    0.0922397    0.0117377     0.108463   -0.0686741
  -0.0863996    0.0266679    0.0822277     0.151324   -0.0914928 -0.000228733    0.0454912   -0.0251543
   -0.049264   -0.0975611   0.00966219   -0.0673685   -0.0620697   -0.0995541     0.121846    0.0118433
   0.0287496    0.0460846    0.0241083    -0.102929   0.00877622     0.111953    -0.144543    -0.139959
  -0.0230377   -0.0377111    0.0820847     0.093001   -0.0471268   0.00341674    0.0897319    -0.127313
  -0.0740912  -0.00256047    0.0261386     0.011553      0.02329   0.00386253    0.0894996     0.023476
  -0.0417626   -0.0829888    -0.043091   -0.0109986   -0.0338528    0.0995703 -0.000773651   -0.0212722
   0.0903075    0.0258106   0.00798863     0.123258    0.0264746    0.0460565      0.15356   -0.0478211
  -0.0216458   -0.0445308  -0.00284197    0.0779691   -0.0715234  -0.00460111    0.0759891    0.0279526
  0.00827045    0.0323694   -0.0683833   -0.0335292    0.0443835     0.105225   -0.0708215   0.00335976
   -0.190731    0.0113075   -0.0942744   -0.0512475   -0.0872189     0.122832   -0.0769751    0.0907518
    0.251886   -0.0485965     0.115644   0.00196012 -0.000855674    0.0101534   -0.0415836   -0.0268697
   0.0793133     0.108896     0.068702    0.0692127   -0.0185278     -0.11272     0.156144   -0.0222206
   0.0426542    0.0245796    0.0789444    0.0906509    0.0554508  -0.00938835   -0.0141683  -0.00227418
  -0.0839596   -0.0319253    0.0148386     0.005088    -0.179109    0.0463628   -0.0595081      0.03166
  -0.0618904    0.0381958    -0.146002     0.051265     0.033631    0.0626843    0.0201223   -0.0447924
   0.0250056    -0.107964   -0.0774738    0.0411332    0.0878539    0.0300181   -0.0498378    -0.102918
-0.000590307     0.080646   -0.0444881   -0.0134607    -0.038224     0.104725   0.00887037   -0.0679987
  0.00596883  -0.00343221     0.162967   -0.0666457    0.0921408  -0.00361872    0.0202084   -0.0653147
    0.152725    0.0259326    0.0280758     0.249603     0.123794    0.0387856     0.153545    -0.146317