      0.0543   -0.0712291   -0.0602214   0.00513204    0.0872992    0.0226853   -0.0312156    0.0568245
  -0.0837814   -0.0337136    -0.214147    0.0442164   -0.0983568    0.0223487   -0.0194048    0.0824004
   0.0637764   -0.0529706    -0.191714    -0.254278     0.105974    -0.189919   0.00886467     0.135179
     0.13346   -0.0589481   -0.0270701   -0.0809683    0.0862482   -0.0800034   -0.0142789    -0.036714
    0.156055  -0.00221536     0.344618  -0.00779619     0.460256    0.0846375    0.0742342    -0.268215
 -0.00105087    0.0263638    0.0560563   -0.0162304    0.0214936    0.0704969    0.0654482    0.0452531
  -0.0825131   -0.0235013    -0.176146   -0.0342506    0.0211336    -0.142402  -0.00500464    0.0266438
 -0.00438918    0.0257628    0.0911754    0.0492977   -0.0388908     0.096978     0.108801    -0.114176
    -0.11936    0.0852975   -0.0424756    0.0920115    -0.103158   -0.0158243     0.088841 -0.000839661
  -0.0854581     0.105453     0.108571   -0.0559792   -0.0625549   0.00240512    0.0197187   -0.0188099
   -0.287161   0.00184372     0.222953    -0.203022    -0.207814     0.020275    0.0659089   -0.0334423
    0.140341  -0.00131958    0.0481392   -0.0997403     0.171335    -0.062344   -0.0468813  -0.00798948
   -0.156492    0.0817996   -0.0563518    0.0724622   -0.0787607    0.0385843     0.065904  0.000382705
   -0.354481    0.0996925    -0.098818     0.271893    -0.207663      0.18108     0.238919    -0.118111
    0.195161   -0.0248588     0.130955    0.0218808     0.276418    0.0874373  -0.00192525    -0.150072
   0.0378204    0.0283553    0.0171752   -0.0494531    0.0424069  -0.00734016   -0.0275744   -0.0909732
   0.0225233    -0.031929    0.0225416    -0.137811    -0.162868   0.00502609   -0.0518322    0.0136672
   -0.041792    0.0160414  -0.00576458    0.0722558   -0.0832965   -0.0769007     0.012131    -0.048028
   -0.919723     0.291194    0.0209713     0.422932    -0.476534     0.236952     0.339426     -0.12251
    0.013029   -0.0476338    -0.128968     -0.14864   -0.0773435   -0.0515593   -0.0343159    0.0481212
  -0.0658683   -0.0148005    0.0727049   -0.0206887   -0.0943915    0.0469117   -0.0324292    0.0370436
    0.107013   -0.0993446    -0.148601   -0.0305009      0.05508   -0.0705033   -0.0633352    0.0738171
    -0.15645   -0.0291202   -0.0814975     0.236812    -0.304857   -0.0512152      0.16181   -0.0517979
  -0.0789715   -0.0418542   0.00857074   -0.0277724    -0.170932    0.0757081   -0.0236996    0.0144555
   -0.126134  -0.00116917    -0.118833    0.0694588    -0.138368     0.128031  -0.00109769    -0.012157
   0.0101759    0.0412994    -0.199277    -0.116205       0.3174      -0.1249    0.0137495     0.199371
   0.0174711    0.0146059   -0.0563234    0.0849316    -0.154604     0.122938    -0.164795   -0.0590217
  -0.0328739     0.103624    0.0278963   -0.0779084     0.146167   0.00201605    0.0726552    -0.157693
 -0.00974645    0.0624232     0.113975    0.0489199     0.190288     0.132352    0.0401025    -0.121152
   0.0605464    0.0158673     0.112103     0.228384    -0.107985     0.113464     0.184585    -0.167681
  -0.0233732     0.101735     -0.10631    0.0858474     0.130214   -0.0576921    -0.097284   -0.0371641
   -0.049856     -0.06187   0.00792107   -0.0509686  -0.00760044   -0.0557713    0.0656628  -0.00248768
      0.1783    0.0249057   -0.0460838    -0.051781  -0.00207034    0.0739088    -0.104039    0.0407496
  -0.0126152    -0.140415    -0.827911    -0.389329     0.302171    -0.460057    -0.122058     0.618313
  0.00833852   0.00572382    -0.148398   -0.0574809    -0.089307     0.012403     0.011906    0.0649874
   -0.033674     0.049144    -0.286729     -0.26131    -0.186531    0.0196248    -0.307243      0.24409
   -0.113167   -0.0543246    0.0121756    -0.138447     0.116022   -0.0892808    0.0999668    0.0809953
   0.0637467   -0.0481162      -0.1626    0.0239635   -0.0117181     0.089505    -0.134039    0.0727689
   -0.571341     0.192308    0.0217514   -0.0585502    -0.441047     0.292137    -0.139748    0.0910737
    0.200073   -0.0972019    0.0874549   -0.0212533     0.488006    0.0454544     0.053879    -0.245138
   0.0602946   -0.0693836    0.0232068   -0.0422583     0.272174   -0.0536674   0.00421702    -0.107985
   0.0123512    -0.161343     -0.18596   -0.0366057     0.199978    -0.355883     0.220991  -0.00852293
   0.0145173    0.0532344    0.0384401   0.00747423    -0.139472   0.00311401   -0.0260518   -0.0447724
  -0.0874131   -0.0289214    -0.077486   0.00653471    -0.143547     0.134584   -0.0194453    0.0680266
   -0.219078     0.231935  -0.00528758    -0.097829    -0.236683     0.238191    -0.218117     0.103582
    0.112921   -0.0329566    0.0018377   -0.0905484     0.210417     0.086893    -0.204799   0.00681154
  -0.0591415  -0.00106695   -0.0275116     0.108755     -0.11839     0.046574   -0.0260027     0.040455
    0.226526    -0.177453    -0.110889    -0.126798     0.139344    -0.177004    -0.079242    0.0678917
   -0.417732  0.000727179    0.0184762    -0.205941   -0.0500527   -0.0078361     0.142181    0.0447019
  -0.0730372   -0.0728308    -0.108303  -0.00199867   -0.0479509   -0.0325045   -0.0175513    0.0516621
   -0.226323    0.0129099    -0.250604    0.0801675    -0.222783     0.028528   -0.0406907      0.13807
    0.123261   -0.0287592    0.0771356   -0.0647937   0.00447582  -0.00502447   -0.0830601  -0.00640367
  -0.0846464   -0.0603609   -0.0774453   -0.0521626    0.0378555   -0.0386748    0.0216015    0.0248931
   -0.155189     0.069799   -0.0537485    0.0853148    -0.172241   -0.0799988    0.0204054  -0.00586871
   0.0415604     0.025842     0.182278    -0.118624     0.182461     0.190044     -0.14204   -0.0839106
    0.384741    -0.160828    -0.127891    -0.137492     0.308271    -0.351903   -0.0126096    0.0235819
    0.265803   -0.0761327    0.0344877   -0.0800483    -0.303299    -0.109535   -0.0959494   0.00981879
     0.03758    0.0200455     0.145801    0.0188578    0.0737459    0.0208111    0.0453251    -0.124636
   0.0224567    -0.108936   -0.0310928    -0.105603     0.152405   -0.0370643    0.0439971    0.0190493
    0.163074    0.0361225   0.00296963    0.0493864    0.0317348     0.145321    -0.100061    0.0270238
   -0.124787     0.187048     0.490127     0.159425    -0.180725     0.322237    0.0087329    -0.318375
   -0.183405   -0.0541827   -0.0763771    0.0262315     -0.09832   -0.0816127     0.186373    0.0460237
   -0.114205   -0.0355461    0.0451357   0.00797817    0.0233727    0.0661005    -0.054333   -0.0951848
   0.0841881    0.0762901     0.234838     0.143481   0.00939829     0.149432    0.0701194    -0.162042
    0.201564    0.0100961     0.005781   -0.0910809    -0.131641    -0.156541    0.0173347     0.138272
   -0.098928     0.080681   -0.0700918     0.120697    -0.118239  -0.00683705    0.0135555    0.0207637
     0.10203   0.00170426    0.0628814   -0.0649747      0.01183    0.0233169   -0.0170577   -0.0525855
   -0.595133     0.193498    -0.217968     0.354102    -0.909985     0.159886     0.167771    0.0851966
   -0.104304    0.0714393   -0.0122636    0.0237896    -0.113556    0.0426412    0.0447383   -0.0330926
  -0.0357105    0.0275729  -0.00757728    0.0854786    -0.214444   -0.0560969    0.0311661    0.0587815
  -0.0287054   0.00396477   -0.0521318   -0.0750805     0.041967   -0.0922308    0.0204835    0.0343875
   0.0732141   -0.0277174     0.111414    0.0490129   -0.0659166  -0.00918712   -0.0570909   -0.0127528
   -0.102777    0.0476628   -0.0547689    -0.101149   -0.0734673   -0.0148859   -0.0606431    0.0814528
  -0.0529964   -0.0537823   -0.0463954   -0.0182718   -0.0452551    0.0280559    -0.114558   -0.0079841
  -0.0405929   -0.0127671    -0.237184  -0.00527632   -0.0794977     0.011862     -0.19034      0.13818
  -0.0683564    0.0842156     -0.03982    0.0174136  -0.00898788  -0.00304636    -0.187294     0.047472
  -0.0503467  -0.00503873      0.20419    -0.188586   -0.0543014   -0.0878198   -0.0533759    0.0103736
  0.00526882    0.0221794    -0.114824     0.216152    -0.102499   -0.0646054    0.0622455    -0.088894
   -0.137668   -0.0569671   -0.0432176   -0.0681095    0.0937864    0.0144506    0.0316209    -0.054352
   -0.489663    0.0512221   -0.0461867  -0.00368682    -0.502015    -0.072611    0.0923049    0.0176772
    0.169748  -0.00373783   -0.0545684    -0.100318   -0.0108239   -0.0708366    -0.192917     0.116192
  -0.0276162    0.0414295  -0.00719224   -0.0607033   -0.0394834    0.0338148   -0.0055405   -0.0548668
   -0.445957    0.0506614     0.418784    -0.322482     -0.34052   -0.0248252     0.214098    0.0767199
  0.00971327    -0.129538    -0.224022    -0.166195     0.185914   -0.0461574   -0.0367626    0.0905919
    0.115297     0.015205    0.0883841    0.0497985     0.204887     0.139735  -0.00549586   -0.0856916
    0.054829  -0.00343319    -0.143664    -0.184356   -0.0898053     -0.14895   -0.0146787     0.194586
  -0.0599202     0.016665     -0.11257    0.0347113    -0.206267   -0.0262194   -0.0720214     0.161975
   0.0961144   -0.0178821    0.0888076   -0.0681534    0.0867188   -0.0246757   -0.0294392    -0.036964
   -0.129387    0.0776094   -0.0350192    0.0288556    -0.196669     0.119005   -0.0733134   -0.0303067
   0.0665548    0.0807003  -0.00837017   -0.0159897    -0.111713    0.0395849   -0.0311385   -0.0279294
  -0.0025683    -0.042107   -0.0573403   -0.0842738     0.065146   -0.0672549   0.00363448    0.0309615
   0.0412607   0.00617829   -0.0152106    -0.141764     0.172056  -0.00783073   -0.0406855     0.058676
   -0.205608     0.139148   -0.0881809    0.0660834    -0.284259     0.112922    0.0567761   0.00785678
   0.0143084    0.0445156     0.012117  0.000492108    0.0238508   -0.0639601    0.0712096   -0.0114007
   -0.219011    0.0231403     0.103109    -0.120287   -0.0955444    -0.152073     0.145272     0.113914
    0.015744   0.00221669   -0.0779632   -0.0160275     0.154018   -0.0398669    0.0244107   -0.0160064
  -0.0531125   -0.0451336    -0.105642     0.022434    0.0042626     0.189498   -0.0541342   -0.0596622
   0.0185394   -0.0590264    0.0335529   -0.0240042   -0.0552621  -0.00835982    0.0336789   -0.0730683
   0.0112238    0.0316992   -0.0338958    0.0521902  -0.00781782    0.0374764   -0.0801594   -0.0140738
    0.247635    -0.199733    -0.251579     0.169834    -0.244933    0.0617397     -0.28547     0.115629
    -0.26671    -0.148362     -1.05054    -0.454497     0.541268    -0.369296    -0.095883     0.691977
  -0.0409714   -0.0198633   -0.0759056    -0.031461    0.0705797    0.0342255     0.117244    -0.102154
    0.171832   -0.0128533   -0.0627991   -0.0150796     0.156999   -0.0109698    -0.125377  -0.00136761
    0.124495    0.0963111    -0.142786     0.120361   -0.0644735   -0.0556102   -0.0600364    0.0194119
   -0.259914    0.0310086    0.0316907    0.0693488    -0.277712   -0.0565784     0.155586    -0.018035
    0.331136     0.048242    -0.136888     0.126588    -0.165767     0.341206    -0.386336 -0.000159147
   0.0170005  -0.00176445    0.0457264    -0.110411    -0.123215    -0.023549    -0.179098     0.100667
   0.0246663    0.0049271    -0.171661    -0.074971     0.110351   -0.0709318    -0.196825    0.0946066
    0.377593    -0.108778      0.26248    -0.111892    -0.153875    -0.332901    0.0962557    -0.201404
   0.0452908    0.0125203  -0.00360476 -0.000654312    0.0499051   -0.0179901   -0.0494143   -0.0228192
   0.0734933    0.0366866    -0.022835     -0.10308     0.100867    0.0462073   -0.0413382  -0.00920085
  -0.0546108   -0.0583316   -0.0261278    -0.239831    0.0846213    -0.168223  -0.00122604    0.0199679
  0.00939808     0.024131    -0.135773   -0.0148392    -0.109595    0.0557347    -0.076424     0.111946
 -0.00824086   -0.0228744    -0.172288   -0.0513848  -0.00918373    0.0613326   -0.0503043    0.0801812
  -0.0314167     0.140889    0.0105055  -0.00582543      0.20105     0.217731   -0.0141231   -0.0801259
   -0.507021    0.0978557     0.131989   0.00554432     -0.44011     0.240052    -0.103645    0.0769344
     0.12819   -0.0545502     0.176507    -0.256192    0.0989413     0.172392    -0.266833    -0.057058
  -0.0225085   -0.0946609   -0.0497745   -0.0997922   -0.0279049   -0.0523469    0.0342833    0.0326992
  -0.0172683    0.0100598   -0.0277034   -0.0271515    0.0348251    0.0109331    -0.112476     0.032492
    0.156531   -0.0356227     0.144923   -0.0160828     0.153173    0.0394791   -0.0402625   -0.0857388
   -0.170867    -0.041368    -0.131064   -0.0221003  0.000619507    0.0186579  -0.00925702    0.0518239
   0.0838087  -0.00822832    -0.038378     0.059395   -0.0982304        0.222    -0.174078    0.0611412
 -0.00507777   -0.0329683    0.0139715      -0.1864   -0.0721448   -0.0337271   -0.0595736   -0.0155892
  0.00461498   -0.0289674     0.161381    0.0192938     0.130802     0.132655   -0.0214311   -0.0788514
  -0.0943449    0.0210293    -0.106218   -0.0676654    0.0723223    0.0783501   -0.0662847    0.0611594
  -0.0857419   0.00149503    0.0179152   -0.0739371    -0.107014     0.163865    -0.117058   -0.0819513
  -0.0285496   -0.0588315    -0.171526    -0.204056      0.11366    -0.106051   -0.0679235    0.0394142
   -0.152895   0.00908226   -0.0309488    0.0489905   -0.0169301     0.104425     0.132285   -0.0158148
   -0.118628   -0.0175353    0.0443552   -0.0442712    -0.118381    0.0232503    0.0271516    -0.129478
   -0.229342      0.04097    0.0444128  -0.00900497    -0.466586    -0.090373     0.116908     -0.11487
   0.0417687    -0.112993   -0.0958095    0.0360382    -0.163405    -0.131726   -0.0358445   -0.0425012
   -0.211561  -0.00340716    0.0678819    -0.128792    -0.212272   -0.0862271    0.0367095    0.0501703
   0.0716971    -0.068585    0.0137263   -0.0708831   -0.0778117    -0.102103    0.0355292   -0.0673913
 -0.00329216    0.0220192   -0.0420726    0.0935375    0.0100755    0.0265539    0.0186683   -0.0481615
    0.163948   -0.0280285     0.101217    0.0609395    -0.205775    -0.134048     -0.05615   -0.0503816
  0.00799393    0.0477735   -0.0581772   -0.0150131   -0.0817256    0.0516185   -0.0180513    0.0287355
  -0.0595581   -0.0777923    0.0681332    -0.100642    -0.012584      -0.1388    0.0033349   0.00736183
   -0.132015    0.0308114    0.0629357    0.0358829   -0.0635941     0.114361    0.0572516   -0.0807154
   0.0293522    0.0117481   0.00920586   -0.0523076   -0.0834265    0.0420453  -0.00973831   -0.0612261
   -0.132499   -0.0286878    0.0256989    -0.105842    -0.117571    -0.107893      0.13221    0.0913018
  -0.0904033   -0.0445837    -0.114656    0.0334996    -0.201723   -0.0951577   -0.0785467      0.20906
     0.17176   -0.0528074     0.222105   -0.0618111    -0.286033    -0.168414   -0.0706256    0.0227835
   -0.199533   -0.0370879    0.0250431   -0.0676598    -0.184435  -0.00977658    0.0667351  -0.00481322
   -0.193064    0.0861232    0.0606537   -0.0979556    0.0442907   0.00435494    0.0323245   0.00908139
   -0.131574   -0.0150802     0.059885   -0.0424496    -0.157544   -0.0782493   -0.0643438   -0.0476278
   0.0151683    0.0595913     0.104622    -0.127131    -0.142169    0.0948603     -0.05933   -0.0483736
   0.0131093  -0.00895136    0.0508557    0.0603646    -0.190529   -0.0253857   0.00240311    0.0827573
    -0.13569    0.0926598   -0.0174449   -0.0910776    -0.135531   -0.0103373   -0.0728851    0.0594643
  -0.0882604    0.0278622    0.0195661   -0.0672408   -0.0101471   -0.0166578   -0.0177715   -0.0686479
  -0.0310825    0.0211081    -0.129424   -0.0387715   -0.0357668   -0.0620265    0.0531097     0.104321
   0.0330923   0.00591436    0.0715778   -0.0550689    -0.020388     0.120924   -0.0354816   -0.0256395
   -0.189692     0.218264     0.263974    0.0887127      -0.0891     0.212994   -0.0514959   -0.0945441
   -0.518869    0.0736767    -0.244849     0.392795     -0.46015     0.104336     0.195359     0.030734
   -0.010616   -0.0576217   -0.0771863   0.00995248     0.117548     0.001384  -0.00410516   -0.0693975
  -0.0143712     0.014086    -0.102544    -0.176437    0.0646169    -0.106042   -0.0183239    0.0168123
  -0.0334684    0.0219972   -0.0664475     0.107095   -0.0124069     0.109092   0.00262543   -0.0365959
   -0.117331    -0.026611    -0.174801    -0.088212   -0.0135834   -0.0872317   -0.0287464     0.080186
    0.136384     -0.01857   -0.0899038    -0.125696    0.0940988    0.0350131    -0.119523    0.0368137
    0.136226   -0.0585422    0.0696038  -0.00930255     0.135003  -0.00782085    -0.019489  -0.00131855
   -0.247286    0.0604893     0.123826    -0.205275    -0.147737    0.0414221   -0.0127183   -0.0303809
   -0.119488    0.0433621   -0.0333977    0.0698995    -0.268513   0.00606059   -0.0534419   -0.0189678
    0.227673    -0.131668   -0.0258038   -0.0739323      0.12108   -0.0912235   -0.0739907    0.0109412
   -0.393059    0.0680866    0.0528146    -0.171065    -0.220365     0.165972    -0.162233     0.138266
   -0.108541    0.0149748    0.0025742    0.0802625   -0.0507014   -0.0265863    0.0902283   -0.0816963
   0.0270397   -0.0834477     0.114801   -0.0909703   -0.0377665    0.0538946    0.0143644   -0.0177672
    0.114437    -0.124849   -0.0425819   0.00379835   -0.0781148   -0.0933255    0.0241586    0.0727272
   -0.140715   -0.0487634   -0.0156595    -0.024943     0.290433     0.116378    0.0452024   0.00817367
    0.121465   -0.0376948    0.0215442     0.250567    -0.241015     0.106601     0.015809   -0.0926714
   0.0702198   -0.0357644      0.16809    0.0031463   -0.0317663    0.0585563    0.0144087   -0.0463868
   -0.132685  -0.00776948    0.0146592     -0.21912    -0.311865   -0.0307547    -0.156572     0.160764
    0.111509    -0.046102    0.0741088   -0.0014088   -0.0947132    0.0401159    0.0324723    0.0102507
    0.108562   -0.0496286   -0.0918183    -0.110227 -0.000265591    -0.134903   -0.0999706     0.107709
  -0.0462045     0.053596    0.0485459   -0.0520123     0.122153   0.00562356    0.0397318   -0.0630136
    -0.18425   -0.0912152   -0.0165835   -0.0667594   -0.0293625   -0.0383512    0.0173742   -0.0146302
    0.248952   -0.0164268    0.0299194     -0.13082   -0.0286906    0.0172974    -0.183892    0.0617036
   -0.070988    -0.010072    0.0816821    0.0269924   -0.0130749    0.0122289    0.0414543   -0.0523893
   -0.248428    0.0763929   -0.0297821    0.0649626    -0.186093     0.108646    0.0193599   -0.0433938
   -0.348943   -0.0207446     0.139079    -0.125851    -0.441831    -0.102016     0.147919    0.0583001
   -0.213812    0.0502663   -0.0415054    -0.127377    -0.277598    0.0493667    -0.173269    0.0723823
    0.118194    -0.108258    -0.183628    -0.152351      0.18823   -0.0681567    -0.097761     0.172963
   -0.154108    0.0774587    0.0261188  -0.00941764     0.060873    0.0502114    0.0878487    0.0230064
  -0.0540143     0.148484    0.0699807     0.119779    -0.183017     0.279789    -0.059341    -0.127823
   0.0348799   -0.0803898    -0.149095   -0.0119575  -0.00925804   -0.0197047   -0.0689942    0.0234548
  -0.0502467    0.0295406    -0.109395     0.105551  -0.00785274   -0.0384442     0.048273  -0.00249853
     0.00182   -0.0552232    0.0023657  -0.00045726    -0.107655    -0.018623     0.101398   -0.0664799
  0.00871942  -0.00509609   -0.0592195    0.0643958    -0.151236    0.0604502    -0.125642   0.00288835
  -0.0763366   -0.0256178  -0.00599856   -0.0190004    -0.133327   -0.0922585     0.073757    0.0084912
   -0.140775  -0.00321382    0.0394341     0.028791     0.136556   -0.0401281    0.0353696 -0.000286842
  -0.0523697    0.0422416     0.204137     0.216212    0.0916989     0.282195   -0.0683945    -0.145938
     0.21415   -0.0721866     0.144448   -0.0967494  -0.00856552    -0.128114    0.0415607   -0.0430024
     0.29373    -0.189497   -0.0593813   -0.0865603    0.0266945    -0.243181    0.0810561    0.0309671
    0.163049    -0.110642   -0.0168149    -0.271073     0.140115    -0.165896   -0.0849884    0.0803733
   0.0897057   0.00166643    0.0685375   -0.0118852     0.168986   -0.0654802    0.0252713   -0.0778269
   -0.173494   0.00186972    0.0592234   -0.0889822    -0.146969    0.0168997    0.0194665   -0.0835497
   0.0387323    0.0238689    0.0303455      0.10503    -0.144251   -0.0803805    0.0269248    -0.106257
  -0.0715726     0.166406    0.0395671     0.107781    -0.154588     0.169699   -0.0300767    -0.118164
   0.0792075   -0.0610191    -0.112404    0.0320011    0.0889401    -0.198112    -0.061514   0.00360202
   -0.138218   -0.0178766    0.0421749  -0.00364316    -0.157955   -0.0362603    0.0941372    0.0194051
   0.0785671   -0.0993545    -0.245881    -0.157169   0.00386533    -0.156696    -0.213137     0.228511
  -0.0100257   -0.0670437   -0.0984582    -0.103098   -0.0672956    -0.125075    -0.123279     0.109769
    0.133078    0.0454326   -0.0394436    0.0222622    0.0911511   -0.0345257  -0.00679669   0.00444184
 -0.00643229    0.0187299  -0.00489742    0.0528407    0.0231987     0.087619   -0.0162244   0.00189768
  -0.0372391   0.00650715     0.124374    0.0447094   -0.0530398    0.0973574     0.027025    -0.102275
   -0.624947     0.310507    0.0795796     0.383612    -0.390276     0.509242    0.0458388    -0.092561
   -0.128288    0.0676379   -0.0364895  -0.00111404   -0.0315933   -0.0595408    0.0653631    0.0947058
    0.152598    -0.173422    0.0932003    0.0925103    -0.124926    -0.154288    0.0206839    -0.108183
  -0.0673794   -0.0458491    0.0900426   -0.0596003    -0.048023     0.137691    -0.127003   -0.0901795
   0.0729418   -0.0493674    0.0283888   -0.0600079    0.0647978  -0.00465291   -0.0253758    -0.017777
    0.214191    -0.153907    -0.103662    -0.177226     0.122841   -0.0640132    -0.198357     0.119077
  -0.0568186   0.00456758    0.0580433   -0.0807283    0.0599408   -0.0263363   -0.0136718   -0.0199793
   -0.126767    0.0873678    0.0173725     0.039078    -0.109924    0.0937031     0.025199   -0.0111027
   -0.120983    0.0538001   -0.0843731   -0.0250453   -0.0510277     0.103519   -0.0865963    0.0354096
    0.267465   -0.0864572     0.156223    0.0371508     0.166361     0.106534   -0.0221456    -0.142026
    0.112501   -0.0283358    -0.212645     0.156082   -0.0444026     0.138855    -0.301941    0.0846212
  -0.0250419    0.0785713    0.0609396   -0.0250656   -0.0665851     0.101915   -0.0438536   -0.0961929
  -0.0146418    0.0769073   -0.0598314    0.0766337   -0.0263565     0.142456   -0.0611642   -0.0456985
   0.0844365    0.0996407    0.0215822    0.0487668    -0.069123     0.168131   -0.0945207    -0.118735
   0.0512921   -0.0229493     0.471403     0.143934     0.318615     0.270218     0.130339    -0.277562
   -0.183022    0.0403391     0.104323     0.191436    -0.176653     0.146512     0.141601    -0.131472
  0.00561183     0.098242     0.139127    0.0796555    0.0548548     0.179712  -0.00743123    -0.076491
  -0.0346567    0.0342244    0.0612657   0.00463545    0.0558855   -0.0499607   -0.0284607   -0.0721071
   0.0928422    0.0157632   -0.0288885  -0.00778842     0.238755    0.0290047   -0.0639119    0.0615359
  -0.0624547   -0.0470551     0.185035    0.0021307   0.00287264     0.112335    0.0640459    -0.105728
   0.0706157  0.000127078     0.153012    -0.170538   -0.0520199     0.018098   -0.0146625    -0.056781
    0.226833    0.0122251    0.0499524   -0.0701463   -0.0527641   0.00825555     -0.10248    0.0553904
   0.0719108     -0.13267    -0.144537    -0.108904     0.203341    -0.100961   -0.0178581     0.058458
  -0.0727005    0.0622478     -0.15835   -0.0624233   0.00164382   -0.0100697   -0.0111309     0.165707
  -0.0947281    0.0929042   -0.0185386    0.0834449    0.0433661     0.146869   -0.0579731   -0.0955933
  -0.0587527  -0.00251347   -0.0786328    0.0702472   -0.0344087    0.0151582    0.0613151    0.0643659
   0.0441477   -0.0726174    0.0222202  -0.00218551    0.0715693   0.00352078   -0.0529507   -0.0175021
    0.306654    -0.129607    -0.109731     0.134613    -0.236446   -0.0461084    -0.122427   -0.0772361
  -0.0402756   -0.0563159   -0.0367492   0.00503469   -0.0543195   -0.0451269    0.0384774   0.00155962
   0.0701803    -0.104377   -0.0199334   -0.0660919     0.128387    -0.105904     0.025026   -0.0634553
-6.60399e-05    0.0406531     0.100608   -0.0146919    0.0250366    0.0426871   0.00724791   -0.0547153
   0.0773941    0.0535756     0.107256   -0.0789263   -0.0225904    0.0341324   0.00713651   -0.0539389
   -0.212795     0.052129    0.0154731    0.0571821   -0.0399097    0.0404172     0.113774    -0.131909
  -0.0196368   -0.0512525    -0.258899   -0.0584313   -0.0653987    -0.203876   -0.0110042     0.162215
  -0.0301611   -0.0784786    -0.258315  -0.00843015     -0.14403    0.0827374    -0.105351     0.112544
    0.110064   -0.0244939    0.0137689   -0.0247978    0.0304027   -0.0172171   -0.0547992   -0.0605014
    0.117341   -0.0337774   -0.0947446  -0.00316705   -0.0601554   -0.0125088    -0.107667    0.0848186
    0.105354   0.00529887     0.032955     0.377881   -0.0148002    0.0327035     0.183951    -0.175044
-0.000691765   -0.0741343     0.152224   -0.0448406    -0.116295    0.0916754  -0.00623236   -0.0251963
    0.115175   -0.0877886   0.00129035     -0.13274     0.102905   -0.0421823   -0.0566759    0.0565233
    -0.25519    0.0481306    0.0500745   -0.0853945    -0.269955     0.088513    0.0919077  -0.00646706
   0.0183757     0.101693    0.0161239    0.0443137   -0.0385046     0.181764    -0.027562  -0.00141666
  -0.0325695    0.0285417     0.154203    0.0418113    -0.102536    0.0325569  -0.00309143   -0.0607284
  -0.0553313   -0.0516259    -0.330422   -0.0748507   -0.0404196   0.00595716   -0.0753686     0.173237
   0.0216361    0.0684634     0.279023    0.0559148     0.123346     0.190414     0.109687    -0.156293
   0.0219584   -0.0669095    0.0536284    -0.132203    0.0499644   -0.0975257    0.0895854    0.0347523
   -0.172412    0.0810372    0.0103987    0.0583641    -0.155984     0.112376     0.101976   -0.0199316
  0.00662262    0.0155501    -0.145785   -0.0448819    0.0270234   -0.0436418    0.0277101    0.0269559
   -0.101598   -0.0126818   -0.0973366    0.0301825    -0.212889      0.14084    0.0224816    0.0333764
   0.0603726    -0.137781   -0.0977684   -0.0417307     0.095735   -0.0575562   -0.0332151    -0.025738
   -0.078595    0.0857329    0.0392899     0.073306   -0.0483268     0.160607   -0.0760199   -0.0102773
   -0.165944    0.0485945    -0.110151    0.0831699    -0.214936     0.113996   -0.0569147    0.0423702
   -0.166503     0.127743    -0.129724   -0.0399088    -0.230463      0.21174    -0.167897    0.0556832
  -0.0560902     0.120639    -0.119122     0.119291    -0.122165    0.0263478    -0.020271   -0.0346783
    0.291002   -0.0150507   -0.0268305    0.0143491    0.0324678   -0.0775635   -0.0763401    0.0208219
     0.11292   -0.0625766    -0.169968    -0.128899     0.331783      -0.1043   -0.0832299    0.0391032
   -0.119602     0.018603    -0.122381   -0.0126846   -0.0856597    0.0949674   -0.0754807    0.0812511
    0.228011  -0.00701355    -0.180846    0.0500217    0.0919102      -0.2634     0.080572     0.118415
    0.206936   -0.0380748     0.198846    -0.201182     0.166465   -0.0630954  -0.00253295    -0.110579
   -0.311496    0.0436595   -0.0172352    0.0550901    -0.293086    0.0474371    0.0993118   -0.0385862
   0.0589908   0.00169933   -0.0423034     0.122907      -0.0254     0.120595   0.00949884   -0.0449989
   -0.116045   -0.0029823   -0.0785483    0.0988994    -0.508938    -0.213558   -0.0100683     0.138711
   0.0438358   0.00518123    0.0191662    0.0282854   -0.0685908   -0.0582873    0.0252369   -0.0055033
   0.0458367     -0.07009    0.0809456   -0.0611729    0.0990061   -0.0269699   0.00880629   -0.0321237
   0.0506431    -0.012491    0.0915185    -0.112815     0.174649   -0.0607881  -0.00410109    -0.039525
    0.445335     -0.12306    -0.300449    -0.113868     0.224003    -0.119713    -0.354851     0.173017
     0.15689   -0.0271728    0.0964045    0.0994467    -0.123273   -0.0847006    0.0952291    -0.055582
    0.144953  -0.00972831    0.0732012    0.0530801      0.12642     0.191884   -0.0496755   -0.0478674
   -0.495682     0.232836    -0.154327     0.317492    -0.496869     0.260902    -0.111432    0.0754572
    0.185345    -0.189734    -0.252123    -0.196049     0.120638    -0.165219   -0.0796739     0.194488
    0.172993   0.00017611     0.138234    -0.115979   -0.0632403   -0.0433942   -0.0877468     0.061886
  -0.0202732    0.0191115     0.143791    0.0484826   -0.0223799      0.17208      0.01169   -0.0751397
   0.0162623    0.0585385  -0.00982784     0.107714    -0.136338      0.14079   -0.0859743   -0.0637776
  -0.0420751   0.00337597   -0.0639229    0.0107359    -0.120995    0.0342133    -0.021033    0.0305342
   0.0904893  -0.00803904    -0.243889   -0.0138824   -0.0700061    -0.312482    -0.180747     0.211119
    0.246507    -0.115328   -0.0330933    -0.234222    0.0907091   -0.0287277    -0.215429    0.0441552
  0.00223119   -0.0537367   -0.0820059    0.0695488    -0.121747    -0.065743    -0.233054   -0.0327725
   0.0776423   -0.0987871   -0.0303996    -0.110717     0.215919    -0.256215   -0.0364591    0.0889032
     0.38317    -0.160449     0.041258   -0.0924249     0.594198   -0.0507372    0.0504335   -0.0776039
   -0.192458     0.119588     0.263954     0.268115   -0.0543047     0.312614     0.103492    -0.192793
   0.0162712    0.0226941     0.107954    0.0134309    0.0137185  -0.00989947   -0.0337061   0.00949042
    0.256692   -0.0989672    -0.033238   -0.0950959    0.0247783    -0.122531    -0.113782   -0.0604143
    0.125095    0.0411434    0.0711883   -0.0741867   -0.0437888  -0.00262456    -0.158208     0.102456
   -0.172871    0.0502177   -0.0264072   -0.0287998    0.0170217   -0.0536889     0.206062    0.0283052
  -0.0380002    0.0208686    0.0153447   -0.0139064   -0.0612557  -0.00303116    0.0366924    0.0315016
   0.0750387   0.00543125    0.0914393   -0.0733966     0.149363   -0.0344287   -0.0611191   -0.0107755
   0.0257502   -0.0758589    0.0401936   -0.0635265     0.064374    -0.099872    0.0582277   -0.0596258
  -0.0274121    0.0150931   -0.0105266     0.120594   -0.0269463   -0.0417325    0.0170104   -0.0938709
 -0.00973438    0.0201061    0.0484315   -0.0767492    0.0837531    0.0129896    0.0460901    0.0551906
   -0.212933    0.0169316   -0.0915772    -0.045277   -0.0380381   -0.0190394    0.0164453    0.0239477
   -0.110154  -0.00376713   -0.0913163    0.0183185    0.0466516    0.0420083   -0.0688214    0.0457376
   0.0728028   -0.0673863    0.0441694    0.0749986    0.0565977    0.0908009    0.0518014    0.0157507
    0.152271   -0.0381285   0.00456532   -0.0147208    -0.091481 -0.000400737    -0.146996    0.0337428
   -0.107594    0.0567836    -0.082049   -0.0928916  -0.00126265    0.0561014   -0.0874596     0.037126
  0.00730785   -0.0157487    0.0112005   -0.0185359   0.00917254    0.0656332   -0.0472019   -0.0309218
    -0.11301  -0.00938152    0.0191587   -0.0817296    -0.132348    -0.030227   0.00243793   -0.0442416
    0.112043    0.0343379    0.0658527    -0.125085   -0.0180938    -0.143453    0.0052877    0.0209391
   -0.197338   -0.0137084    -0.203141    -0.183619    0.0363769     0.104017    -0.170394     0.135825
  -0.0407427    -0.146218    -0.613378    -0.326173    0.0438683    -0.372452     -0.10708      0.44065
    0.170901    0.0157755   -0.0236905    0.0392841    -0.051651    0.0139649   -0.0925285    -0.117248
    -0.03607    -0.129708     0.151753    0.0295089    0.0359512   -0.0904358    0.0914738   -0.0496561
   -0.190349    0.0175999      0.11831   -0.0759633     -0.29267    0.0618696  -0.00278588    0.0829079
   0.0503479    -0.106667    0.0908419    0.0404204   0.00395009   -0.0312922    -0.082756    0.0477839
    0.281063   -0.0598291   0.00384782    -0.134817     0.264331    -0.193828   0.00135476    0.0478272
   -0.148186   -0.0383585   -0.0749205    0.0846319    -0.104983    0.0227333    0.0865206  -0.00105843
  -0.0679801   -0.0738666   -0.0271014    0.0264738     0.144638    0.0218478     0.115853   -0.0971548
  -0.0283358   -0.0955055    -0.167236    0.0907583 -0.000852806    0.0767861   -0.0511654    0.0212357
   -0.034171     0.039281    0.0741037    0.0655922   -0.0301362    0.0867151    -0.020634   -0.0746361
   -0.143933    0.0749316     0.140238    -0.114597    -0.125303   -0.0218866      0.08486    0.0087165
   -0.166442    0.0551628   -0.0877955   -0.0487695   -0.0537295   -0.0185598    0.0313064    0.0406853
   -0.223909      0.02081     -0.13047    -0.017786    -0.103596    0.0501006   -0.0311721    0.0101957
   0.0723137   -0.0459363   -0.0552257    -0.148481     0.133205    -0.129208   -0.0502769     0.114398
   0.0169071   -0.0481691    0.0327617    0.0492854    0.0485386    0.0339434   -0.0154436   -0.0199295
  -0.0252757   -0.0293478    -0.150937     0.039903   -0.0939082   -0.0201745    0.0172814   -0.0137788
    0.130081    -0.129473   -0.0199772    0.0875715   -0.0254811     0.139368   -0.0411454    0.0267197
   -0.138334    -0.011952     0.193401   -0.0880777    -0.147932    -0.110656     0.150196   -0.0191771
  -0.0194651    0.0457819    -0.126472   -0.0347786    0.0143259    0.0454428    -0.049133     0.050225
  -0.0923522    0.0441411   -0.0202845     0.226557    -0.153181    0.0256594    0.0135881  -0.00554332
   0.0048583    0.0811738     0.229432   -0.0633962    -0.108916    0.0421017     -0.11245   -0.0588242
   -0.120529     0.087471   -0.0206867    0.0217942     -0.15263    0.0838355    -0.117279    0.0831801
   0.0336835   -0.0331238    0.0619549   0.00238035    0.0196482    0.0040063   -0.0894061    0.0314285
     0.13153    -0.110716   -0.0758284   -0.0325817    0.0167327    -0.142924   -0.0161931    -0.027767
   0.0987366  -0.00343095     0.122425     -0.13861    -0.155697   -0.0817706    -0.106475  -0.00398771
   0.0469232    -0.121225    0.0207642    0.0460598   -0.0279424    0.0282275   -0.0440101    0.0360535
  -0.0629297    0.0254122   -0.0781534  -0.00438117   -0.0744464    0.0684279    -0.115895    0.0624511
  -0.0185692    0.0469871     0.115194   -0.0618741   0.00280139   -0.0266046    0.0296982   -0.0368339
     0.01118  -0.00670621     -0.20514    -0.130732   -0.0480052    -0.217975   0.00560161     0.119145
   -0.175555  -0.00401209    0.0235932    0.0580836   -0.0571548    0.0127027     0.146686    -0.118418
   -0.154785     0.212137    0.0632736    -0.138006    -0.165365     0.311867    -0.230341    0.0961209
   0.0228859    0.0436743    -0.206697     0.158944     -0.14122    0.0635555    -0.116069    0.0110304
   0.0545486   -0.0951214   -0.0293226   -0.0570844    0.0153892    -0.167481  -0.00989403   0.00657183
    0.334964     -0.09295   -0.0718804    -0.171103      0.12001    -0.167339   -0.0609227    0.0562705
   -0.247407      0.17294   -0.0339097    0.0896127    -0.254448     0.295897    -0.140527   -0.0659241
   0.0683716     0.066698   -0.0154289     0.116258    0.0699662    0.0558581   -0.0398014    0.0343276
  -0.0832425    0.0206398    0.0590939    -0.109768   -0.0425762  -0.00169597  -0.00587249   -0.0449692
   0.0526529     0.022946    0.0104089   -0.0193362   -0.0304071   -0.0610782   -0.0475242    0.0300152
   -0.172077    0.0937463   -0.0819113   -0.0228094     -0.17591     0.040035    -0.199035    0.0146527
    0.057046    0.0710728    0.0513549  -0.00689863    -0.317645   -0.0646248   -0.0067311  -0.00733549
    0.147991   -0.0453546       0.1211    0.0538652    -0.119594     0.189081   -0.0550628    -0.230699
    0.259053    -0.101052    -0.049969     0.113318    -0.161029    -0.119471   -0.0606096   -0.0724549
   0.0539519   0.00943941  0.000695219  -0.00419852     0.142177    0.0116577    -0.024563    0.0863172
   -0.341262    0.0802551   -0.0811118     0.148759    -0.291162    0.0557402    0.0599048   -0.0356395
  -0.0456052   -0.0506362   -0.0677912   -0.0386926    -0.102513   -0.0444451     0.106059     0.105953
   -0.141035    0.0647785    -0.243412   -0.0731516    -0.189651   -0.0948709    -0.180636     0.172046
 -0.00203309   -0.0481317    -0.104723   -0.0642879    0.0991392   -0.0263505   -0.0481925     0.122639
   -0.146797   -0.0442604    -0.275229    -0.203192    0.0319892    0.0876957    -0.147332     0.230601
   0.0111916    0.0346999   0.00286162   -0.0412335    -0.221099   -0.0617763   -0.0256561   0.00906322
   0.0762854    -0.105986    -0.139416     -0.13896    0.0344408    -0.213235   -0.0752758     0.127122
   -0.115751    0.0164494  -0.00604853    0.0326839    -0.201005  -0.00826201   -0.0376605   -0.0419218
   -0.040788   -0.0759644   -0.0493815   -0.0643429   -0.0321312   -0.0593217   -0.0816111    0.0540173
   0.0668542   -0.0416324   -0.0435661      -0.1008   -0.0958986   -0.0755088    -0.022504  -0.00104462
  -0.0849091    0.0789985   -0.0229528   -0.0382793  -0.00499576  -0.00295311    -0.102603  -0.00569249
    0.254841    -0.195567    -0.516473    -0.319046     0.154753     -0.34794    -0.222425     0.372186
    -0.31283     0.132829    -0.135955    0.0659161    -0.130193     0.297419    -0.171683    0.0274494
    0.014045  -0.00748182   -0.0127656    -0.176666     0.143861   -0.0088251   0.00622174    0.0972283
   -0.154155    0.0452224    -0.073283    0.0453169    0.0875575    0.0232266    0.0301148    0.0715551
    0.144227   -0.0314934   -0.0731919    0.0338924    0.0872647    0.0318354     0.048972   -0.0791224
    0.193238   -0.0573009     0.117498    -0.185473     0.069125   -0.0553651   -0.0553114    0.0017211
    0.147263   -0.0205107     0.141127   0.00280679    0.0322368   -0.0270134    0.0463784   -0.0777208
  -0.0912696   -0.0380354   -0.0821891  -0.00689717   -0.0493602   -0.0333681   -0.0761433     0.138684
  -0.0275579   -0.0398882  -0.00466684   -0.0607944      -0.3213    -0.206797   0.00971399    0.0221549
 -0.00167765   -0.0438751     0.050162   -0.0182139   -0.0408823   -0.0531696    0.0366456    0.0492079
   -0.101296     0.138255   -0.0432229   -0.0444312       -0.168    0.0466251    0.0366853    -0.065186
     0.24441    0.0270425    0.0424729    -0.113133   -0.0143137   -0.0303073    -0.083735    0.0262903
   -0.124577   -0.0589945   -0.0286374    0.0144379   -0.0109957    0.0260833   -0.0175513   -0.0216624
   -0.144027   0.00665951    -0.046895     0.131794    -0.164811   -0.0964697     0.243967    0.0199245
    0.109734   -0.0677887    0.0689336    -0.106323     0.127618    0.0212648   -0.0676105   -0.0916181
   0.0802683   -0.0228283     0.165345   -0.0509584    -0.043311   -0.0800837   -0.0269996  -0.00155461
   -0.224852   -0.0264499    0.0122665    -0.158931    -0.145042    -0.100966    0.0171422     0.086397
 0.000338265   -0.0396035    0.0596393    -0.041633   -0.0508923   -0.0716357   -0.0827319   -0.0425312
   -0.144873   -0.0523946   -0.0667828   -0.0894632    -0.319641   -0.0269294   -0.0562224     0.156072
   0.0662957   -0.0124647    -0.134294    -0.156197    0.0802075    -0.221458    0.0254795      0.11817
    0.304143   -0.0476532     0.153068    -0.133042    0.0273543    -0.220769    0.0614684   -0.0872431
   0.0282734   -0.0877002    0.0633826   -0.0355916     0.108027   -0.0143904   -0.0210317    0.0110022
    0.211672   -0.0852933    0.0274965    -0.203108     0.124744    -0.149259   -0.0104799   -0.0291507
  -0.0202769   0.00609393     0.112685   -0.0635607    -0.025559  -0.00129425    -0.108843   -0.0272465
   0.0409559  -0.00885339   -0.0639554    0.0782242    0.0747133   -0.0645657   0.00732644   -0.0409664
   0.0615484   -0.0136712    0.0207204    -0.107633    0.0209238     -0.12367    0.0783424    0.0015755
    0.202457  -0.00708173     0.132477   -0.0157065    -0.143135   -0.0474413   -0.0876135   -0.0339064
  -0.0210573    -0.129274    0.0739121   -0.0825905    0.0326501    0.0447181   -0.0293269   -0.0612971
   0.0861846    0.0482822    0.0397374   0.00451467    0.0424072   -0.0196965    0.0854456   -0.0663321
 -0.00103623    -0.039092    0.0683098    0.0144618    0.0239182   0.00916652    0.0123081    0.0286279
    0.124484    -0.175204    -0.130664    -0.104195   -0.0138456    -0.269699    0.0400424      0.13266
  -0.0198891 -0.000933953    -0.293174    -0.013829  -0.00744903   0.00240189   -0.0449358    0.0245808
    0.124012    0.0406865    0.0550868   -0.0298145     0.161539    0.0612776   -0.0164364   -0.0113593
   -0.187329    0.0476424    -0.119831    -0.023698    -0.146833    0.0240305     -0.10898    0.0939015
   -0.292451     0.212849   -0.0519211     0.161743    -0.294455     0.231882  -0.00275669   -0.0234069
    0.151797    -0.058087    0.0722473    0.0191381    -0.163572      0.11109    -0.105347   -0.0408412
  -0.0426246   -0.0306707    -0.194448    0.0352921  -0.00200919    0.0800065   -0.0868626   -0.0265367
   -0.136258      0.10253    0.0626868     0.195209    -0.359955   -0.0429485     0.116542   -0.0837498
  -0.0167338   -0.0716963   -0.0799131    0.0752496   -0.0638139    0.0270597     0.032103    0.0352167
    0.091808   -0.0886624    0.0121372    0.0243493   -0.0907139      0.18338    -0.257797    0.0343536
   0.0591686  -0.00212186   -0.0388079   -0.0286294    0.0979662    0.0532151    0.0411403   -0.0341784
   -0.166405   -0.0296396    0.0697879   -0.0788392    0.0555684  -0.00771865    0.0157747     0.122482
   -0.108773    0.0869713    -0.050904    0.0620996    -0.155698    0.0344705    0.0833246    -0.039139
   0.0632556    -0.062434    -0.224543     0.122738   -0.0414171    0.0541852    0.0494223    0.0685599
     0.29239    -0.100042    0.0430324   -0.0386954    0.0280971   -0.0344692   -0.0943227   0.00575997
  -0.0321948   -0.0557873    -0.178545    -0.129208      0.08477    -0.102267   -0.0959382      0.12387
    0.238664    -0.132079     0.159992    -0.090726     0.339913    0.0537262     -0.13708    -0.122044
  -0.0732833   -0.0236963   -0.0861448    0.0683121    -0.138828    0.0753535    0.0170243    0.0790802
     -0.4077    0.0188758    -0.158209     0.142545    -0.361784   -0.0473086    0.0563966     0.154885
  -0.0334551   -0.0512839    0.0428062   -0.0491996     0.033913 -0.000231095    0.0159012   -0.0154168
   -0.202998   -0.0765066    0.0127792    0.0165766    -0.221294    0.0680964    0.0333722  -0.00980862
  -0.0954014    0.0819465    0.0209909  -0.00781555     0.246511      0.08962     0.143027    -0.177085
   -0.215472   0.00398721    0.0598389    0.0793212     -0.14173  -0.00735116    0.0794693    -0.116364
  -0.0261507    0.0365399     0.123729    0.0430139      0.18135     0.140041    0.0318242    -0.153961
  -0.0132766    -0.120009   -0.0921523   -0.0536912    -0.143255    -0.135186    0.0768253     0.081529
    0.134554    -0.164355    -0.277804    -0.344865     0.630431    -0.246144   -0.0574121     0.157929
      0.0136    0.0100312    -0.164023    -0.033616   -0.0940243   -0.0582859   -0.0773682  -0.00434618
   0.0177833    -0.124402   -0.0808947     0.016484    -0.213344    0.0261443    -0.146005     0.065721
  -0.0460292   0.00563502  -0.00988213      0.13125   -0.0530048    0.0597524   -0.0664875   -0.0522786
   -0.367578    0.0827734     0.127715   -0.0147126    -0.211527     0.135161     0.101125   -0.0454744
  0.00565039   0.00425297     0.026436    0.0485261     0.158859   -0.0307671    0.0761567   -0.0364744
    0.200951   -0.0942177    0.0430629    -0.146526     0.612684    0.0379048    -0.103097    -0.178879
   0.0630632   -0.0091258    0.0524133      0.12324   -0.0168342      0.10586    0.0414736    -0.047883
  -0.0202707     0.088665    -0.170021   -0.0257351   -0.0031251    0.0599207   -0.0847569    0.0844425
    0.103264    -0.150193    0.0739034   -0.0565121     0.442841      0.17346    -0.053912    -0.096924
   0.0618294   -0.0692862    0.0528373    0.0488582   -0.0359058    -0.131361     0.017077   -0.0423745
    0.174122    0.0549883    0.0270849    -0.035035     0.146562    0.0558677    -0.135238   -0.0398115
  -0.0429525    0.0813778     -0.13062    0.0719135    -0.217316     0.104536    0.0229807    0.0769988
    -0.10096     0.121718    0.0324062     0.146922    -0.110858    0.0401545    0.0415171    0.0419478
     -0.0937   -0.0117028    -0.127677   -0.0139747   -0.0057357    -0.064369   -0.0443762   -0.0291252
   0.0258471     0.094372    0.0884018     0.102464     0.126333    0.0709658   -0.0283366   -0.0196579
   0.0625965    -0.205143    -0.639371    -0.442847     0.460302    -0.347068     -0.15062     0.496122
   -0.163613  -0.00898449    0.0286947    0.0523949   -0.0519891  -0.00188311  -0.00754017     0.050603
  -0.0752764    0.0180619     0.131963   -0.0720698   -0.0887594   -0.0695185     0.116881    0.0986605
   0.0182509   -0.0733959    -0.369118    -0.249763   0.00421567    -0.146034    -0.132585     0.260838
   -0.246914       0.2535   -0.0158256    0.0634394    -0.415965     0.082193   -0.0749122     0.170523
   0.0658868    0.0579567    -0.110577    0.0348658    0.0895269     0.139902    -0.140526    0.0425292
      0.2172    -0.050685    0.0326726   -0.0444651     0.239718    -0.148361     0.109413   -0.0936896
   -0.260447    0.0256686     0.154829   -0.0309269    -0.172266  0.000887794    0.0374521   -0.0307573
  -0.0618366    0.0047037    -0.152795     0.245173     -0.37766   -0.0466081    0.0760076   0.00515636
     0.17201    0.0472743     0.101635   -0.0291492   -0.0277982     0.138853   -0.0787498    -0.133922
  -0.0919135   -0.0076689     0.115642    0.0424739   -0.0701022   -0.0784202     0.147856    0.0111914
   0.0109939    -0.068964   -0.0565078   -0.0847639     0.214751    -0.019028    0.0777954    0.0398261
   0.0190752   0.00816377     0.102243     0.019075    -0.058582  -0.00847402    0.0375989  -0.00245668
   0.0136286  -0.00982134   -0.0257514    0.0362689   -0.0191264   -0.0738421   -0.0387776   -0.0255662
  -0.0929285    -0.102637  -0.00924349   -0.0504433    -0.101358   -0.0253998    0.0479438   -0.0152539
    -0.04321  -0.00651333   0.00617603   0.00305957    0.0132559  -0.00694355   -0.0655389    0.0550801
 -0.00129528   -0.0563072   0.00642868   -0.0752502  -0.00413893   0.00973768    -0.137642    -0.013856
   -0.234129    0.0309796    -0.198523    0.0338875   0.00695348    0.0504558    0.0836549   -0.0134806
    0.055443   -0.0277095    0.0045915   -0.0587662    0.0516252  -0.00219366    -0.139834    0.0335498
   -0.182332    -0.040383   -0.0789083    0.0172004     -0.11882   -0.0398975    0.0590484    0.0922372
    0.108056   -0.0922218  -0.00108458   -0.0246839    -0.128168   -0.0796289   -0.0481036   -0.0492147
 -0.00972226   -0.0737891    0.0238181   -0.0474969   -0.0303498    0.0599754    0.0914412  -0.00834237
  -0.0256406     0.150226    -0.146262     0.348017    -0.826702     0.158645    -0.134667   -0.0504648
   -0.159945    0.0183965   -0.0653295     0.159126   -0.0979722    -0.109255      0.17821    0.0293425
    0.295485    -0.166459    0.0897798    -0.051803     -0.23642    -0.185461   -0.0707861    0.0156618
   0.0576965   -0.0283823   -0.0325332    0.0178611    -0.054442   -0.0821358    0.0225391    0.0180952
   -0.167906     0.126133    0.0301334    0.0491451   -0.0952327    0.0858944     0.102515   -0.0313299
    0.266564      0.12793     0.327043     0.115967     0.269361      0.26508   -0.0184471    -0.363055
   0.0946566   -0.0125455   0.00984256   -0.0606988     0.291106   -0.0105133     0.020458   -0.0872527
   0.0949083   0.00812938    -0.165836     0.130403    -0.195384    0.0303815    0.0223759  -0.00354133
   0.0324991    0.0050152    0.0603133    0.0649598    -0.026361     0.127531    0.0752584   -0.0233951
    -0.11617    0.0514228   -0.0828202    0.0689614   -0.0252933    0.0864917    0.0419347    -0.064406
 0.000724258     0.065839    -0.266387   0.00419417   -0.0318619    0.0100243    0.0246399   -0.0633765
   0.0427123   -0.0738426     0.081161   -0.0396154    0.0609735    0.0457644   -0.0503904   -0.0155383
   -0.199469    0.0389754    -0.165716     0.218164    -0.624295     0.138776   -0.0026273    0.0812512
  -0.0638951    0.0262193   -0.0362934   -0.0373716     0.129887   -0.0689642    0.0972828  -0.00206764
   0.0481856   -0.0337075    -0.112892    -0.092596    0.0552533     0.129095   -0.0830006     0.017936
   0.0430411   -0.0939593    0.0108585    0.0375735   -0.0129644   -0.0400101    0.0480158   -0.0699538
   -0.294457    0.0273356    -0.192698    -0.173927     -0.33253   -0.0741907    -0.278248      0.21754
   -0.175463     0.151233    -0.059945     0.198712    -0.284772    0.0615251   -0.0158586   -0.0379562
    0.039946    -0.173032    -0.158656    0.0257025      0.10874    -0.250303     0.178655   -0.0098501
   -0.193434   -0.0701993   -0.0127223    0.0211623    -0.185413   -0.0532738    0.0987997      0.11067
  -0.0590857    0.0509562    -0.053426    -0.234478    -0.121219   -0.0494904    -0.158801    0.0901587
  -0.0409152    0.0174331   -0.0977117   -0.0247411    0.0312903    0.0381801  -0.00245781    0.0161366
  -0.0118402    0.0465501    0.0150962    0.0444074    0.0730234    0.0569574    0.0145076 -0.000407984
   -0.110577     0.073426     0.100115     0.187631    -0.487713     0.056929  -0.00330289   -0.0117571
   0.0482495   -0.0258807    0.0556059    -0.162294     0.109307   -0.0122524    0.0141864    0.0247482
   -0.202725    0.0643881   -0.0977035     0.122711    -0.240449    0.0289234    0.0740239    0.0249956
  -0.0173401    0.0224452   0.00719796    0.0216687    -0.132279    0.0646582    0.0414125    0.0642588
    0.048196  -0.00330678    0.0158492    -0.100979    0.0552816    0.0348838    -0.103461     -0.11681
  -0.0562376    0.0194425    -0.123789    -0.141216     0.112874    -0.112721   -0.0810997    0.0658807
  -0.0240829    0.0352853   -0.0116864   -0.0473722     -0.01885   -0.0345421    0.0114335   -0.0355551
   -0.290163     0.114466    -0.271392     0.173916    -0.412935    0.0745137   -0.0483108      0.14286
   -0.173694     0.045194    -0.124315     0.160912    -0.439442     0.168797   -0.0600664    0.0475088
  0.00240197    0.0358033    0.0129857    0.0517135   -0.0262312    0.0575215   -0.0338814   -0.0149885
  -0.0700128   -0.0985823   0.00223505  -0.00982023     0.207408    -0.179065     0.212607   -0.0565116
   -0.142121    0.0390041    0.0939663     -0.15217   -0.0294655   -0.0973028    0.0522598    0.0140259
    0.141645   -0.0174405    -0.257049     0.208333   -0.0888259  -0.00073288    -0.135617    0.0729769
   -0.187308    0.0551813    0.0274471    -0.197486    -0.150792   -0.0844076     0.117505    0.0559888
   0.0312635   -0.0819609    0.0512169   -0.0623651    0.0292063  0.000592819    0.0673538   -0.0471438
   -0.268197    0.0824165   -0.0632062   0.00819237    -0.168669    0.0766104  0.000821474    0.0382184
    0.179667  -0.00548255    -0.135638   -0.0175244    0.0413232   -0.0201311    -0.122971    0.0283203
   0.0152287    0.0298381    0.0148784   -0.0473875    0.0459218    0.0328667    -0.023219    -0.102302
   -0.171486     0.129896     0.025235  0.000234102   -0.0728196     0.177124    0.0640008      -0.1342
 -0.00613862    0.0655581    0.0943698     0.130246    0.0945758     0.146162   0.00742924    -0.211258
  -0.0555382   -0.0053282   -0.0307098    0.0337564   -0.0883386    0.0149014   -0.0785984   -0.0383327
  -0.0018072    -0.016991    0.0463577     0.101243   -0.0431974    0.0611575    -0.102477   -0.0627089
   0.0544597   -0.0386851    0.0849035   -0.0851231     0.042965     0.042119   -0.0854835   0.00543861
   0.0267969    -0.131415     0.130392   -0.0119932    0.0201485   -0.0436507     0.112962    -0.119118
   -0.211224     0.113559   -0.0368759   -0.0666028    -0.360209     0.207991    -0.212479     -0.05072
  -0.0494841    0.0343808    0.0256389    -0.075272    0.0268153     0.017441    0.0100195   -0.0634188
   0.0521319   -0.0507897    0.0814937    0.0666497   -0.0213685  -0.00314621     0.100445    -0.114933
   -0.103549     0.055304    0.0790614    0.0833739   -0.0368337    0.0894529     0.136298   -0.0667818
  -0.0939747   -0.0491191    -0.194994    -0.109157     0.249993    -0.093379   -0.0442511     0.133903
   0.0401618   -0.0752453    0.0157398    -0.041091    0.0726398   -0.0207501    0.0489555   -0.0308865
   -0.129062    0.0269064   -0.0148668    0.0454463    0.0362554    0.0579893    0.0223136    0.0800077
  -0.0873423   0.00172556     0.126197   -0.0181637   0.00230044  -0.00168746    0.0957519   -0.0900763
    0.164248    -0.150278    -0.149983    -0.209096   -0.0435086    -0.216581     -0.13608     0.220362
   -0.102996   -0.0863536   0.00727916   -0.0496986    0.0271309    0.0782574    -0.112801   0.00904618
   -0.131276   -0.0144102    -0.106291   -0.0286956   -0.0399422  -0.00424886   -0.0573228  -0.00383936
  -0.0374261   0.00799083     0.140466   -0.0800911   -0.0602979    0.0195912    0.0196795   -0.0102061
  -0.0138138   -0.0232817   -0.0928519   -0.0536899  -0.00578246     0.101454    -0.169971   0.00890779
  -0.0194424   -0.0163095   -0.0308046    0.0736381   -0.0404708    0.0962281    0.0517103   -0.0394769
  -0.0777357   -0.0486706    -0.153516    0.0772588   -0.0697276    0.0442428    0.0015746   -0.0311386
    0.111859   -0.0523962      -0.2018   -0.0670569   -0.0354595    -0.123337   -0.0839026     0.197289
   -0.317718   -0.0954788    0.0180308     -0.39387    -0.292263    -0.217434   -0.0393401     0.227387