   -0.132429    0.0579083    0.0237064    -0.106617   -0.0806904    0.0200609   -0.0649631      0.05284
  0.00547613    0.0416976     0.142969    0.0508768     0.112199    0.0631341   -0.0151765    -0.127594
  -0.0767391      0.10185     -0.13499    -0.110374    -0.124735     0.103268    -0.173645    0.0987774
  -0.0425087    0.0284483   -0.0620116    0.0507638     -0.13211    0.0780416  -0.00812913    -0.037104
   0.0546623    -0.019999     0.114139   -0.0475922    -0.184394   0.00567641   -0.0540439   -0.0695677
  -0.0967329    0.0148333    -0.043947    0.0735478   -0.0618414  -0.00825911     0.011607   -0.0624184
  -0.0484717   -0.0109388    0.0645065    0.0326697    0.0275255     0.063864    0.0559561     0.012182
     0.18228  -0.00215223    -0.106278    0.0704769   -0.0607831   -0.0437526     -0.10298     0.163277
  -0.0647326   -0.0324688    -0.125875   -0.0775666  -0.00662068   -0.0202504   -0.0219241    0.0708846
   0.0113048   -0.0273268    0.0753632   -0.0109687   -0.0860702   -0.0987074   0.00553686  -0.00700075
  0.00450113    0.0425628     0.141898    0.0306849    -0.139576   0.00465107   0.00310464   -0.0409531
   -0.021435   -0.0926108   -0.0897229    0.0160267    -0.138566    0.0593565   -0.0364063  -0.00631091
   0.0166838    0.0512924    -0.161761   -0.0540388    0.0866069    0.0415857     -0.09539    0.0220132
  0.00175332  -0.00653961   -0.0859934   -0.0223037  0.000141476   -0.0661402    0.0260077    0.0621542
    0.170615    0.0317659    -0.153879    0.0904462   -0.0649022    -0.101333    0.0161212     0.115446
    0.169558    0.0249427   -0.0613414   -0.0434853    0.0508475   -0.0583254    0.0652059    0.0542378
  -0.0430323   -0.0697396   -0.0558881    -0.106235     0.105772  -0.00114798    -0.145326    0.0401269
  -0.0334274    0.0409781  -0.00322415   -0.0204894     -0.07007   -0.0932857   -0.0289299    0.0563189
  -0.0241135   -0.0590007    0.0230455    0.0973659    0.0145495     0.105504    0.0217915   -0.0890921
   0.0685888    0.0851028   -0.0679032    0.0353577     0.166364      0.11578    0.0191412  -0.00129247
  0.00572487    0.0958649    0.0175142     0.104421     0.228049    0.0478412     0.153704   -0.0465867
  -0.0846457   -0.0136493   0.00347686   -0.0221956   -0.0216939     0.145173     -0.11741     -0.10412
  0.00691495    0.0115428    0.0612193   0.00332926    -0.131577    -0.125329    0.0981698  -0.00602504
    0.222838    0.0387279     0.174772     0.135476     0.121202   -0.0554568     0.168439   -0.0132446
  -0.0838617   -0.0890408   -0.0262735   -0.0766182    -0.117232   -0.0925857    0.0268454    -0.120262
    0.221189    0.0164081     0.316943   -0.0612179    0.0419233    0.0231799    0.0359866    -0.210019
   -0.154845   -0.0631506     -0.21779   -0.0696299    -0.171164   -0.0238621   -0.0281827     0.127503
   0.0434059   -0.0820088   -0.0167939     0.093679     0.100028   -0.0147629    0.0280627   -0.0522414
    0.124438   -0.0428083  -0.00225137   0.00623903    0.0906319   -0.0823104    0.0399949     -0.04622
   0.0162641    0.0351574    -0.149643    0.0777045    -0.297696    0.0275167    0.0154296    0.0622229
   0.0265105     0.104765    -0.206474     0.013594   -0.0488168   -0.0170058   -0.0484853     0.135779
    -0.04005   -0.0160357   -0.0111306  -0.00551698    0.0338076    0.0547478    0.0649012   -0.0302354
   0.0743651  -0.00415365    0.0713791    0.0921165   -0.0327059   -0.0608389   -0.0452324   -0.0248112
   0.0729616   -0.0561839    -0.192218    0.0097928     0.116462   -0.0182123    0.0346504     0.041158
   0.0234346    -0.018352   -0.0453132   -0.0457284    0.0780823    -0.100429    0.0131124      0.10751
  -0.0779027    0.0154812    0.0806728   -0.0445163    -0.177887   -0.0646768    0.0611914   -0.0257889
   0.0884026    0.0475125    -0.198367   0.00270122   -0.0170414   -0.0709519    -0.060632    0.0878921
    0.111972    -0.100499     -0.13919   -0.0449261     0.117784    -0.120863    0.0181357    0.0904054
  -0.0499622   -0.0585866    0.0464437   -0.0705991   -0.0748692    0.0385212     -0.11988    0.0186605
  -0.0252018    0.0501884      0.26797     0.030701      0.07626     0.118702   0.00587809    -0.233424
  -0.0716072    0.0169742   -0.0811368    0.0849336    -0.152107   -0.0396336     0.018078   -0.0189174
   -0.269473   -0.0142696   -0.0267965     -0.15626    -0.339879     0.172394    -0.192564    0.0538893
   -0.161045   -0.0419562   -0.0159338    0.0222591    -0.178663    -0.111175     0.159248    0.0418368
  -0.0747448   -0.0242015    0.0602128   -0.0654002   -0.0437762    0.0123042    0.0360685   -0.0322333
    0.113988    0.0704438    0.0524032   -0.0939892     0.181242   -0.0953175    -0.124789    0.0636564
   0.0304909    0.0993627    0.0956991     0.190955   -0.0971778     0.137883   -0.0114609    -0.116323
   0.0199353    0.0457168     0.063837   -0.0311756   -0.0426186   0.00869909    -0.104156   -0.0021031
  -0.0310508   -0.0366639   -0.0101544    0.0371498   -0.0585057    0.0350826   -0.0453851    0.0218695
    -0.14049   -0.0237045    -0.147688    0.0411126   -0.0610976    0.0539963    0.0437424   -0.0437432
  -0.0958325   -0.0184585   -0.0719485   -0.0883356   -0.0684679  0.000501487     -0.12463   -0.0438332
  -0.0967057    0.0242714    -0.294308    0.0793483    -0.231769   -0.0920412    0.0511958    0.0542424
    0.150879    0.0614497   0.00513461    0.0655458   0.00281001    0.0538243   -0.0318134    0.0309194
   -0.040605   -0.0958676    0.0331389   -0.0713984    0.0166378  -0.00335646    0.0021355   -0.0462155
   0.0467485  7.73103e-05   0.00732407   0.00332565    0.0560866   -0.0292317     0.029672   -0.0315336
   -0.170611   -0.0166501   -0.0214282   -0.0597827   -0.0331438   -0.0688442   0.00916145    0.0593452
    0.204411   0.00281813     0.135927    -0.139046    -0.160579   -0.0832708    -0.224976    0.0941046
  -0.0798452   -0.0555375    0.0177527  -0.00198429   -0.0574834    0.0637904    0.0316422    -0.065257
    0.016795  -0.00876683    0.0143029  -0.00119071   -0.0395715    -0.152395  -0.00892157    0.0211259
   0.0779993   -0.0179418      0.17818   -0.0875648     0.241299   -0.0114168    -0.013546    0.0200397
  -0.0872073   0.00105549   -0.0155256    -0.139296   -0.0679362   -0.0114341    -0.103943    0.0446516
   0.0735954   -0.0396226      0.01582   -0.0474991  -0.00373709    -0.104731    0.0278042    0.0558224
   0.0333203    0.0517968   -0.0430075       0.1351   -0.0205016   -0.0708287    0.0645084   -0.0663518
   0.0252685    0.0401088   -0.0792343     0.096281  -0.00977357    0.0372762   -0.0587235    -0.007688
  -0.0369421    0.0322013    -0.155719      0.09668    -0.233777    0.0268226   -0.0121433    0.0784324
   0.0467124   -0.0702546   -0.0317703    -0.031175     0.114778   -0.0837726   -0.0294779    0.0167078
     -0.1725   -0.0439401   -0.0736301     -0.11057   -0.0452177    0.0790295   -0.0225602   -0.0463354
  -0.0650839    0.0258634   -0.0732787    0.0490329    -0.157906   -0.0490474   -0.0213499   -0.0541155
   -0.181109    0.0447597   -0.0329036     0.124169   -0.0494356     0.291145   -0.0322353    0.0491696
    0.127794   -0.0484333    0.0643368    0.0186382   0.00680356    -0.124817   0.00534732   0.00360029
   0.0431471     0.115354    -0.149137    0.0401596    0.0138538    -0.033407    0.0613636    -0.022015
   -0.119665   -0.0815471    -0.200862    -0.179358   -0.0691804   -0.0901494    -0.141968    0.0704596
   -0.061127   -0.0999411    -0.216423   -0.0739553    0.0168927    -0.173359    0.0156466     0.130557
   0.0919202    0.0260425    0.0941196   -0.0623671    0.0202364   -0.0489943   0.00603821   -0.0244475
   -0.108434    0.0362819    -0.082576   -0.0415363    -0.141172     0.100971    0.0253825    0.0494428
     0.14718     0.112687     0.223961     0.157978     0.324634     0.114711    0.0259922    -0.143431
   0.0438788    0.0200136   -0.0339342    0.0448258   -0.0357456   -0.0326838   -0.0104324    0.0497647
   -0.132188     0.066689    -0.101096   -0.0408765    -0.217471    -0.052269    -0.108402      0.15223
  -0.0818614   -0.0290989    -0.199091   -0.0833566    0.0593305    0.0278176   -0.0885611    0.0856761
   0.0541286    0.0548809    -0.088105     0.105096    -0.152246   -0.0762787     0.013727    0.0823653
   0.0809847   0.00851062    -0.120182    -0.106748    0.0785187     0.041293    -0.191375      0.12505
   0.0571858     0.101021       0.1975     0.119786    -0.267137    0.0576631    0.0173271    -0.109179
    0.059858   -0.0297815    0.0527919  -0.00818639  -0.00282054   -0.0648459     0.012572    0.0324267
   0.0505971    0.0870093   -0.0756477   -0.0825105    0.0496535    0.0162701    -0.101107    0.0308378
   -0.037573   0.00865578    -0.108363    -0.128292     0.242668   -0.0693036   0.00164381      0.13494
   -0.140576   -0.0508484    -0.113886     0.100929    -0.103154    0.0236632    0.0561273   -0.0424949
     0.12955   -0.0320846     0.126576    0.0673392    0.0671998    0.0926667   -0.0399136    -0.053658
   0.0532671   0.00200098    0.0653946   -0.0362071   -0.0781081    0.0605785   -0.0701653   -0.0762016
   -0.147546    -0.297078    -0.026331    -0.365767    -0.133628   0.00325557    -0.210243   -0.0683213
  0.00594869   -0.0111901   0.00128064   -0.0425872    0.0400607   -0.0616263    0.0271989   -0.0698517
    0.159686   -0.0960716   -0.0619582   -0.0114919     0.103728   -0.0391237   -0.0455471   -0.0456588
   -0.105505    0.0487077    0.0949154    0.0910949   -0.0032491    0.0160998     0.102939   -0.0860471
  -0.0103564    -0.171528    -0.104179   -0.0414855   -0.0472419    -0.115085   0.00572425    0.0230704
    0.106059  -0.00146635   -0.0326404    0.0285135      0.13897  -0.00464152    0.0380951    0.0928897
  -0.0233119    0.0399907   -0.0564938   -0.0411011    -0.122826    -0.057573    0.0276881    0.0399995
   0.0160922   -0.0275784    0.0615387     -0.14822   -0.0120328   -0.0370216   -0.0556656   -0.0506618
   0.0385175   -0.0256665    0.0176037     0.031944     0.013371    -0.038534   0.00259076   -0.0082016
     0.11126    0.0199142   -0.0402869    0.0293411    -0.053507    0.0189627   -0.0364425    0.0922133
    -0.14685   -0.0354261    -0.111019   -0.0682223   -0.0842349   -0.0931353   -0.0430149  -0.00803918
  -0.0668953    0.0277899     0.120391  -0.00326145    0.0880486  -0.00241307    0.0198088   -0.0797354
    0.113559   -0.0205127    0.0804451    -0.117622     0.159439   -0.0730452   -0.0691154    0.0395861
   0.0739032    0.0297874    0.0386004    0.0206798    -0.112278   0.00245961   -0.0136739   -0.0385266
   0.0609354 -0.000878413   0.00631797   -0.0486629     0.174752    0.0358588   0.00151209    -0.101996
    0.118675   -0.0235023     0.133997    0.0537671     -0.18306    0.0108857    0.0658585   0.00547183
  -0.0901227   -0.0053111    0.0158018   -0.0673764    -0.177188    -0.062874   -0.0383802   -0.0118981
   0.0665771   -0.0283562   -0.0115394   -0.0489608   -0.0139935   -0.0628154    -0.125156    0.0231342
    0.103214   -0.0523652    0.0828451   -0.0896526    0.0527158   -0.0818743    -0.080664   -0.0229135
   0.0685084    -0.084874      0.06572   -0.0783864    -0.244594  -0.00585538   -0.0995575  -0.00472603
   -0.015579   -0.0292762     -0.13146   -0.0174549   -0.0777371    0.0519405   -0.0420466    0.0323207
  0.00796849    -0.111133   -0.0353649    -0.138416    0.0223071    -0.250404   -0.0181239      0.10558
  -0.0702456   -0.0039322   -0.0633566      0.10894    -0.154343   -0.0143794   -0.0443889     0.107511
   0.0164587   -0.0115741   -0.0354451   -0.0603338    -0.114636    0.0979916   -0.0824742   -0.0307582
    0.140816   -0.0388604  -0.00869297    0.0646478     0.133493   -0.0291031   -0.0224651    0.0144529
    0.108538    0.0783908     0.150893    0.0691255    0.0179112     0.105158    -0.187284   0.00108674
    0.177979   -0.0948745    0.0656752    0.0227655     0.138937   -0.0550248   -0.0168577    0.0158756
   0.0726014    0.0509606     0.413162   -0.0348373    -0.105111  -0.00933681    0.0372389    -0.105652
  -0.0855184    0.0428888     0.166126    -0.323121   -0.0443122    -0.125563   -0.0110916    0.0405047
   -0.223123   -0.0282498    -0.151268  -0.00797524    -0.282223    -0.169903    0.0731966      0.18024
        0.05   -0.0551876   -0.0389942    0.0159199    0.0181033    0.0764846   -0.0489056   -0.0651979
  0.00813305   -0.0610514   -0.0384112   -0.0600265   -0.0740113   -0.0196883    0.0252137    0.0553907
  -0.0583584    0.0560583    -0.111215   -0.0273997    -0.175461   -0.0286098   -0.0120476  -0.00869904
    0.203881    -0.042431    0.0646897   -0.0503105     0.164643  -0.00503515   -0.0845995    -0.041072
   -0.217643    0.0313745    -0.145321    0.0938567    -0.158461   -0.0130696    0.0887558    0.0467165
  -0.0316502    0.0438525   -0.0106195    0.0505655   -0.0681428   -0.0781863    0.0182204   -0.0759532
   0.0154087   0.00100893   -0.0300851    0.0194874    0.0943474   -0.0291456   -0.0112557  -0.00531755
  -0.0999051    -0.047283     -0.10977   -0.0987058    0.0438533    -0.070442    0.0864221   -0.0168608
  -0.0474958    0.0456781   -0.0174453    0.0848452    -0.103885    0.0252826   -0.0899625   -0.0729125
  -0.0756687   -0.0664139     0.140607    -0.127804     0.156807    0.0429866    0.0622825   -0.0778589
    0.148176   0.00839012     0.137264    0.0210114      0.19458    -0.090827     0.120214   -0.0420039
   0.0359286   -0.0428113    0.0348622   -0.0579092   -0.0768738   -0.0846459    -0.100604  -0.00184453
    0.122221   0.00238013     -0.08317     0.041283   -0.0724699    -0.117199    0.0252937     0.141208
   0.0655021   -0.0189315     0.135987     0.100298   -0.0728652    0.0370805    0.0165613    -0.155076
    0.111138   -0.0731782     0.205756    0.0957486   -0.0394751    0.0396281     0.142864    -0.126613
   0.0684574    -0.091594    -0.222762    -0.113078    -0.109075  -0.00996805    -0.206837     0.215295
   0.0153974    0.0955274    0.0723267     0.128878    0.0966734   -0.0202568     0.109128     0.009938
  -0.0391015    0.0734345     0.183183   -0.0458589   -0.0807715    0.0892953   -0.0674031    -0.069643
   0.0475437    0.0274298     0.161392    -0.061945    0.0511121   -0.0779489   0.00539931   -0.0672908
 -0.00451796   -0.0270615    -0.034649    0.0227069   -0.0897761    -0.036611   0.00867028    0.0145056
 -0.00509185   -0.0328742   -0.0100561    0.0582294   -0.0392808    0.0499351  -0.00182176  -0.00345951
 -0.00818043   -0.0961832  -0.00985508   -0.0376063  -0.00586168   -0.0430858   -0.0857527  -0.00365143
   -0.024911   -0.0325435    -0.117337   -0.0701604   -0.0934855    0.0700309    -0.081851     0.038219
   -0.370549    -0.106667    -0.111779    -0.149014    -0.352013    0.0271686   -0.0687342    -0.010411
  -0.0450261    0.0320486    0.0315326  -0.00820506   -0.0864133    0.0915189    0.0597057   -0.0510461
  0.00832599   -0.0245728   -0.0214077    -0.118499    0.0493261    -0.042864    0.0441462    0.0207774
  -0.0322764   -0.0179514   -0.0399504    0.0115942   -0.0520832    0.0401598    -0.104859    0.0715761
    0.142789   -0.0897167    0.0845729    0.0367977   -0.0911035   0.00344099   -0.0747112   -0.0733486
     -0.1122    0.0297627    -0.212133    -0.147814   -0.0914484    0.0302407   -0.0966253     0.033399
   -0.078321   -0.0170797   -0.0370453   -0.0853633  -0.00964277   -0.0336744  -0.00390246   -0.0466372
   0.0345224   -0.0118564    0.0167807    0.0241257   -0.0258357    0.0690849    0.0134379   -0.0443547
   0.0678437   -0.0487761   -0.0543878    -0.061054   -0.0643188   -0.0313922   -0.0810783    0.0398146
   -0.131667   -0.0393451   -0.0760457   -0.0293901   -0.0575885   -0.0519967    -0.012121    0.0313439
   0.0122304   -0.0172909   0.00661835    -0.158607    0.0415338    -0.141115    0.0242787    0.0936579
    0.166786    -0.117098  -0.00837725     0.032545   -0.0356227    0.0301316 -0.000238843   -0.0422364
   -0.101056     0.017748     0.110542    0.0772472   -0.0199344    0.0775859    0.0513903   -0.0261123
   0.0511664    0.0126877   -0.0395435    0.0537179    0.0356652   -0.0433262   -0.0304387    0.0343077
  -0.0033807    0.0116862    0.0290479    0.0838859   -0.0257375    0.0670818   -0.0473088    0.0326781
   0.0811022 -0.000780282     0.148275    0.0411551      0.16971   -0.0222378   0.00758508   -0.0423123
   0.0793762   -0.0263588     0.114701    0.0673203    0.0681187     0.129346   -0.0658511    -0.134144
  -0.0679219   -0.0577314     -0.11102     0.049192   -0.0480921    -0.133937    0.0212637    0.0370489
  -0.0238544    0.0157371  -0.00721589    0.0343896   0.00139289    -0.022239    0.0566848   -0.0630153
   0.0909725    0.0304408    0.0884599   -0.0770736    0.0878309     0.111145   -0.0378127   -0.0363933
   -0.109851    -0.178712  -0.00870023    -0.221319    -0.280181   -0.0656738  0.000148936    -0.140873
   0.0564313   -0.0105172    0.0839292  -0.00152426     0.150255    0.0342905   -0.0324582    -0.132126
  -0.0746755     0.106435  -0.00828862   -0.0651493   -0.0661499     0.029757   -0.0548831     0.174713
  -0.0251395   -0.0293104    0.0590764    0.0783691    -0.209251   -0.0229277    0.0055237   -0.0710446
    0.104955   -0.0233265    0.0899031    -0.115292   -0.0018536    -0.087514     0.028584    -0.153174
   0.0177657   0.00580118    0.0574147    0.0542389    -0.105019   0.00556515    -0.051231    0.0329831
   0.0803862    0.0770883     0.120342   0.00744497     0.118304    0.0506572     -0.02039   -0.0801832
    -0.12964     -0.13648    -0.036199   -0.0886143   -0.0934065    -0.115021   -0.0125508   -0.0292242
  -0.0563934   -0.0712421    -0.096552    -0.162341   -0.0986158   -0.0317446    -0.162402    0.0123062
  -0.0461897    0.0221778     0.159743    0.0620303    -0.102878     0.121002   0.00220667    -0.040413
  -0.0711286   -0.0317223   -0.0313035     0.104704    -0.074516     0.153393   -0.0259252   -0.0886393
    0.154978    -0.045384     0.129649    0.0172173   -0.0483526     0.130359    -0.127232    -0.154474
   -0.111529   -0.0185245    -0.276182   -0.0284934    -0.241652    0.0698308    -0.115712     0.148886
    0.129465    0.0577981     0.153673     0.011239    0.0917591   -0.0288372    0.0254098   -0.0555683
   0.0783106    0.0755444   -0.0475333    0.0258362    0.0586273    0.0172826   -0.0720236    0.0524122
  -0.0121423    0.0111862    -0.118092   -0.0573609    -0.136626    0.0194211   -0.0286382    0.0572373
    0.149947   0.00494247  -0.00135399    -0.143926     0.124326    -0.175563    0.0498276    0.0604317
   0.0417929    -0.152484   -0.0550464    0.0367016    0.0416356   -0.0596073    0.0811602    0.0582309
    0.160607   -0.0422522   -0.0644974   -0.0157067     0.132007   -0.0473201   -0.0390035     0.075586
  -0.0565869   -0.0351282   -0.0843403    -0.111459   -0.0403274    0.0245179   -0.0536238    0.0206764
    -0.29718   -0.0226252    -0.132873   -0.0671076    -0.150535    0.0797127   -0.0535458    0.0351629
   0.0094768   -0.0650661   -0.0368438     0.118348    0.0358008    -0.158886    0.0342573   -0.0117176
   -0.119977   -0.0607508     0.102953    -0.126313    -0.198525     0.125228  -0.00855768   -0.0624222
   -0.201078   -0.0738566    -0.286863    -0.133712     -0.24957    -0.122391   -0.0806327     0.143265
  -0.0972498   -0.0301151    -0.199464    0.0469884    -0.167824  -0.00570504   -0.0970952    0.0970462
  -0.0464698    0.0486708    0.0151743   0.00117967    0.0369866   -0.0628244    0.0384241  -0.00686325
  -0.0543995    -0.013686    0.0942115    0.0166428    -0.041292    0.0355786 -0.000473842    -0.132472
   0.0927379   -0.0108821    -0.025328    0.0639531    -0.059604    0.0177369    0.0302594    -0.101364
    0.198459   -0.0490612   0.00550272   0.00855688    0.0163236   -0.0391886    -0.178616     0.107855
   0.0288036   0.00395834   0.00863953   -0.0392416    -0.180079   -0.0481871   -0.0889827    0.0948847
   -0.168372    0.0100875    0.0109508    0.0341271    -0.128201     0.140838    0.0254873   -0.0821678
   -0.166159   0.00316223   0.00614037   -0.0314313   -0.0394138    0.0166611    0.0740259    -0.143469
   0.0191365   -0.0217629  -0.00192429   -0.0184882    -0.054189   -0.0198719     0.106461   -0.0335416
    0.175428   -0.0382197    0.0919235   -0.0239248  -0.00649162   -0.0167285    -0.106973 -0.000435267
    0.166271   -0.0791234   -0.0570345   -0.0533617    0.0387506    0.0410021   -0.0530631    -0.037089
   -0.068323    -0.143809     0.135229   -0.0860232   -0.0391722    0.0948883    -0.104103     -0.19517
   -0.106607   -0.0333386    0.0179521   -0.0623966     0.153421     0.138028   -0.0468744    0.0109705
   -0.285517    -0.131759    -0.128385    -0.232129    -0.247124    -0.159984    0.0758112    0.0461662
   0.0430405   0.00552778    -0.203871   -0.0433092   -0.0134466   -0.0163254    -0.146753     0.058776
    0.189908    -0.131177    0.0188126  -0.00911564     0.103403   -0.0327208    -0.113987   -0.0592949
  -0.0277014   -0.0741681    0.0313543   -0.0174815    -0.135811  -0.00618348   -0.0824435   -0.0519506
  0.00225877    -0.181352   -0.0595237   -0.0888346   -0.0088635     0.034383    -0.029065   -0.0231788
    -0.21476    0.0187099    0.0103134    -0.179914   -0.0423745   -0.0989269   -0.0675622     0.154151
    0.160077   -0.0551108    0.0915309   -0.0408151     0.259191   -0.0675843     0.192274    -0.280501
  -0.0151803    0.0246563    -0.172035     0.168429   -0.0228735    -0.079799   0.00151054     0.108902
   0.0553105     -0.10546     0.105781   -0.0465189  -0.00515766   0.00429119   -0.0106659   -0.0671582
   0.0829073   -0.0842646    0.0526581   -0.0342012    0.0373273   -0.0162649   -0.0952984   -0.0759423
  -0.0803143   -0.0355415    0.0580498    -0.112505    -0.107623    0.0141004    0.0257784   -0.0088005
   0.0112903   -0.0436144    -0.157523    0.0981027    0.0671753   -0.0613586    0.0230176    0.0612444
  -0.0876384    0.0137861    -0.071843     -0.04478   0.00175114   -0.0160261   -0.0862435     0.142853
   0.0201013   -0.0531748    0.0626425   -0.0941607    -0.060583   -0.0172244     -0.12109    0.0331361
  -0.0640344   0.00538697     0.137573   -0.0601064     0.054294    0.0108613    0.0254864     -0.11848
   -0.171927    0.0849551    0.0218633  -0.00637421   -0.0762124     0.119022   -0.0927402    -0.117996
  -0.0232753   -0.0628183   -0.0605227   -0.0855867    -0.206911    -0.150164   -0.0936999    0.0182185
 -0.00145036    0.0123917   0.00665769   -0.0321787    0.0172389     0.017469   -0.0476282    0.0223163
   0.0821721   -0.0663847      0.13109    -0.101985    -0.133579    0.0835563    -0.121334   -0.0706698
   -0.108817    -0.019648    0.0268254   -0.0434525    -0.122021    0.0875606  -0.00145422   -0.0810294
 0.000104456   -0.0159512   -0.0189458    -0.065304    0.0105365    0.0518199    -0.166873    0.0142277
-0.000387271    0.0260754   -0.0700822   -0.0474655    -0.100849 -0.000551304   -0.0613095   -0.0350089
  -0.0754289    0.0575583     0.047444     0.133048    -0.102594     0.107706    0.0273305    -0.128266
    0.122795  -0.00292966     0.112534    0.0108651    0.0563675     0.021335    0.0209303   0.00262412
  -0.0957935  0.000123151  -0.00858987 -0.000196334     0.134577   -0.0733669     0.141065   -0.0471938
    0.132625   -0.0543231   -0.0291801    -0.104872    -0.133987    0.0161935   -0.0119707    0.0650998
   0.0545634   0.00870681   -0.0601749   -0.0367944    0.0580881   -0.0169747   0.00760889   0.00510831
  0.00911143   -0.0354023    -0.136235    -0.105748   -0.0188394    0.0464577   -0.0984724    0.0702197
   0.0254714   -0.0768774     0.353288    0.0788884     0.106838     0.162111      0.13823    -0.342531
   0.0418737    0.0318944     0.142722   -0.0455628   0.00877113    0.0800882     0.102364    -0.199907
 -0.00497213    -0.131307    0.0826857    -0.156829    0.0736969  -0.00423283   0.00122048     -0.06008
  -0.0534171    0.0876368     0.010091   0.00732972   -0.0025258     0.140739    -0.124381   -0.0506882
  -0.0421626   -0.0254038    0.0150095   -0.0194864   -0.0166285     0.102982    0.0462138    -0.145414
   0.0588961   -0.0749767    0.0599964    0.0092395     0.193287   -0.0394451   -0.0182589    0.0561962
   0.0577693    0.0119419   -0.0347028    -0.119005    0.0802173    -0.104635    0.0750622    0.0541933
   -0.156334   0.00818506   -0.0306078   -0.0263448    -0.101371     0.014263  -0.00777314     0.021312
    -0.11127  -0.00313798   0.00237642    0.0671894   -0.0486874   -0.0460014    0.0670165      0.06947
  -0.0440274   -0.0307323    0.0311722   -0.0150121    0.0522578    -0.036563    0.0401173    0.0555383
    0.128127    0.0230164     0.185285    -0.111038      0.02066    -0.100024     0.012662   -0.0357295
    -0.14023     0.116659 -0.000203487     0.209859    -0.188232 -0.000109256   0.00366729  -0.00264386
    0.249745   -0.0936577    0.0134528   -0.0690234    0.0486289   -0.0701268    0.0078697    0.0548655
  -0.0656967  -0.00712114     0.266392    0.0649921   -0.0848264     0.207765    0.0384197    -0.235516
   0.0634891    0.0161152   -0.0514865   -0.0227912   -0.0026959    -0.013629     0.047296    0.0492392
  -0.0741095   0.00542783    0.0282848   -0.0374481    -0.129306     0.128525   -0.0208117   -0.0522012
   0.0399986   0.00642498   -0.0147374   -0.0835441    -0.203961   -0.0137902    -0.203532    0.0411238
     0.07308    -0.164463   -0.0244749   -0.0295828    0.0679821   -0.0839894   -0.0575556    0.0697854
   0.0576279   -0.0523492    -0.159824    -0.106186   -0.0667295   -0.0561887   -0.0751825     0.148166
   0.0700053   -0.0178193   -0.0154986    -0.105213     0.110398   -0.0571127    -0.101113    0.0643816
 -0.00304161   -0.0547299    0.0132224   -0.0771107     0.098174    -0.153835      0.11117   -0.0124834
   0.0497161    0.0881166     0.138476     0.092728    0.0331336    0.0717337    0.0639227    -0.146841
  -0.0671436    -0.133745    0.0135785   -0.0491171   -0.0561408    0.0341366   -0.0666337  0.000874481
   -0.129573    -0.014924    0.0710898    0.0357767   -0.0732673     0.106439   -0.0465185    -0.112529
    0.113589    0.0160674   0.00757624   -0.0264276     0.155251     -0.09612   -0.0262142   -0.0316524
   -0.010979    0.0544046    0.0698633   0.00295798   -0.0368408    0.0762972   -0.0135438   -0.0728427
  -0.0830238    0.0239392   -0.0588207   -0.0891165    0.0112082    0.0662781   -0.0761269    0.0255721
  -0.0368044   0.00150708    0.0252059    0.0144189    0.0178028   -0.0165341    0.0200441    -0.143578
    0.047653   -0.0852792      0.10908   0.00311533  -0.00439035   0.00178089    0.0409952   -0.0985995
  -0.0841443   -0.0647051   -0.0797921    -0.103316    -0.186296    -0.017423    0.0941391    0.0652914
   0.0450187   -0.0326569    0.0122163    0.0442114    0.0502727    0.0556207   -0.0750066   -0.0684306
   0.0125764    -0.119377    -0.112982    -0.093677   -0.0410266    -0.117571    -0.118238     0.121726
  -0.0324602    0.0594986    0.0463969    -0.012795   -0.0604196  -0.00410422     -0.03769    0.0220866
    0.082448   -0.0711223     0.109284   -0.0103517      0.10761   0.00357402    0.0322268   -0.0818974
   0.0159312   -0.0700235     0.154357    0.0460128   -0.0979425   -0.0210476    0.0565562    -0.172172
   -0.106513    0.0342808    0.0462848    -0.006927    -0.249783     0.081622    -0.153401   -0.0659761
   -0.030449    -0.134315   -0.0691465  -0.00728068   -0.0053375    -0.211035    0.0430907    0.0565487
  -0.0221924     0.108671   -0.0125674    0.0399084    -0.163897   -0.0256693    0.0966728   -0.0304606
  -0.0716807   -0.0734366    -0.133206   -0.0476555     -0.22131    0.0614228   -0.0668706     0.055262
   -0.198867   0.00967588  -0.00158467    0.0336021   -0.0681226    0.0447503    -0.035584   -0.0336717
   -0.141999    -0.151182   -0.0974878   -0.0993581    -0.163757    0.0482364    0.0190885    0.0170326
  -0.0481091   -0.0300179   -0.0222281    0.0270754   -0.0539163   -0.0526012 -0.000425086   -0.0149622
   -0.141863   -0.0550283    0.0239108    0.0113744     -0.26526     0.157642    0.0260128    -0.130241
  -0.0675675   -0.0479327   -0.0144903    0.0999324   -0.0854315    0.0423601    0.0656185   -0.0931583
   -0.116416   -0.0315101     -0.12558    -0.102416    0.0251637     0.101904    -0.133045    0.0771661
   0.0326925   -0.0447609    0.0802574   -0.0618444       0.1583    -0.124334   -0.0294712   -0.0496291
   -0.163398    0.0125896    0.0133322    0.0140668   -0.0767709   -0.0792065    0.0559479    -0.024092
  -0.0141244    0.0117203     0.103821   -0.0057911   0.00643363    0.0182857    -0.050243    0.0499093
  -0.0485783    0.0419609    0.0447177    0.0506641   -0.0296494   -0.0554435    0.0592459    -0.018465
 -0.00346514    -0.107915    0.0767684    -0.130735    -0.153553    0.0572804   -0.0795874    -0.129774
  -0.0428262   -0.0950101    0.0243051   -0.0840665    -0.114983     0.101003    -0.167827   -0.0280075
  -0.0258562    0.0319125     0.035296   -0.0730051   -0.0671597    0.0455433    0.0472396   -0.0485376
  -0.0423861    0.0146617    0.0117636   -0.0718178  -0.00832917   0.00647419    0.0228613   -0.0997563
   0.0190276    0.0800812     0.198799     0.165678    0.0920303  -0.00612919     0.155539    -0.072054
   0.0258371    -0.111046   -0.0144457   -0.0684505    -0.194493    0.0565153   -0.0956643   -0.0224656
   -0.157459    0.0258628    -0.133665    0.0697958    -0.229558    0.0557207   -0.0536326    0.0544022
   0.0777733   -0.0167253    0.0559016     0.134937    -0.147573    -0.128451     0.109364    -0.112499
    0.145507    -0.114936     0.234582   -0.0962665     0.368972    -0.072614   -0.0438633    -0.135808
    0.140853    0.0333017    0.0831632     0.121939    0.0459133   -0.0186802   -0.0288294   -0.0277456
  -0.0481604   -0.0495368     0.134094  -0.00996474    0.0513703  -0.00872789    0.0504237   -0.0426787
   -0.240256   -0.0376111   -0.0381991    -0.049597    -0.113925     0.188261    -0.052598    -0.152256
   -0.133782   -0.0310636   0.00489027    -0.116786   -0.0877336     0.108898   -0.0902387   -0.0696402
  -0.0491073     0.052569    0.0577185    -0.116641    0.0271443    0.0761458   -0.0373774    0.0682974
   -0.212602    -0.031288   -0.0656987    -0.127245      -0.1574    0.0158698   -0.0538143    0.0318725
  -0.0515734   -0.0692318   -0.0253654   -0.0747566   -0.0365847   -0.0418688   -0.0530779    0.0371748
    0.163203    0.0104969   -0.0585053   -0.0938812    0.0210751    -0.096268   -0.0844263     0.125129
  -0.0131917   -0.0451311   -0.0282173   0.00862403    0.0799799    0.0632146    0.0173333   -0.0410868
  -0.0665293   -0.0179544   -0.0961309    0.0337905    0.0741058      0.10626   -0.0247727    0.0615512
  -0.0641904    0.0528904   -0.0324695     0.119705    -0.129687   0.00664786    0.0361216   -0.0336471
  -0.0840193    -0.153562    0.0298944    -0.250004    -0.135148    0.0416245    -0.185768    -0.114308
    -0.16611    0.0518883    -0.186592   -0.0884008    -0.153786    0.0568251    -0.130206     0.151402
   0.0204014    0.0785166   -0.0340724     -0.10569    0.0617945    0.0354692    -0.075717    0.0746491
   0.0238994    0.0428175   -0.0694192    0.0429234   -0.0713254  -0.00995848   -0.0610805    0.0221923
   -0.104712   -0.0151576   -0.0789033   -0.0837424   -0.0245778    0.0153411    0.0300595   0.00885014
    0.106391   -0.0136896    -0.069163   -0.0674788     0.139094   -0.0987064   -0.0540023    -0.077007
    0.121884   -0.0734452    -0.105427   -0.0690294    0.0799279   -0.0862078   -0.0337673     0.159244
    0.116468    -0.127896    -0.359075    -0.147271     0.323599    -0.137305    0.0193645    0.0881561
  -0.0606879  -0.00492837    -0.196728   -0.0657467   -0.0434719   -0.0565868   -0.0412674     0.107274
    -0.22979     -0.02851     -0.34911   -0.0806027    -0.307416  -0.00957231    -0.159634     0.261274
   -0.181837   -0.0018858    -0.256268    -0.111901    -0.134203    0.0194497     -0.22004     0.128322
  -0.0712648    0.0242363   -0.0063541   -0.0364618    0.0514615   -0.0179442     0.125117   -0.0574132
  -0.0705037    -0.192179    -0.199341    -0.190766   -0.0550978   -0.0701273    -0.191834  -0.00979687
   0.0334888    0.0112323    -0.045192   -0.0820579     0.071965   0.00811899   -0.0429922    -0.142279
   -0.143945    0.0224035   -0.0766882    0.0447655    -0.128535    0.0179668    -0.064384    0.0898383
   0.0512193    0.0155192    -0.053167   -0.0832843   -0.0263665   -0.0998791   -0.0508836   -0.0118084
    0.158833   -0.0491149   -0.0824976    -0.142107    0.0993052   -0.0626377   -0.0391388     0.134946
  -0.0767545   0.00836061   0.00608049    0.0798814   -0.0902218    0.0625417    -0.037911    0.0343553
 -0.00930328    0.0350476    0.0160069     0.122015    0.0903523    -0.106689    0.0521275   0.00242742
  -0.0262844    0.0654815   -0.0262912   -0.0652052   -0.0293508   -0.0534229   -0.0566302     0.124857
   0.0165817    -0.189565   -0.0961797    -0.141732   -0.0521527     0.015345   -0.0955592    0.0348265
   0.0273069   -0.0438567    0.0117564    0.0187983    0.0158263   0.00981275   -0.0388991   0.00968442
  -0.0454267   -0.0620507    0.0285126    -0.110618    0.0993222     0.191062   0.00750614    -0.214179
   0.0758818   -0.0358133    0.0370479   -0.0893657    0.0276299    0.0260577   -0.0130339    -0.065981
   0.0574749   -0.0284919    0.0601144    -0.102915   -0.0562506    0.0215862   -0.0343225   -0.0177575
   0.0103686   -0.0262086   -0.0112664   -0.0542956    0.0811606   -0.0793535    0.0166933   -0.0578958
   0.0196168   -0.0323972     0.046167     -0.12478    -0.114763    -0.121174    0.0381896    0.0108551
  -0.0813781    -0.152737    0.0125375   -0.0585674    0.0132857    0.0837676    -0.174544   -0.0920641
 -0.00805117    -0.158842    -0.128508   -0.0586967    -0.174316    0.0078918    -0.158019     0.132392
   0.0067299  -0.00853244    -0.129021    0.0121691    0.0182273   -0.0235941    0.0405642    0.0768716
  0.00421079     0.021932   -0.0508602   -0.0319078    0.0332311   -0.0553956    0.0272399     0.147243
  -0.0171947   -0.0135209   -0.0486211    0.0277299    -0.124708    0.0368793    -0.111452    0.0471892
   0.0527554     0.105051    -0.093823    0.0179363    0.0744101   -0.0671652    0.0538013    0.0411449
  -0.0177181    0.0623078    0.0949802    0.0435138    0.0222548   -0.0748888    0.0534221    0.0145729
   0.0413418   -0.0382368      0.10587     0.112477   -0.0567117   -0.0105949    0.0947336    -0.126149
   0.0152132    0.0432758  0.000179004    0.0565597     0.105725   -0.0625084    0.0610139   0.00687353
   0.0295178   -0.0896326    0.0061289    -0.241307   -0.0606394   -0.0632094   -0.0933275     0.091197
    0.136076   -0.0265217     0.100482    -0.064281     0.239254    0.0479299   -0.0865848    -0.119571
   0.0763897    0.0217125   -0.0349632   -0.0579778     0.177894    -0.100621   -0.0812704     0.106658
    0.156622    0.0341398   0.00355891    0.0272491    -0.058862    0.0673688    -0.102639    0.0137785
   0.0373854    -0.125324    0.0693173    -0.226301     0.109787    0.0406158    -0.118413   -0.0372594
   0.0547564    -0.063801   0.00715424   -0.0289424    -0.103726   -0.0673774   -0.0381105    0.0444195
  -0.0810227    0.0132881     0.151394     0.145072    0.0718778   0.00353327     0.151009    -0.153383
  -0.0214999    0.0986192   -0.0586144    0.0910215 -0.000357973    0.0415085     0.125268    0.0049241
  -0.0274411   -0.0588345    0.0919608    0.0398499  -0.00463815    0.0550688   -0.0462191   -0.0800481
   -0.122276    0.0430898   -0.0223053     0.097055   -0.0017687  -0.00470602   -0.0405969   0.00054556
  -0.0216265  -0.00220115   -0.0103503    0.0532846   -0.0327689   -0.0197744    0.0240513   -0.0749237
  -0.0610592   -0.0303532     -0.22327   -0.0410053    -0.122234    -0.134888     0.035782     0.114046
  -0.0622297   -0.0404876   -0.0680851    -0.115545     0.136804   -0.0342996   -0.0150457    0.0942067
   0.0523526   -0.0950195     0.204308   -0.0559398     0.154068    -0.159365     0.194722    -0.127819
  -0.0692388   -0.0800571    -0.127943     0.036806   -0.0579173    -0.102758     0.043177    0.0687257
    0.121018   -0.0256949     0.104813  0.000302805    0.0285941    0.0626918   -0.0120375   0.00356216
  -0.0413987    -0.138869   -0.0147174    -0.207684   -0.0358337    -0.030209     -0.13902   -0.0689514
   -0.046887   0.00589989   -0.0515969    0.0411484    -0.112275    0.0480869    0.0360776    0.0463932
     0.18265    -0.028628    0.0855148   -0.0165027   -0.0286325   -0.0659091    0.0338523   -0.0228551
   -0.225235    0.0316227    -0.164815    -0.102822    -0.155889   -0.0214942   -0.0145685    0.0889187
   -0.165694    0.0365757     0.187637     0.111196   -0.0440705     0.044486    0.0581739    -0.128884
   0.0576112     -0.07148    0.0885513   -0.0119623    0.0095443     0.031709    0.0236109   -0.0175577
  -0.0718425   -0.0497578   -0.0538005    0.0399795  -0.00693037    0.0704454   -0.0659532   -0.0606344
   -0.184826   -0.0144187   -0.0869967     0.110002    -0.122327   -0.0358095    0.0474075   -0.0607342
    0.112051    -0.062345     0.123997    -0.157757   -0.0456043    -0.172734   -0.0383952   -0.0027636
    0.038007   -0.0699873    -0.174765    -0.140133    0.0446187    -0.119391   -0.0328781     0.171727
    0.163854   -0.0116333    0.0891841   -0.0186972     0.171137    0.0164948    0.0592185    -0.154781
    0.070876     0.114279    0.0152625   -0.0534767    0.0623049    0.0814649   -0.0394172    0.0786495
  -0.0626227   -0.0543019    0.0780564  0.000201696    0.0482001    0.0955307   -0.0839698  -0.00839923
   0.0855317   -0.0267282     0.351016    0.0262894    0.0459209   -0.0201902     0.157067    -0.220805
 0.000386738    -0.165082      0.12044    -0.154164    0.0164875   -0.0304847   -0.0658573    -0.126679
   0.0128146   -0.0119206    0.0760847   -0.0934304  -0.00400106   -0.0286697   0.00842973   -0.0401264
    0.236613   -0.0104598     0.214259   0.00335536     0.249449    -0.032444    0.0529476    -0.136747
   0.0308379    0.0374851    -0.112734   0.00453656    0.0931167    -0.155117     0.111237   -0.0189992
    0.100177   -0.0548044    0.0175836   0.00492356     0.084999    0.0165725   -0.0398952   -0.0834061
-0.000474179     0.119267    0.0661161     0.100406    0.0257168   -0.0594361    0.0370893     0.149333
   0.0383822   0.00987528     0.114021    0.0341521    0.0839066    0.0176324  -0.00434276  -0.00200066
    0.154882   -0.0531114     0.087076   0.00804604    0.0188399  -0.00603179   -0.0213631   -0.0800973
  -0.0565968   -0.0194513    0.0205276   -0.0917264  -0.00191744    0.0340777   -0.0196276    0.0667582
    0.072439    0.0160272    -0.122354     0.113374   -0.0417039    0.0517599   -0.0301094  -0.00122313
   -0.163384   -0.0627159   -0.0659587   0.00553703    -0.159726    -0.054018   -0.0242937   0.00367782
  -0.0614509     0.106398    0.0481609    -0.049078   -0.0921887    0.0517727    0.0203678     0.028034
  -0.0193576   -0.0210585    -0.179017     0.079363   -0.0759154  -0.00887282   -0.0511086    0.0468332
    0.314762    0.0126776    0.0451094    0.0989965     0.193264     -0.16286     0.045987   -0.0100277
  -0.0195738   -0.0894536   -0.0414684   -0.0621768   -0.0353549   -0.0745123  -0.00747339    0.0138706
  0.00841758    0.0244485   -0.0136318    0.0417845    0.0515478   -0.0268093      0.01435   -0.0973846
   0.0789584    0.0344055     0.108624   -0.0549537     0.052095    0.0536879    0.0315107    -0.113847
   0.0962138   -0.0223672   -0.0432361    0.0125825   -0.0959159     0.040651    -0.127216    0.0282782
   0.0189082   -0.0196124   -0.0242223   -0.0978047    0.0998965    0.0415756    0.0644043    0.0348278
  -0.0816448   -0.0922186   -0.0263908    -0.165864   -0.0194204  -0.00493849   -0.0220424    0.0809786
  -0.0109047   -0.0645956    0.0323572   -0.0366134      0.10223     0.127067  -0.00161773    -0.110104
    0.126067    -0.100666   0.00253504    -0.211204    0.0460847    -0.118309    -0.127181 -0.000234516
   -0.155028   -0.0542292   -0.0758656    -0.104546    -0.127174    0.0795071   -0.0751694   -0.0248567
   -0.122084      0.00357    -0.152693  -0.00251688   -0.0929996    -0.071948   -0.0349212    0.0861615
  -0.0199619    -0.035107   -0.0505653   -0.0525927    -0.157749    -0.105289  -0.00784276  -0.00594682
   0.0621866   -0.0625857    0.0497374    0.0286979    -0.011983   -0.0999402    0.0171819   0.00862697
    0.037404      0.01591     0.151741    0.0750289   -0.0971158    0.0663843  -0.00657215   -0.0933468
   0.0833642    -0.101819    -0.039539   -0.0216926    0.0554031   -0.0666196   -0.0581686   0.00331731
    0.246356   -0.0714316    0.0601191   -0.0901398    0.0888286     0.101367    -0.115763   -0.0798886
    0.033455   0.00134999    0.0444249  -0.00142595   -0.0255492     0.087405    -0.110277    0.0632362
  -0.0903249   0.00356579    -0.218544      0.10414    -0.148665    -0.176524  -0.00671859     0.100847
 -0.00496976     0.104914     0.109405    0.0408832   -0.0821167    0.0286845    -0.159608    0.0435346
    0.063957   -0.0148998   -0.0313509   -0.0195133    -0.145955    -0.212009    0.0529883     0.130227
   0.0592277   -0.0781931    0.0343423    -0.104438     0.167583   -0.0203729     0.025072    0.0115473
  -0.0819757 -0.000357834   0.00353988    0.0160407   -0.0566294    0.0327552    0.0850407      0.04512
  -0.0775478   -0.0151361    0.0159056    -0.141354   -0.0878365   -0.0612465   -0.0388254   0.00583697
   0.0394547    -0.049045   -0.0427994   -0.0882357    0.0631196   0.00457367    -0.124838    0.0503447
  -0.0339401    -0.152773    -0.228023    -0.167529     -0.13582    0.0650802    -0.200585    0.0408531
   -0.097549    0.0291495   -0.0230778    0.0195504     -0.11407     0.167426   -0.0872923   -0.0643263
   -0.229788   -0.0590111   -0.0935249   0.00500438    -0.203544    0.0281495   -0.0355799  -0.00531147
-0.000135643   -0.0460104    0.0609505     0.135463   -0.0303575    0.0521335    0.0072082    -0.079212
  -0.0620145   -0.0570931   -0.0467918  -0.00841695    -0.202518  -0.00742381   -0.0666146   -0.0958586
   0.0338357   -0.0315726    -0.024391   -0.0352743    0.0455455    0.0187771   -0.0769277    0.0554227
    0.106189   -0.0327655      0.13781   -0.0775309    0.0719056   -0.0762848     0.103446   -0.0313673
  -0.0612499    0.0352274    0.0679187   -0.0143256   -0.0266581     0.054824    0.0519712   -0.0200948
    0.302886    -0.142893     0.143396   -0.0855785     0.165018   -0.0219035    -0.112978     -0.17115
   -0.130189    -0.143408   -0.0454589   -0.0966311    -0.143012     0.182867    -0.166294    -0.100765
    0.055875    0.0374103   -0.0478822   0.00726079  -0.00291698    0.0151546    0.0201371    0.0314918
  0.00541714    0.0247059    -0.130881    0.0467786    -0.124698    0.0712708    -0.226107    0.0187737
  -0.0455299 -0.000921429    0.0797637   -0.0711811    0.0592766      0.17502   -0.0733793    -0.103604
   0.0597814   -0.0163644   0.00214434    0.0279944    0.0828929    0.0242837     0.107548   -0.0266491
   -0.206182   -0.0816302   -0.0107255   -0.0689082    -0.140381    0.0871032   -0.0755352    -0.024459
   -0.225607    0.0509149    0.0247137    0.0263873    -0.210506     0.162667    0.0372144    -0.162201
    0.102196   -0.0405975     0.106428    0.0984564     0.101965   -0.0531814     0.102356    -0.118993
   0.0128486    -0.021425    -0.200305    0.0451266     0.141893  -0.00535524   -0.0638574    0.0662706
  -0.0760385    0.0952275    0.0559916    -0.110163    0.0375511    0.0373165   -0.0189205    0.0380964
   -0.020871   -0.0191745   -0.0344836    -0.137115   -0.0552077   -0.0735913    0.0209989   -0.0261887
  -0.0949286   -0.0631395    -0.130041   -0.0952397   0.00589474    0.0931716    -0.135786    0.0190731
   0.0934943   -0.0373031   -0.0180904     0.073467     0.107306    0.0311502    0.0175396     -0.13038
   0.0127272 -0.000771266   -0.0177819    0.0196299    -0.105145   0.00606919   -0.0539775    0.0979272
   0.0352762    0.0638584   -0.0126291   -0.0782667   -0.0371155   -0.0566454   -0.0403123    0.0633582
    0.146392    0.0486308     0.233889    0.0331389    0.0849206 -0.000100055    0.0412059    -0.177276
   -0.039957    0.0123113    -0.138414   0.00933468    0.0985888    -0.129553   0.00920966    0.0301073
    0.131514  -0.00771926     0.249902     0.113573     0.128863   -0.0394866      0.18022    -0.204419
   -0.013311   -0.0062099 -0.000228417    0.0104296   -0.0436429    0.0515623   -0.0151215    -0.101346
   0.0990906      -0.1142    -0.192275    0.0978985   0.00674616   -0.0408051   -0.0858463    0.0181488
   0.0607478    0.0684127     0.062043    -0.125968    -0.018967    0.0061815    -0.101816   -0.0414793
  -0.0395682    0.0540072   -0.0636559   0.00282829   -0.0493055    0.0373651    0.0115148   -0.0131936
   -0.312826    -0.107304    -0.287392    -0.303278    -0.259175    0.0799268    -0.187131    0.0570453
   0.0981627   -0.0258697    -0.140344    -0.157542    0.0353496     -0.12346   -0.0615413     0.122633
   0.0563363    0.0149829   -0.0116411    0.0659834    0.0182946    0.0536665    0.0434401   -0.0594003
    0.136971   -0.0964738    0.0322012   -0.0487404    0.0840395    -0.127323     -0.07388    0.0300798
  0.00286343   -0.0318569    0.0896953     0.182343   -0.0876275   -0.0422704    0.0758721    -0.134815
   0.0305369    0.0277595  -0.00475083   -0.0204162    0.0324152   -0.0752827    0.0313934   -0.0457783
 -0.00607424   -0.0660861    0.0976416   -0.0234948   -0.0567371    0.0315653    0.0694787   0.00753119
   -0.132086    0.0352877    0.0595722    -0.158043   -0.0246606  -0.00139635    -0.102786   -0.0451095
   -0.150186   -0.0316672   -0.0149996    0.0116291    -0.171373    0.0205489      0.11114   -0.0506281
     0.15814   -0.0546165   -0.0906398    -0.082203     0.118668    0.0166541    -0.158908    0.0106795
  -0.0136789   -0.0365774    0.0581029   -0.0186772   -0.0139431   -0.0467371   -0.0164597    -0.015912
   -0.043118  -0.00135101   -0.0135652     0.019828   -0.0774831    0.0613083   -0.0576024   -0.0296688
    0.016736    0.0450645    0.0303874   -0.0112793     0.102187    -0.109654    0.0465152    0.0311711
  -0.0150413   -0.0585691    0.0220544   -0.0611968   -0.0524142    0.0434855    0.0110017     0.018955
  -0.0168047   0.00787001    -0.206855   -0.0850846   -0.0928443    0.0353309    -0.138044     0.121184
  0.00753914   -0.0696581     0.113523   -0.0362767    -0.159568   -0.0358056    -0.033963    0.0228364
    -0.10786   0.00812225      0.14123   -0.0647034   -0.0496809   -0.0381266   -0.0131137    0.0509888
    -0.11784    -0.131303    -0.295668   -0.0256085    -0.242373   -0.0107753   -0.0844051     0.106813
  -0.0450901    -0.035195    0.0369107    -0.022885   -0.0683534     0.130646    -0.024605    0.0968711
   0.0679377    -0.122137    -0.115361    -0.148663    -0.163206   -0.0021892    -0.190025    0.0422182
   -0.113618   -0.0603973    0.0303084   -0.0829696    0.0818554    0.0436994   -0.0381612    0.0241729
    0.213908     0.014053    -0.123957     -0.11498   -0.0396267    0.0219386   -0.0733164  0.000651973
   -0.134382    -0.103133     -0.26636   -0.0960181   0.00650926    -0.215055  -0.00423598     0.128779
   0.0225083   -0.0590833    0.0320814    -0.007745   0.00365019   -0.0508982  -0.00331944    0.0801927
   -0.122364   -0.0844187   -0.0691391   -0.0682841   -0.0986743     0.203727    -0.209724   -0.0665819
    -0.15466   -0.0634131  -0.00717133    -0.243309    0.0908853    -0.140694   -0.0687168     0.237868
  -0.0872721    0.0182025    -0.077577  -0.00178072    0.0322839    -0.105772    0.0874901   -0.0301752
   0.0680851   -0.0827415   -0.0763517     0.119509    -0.153892    0.0478375    0.0403018    -0.028648
  -0.0427545    0.0222672     0.153623   -0.0251187    0.0341951    0.0190855    -0.079825    -0.109543
    0.097911   -0.0801899   -0.0629247   -0.0999393     0.199247    -0.156644   -0.0664348    0.0487254
   0.0586675    -0.116902   -0.0243445    0.0275241   -0.0391158   -0.0354953   -0.0313159    0.0807629
  -0.0495065   -0.0166033    -0.116728   -0.0358065     0.152357   -0.0523227    0.0167069    0.0470492
    0.312009   -0.0779184     0.138591    0.0410783     0.202759   -0.0423807    0.0874807      -0.2234
  0.00626559    -0.056608    0.0380432   -0.0154459   -0.0361719    0.0760902   -0.0792852   -0.0840102
   0.0580503    0.0564791   -0.0280829    0.0175026   -0.0231799    0.0347393   -0.0518388   -0.0372897
  -0.0827938    0.0454079   0.00715622   0.00399364    -0.117752    0.0392856    0.0411911     0.076763
  -0.0342004  -0.00044184   -0.0823205    0.0807057     -0.17664   0.00797652  -1.2455e-05  -0.00145976
  -0.0363837   -0.0382948      0.10432    0.0218737     0.165701      0.13266    0.0146697    -0.136409
   -0.137754    0.0719057   -0.0437037   -0.0662435    -0.296013    -0.143065    -0.017502    0.0694877
  -0.0239405   -0.0562002   -0.0274516   -0.0295973    0.0557018    0.0524799    0.0722512   -0.0207879
    0.126167    0.0377554   -0.0183378   -0.0168828   -0.0914855   -0.0843576   -0.0485232     0.120138
    0.183147  -0.00215128     0.109724   -0.0203018     0.162237    0.0598336    0.0147383   -0.0571953
  -0.0502185   -0.0740944   -0.0506324  -0.00459577   -0.0675888    0.0808265   -0.0422598   -0.0469928
  -0.0970193    -0.105594    -0.131495    -0.176053    0.0103856   -0.0970979    -0.149364   0.00709397
  -0.0457529    0.0113917    0.0920652    -0.143171   -0.0174191   -0.0568004    0.0246177   -0.0658261
   -0.152533   -0.0285352    -0.082903    -0.100121    0.0167339   -0.0415389    0.0194782    0.0161951
  -0.0400818     -0.26821    0.0698138    -0.225193    -0.125301   -0.0136346   -0.0826774    -0.158782
   0.0592058   -0.0516523   -0.0485433    -0.042964     0.064364    -0.032115  -0.00448029    0.0436185
   0.0183647    0.0361062    0.0140182   -0.0391759   -0.0101071   -0.0360858    0.0321501    0.0118108
   0.0193628   -0.0167704   -0.0984329     0.112097   -0.0582163   -0.0787854    0.0467218   0.00667309
  -0.0423253   -0.0370499    0.0378187   -0.0680556      0.10942   0.00176285   -0.0417807    0.0678485
  0.00541935   -0.0238757   -0.0264392    0.0170048   -0.0832118    0.0621795   -0.0911018   -0.0196868
   0.0845639   -0.0545005     0.106375    0.0454874   0.00674486   -0.0106688    0.0414609   -0.0412343
    0.104701   -0.0503671    -0.166451    0.0530271    -0.109012    -0.013925   -0.0859766    0.0803357
   -0.127079   -0.0622734     -0.07791    -0.140562    -0.141713      0.10047    -0.102757    0.0550849
   0.0159357   0.00356051    0.0122423    0.0638662  -0.00132557    0.0349206   -0.0705851    0.0139346
   0.0332271    0.0178023    0.0630226   -0.0558542    -0.132729   -0.0792899    0.0900449   -0.0526253
  -0.0802398    0.0633016   -0.0456928    0.0716775    0.0243076   -0.0514908   -0.0320357   -0.0107035
  -0.0323736   -0.0425372   -0.0580504   -0.0970721     -0.12827   -0.0316145   -0.0553343      0.03951
  -0.0585402     0.110913   -0.0605656    0.0756671    -0.160396    0.0445636    0.0239874    0.0461432
  -0.0981599    0.0357212   -0.0631939    0.0773895     -0.25784    0.0831961   -0.0931091   -0.0141827
  -0.0920991    -0.111021    -0.156911    0.0542306    0.0654861   -0.0867269   -0.0397903   -0.0498584
  -0.0210633   -0.0497758     0.112915    -0.115983    -0.135775   -0.0333153   -0.0180013    0.0581526
  -0.0343257    0.0659713    0.0906213   -0.0534664   -0.0919083     0.030468   -0.0308957   -0.0328007
   0.0178091   0.00649774    0.0286548    -0.059869    0.0645475    0.0834322  -0.00323959    -0.102147
  -0.0348127    0.0316656     0.108962     0.134172   -0.0218813   -0.0418006    0.0196364    -0.107246
    0.144293    -0.070085   -0.0791597    0.0548239   -0.0179874  0.000729495   -0.0537808   -0.0540157
   0.0908055  -0.00159975     0.169507    0.0118508     0.078375     0.047265   -0.0869137      -0.1072
 -0.00286254   -0.0235229     0.062054   -0.0604751     0.100699   -0.0411969    0.0412672    -0.041477
  0.00182138   -0.0227779   -0.0605355  0.000705013   -0.0712844   -0.0135336    0.0584453    0.0443254
  -0.0400701   -0.0444257    -0.137484 -0.000202156    0.0308119    -0.039401     0.195858    0.0194326
 -0.00798019    0.0479218     0.100697    -0.196913   -0.0407318   -0.0325657   -0.0921709     0.119326
   -0.117757  -0.00879216     -0.09106   -0.0590003    -0.160977     0.093234    -0.100603    -0.035797
 0.000287383   -0.0281556     0.117838   0.00226776   -0.0297156     0.060128   0.00887722    -0.125354
    -0.20925    -0.156973    -0.151415    -0.163615    -0.266251   -0.0906416    -0.102264     0.121436
  -0.0558824   -0.0530738    -0.041909    0.0335189    -0.189487   -0.0654554    0.0354765   -0.0440734
  -0.0463582   0.00865995   0.00120425    0.0388365   -0.0896967    0.0861005  -0.00513904   0.00837026
   0.0292835  -0.00156901    0.0510411 -0.000568152   -0.0141954    0.0271109   -0.0722141   -0.0274729
    0.120332   -0.0282932   -0.0566258    -0.106299   -0.0648116   -0.0214783     -0.14613   -0.0742001
   -0.199634   -0.0461956   -0.0524919   -0.0700012     -0.14862    0.0649486    -0.056693   -0.0807603
   -0.117469    -0.103093   -0.0918708   -0.0644406    -0.144611  -0.00668751     0.059501   -0.0465996
   0.0805094   -0.0939715   -0.0607047    0.0105192     0.125099   -0.0553061   -0.0138601   -0.0302602
    -0.13763   -0.0539119    0.0323254    0.0351911    -0.192161    0.0764218    0.0484042   -0.0786095
  -0.0364271    0.0546382     -0.15588     0.114474    -0.176423   0.00706966    -0.124426     0.106402