-0.703629
-0.833097
-0.875026
-0.598046
-0.573268
 -0.78345
-0.231189
-0.487453
-0.259068
-0.511155
-0.748902
-0.715677
-0.303985
-0.398203
-0.321792
-0.493074
-0.527131
-0.334994
-0.907092
 -1.37912
-0.946946
 -0.66121
-0.625132
-0.779114
 -1.50384
-0.959843
 -0.64138
-0.860354
-0.792181
-0.394302
-0.402524
-0.174687
-0.864632
 -1.23493
-0.605706
-0.997475
-0.504813
-0.454043
-0.797946
-0.726329
-0.557059
 -1.02994
-0.419074
-0.620431
 -0.90287
-0.680821
-0.655967
-0.591287
-0.678776
-0.546729
 -0.89017
-0.560708
-0.670868
-0.329863
 -0.53765
 -0.91921
-0.610797
-0.399328
-0.497518
-0.511958
-0.804647
-0.399695
-0.815936
-0.299213
 -0.53843
 -0.72467
-0.421606
 -1.15538
-0.256992
-0.582837
-0.475397
-0.510537
-0.486161
-0.495429
-0.735781
-0.722286
-0.209929
-0.486899
-0.953711
-0.852257
-0.680998
-0.207514
-0.875021
-0.644421
-0.867171
-0.405262
-0.369723
-0.466345
  -0.5056
-0.508792
-0.381394
-0.647788
 -0.52985
-0.445633
-0.397594
 -0.40704
-0.552221
-0.370006
-0.545403
-0.616161
 -1.65205
-0.387664
-0.767604
-0.521277
-0.394865
 -0.84624
-0.337908
-0.385324
 -1.12981
-0.339195
 -0.42027
-0.648387
 -1.35969
-0.763358
-0.675103
-0.936158
-0.722526
-0.456085
-0.283727
-0.561345
-0.571918
 -1.13654
-0.504678
-0.364987
-0.488719
-0.355799
 -1.84357
-0.844744
-0.445241
-0.742438
-0.383366
-0.794305
-0.464023
-0.898823
-0.442191
-0.107155
-0.503856
-0.784556
-0.162762
-0.587234
-0.689891
-0.617365
-0.367501
 -0.66874
-0.634723
-0.430103
-0.424151
-0.236798
-0.214649
-0.264671
-0.489468
-0.969277
-0.492646
-0.440103
-0.501389
-0.456713
-0.535085
-0.589301
-0.339722
 -0.50746
-0.927122
-0.447666
 -0.83376
-0.745468
 -1.09811
-0.713148
-0.917929
-0.570014
-0.626977
-0.642371
-0.611511
-0.696682
-0.557896
-0.512441
-0.480864
-0.192191
-0.389815
-0.459229
-0.343621
-0.555873
-0.642149
-0.577118
-0.491457
-0.682923
 -0.57922
-0.362514
-0.324894
-0.654505
 -1.12363
-0.756699
-0.535236
-0.257106
-0.682105
-0.510931
-0.622394
-0.923222
-0.608867
 -0.69408
-0.612648
-0.531631
-0.569721
-0.294249
-0.409724
-0.901496
 -1.10866
 -1.10761
-0.709307
-0.346016
-0.510055
-0.432211
-0.388226
-0.680755
-0.595684
-0.998094
-0.571201
-0.456032
-0.566627
-0.724848
 -0.84449
-0.413939
-0.472772
-0.587056
-0.412391
-0.885551
-0.474739
-0.852063
-0.166451
-0.429109
-0.849492
 -0.51694
-0.486988
-0.138024
-0.783549
-0.275608
-0.372488
-0.757571
-0.502659
-0.829471
-0.683511
-0.448947
-0.782413
-0.891766
-0.748988
-0.562263
-0.498746
-0.981353
-0.711481
-0.329103
-0.477678
-0.894521
-0.429453
-0.635789
-0.496324
-0.432876
 -1.06194
-0.640319
-0.782221
-0.433146
 -0.48371
-0.689669
-0.655637
-0.707909
-0.997436
-0.540571
-0.691005
-0.779123
-0.394609
-0.898369
 -1.16912
 -1.00859
-0.925564
-0.544068
-0.946437
-0.556872
-0.330024
-0.596986
-0.540745
 -1.47616
 -1.05879
-0.671394
 -0.74101
-0.822583
  -1.2162
-0.358005
-0.574161
-0.382507
-0.906116
-0.342378
 -0.56297
-0.331777
-0.185241
-0.341405
 -0.72303
-0.668232
 -0.85911
-0.405484
-0.735196
-0.260047
-0.468167
-0.336075
-0.654693
-0.721125
-0.438084
-0.800172
-0.424108
-0.391365
   -1.097
 -0.48456
-0.467566
-0.405352
-0.402504
-0.482267
-0.478495
-0.895005
-0.485141
-0.554892
-0.729549
-0.843889
  -1.1279
-0.435678
-0.573352
-0.995518
-0.603221
-0.365574
-0.621881
-0.606528
-0.613305
 -1.01811
-0.325348
-0.796154
-0.565159
 -1.05022
-0.476398
-0.736946
 -1.09267
-0.723956
-0.886791
-0.670185
-0.397418
-0.281368
-0.551623
-0.676729
-0.494764
-0.780494
-0.532524
-0.458208
-0.584273
-0.583593
-0.588535
-0.252832
-0.741014
-0.618269
-0.301601
 -0.46146
-0.586577
-0.823995
 -1.08138
-0.838104
-0.530282
-0.602425
-0.631879
-0.453056
 -0.62058
-0.326059
-0.432333
-0.739579
-0.365825
-0.405928
-0.668855
-0.934267
-0.333351
-0.269314
-0.402498
 -1.14794
-0.297971
-0.647268
-0.310376
 -1.05444
-0.632161
-0.430501
-0.627106
-0.607623
-0.837184
-0.253272
-0.468734
-0.523098
-0.709677
-0.619706
-0.956185
 -1.08457
-0.290401
-0.766025
-0.727438
 -0.33893
-0.713841
-0.837781
-0.337477
-0.364819
-0.581123
-0.674914
-0.333683
-0.657312
-0.243363
-0.680889
-0.682201
-0.641611
-0.604094
-0.286204
-0.343758
-0.759748
-0.779611
-0.661766
-0.548193
-0.530721
-0.991809
-0.418451
-0.543848
-0.758158
-0.643691
-0.825709
-0.370414
-0.944686
 -0.57605
-0.567725
-0.635029
-0.618548
 -1.78153
-0.390406
-0.534255
-0.627712
-0.855407
-0.610382
-0.736788
-0.434043
-0.617839
-0.595998
-0.576389
-0.578856
 -0.57713
 -0.32348
-0.477342
-0.247683
-0.314463
 -0.47147
 -0.53038
-0.368503
-0.425509
-0.413989
-0.917076
-0.695257
 -0.47663
-0.531143
-0.766602
 -1.13211
-0.700483
 -0.50994
-0.469176
-0.348672
-0.895955
-0.414172
-0.961128
 -0.61764
-0.453893
-0.471627
-0.529749
-0.630786
 -1.24432
-0.458576
-0.504801
-0.392711
-0.678558
-0.584081
 -1.03981
-0.313715
-0.779876
-0.406879
-0.280338
-0.430421
-0.443555
 -0.72135
-0.385434
 -0.74966
-0.971385
-0.545436
-0.737072
-0.376141
-0.693371
-0.335737
-0.419874
-0.703355
-0.827724
-0.276663
-0.361826
-0.491931
-0.489201
-0.690038
-0.618093
-0.343143
-0.323496
-0.854748
-0.401458
-0.458621
-0.496392
-0.446069
-0.812923
-0.408686
-0.537073
-0.472107
  -0.8128
  -0.4469
-0.651619
 -1.46023