   1.55093
    1.9904
  0.788975
   1.24544
  0.280818
  0.321658
  0.219637
 -0.409971
 -0.412532
    -0.405
  0.363751
-0.0756674
 -0.408986
 -0.489239
 -0.212871
 0.0657493
 -0.181548
 -0.592199
 -0.335801
 -0.388448
 0.0139894
 -0.421119
 -0.061516
 0.0117335
 -0.473569
 -0.383106
 -0.347146
  -0.45318
 -0.432095
  -0.35832
 -0.235396
  0.257166
 -0.367789
  0.695333
   1.47604
   1.26085
   1.32092
   0.83909
 -0.198863
-0.0242591
 -0.133338
  0.208915
-0.0612464
 -0.315581
 -0.176068
  0.293563
 0.0580139
   0.43365
 -0.467311
 -0.136394
 -0.558835
  0.450837
 -0.394248
  0.104413
-0.0847258
 -0.436796
 -0.307599
 -0.370442
 -0.532616
 -0.263047
  -0.24927
 -0.134676
 -0.171042
 -0.239085
 -0.201973
 -0.434064
  0.380125
  0.237414
  0.675969
  0.682126
  0.822341
 -0.425448
  0.230892
  0.691675
  0.511992
  -0.39122
-0.0941997
  -0.33949
  -0.42909
  -0.51472
 -0.357577
 -0.171065
  -0.30663
 -0.495401
 -0.583566
 -0.561378
 -0.477643