-0.655767
-0.511367
 -0.28484
 -0.35109
-0.547534
-0.487874
-0.734067
-0.625647
-0.769593
-0.566715
-0.395759
-0.613214
-0.810663
-0.642432
  -0.9327
-0.513707
-0.855928
-0.151792
-0.557204
-0.521462
-0.592113
-0.485192
-0.799536
-0.438725
-0.430207
-0.633004
-0.668491
-0.288869
-0.608682
-0.365153
-0.592502
-0.603582
-0.444861
-0.556971
-0.608788
-0.836078
-0.421015
-0.329407
-0.777533
-0.987076
-0.452837
-0.671602
-0.791965
-0.444269
-0.872924
-0.459773
-0.607465
-0.480016
-0.361318
-0.670195
 -0.70491
-0.692676
-0.493904
-0.414219
-0.937065
-0.398348
-0.720407
-0.513566
-0.892836
-0.374298
-0.432312
-0.390808
-0.540964
-0.622916
-0.511481
-0.360367
-0.444188
-0.752154
-0.520173
-0.586796
-0.627779
-0.756036
-0.510519
-0.631735
-0.461405
-0.296014
 -0.34892
-0.680817
-0.638579
-0.751315
-0.380572
-0.367709
 -1.07389
-0.478696
-0.554248
-0.678658
-0.718339
-0.708924
-0.710563
-0.895959
-0.577229
-0.505189
-0.422824
 -0.52015
 -1.11071
-0.546297
 -0.84577
-0.788489
-0.892035
-0.304602
-0.434807
-0.698397
-0.683623
-0.637378
-0.210122
-0.877777
-0.578052
-0.436892
-0.657895
-0.719021
-0.490888
 -1.15341
-0.514859
-0.192573
-0.587413
 -1.04679
 -1.03793
-0.491643
-0.552976
-0.370374
-0.557269
-0.570466
 -0.90979
-0.302958
 -0.56772
-0.594248
-0.494907
-0.789228
-0.461616
-0.546549
-0.653815
-0.452373
-0.371379
-0.516039
 -1.25691
-0.415982
-0.616598
-0.391182
-0.534326
-0.614816
-0.376777
-0.578464
-0.399693
-0.394025
-0.592665
-0.474349
-0.597539
-0.581185
-0.570724
-0.565083
-0.709205
-0.843794
-0.496231
-0.720941
-0.472637
-0.700814
 -0.61727
-0.478477
-0.421012
-0.970196
-0.507501
-0.574604
-0.474053
-0.839733
-0.704879
-0.456426
-0.476943
-0.473181
-0.470518
 -1.18062
  -0.7957
-0.531209
-0.342799
-0.767796
-0.832411
-0.559723
-0.544055
-0.812809
-0.382795
-0.639168
-0.494838
-0.979048
-0.369449
-0.424262
-0.484462
-0.367128
-0.745498
-0.626867
 -1.20762
-0.762012
-0.382086
-0.270537
-0.956531
 -0.91399
 -1.29148
 -1.29208
-0.525595
-0.293526
-0.812667
-0.781983
-0.509358
-0.497306
-0.486999
-0.524876
-0.580987
 -0.44543
-0.565113
-0.450892
-0.384744
-0.625408
-0.894162
 -1.61087
-0.932613
-0.387796
-0.409526
-0.310007
-0.507207
-0.515931
 -0.61496
-0.443554
-0.569552
 -0.37439
-0.774723
-0.734335
-0.591697
 -0.42736
-0.545686
-0.554437
-0.755058
-0.530384
-0.470175
-0.621507
-0.471998
-0.366774
-0.838783
-0.309153
-0.439084
 -0.25628
-0.403933
-0.709052
-0.476206
-0.485795
-0.296978
-0.423319
-0.318369
-0.514238
 -1.02396
 -0.50937
-0.508562
-0.671781
-0.852707
-0.361283
-0.541353
-0.420788
-0.443487
-0.369991
-0.582576
-0.721113
-0.427116
-0.410248
-0.722838
-0.984214
-0.498581
-0.444975
-0.778018
-0.392104
-0.466173
-0.538981
-0.452609
-0.418688
-0.675689
-0.674122
-0.548361
-0.601162
-0.467746
-0.447721
-0.872702
-0.538885
-0.695494
-0.381636
-0.559327
-0.302321
-0.468358
 -1.23268
 -0.66658
-0.642811
-0.529877
-0.382309
-0.654304
-0.219842
-0.561014
-0.456325
-0.755817
-0.539397
-0.543008
-0.451823
 -1.06185
-0.721726
-0.328387
-0.599797
-0.368627
 -1.04938
-0.414634
-0.288469
-0.607529
-0.406397
-0.718293
-0.422933
-0.408697
-0.507722
-0.446062
-0.453459
-0.404825
-0.770146
-0.705567
-0.299626
-0.674086
-0.574887
-0.384252
-0.722096
-0.681129
-0.955867
-0.628418
-0.876162
-0.619254
 -0.69486
-0.532786
-0.744251
-0.428888
-0.391144
-0.201922
-0.505098
-0.593837
-0.266088
-0.682171
-0.377434
-0.318406
-0.576295
 -0.62338
-0.396448
  -0.7969
-0.368018
-0.598268
-0.363052
-0.738715
-0.671434
 -0.63751
-0.408129
-0.339487
-0.471579
-0.586864
-0.467849
-0.435259
-0.563042
-0.600823
-0.339841
-0.400671
-0.249288
-0.427921
-0.748479
-0.769478
-0.699849
-0.377889
-0.599975
-0.704462
-0.461469
-0.767572
-0.649687
-0.468083
-0.412919
 -0.69248
-0.687535
-0.318476
-0.627899
-0.723551
-0.377889
-0.379918
-0.348244
-0.574041
-0.627854
-0.664286
-0.515067
-0.291729
-0.703793
-0.485737
-0.678642
-0.409531
-0.550428
-0.420606
-0.551671
-0.682203
-0.346511
 -0.59717
-0.385933
 -0.51069
-0.416849
-0.827922
-0.433567
-0.502103
 -0.40119
-0.386702
-0.444033
 -0.55263
-0.426449
-0.386281
 -0.55461
-0.411963
-0.230109
-0.423392
-0.374456
-0.765264
-0.663318
-0.447656
-0.335421
-0.569355
-0.782066
-0.434781
 -0.45224
-0.570257
-0.643615
-0.755908
-0.760612
-0.633225
-0.508995
-0.419868
-0.341064
-0.284434
-0.612942
-0.468698
-0.323032
-0.304873
-0.875061
-0.332505
-0.718722
-0.471991
-0.398148
 -1.12277
-0.848485
-0.588673
 -0.57487
-0.544079
-0.346623
-0.487217
-0.445769
 -0.60577
-0.500923
-0.385738
-0.672135
-0.514708
-0.559217
-0.357619
-0.554546
-0.600811
-0.879286
-0.402138
-0.491581
-0.454323
-0.587985
-0.571767
-0.388722
-0.548368
-0.487247
-0.692083
-0.660486
-0.551522
-0.214911
-0.498279
 -1.60415
-0.690907
-0.771317
-0.446098
-0.635333
-0.672278
-0.276003
-0.422432
-0.573494
-0.568027
-0.442692
-0.436679
-0.786832
-0.765949
-0.642595
-0.630349
 -0.55014
-0.546071
 -0.56528
-0.698739
-0.730195
-0.464908
-0.560196
-0.629533
-0.471894
-0.456025
-0.459429
-0.416182
-0.470582
-0.661267
-0.571635
-0.583451
-0.733531
-0.425466
-0.633361
-0.842498
-0.754509
 -0.34711
-0.633155
-0.520689
    -1.16
-0.658421
-0.441148
-0.570715
-0.649359