   -0.018611    0.0618923    0.0115947    0.0696127   -0.0666797     0.110953   -0.0340989   0.00693259
   0.0595047  -0.00880514     0.021805    0.0892073    -0.110881    0.0860938   -0.0128788   -0.0425361
   -0.122716     0.144516   -0.0299644   -0.0082101   -0.0585587   0.00796285   0.00590606    0.0138316
   0.0131324   -0.0477985   -0.0256773   -0.0166673   -0.0771438   -0.0397406  -0.00285484     0.108632
  -0.0430806    0.0229315   -0.0184699    0.0768113    0.0425058   -0.0533662    -0.012742  -0.00959404
 -0.00572635    0.0685476   -0.0267142    0.0432327    0.0668533     0.029823   0.00174389    0.0614178
   0.0289762    0.0693439    0.0160967    -0.134739   -0.0965391    -0.113998    0.0812591    0.0863102
   0.0430759    0.0230879    0.0387833  0.000228149   -0.0452569  -0.00116675   -0.0198835    -0.063245
  -0.0333833   0.00695577   -0.0390498  -0.00198046     0.112758   -0.0582387   0.00408739   -0.0246415
   0.0517844   -0.0345251    0.0349591     0.041751    0.0198224   -0.0842082    0.0154458   -0.0881673
   -0.112209   -0.0229835    0.0403349   -0.0967259 -0.000768932   -0.0410772   -0.0453438   -0.0444124
  -0.0658008  -6.1512e-05   -0.0163694    0.0242775    0.0196374   -0.0645454     0.117557    0.0501242
   -0.166817     0.114604   -0.0282135       0.1299    0.0866523    0.0376439     0.035125    0.0262117
  -0.0181247    0.0739487    -0.059771 -0.000618454    0.0466246    0.0533157    0.0352649   0.00700952
   -0.141011    0.0426077    -0.097306    0.0156568     0.174246   -0.0520322      0.18012    -0.121918
  -0.0895084    0.0795992   -0.0492141   -0.0484055   -0.0166864    0.0477015    0.0363922    0.0828539
   0.0154872    0.0585321    0.0571313    -0.108105    -0.194653     0.083156    0.0239894     0.104813
    0.134198   -0.0142446   -0.0193637   -0.0873245   -0.0269988    0.0133593  -0.00129327     0.123114
   0.0421501    -0.101033   -0.0179235    -0.119855   -0.0508488   -0.0754278    0.0261792     0.104625
  0.00552359   -0.0865789     0.021175     0.046312   -0.0100676   -0.0672171    -0.044925    0.0749505
     0.10038    0.0524384     0.120585   -0.0638584    -0.121221    0.0704563     -0.15669   -0.0204711
  -0.0577192    0.0439178   -0.0286257    0.0480497    0.0670187    0.0470866   -0.0600518   -0.0660327
    0.111716    0.0685196      0.02294    0.0116771      0.06993   0.00295151   -0.0498951   -0.0147276
  0.00896436    0.0472386   -0.0345836   -0.0237918   -0.0641175    0.0171289    0.0100983    0.0583543
   0.0762713   -0.0580335    -0.045001    0.0603061     0.085837   -0.0302873   -0.0828682   -0.0175686
   0.0581881   -0.0220877    0.0811696    0.0286232   0.00568965    0.0394131   -0.0766605 -5.76296e-05
  -0.0110232    0.0768857   -0.0550644   -0.0273489    0.0469107     -0.06035    0.0543981    0.0795676
  -0.0377134   -0.0250394   -0.0443349    0.0123894    0.0731524    0.0207768   -0.0426085   -0.0228927
  -0.0450871     0.133441   0.00200249    0.0331238    -0.115517     0.125983   -0.0870226   -0.0232447
  -0.0851319    0.0294315    -0.092384     0.104356    0.0300435    0.0027636   -0.0366499   -0.0207148
     0.06843   -0.0819363   -0.0352616   -0.0652265   -0.0381289   -0.0901932     0.012486     0.102776
   0.0394856   -0.0633019   -0.0583058    0.0810641    0.0263863    0.0468541     0.035099    0.0178739
  -0.0389645   -0.0854808    0.0367661    -0.016811   -0.0799489   0.00288749    0.0473028    0.0327728
   0.0531274   -0.0398493    0.0314061    0.0539975    0.0764142      0.10236   -0.0381806   -0.0722181
    0.129924   -0.0295164      0.11595   -0.0629096    -0.034189    -0.100335   -0.0506612     0.158894
  -0.0617744  -0.00411669   -0.0782627     0.046956     0.142295   -0.0483612   0.00145173    -0.104325
   0.0246043   0.00446452   -0.0380097    0.0525394    0.0715532    -0.103164   0.00641327   -0.0874034
   0.0312861    0.0952355   -0.0375535    -0.087923   -0.0103333   -0.0418148   -0.0535095    0.0994147
   -0.012148   -0.0536856    0.0294765  -0.00856251   -0.0679694   -0.0475794    0.0727709   0.00426469
   -0.102929      0.04517   -0.0717777   -0.0670579   -0.0848669  -0.00212879    0.0776455    0.0876498
   0.0845155    -0.127813      0.10192    0.0103791    0.0777946  -0.00850945   -0.0595671   -0.0547077
  0.00271231    0.0273535    0.0364305    0.0818271    0.0606659    0.0369411    0.0351014   0.00881391
   -0.170743     0.207373    -0.149086    -0.149672    0.0854165    -0.054989     0.155643     0.076107
   0.0325748   -0.0100217    0.0160191   -0.0223903  -0.00245562   -0.0442444   -0.0017721  -0.00813824
  -0.0938628   0.00727071    -0.120849    -0.083031    0.0352417   -0.0365406    0.0749948  -0.00633874
   0.0304713     0.034603    0.0498461   -0.0762767     0.012124   -0.0826951     0.074057    0.0832431
   0.0317864     0.148776     0.004442   0.00195256   -0.0276211     0.014537     0.022875    0.0114553
 5.51202e-05   -0.0292154   -0.0692237   -0.0686986    0.0897521   -0.0268572   -0.0253496  -0.00227501
  0.00337601    0.0788314   -0.0272671  -0.00309566   -0.0965693  0.000326702    0.0344394   0.00458711
    0.143345    0.0102509   -0.0191122   -0.0409759   -0.0212989    0.0349388   -0.0243543     0.076203
    0.142148   -0.0207653   0.00203988   -0.0647055    0.0363684     0.112568    -0.034517    0.0711887
  -0.0177365    -0.183195    0.0202563    0.0339202    0.0582647    -0.167764   -0.0135051    -0.130547
  -0.0290521    0.0213449   -0.0270773   -0.0340964    0.0109418    -0.111577   -0.0470666    0.0503684
   0.0900093    0.0273433   -0.0177819    -0.127882   -0.0381544   -0.0208296    0.0472468    0.0949804
    0.062844    0.0751156    0.0687012   -0.0699937    -0.100496    0.0123812   -0.0851953     0.169948
  0.00156609    0.0547732    0.0181274    -0.121442   -0.0485584    0.0107794    -0.059222     0.137537
   0.0889531    -0.163106    0.0815635     0.041529    0.0961409   -0.0166058    -0.113908    -0.107847
  -0.0377103    0.0279515    0.0288145  -0.00582364    0.0356051   -0.0472851    0.0268469    -0.038179
 -0.00818624    -0.128277    0.0495208   0.00203447     0.015229    -0.136618   0.00132145    -0.174837
   0.0101567     0.110021  -0.00366203   -0.0372191    -0.059022     0.108131    -0.034126    0.0233498
  -0.0689796   -0.0219969   -0.0289617   -0.0084087   -0.0847739    0.0807851    -0.117149    0.0123861
  -0.0376992    0.0718942    0.0173838    -0.064008   0.00958168      0.10738   -0.0338798    0.0524045
   0.0357656   -0.0899933   -0.0594691     0.116314    0.0716297    0.0303088   -0.0487702   -0.0852707
   0.0152961    0.0400942    0.0171107     0.142375    0.0348399     0.121338    -0.102732    0.0164782
    0.101958    0.0906095   -0.0307791   -0.0944002  0.000451317    0.0248449    0.0110195  -0.00999528
   -0.115142    0.0686807  -0.00995841   -0.0165258  -0.00248945     0.054471   0.00321007  -0.00367393
   0.0532751   -0.0938304    0.0190397    0.0418101   -0.0608206     0.062197    -0.156098   -0.0844356
  -0.0407854     0.142955   0.00264368     -0.13782    -0.146443    0.0236757   -0.0583044    0.0427813
   -0.151358     0.149773    0.0577926    -0.167035   -0.0714606    0.0613688   -0.0202571     0.086895
    0.132894   -0.0513345    0.0106928   -0.0719553    0.0401169     -0.15068    0.0623308   -0.0497175
  -0.0539921    0.0108538    0.0524541   -0.0162525    -0.102646    0.0474957   0.00754405   -0.0509539
  -0.0765852    0.0665513   0.00389315    0.0254757    0.0275832    0.0272695     0.050789   -0.0483474
    0.086367     0.137299    0.0223177   -0.0889349   -0.0134297  -0.00758592    0.0233582     0.168325
     0.10315   -0.0895227     0.105468     -0.10578    -0.132387   -0.0664198    0.0189002    0.0972382
    0.120811    0.0485121    0.0368182    -0.175627    -0.116417     0.133931   -0.0313227     0.100903
  -0.0632063     0.124014   -0.0514965   -0.0389805   -0.0373895    0.0685917   -0.0155752    0.0259303
  -0.0275942     0.114976    0.0864857    0.0466915    0.0386064    0.0575818   -0.0748485   0.00105878
 -0.00682395    0.0800521    -0.135116  0.000930898   -0.0480705   -0.0592234     0.126445    0.0616061
  -0.0899968    0.0829401    -0.102801     0.032231   -0.0649647    0.0746201   -0.0164439    0.0089986
    0.129697   -0.0464886    0.0702122   -0.0577808   -0.0684964    0.0386196   -0.0245039    0.0485025
   0.0311119    0.0678021    -0.104599   0.00594535    -0.023743    0.0523482    0.0261127     0.129322
  -0.0334569    0.0707993   -0.0739391    0.0172738    0.0528232    0.0776033   -0.0199903     0.125242
  -0.0490924     0.100044   -0.0432966   -0.0262179    -0.027722    -0.076707    0.0446518   -0.0313952
   0.0324383    -0.167022   0.00696434    0.0377275    0.0180112    0.0118016   -0.0633174    0.0210592
   0.0644087   -0.0605056   -0.0839679   -0.0452356    0.0308452   -0.0882519     0.143621    0.0792033
   0.0468167    0.0953835   -0.0594584  -0.00955441    0.0215639    0.0306123   0.00166874   -0.0177516
   0.0561258     0.137965   -0.0567695    0.0124389   -0.0334966   -0.0284766    0.0402823     0.089505
    0.063685    0.0510756   -0.0547513   -0.0341868    -0.061496    0.0352036   -0.0390187    0.0471549
   0.0615663     0.262701    0.0983865    -0.158673   -0.0787057     0.167539   -0.0313993     0.175792
  0.00110835     0.121586   -0.0560082  -0.00180028    0.0361451     0.096988   0.00975616   -0.0315101
  -0.0636683     0.186221    0.0642442    0.0235256   -0.0143343    0.0293592   -0.0243607    0.0436622
-6.38996e-05    0.0224413   -0.0663756   -0.0388278    0.0328022  -0.00105374  -0.00515349   -0.0418679
 -0.00417922    0.0541345   -0.0090229    -0.091469   -0.0423034  -0.00424312   0.00952779    0.0872563
   0.0220606   -0.0608865    0.0772203   -0.0519322    0.0712811  -0.00986951    0.0306123   -0.0441691
   0.0200736    0.0158598   -0.0701062    -0.114574   -0.0669672   -0.0372129     0.100422     0.149421
  -0.0662214    0.0946133  -0.00339022    0.0390087    0.0326679  -0.00597094    0.0271493    0.0642298
   -0.117007     0.155679   -0.0332912    0.0483599   -0.0557823     0.135697    -0.106607   -0.0300698
  -0.0543536    -0.047639   0.00560631     0.164105     0.110226   -0.0715325    0.0435931   -0.0972509
   0.0691301    0.0196239    0.0306746   -0.0234912   -0.0173053   0.00983399    0.0253217    0.0527425
  -0.0119546    -0.102364 -4.17351e-06    0.0294399    0.0743898   -0.0275204    0.0239928   -0.0827472
    0.182479    0.0663873      0.10728   -0.0836004   -0.0854446   0.00963796    0.0766419     0.184083
  -0.0821511    0.0960032   -0.0519418    0.0777065   -0.0298258    0.0798929   -0.0322572   -0.0323033
  -0.0420154    0.0311554   -0.0145424   -0.0654744   -0.0517669    -0.124657    0.0474942   -0.0398197
   0.0128181     0.110287    0.0183925   -0.0214154    0.0248371    0.0945881   -0.0657513    0.0610435
   0.0410431    0.0536655    0.0665947   -0.0814378    0.0383955   -0.0101973    0.0194289    0.0549278
    0.108163    0.0327822   -0.0116766   -0.0198382   -0.0381604  -0.00364502    0.0818362     0.067487
    0.122235     0.109233   0.00235761    0.0541263    0.0210107   -0.0575464    0.0788746    0.0467338
     0.09769   -0.0117609    0.0937193   -0.0318508   -0.0762681   -0.0561783    0.0398209     0.111778
   0.0342205   -0.0290112    0.0441566   -0.0405848   -0.0275739   0.00734965   0.00114526     0.136083
  -0.0268158 -0.000679587    0.0845381    0.0445801    -0.106132    0.0247162   -0.0248983    0.0240363
   0.0792629    -0.052115    0.0215176    0.0535737     0.119874     -0.13523    0.0970053    0.0155155
  0.00504156    0.0187947   -0.0826339    0.0300671    0.0894666    0.0239834    0.0238914   -0.0186487
    0.132211     0.100538   -0.0247978   -0.0920497    0.0242301  -0.00299303   -0.0348965    0.0867918
   0.0164359    0.0788833   -0.0210266   -0.0502528   -0.0218407   -0.0412037   -0.0359504   -0.0467508
  0.00398971     0.135615    0.0271788   -0.0183566    0.0595965    0.0393275   -0.0383507    0.0374315
   0.0593785   -0.0848173    0.0124952   -0.0293595    0.0568835   -0.0515163  -0.00834983    0.0464153
   0.0565619   -0.0935049    0.0155411  -0.00763533   0.00533271   0.00427632   -0.0260893   -0.0292787
   -0.119103     0.109819    0.0425148    -0.112818      -0.1414    0.0916998   -0.0258513    0.0169365
  -0.0227061     0.168251   -0.0216119   -0.0533505   -0.0664461    0.0933286   -0.0430054   0.00996196
  -0.0320272    -0.109107   -0.0307537    0.0350062    0.0118569    -0.145322    0.0054865   -0.0801257
    -0.14806    0.0029407    0.0219535   -0.0226124   -0.0291744  0.000332121   -0.0129075   -0.0543696
  0.00248205   -0.0870419   -0.0216395     0.159636    0.0848248  -0.00949251  -0.00410884   -0.0570022
   0.0526603    0.0884368    0.0290176   -0.0310617   -0.0291059    0.0686043    0.0298731   -0.0176892
  0.00911588    0.0107343   0.00382928   -0.0148166    0.0106284   -0.0547046   -0.0414867      0.10392
 -0.00229106   0.00147985   -0.0376086   0.00304567   0.00237079   -0.0627247   -0.0264321   0.00156616
   0.0102836    -0.139424    0.0251859   -0.0486937    -0.165687   0.00886739   -0.0493106    0.0875927
   0.0555546    -0.215137   -0.0435419    0.0212756    0.0972148   -0.0932926   -0.0411989   -0.0102485
  -0.0326324     0.134352    -0.136468   -0.0742168   -0.0258658    -0.118504    0.0755172     0.169661
 -0.00973541     0.116336   -0.0244574   -0.0629494   -0.0883402    0.0979222   -0.0624001    0.0344843
   0.0562874    0.0556433   -0.0254945    0.0782689    0.0330915    0.0819973    0.0178474  -0.00870466
  0.00731311    0.0158932    0.0199501    0.0653097    0.0636858    0.0657131  -0.00448023   -0.0769661
   0.0789716   0.00679157    0.0769726   -0.0679143    0.0883544    -0.106877   -0.0455292    0.0728077
  -0.0233558   0.00750092   -0.0221662     0.023831    0.0810601   -0.0517123    0.0567189    0.0871031
   0.0835766    -0.109038    0.0703244    -0.115783   -0.0403879   -0.0329002   -0.0653994    0.0106024
    0.104978     0.125702    0.0854295   -0.0872019   -0.0304366     0.100334   -0.0290204     0.112272
   0.0982427  -0.00102013    0.0245629   -0.0659317   -0.0098632   -0.0271825    0.0254128    0.0187863
    0.130348    -0.136437    0.0542384     -0.10874   -0.0996545    0.0147682   -0.0954753    0.0859031
   0.0454325     -0.11685    0.0338346   -0.0515901    0.0395344    -0.082195    0.0641907    -0.014546
   0.0869752   -0.0680853   -0.0826966   -0.0473532   -0.0208192    -0.112913     0.049212    0.0211226
   0.0989746    -0.322273   0.00634803    0.0746538     0.031269     -0.12971   -0.0268021   -0.0779224
   0.0826736    -0.211162    0.0690469    0.0795908     0.145812   -0.0982651   -0.0120306   -0.0236424
   -0.111322      0.11691    -0.114891    0.0170595   -0.0111199    0.0604739   -0.0592631   -0.0779109
   0.0214421    0.0369279    -0.045865 -0.000629858   -0.0306368   -0.0749063    0.0337296    0.0843837
    0.089856   -0.0711172    0.0359626    -0.109686   -0.0620568  -0.00571513   -0.0613929  -0.00810789
   -0.023947    0.0783186   -0.0745072    0.0328706   -0.0513672     0.131291   -0.0445606    0.0221512
  -0.0580566    0.0988724   -0.0884491    0.0166459   -0.0694059    0.0142661   -0.0425261   0.00834621
  -0.0705649     0.208298     0.013403  -0.00505648   -0.0822789   -0.0513408   -0.0108095    0.0270464
    0.119736     0.186728    0.0525861    0.0111264    0.0146406      0.12734  -0.00744254    0.0730682
  -0.0147417     0.107942    0.0614171   -0.0315193   -0.0829328    0.0325321   -0.0203341    0.0903258
   0.0890977   -0.0810964    0.0585735    0.0975553    0.0360068   -0.0674842    0.0194695   -0.0507105
   0.0586879    0.0319208     0.071526   -0.0600378   -0.0532288    0.0429601    0.0607856    0.0786202
  -0.0404673    0.0837332    0.0637247   -0.0638535   -0.0378311    -0.018291   -0.0185116   -0.0199049
   0.0397036     0.140412     0.011399     -0.11759   -0.0984125     0.110853   -0.0640196    0.0423006
   0.0610217    0.0878973   -0.0823737     0.109438     0.140918     0.030564    0.0965174   0.00336357
  -0.0377223  -0.00207317  -0.00805183   -0.0297366    0.0527849   -0.0296176   -0.0821293    0.0129176
  -0.0300565  -0.00437452   -0.0604244   -0.0128198   -0.0292485     0.013514    0.0433998    0.0187476
    0.127797    -0.153415   -0.0698552    0.0709605     0.152713   -0.0742511     0.051655   -0.0200411
  -0.0359218    -0.135472   -0.0325472    0.0157721  -0.00189986   0.00721036    -0.019908   -0.0189014
   0.0460432      0.11915   -0.0138907   -0.0167978   -0.0763585    0.0598325   -0.0895524     0.105776
  -0.0638278    0.0137475   -0.0167531   -0.0374534   -0.0710848  -0.00454459   -0.0282622   -0.0723721
  -0.0747585     0.136284   -0.0647105   -0.0568988    0.0491715  -0.00369468    0.0835396     0.145101
       0.175     -0.13539      0.18849   -0.0642251   -0.0454495    0.0812104   -0.0750629   -0.0494311
  -0.0798107    0.0595713   -0.0648399   -0.0408432    0.0327626   -0.0886259     0.120973    0.0290181
  -0.0882048      0.19622   -0.0744999    -0.133497    -0.117677    0.0761512    0.0257934     0.116947
  -0.0171203   -0.0238052    0.0734208    -0.102723   -0.0118393   -0.0982434   -0.0753272   -0.0175057
  -0.0567826   -0.0423269   -0.0476595    0.0124956    0.0301185   -0.0597274   -0.0180202   -0.0193979
   0.0321016    -0.101448    0.0340067    -0.059095   -0.0920519    0.0229743    -0.133442   -0.0602632
   0.0244298    0.0582836   -0.0925698    0.0911238   -0.0192636     0.119144   -0.0210345     0.102909
  0.00822719    0.0661466    0.0406657    0.0616338   -0.0768981    0.0538343   -0.0127642    0.0131735
   -0.175618  -0.00439853    -0.137458     0.075535     0.227807    -0.110063     0.144665      -0.1111
   0.0160945     0.150189   -0.0187727    0.0349331    0.0880897     0.125242    0.0333101    0.0442242
  -0.0766836    0.0823885   -0.0499933   -0.0101927     0.102216    0.0366622   -0.0266409   -0.0296852
    0.105444   -0.0416747    0.0110071   -0.0836613    0.0394771     -0.12413    0.0791992    0.0709851
  -0.0435117    0.0745934   -0.0535563   -0.0873504   -0.0341784    0.0237734    0.0202608   -0.0439908
    0.112387   -0.0376983   -0.0595977     0.043187      0.03148    -0.102533    0.0363702    0.0335569
   0.0483155   -0.0755347   0.00842783   -0.0603359   -0.0273291    -0.157502    0.0378121    0.0884653
  0.00665657    0.0406172   -0.0459344   -0.0112803   -0.0328394      0.15686   -0.0583565   0.00184805
  0.00585018   -0.0372316   -0.0298176    0.0750316  -0.00629193   -0.0425017    0.0230984   -0.0118031
   -0.123106    0.0402025   -0.0550777    0.0607856     0.080346    0.0272412    0.0684744   -0.0142493
   -0.108282     0.336637   -0.0547969   -0.0412005    -0.049423     0.079935  -0.00873274    0.0552758
  -0.0399282       0.1543  -0.00859231   -0.0763426   -0.0552555   0.00337213   0.00515614    0.0373459
  0.00394613    0.0260303    0.0648832    -0.134076    -0.146692      0.13828    -0.123372     0.129668
    0.142872    0.0102914   -0.0111653   -0.0783784    -0.127188   -0.0362356    0.0322195    0.0850754
    0.156808    -0.119818     0.097555      0.01621   -0.0511236    0.0192076   -0.0245153   -0.0581197
   0.0334031    0.0482442    0.0625988 -0.000781258    -0.057089   -0.0104265   0.00819806   -0.0326357
  -0.0398851   -0.0283681  -0.00134014   -0.0230076    0.0165542   0.00847541     0.039699  -0.00944671
   -0.101673    0.0748359   -0.0436451  -0.00372326   -0.0463431    0.0265252   -0.0445846  0.000829698
 -0.00101742   -0.0287771   -0.0447999    -0.015452   -0.0424971   -0.0946068    -0.026963    0.0429964
  -0.0202334   -0.0554339    0.0303854   -0.0818816   -0.0235093   -0.0545763    0.0970893  -0.00876647
   -0.102938    0.0976411    -0.110135    0.0724633    0.0259089    0.0607952   -0.0129198   -0.0628149
  -0.0123914    0.0587066   -0.0123997    0.0746094    0.0819144   0.00297067    0.0346304     0.025724
   0.0461513   -0.0960434   -0.0125983     0.075117    0.0107557   -0.0544338     0.029424   -0.0707321
   0.0595745    0.0425707     0.092688    -0.144751    -0.143274     0.110402   -0.0492237    0.0416064
  -0.0731023   -0.0215114   -0.0763374   -0.0928437    0.0346893   -0.0256764  -0.00246925   -0.0214046
    0.236567    -0.221526     0.038837   -0.0184241   -0.0175434    -0.209655    0.0164505    0.0827921
  -0.0389859   -0.0367766  -0.00628023   -0.0599578    -0.126498   -0.0704778    0.0370733    0.0268516
   0.0409301    0.0617984   -0.0351515    0.0487773    0.0292182   -0.0517359   -0.0451486    0.0183917
   0.0777904    -0.047264    0.0577173    -0.114715    0.0200726    0.0184904   -0.0163104    0.0320752
   0.0893701    -0.111593   -0.0135529   -0.0766121    0.0163332    -0.146464    0.0394085   -0.0171152
   0.0292307    0.0428556   -0.0363674   -0.0531385   -0.0326799    0.0818876   -0.0171197  -0.00556465
    -0.10109     0.103874   -0.0576874    0.0480981      -0.0391     0.153265    0.0243228      0.03208
   0.0526416     0.028448   0.00442807  -0.00961452    -0.207296    0.0380905  -0.00965849     0.183561
 -0.00512412   -0.0789096    0.0111005   0.00202468   0.00943846   -0.0511378    0.0850428    0.0381735
  -0.0744651     0.221537    -0.151653   -0.0195687   -0.0969169    0.0549431    0.0266887     0.230137
   0.0711789  -0.00418046    0.0463342   -0.0364696    0.0392049    0.0101843    -0.022331    0.0978509
  -0.0805461    0.0499983    0.0204251    -0.104633   -0.0405146    0.0385117    0.0948732    0.0359675
  -0.0558012   -0.0204862   -0.0303575    0.0147849    0.0613816    0.0500158   -0.0513621   -0.0864522
   0.0319751     0.159347   -0.0744173    0.0176065    0.0592538    0.0658616  -0.00423476   -0.0279235
   -0.105916     0.165302  -0.00861828   -0.0231205    0.0500254      -0.0724    0.0176497    0.0257862
    0.150383     0.107191     0.042612   -0.0525069  -0.00947306    0.0373744   -0.0450756     0.163054
    0.117862    0.0220794    0.0418722   -0.0233426   -0.0992901     0.117591   -0.0608305     0.106788
   0.0220647    0.0503859    0.0455649   -0.0429707   -0.0802251    0.0204982    0.0331755     0.122142
  0.00931707   -0.0302403    0.0343673    0.0894449     0.047807    0.0204343   -0.0860607   -0.0480188
   0.0570822   -0.0697174      0.02229   -0.0308395   -0.0524046   -0.0397288   -0.0612123   -0.0404131
  -0.0063059   -0.0164754    0.0410481   0.00785016   -0.0554355    0.0307117   -0.0230143    0.0263825
   0.0255552    0.0270686   -0.0453013   -0.0018432    0.0576201      0.01941     0.024542    0.0429177
   0.0374019    -0.154115    0.0735126   -0.0149059     -0.02024   -0.0506342    0.0737988   0.00177205
  -0.0430542    0.0455222   -0.0229041    -0.072521    0.0517576  -0.00837347    0.0541637    0.0803486
  -0.0438754    -0.046651  -0.00427435      0.08076   0.00735304   0.00792962   -0.0280535    -0.174591
-0.000460036      0.12833  -0.00358171    -0.140963   0.00476631    -0.080206     0.115971     0.130266
  -0.0167565    0.0739273    0.0824827   -0.0532079   -0.0761186    0.0364372  -0.00468142   0.00687908
 -0.00593362   -0.0967685   -0.0362181   -0.0891165    0.0178251   -0.0607957  -0.00302157     0.044988
    0.146021   -0.0984666    0.0931571    0.0155018   -0.0733101   -0.0242906   -0.0200288     0.114319
   0.0669574    0.0282227    0.0489173     -0.10517    -0.132131    0.0679163   -0.0809228     0.178636
   0.0902984     0.161084  -0.00475404    -0.131088   -0.0741768    0.0450816   -0.0161011     0.105596
 -0.00450668   -0.0294338   -0.0124885    0.0549702    0.0694797   -0.0258984     0.102055     0.015651
  -0.0146499    0.0132225    0.0316482   -0.0370682    0.0218969    -0.135937    0.0254967    0.0103687
  -0.0263032    0.0315615    -0.025309   -0.0530866   0.00859217    0.0211521   0.00707605    0.0426586
   0.0221113     0.164037  -0.00475681    -0.193767    -0.074068     0.035273   -0.0551631      0.22494
  -0.0518443   0.00263302    -0.056478     0.107366     0.111673    0.0863076    -0.070311    0.0118696
  -0.0174985     -0.14368   -0.0265934     0.138464    0.0118158  -0.00435936    0.0167115   -0.0895841
   0.0476936   -0.0375223    0.0492181    0.0277192   -0.0391759       0.1529    -0.045091   -0.0127942
   -0.217283     0.111723   -0.0549083    0.0150002    0.0297954   0.00601044   -0.0911424   -0.0358951
  -0.0569533     0.100186   -0.0740353   -0.0767957   -0.0497554   0.00412822    0.0320006     0.044248
  -0.0741413    0.0166469    -0.056035  -0.00865509   -0.0311019   -0.0362875   -0.0884161   -0.0740792
   0.0469069    0.0328134   -0.0411768   -0.0145993    0.0192299   0.00356973    0.0405276  -0.00917677
   0.0255617    0.0731098  -0.00386498   -0.0317221   -0.0762535    -0.020282   -0.0543555    0.0179803
   0.0256752    0.0323243   -0.0413212    0.0320268   -0.0208332    0.0818256   -0.0835022   -0.0133456
   0.0412178     0.151294    -0.016366    -0.140262   -0.0472226    0.0477492    0.0502011    0.0963628
   0.0781442    -0.100596   0.00653737    -0.106604  -0.00505995   -0.0695554     0.104974    0.0859782
   0.0283753     0.056932    0.0237865   -0.0595718   -0.0701486    0.0644089  -0.00756333    0.0261114
    0.075658   -0.0947237    0.0818769   -0.0182124   -0.0962364   -0.0713373   -0.0429429    0.0968593
   -0.132868   -0.0552177     0.047213  -0.00615953   -0.0302051    0.0248191   -0.0649751   -0.0710573
  -0.0204619    0.0309071   -0.0524959   -0.0177355   -0.0524087    0.0660588   -0.0162358    0.0918113
  -0.0257162    0.0275954     0.034273     0.169818    0.0568517  -0.00640404   -0.0243228   -0.0715293
  0.00370199    0.0992011   0.00922474   -0.0457233   -0.0836519    0.0596803    0.0345199     0.098758
  -0.0413643     0.126492   -0.0801864   -0.0132244    0.0848601    0.0140327    0.0366967    0.0586048
  -0.0397687     0.138527   -0.0173176     0.029236   0.00471426    0.0581871   -0.0137737    0.0371336
   0.0800237   -0.0826287   -0.0505954    0.0224308     0.112105   0.00835238    0.0166996    0.0370506
 -0.00330785     0.024081  -0.00480086    0.0712205    0.0301607    -0.079813      0.06557    0.0165189
    0.258198   -0.0489792    0.0623066   -0.0831552  -0.00539246    0.0922733   -0.0880583   0.00158165
   0.0114498   -0.0657156   -0.0373892    0.0174934   -0.0588602  -0.00689959    -0.024102  -0.00523788
  -0.0778055     0.050499    -0.110319   0.00753203    -0.086619   -0.0146537  -0.00258542    0.0830291
   0.0456901    0.0458714     0.028574     -0.11525   -0.0787569   -0.0289745    0.0626456    0.0963879
   0.0267323    -0.069393    0.0164008   -0.0336948    -0.011276    0.0267589  -0.00741847   -0.0139928
   0.0751528   -0.0675161   -0.0297687   -0.0409926    0.0741503   0.00244801    0.0283054   -0.0255853
  -0.0466077   -0.0442185   0.00388121    -0.050653    0.0663427    0.0856756  -0.00192482    0.0341667
  -0.0210575   -0.0491224   -0.0528942   0.00721876    0.0787809   -0.0425584     0.110951   -0.0676861
  0.00771489   0.00227986    0.0386541   -0.0680388   -0.0470125    0.0562294   -0.0592798     0.060907
  -0.0301141   0.00142991   -0.0597139    -0.127114   -0.0807783   -0.0331436    0.0610826     0.179237
   0.0881576    0.0227332   -0.0262247   -0.0377763    0.0907556    0.0584008    0.0526251     0.101396
     0.10097    -0.135032   -0.0751945    0.0344831     0.135476     0.003428    0.0877422  -0.00235704
    0.138981   -0.0725561   -0.0167539    -0.096424   -0.0489653  -0.00755626   -0.0184275     0.149335
  -0.0353713   -0.0305506    -0.011294    0.0353124    0.0630241    0.0463195   -0.0397636   -0.0484504
  -0.0568747     0.077413    -0.018189  -0.00113344   -0.0399276   0.00837559   -0.0187862   -0.0499941
  -0.0106385    0.0163679   -0.0366785  -0.00607593   -0.0451483   -0.0312198   -0.0296428     0.113474
    0.120717     0.101975    0.0645403   -0.0696184   -0.0277559    0.0158233     0.060573     0.113625
  0.00249014    0.0777083    0.0507212    0.0422365    -0.121195     0.165037   -0.0633237    0.0269984
  -0.0266268    0.0458208   -0.0670301     0.123283    0.0622673    0.0692145   -0.0625094    -0.015436
 -0.00342787   -0.0932034   -0.0372672   0.00678924   -0.0197984   -0.0256011     0.043676   0.00661329
   0.0581037   -0.0404916  -0.00625875    -0.118884   -0.0587112    0.0499951   -0.0215066    0.0356778
  -0.0815802    0.0392892   -0.0966646     0.028464     0.157219    0.0323218    0.0696898  -0.00837158
  0.00857918     0.061958    0.0213805     0.117663    0.0252956  -0.00252603   0.00585572   -0.0772362
   -0.013999     0.121807   -0.0362386    0.0341368   -0.0957999    0.0346256    0.0271885    0.0478468
   0.0921486    0.0177377   -0.0719881   -0.0744419    0.0231608    0.0681126    0.0275881    0.0464358
  -0.0601747     0.066412   -0.0564314   -0.0384411    -0.018966    0.0846076    0.0144014     0.153656
  -0.0879002    0.0417364    -0.146047     0.101111      0.11793    -0.120448     0.121783   0.00557691
   -0.123242    0.0755364   -0.0476068  -0.00405819 -0.000609905   -0.0113685    0.0324167   -0.0732548
   0.0647239    0.0294785   -0.0758409   0.00622567    0.0134742   0.00476652    0.0643963     0.136333
  -0.0124366     0.019603   -0.0245214   0.00520792    0.0444905    0.0176936    0.0044765   -0.0938202
   0.0298763   -0.0228078   -0.0203322    -0.163546    0.0310169 -0.000466323    0.0681604   -0.0206592
   0.0356301 -0.000307903    0.0608377   -0.0300899   -0.0689405    0.0279168   -0.0415492   -0.0745428
   0.0102506     0.197124    0.0807231    -0.112893    -0.145801     0.055475   -0.0291338     0.100655
  -0.0243982    0.0725064   -0.0827913   0.00450182 -0.000904589    0.0131518    0.0154748     0.136313
  -0.0467921  -0.00743192    0.0459276   -0.0496588   -0.0339969    0.0373505  -0.00350272    0.0303161
   0.0398149    0.0900648    0.0177948      -0.0485   -0.0462852   -0.0401721   -0.0521175     0.101226
   0.0538093  -0.00470828     0.068019   -0.0433149    -0.127696   0.00355348   0.00981272   -0.0150628
   0.0313387    -0.207527    0.0265389     0.104401    0.0738185    -0.144889   -0.0140439   -0.0217009
   -0.114655      0.12293   -0.0147621  -0.00340337    0.0254356    0.0323273    0.0371414     0.029358
 -0.00410734     0.112581   -0.0287372   -0.0525455    0.0157816    0.0219861   -0.0339305    0.0857466
  -0.0463407    0.0109464   -0.0406813      -0.0319    0.0273879   -0.0524589     0.122931    0.0291015
 -0.00919185     0.123933   -0.0613143    0.0225579   -0.0267771   0.00795268    0.0604682     0.107726
   0.0255751     0.305321    0.0685957   -0.0725614    -0.111613     0.211139   -0.0178687    0.0739274
   -0.010141    0.0374626   0.00903947     0.128945     0.158585   -0.0440392   -0.0142995    -0.108092
    0.056923   -0.0211481    -0.073176    0.0838607    0.0875526    0.0157914    0.0930451    0.0385869
   0.0857373   -0.0674345   -0.0118877    0.0283369    0.0197237    -0.049463   -0.0596823   -0.0267766
   0.0156891   0.00287352    0.0274578   0.00813023   0.00925245  -0.00825986    0.0178288   -0.0770848
  -0.0151129     0.046818    0.0281431   -0.0260706    0.0742921   -0.0666193    0.0371551   -0.0158905
  -0.0658362     0.207175     -0.13562    0.0552908     0.115636    0.0552195     0.022398    0.0812298
 -0.00985507     0.117012    -0.062299    0.0230069    0.0988398    0.0908901    0.0412838    0.0139027
  -0.0664184   -0.0485534    0.0345517   -0.0920513   -0.0347831   -0.0622216   -0.0191506    0.0537844
   -0.101535     0.178486   -0.0325162   -0.0484795     0.105153    -0.138176     0.134529   0.00977919
  0.00640905   0.00267893   -0.0238784   -0.0114331    0.0376581    0.0171027  -0.00868352   0.00583238
   0.0350733     0.104241    0.0125047    -0.107966   -0.0547734    0.0634425   -0.0653106   0.00493829
  -0.0462821    0.0169474    0.0501901   -0.0113882    0.0614314  -0.00889411   0.00700851  -0.00876669
   0.0461845    -0.134903   -0.0152784    0.0114164    0.0335412   -0.0247102   -0.0274311    -0.095551
  -0.0198529    0.0530715    0.0540418    0.0654203 -0.000721286   -0.0119956   -0.0041235    0.0106493
  -0.0455383      0.12207    -0.121894   -0.0614299   -0.0476346    0.0244536    0.0526474     0.116774
  -0.0189777   -0.0454979   -0.0429998   -0.0803156  -0.00678857    0.0264115   -0.0158473    0.0627833
  -0.0573409    0.0734686   -0.0597201    -0.057695    0.0294875   -0.0121011   -0.0243514     0.107892
   -0.182249      0.04583     -0.01572   -0.0201346    0.0283347    0.0223437   -0.0143487   -0.0843616
   0.0114103     0.277376   -0.0153003   -0.0240398    0.0657986     0.029112    0.0260961    0.0521594
  -0.0322689  -0.00885424    0.0153027    -0.101559    0.0298847  -0.00562413    0.0780658    0.0942075
   0.0918087    -0.149991    0.0607308   -0.0212225    0.0303446   -0.0543793   -0.0192562   -0.0488806
  -0.0458305     0.120899   -0.0557129   -0.0682125    0.0365162    0.0582116    0.0480684     0.154068
  -0.0298568  -0.00375716   0.00559046   -0.0860659   -0.0311193   0.00127755    0.0168947    0.0555186
  -0.0358481   -0.0206397   -0.0724646   -0.0642349   -0.0362937   -0.0285023    0.0351074    0.0899963
  -0.0796733     0.101415    0.0145288   -0.0912624   -0.0321552   -0.0247687   -0.0030713    0.0721498
   0.0459321    0.0770499    0.0159917   -0.0754358     0.004826    0.0342399    0.0689252    0.0649266
   0.0159129    0.0846207    0.0853577   -0.0832169   -0.0470143    0.0609879   -0.0719299   0.00923139
   -0.115765    0.0617768    0.0254745    -0.105357   -0.0893713     0.070753   -0.0167307     0.064156
  -0.0187053  -0.00512625   -0.0424426    0.0766675    0.0985879    0.0101805    0.0181328   -0.0162739
   0.0661462    -0.102664    0.0153805   -0.0494806   -0.0250771   -0.0555336   -0.0486629    0.0185914
    0.142401    0.0746481    0.0199886    -0.127862    0.0213249    0.0110513    0.0167431     0.115807
  -0.0785943   -0.0238843   -0.0818633    0.0138726     0.011028   0.00693608   -0.0573825   -0.0043199
 0.000117463     0.184705    -0.044731    -0.125079   0.00454185     0.106572    0.0045567     0.100414
  -0.0117115    0.0296429    0.0191159    0.0253172   -0.0869369    0.0620195   -0.0136741     0.030006
   0.0698703   -0.0285279   -0.0517306    0.0843585     0.123753     0.036325    -0.049454    -0.120764
   -0.048402   0.00475961   -0.0475717   -0.0590922   0.00639639   0.00683055    0.0370445    0.0329932
  -0.0208391    0.0732196    0.0391606  -0.00738905     0.116785    0.0360092    0.0487497     -0.03403
   0.0428966   -0.0957868   -0.0194385   -0.0432783    0.0812226    0.0216591   -0.0312312   -0.0415662
   0.0742337    -0.108272    0.0174466   -0.0133969   -0.0226212   -0.0624866    0.0171768   -0.0172201
    0.094421   -0.0941694    0.0616982   -0.0729126    0.0451151    -0.115038   -0.0151626   -0.0322233
  -0.0437026    0.0400947    0.0072683   0.00415482    0.0348446   -0.0106657   -0.0509942   -0.0253409
  -0.0835162  -0.00646462   -0.0104719    0.0565239     0.106535    0.0472153    0.0632119   -0.0142918
     0.13903   -0.0717633    0.0134168   -0.0228636   -0.0473279   -0.0172306   0.00114851      0.14236
  -0.0621874    0.0807952   0.00358532   -0.0541252   -0.0357044  -0.00606233   -0.0151763   -0.0622036
   0.0256831     0.122444    0.0194145   -0.0884901   -0.0534049   -0.0153554   -0.0425196    0.0771796
    0.081492     0.233373    -0.057863   -0.0402681    -0.128078    0.0825172     0.116494      0.16548
   0.0241181      0.13999   -0.0595573   -0.0132852     0.121915    0.0306696    0.0595386   0.00969654
   -0.107301    0.0127523    0.0578064     0.117261    0.0512712     0.043338    -0.103042   -0.0794085
  0.00622794   -0.0163253    0.0234537    -0.102851   -0.0412052   -0.0363473   0.00828567    0.0663585
   -0.107331     0.071751   -0.0669247   -0.0991941   -0.0390715    -0.104659    0.0432554    0.0504594
  -0.0200531   -0.0979363    0.0365335    0.0562196   -0.0161468   -0.0806327    -0.019905  0.000907174
  -0.0172298     0.202018   -0.0169309   -0.0476857   -0.0923618     0.106673   -0.0622807    0.0434706
   -0.154504   -0.0828802    -0.100054     0.112862     0.120868   -0.0327367   -0.0772003    -0.100551
  -0.0697543     0.143858   -0.0324971     0.026919   -0.0161249     0.145854   -0.0654875  -0.00369555
    0.132676    0.0197788    0.0332126   -0.0934882   -0.0915913   0.00694694  -0.00580118       -0.031
  -0.0192475   -0.0126892   -0.0439905   -0.0174066    0.0268223    -0.104825    0.0115252    0.0246336
   -0.067842     0.115851    0.0461334   -0.0694575  -0.00630723     0.138675   -0.0424678    0.0539619
  -0.0012995    0.0980405   -0.0574613    0.0698347     0.034129    0.0572589   -0.0733377   -0.0403336
 0.000280189   -0.0497079   -0.0104491    0.0528874    0.0224547   -0.0780915     0.025837    -0.124008
    -0.16782     0.209969    -0.100266     0.119515    0.0732028   -0.0458375    0.0308803    0.0266764
   0.0204048    0.0383209     0.008013     0.018974   -0.0539887     0.106214   -0.0591339   -0.0837339
   0.0556312    0.0623066   0.00952889   -0.0296387    -0.001574    0.0001977   0.00393567     0.114528
 0.000189909   -0.0611247   -0.0563946    0.0825867    0.0348665   -0.0435052    0.0442345   -0.0312537
   0.0431485   -0.0342803    0.0969351    -0.160659   -0.0192709   -0.0909746  -0.00202896    0.0252495
  -0.0704491    0.0762862   -0.0321632    0.0027753   -0.0681095   -0.0177914  -0.00620205   0.00846285
   -0.087605     0.102916    0.0566904   -0.0351139    -0.100061    0.0728061   -0.0708941     0.057346
   0.0428326    -0.199564     0.072673 -0.000303147    0.0904263   -0.0555194    0.0107219   -0.0832173
  -0.0327938    0.0130239   -0.0135738   -0.0248376    0.0568788    0.0565094    -0.028436   -0.0215865
   0.0412943   -0.0485243    0.0561707   -0.0386033   -0.0840987   0.00399071    0.0220305     -0.02341
  -0.0786791    0.0843847   -0.0466372     0.056189    0.0435271   -0.0370049    -0.072647   0.00339305
   0.0784615    -0.134583    0.0267685    0.0473791    0.0649308   -0.0666178   -0.0615103    -0.104924
   0.0175816   -0.0366616   -0.0168756   0.00650465    0.0254378     -0.11736    0.0585826   -0.0063149
   -0.045445    0.0695882  -0.00982769    -0.015097    0.0229201     0.060996     -0.01002   -0.0207339
   -0.105125    0.0544526   -0.0831379    0.0722166    -0.023544     -0.02678    -0.026044    0.0364967
   -0.084886     0.059941   -0.0601058   -0.0259661    -0.031835   -0.0440159   -0.0622586    0.0362169
   0.0172622    0.0575785   -0.0126341 -0.000944181    0.0553298    0.0691528    0.0619179     0.141133
  -0.0556266   -0.0607156   0.00322556    0.0503161   -0.0128776   0.00694394    -0.043359   -0.0401722
    0.104576    0.0269322   0.00447059   -0.0753418    0.0870165    -0.116842     0.101644      0.12081
    0.112635    -0.061448    0.0229834    -0.144968   -0.0524861   -0.0513461   -0.0442374    0.0968952
   0.0665912    0.0372472     0.133636   -0.0365839    -0.124086  -0.00649046    -0.104416    0.0298921
   0.0281011   -0.0277147    0.0417075    0.0331547   -0.0420129   -0.0266318   0.00310417    0.0400211
   -0.034018   -0.0565702   -0.0765596   -0.0134057   -0.0789472   0.00733746    -0.013761   -0.0504877
   -0.134524 -9.92591e-05   -0.0560699   -0.0111579   -0.0458042   -0.0634856   -0.0298005   -0.0147649
  -0.0449267    0.0613036   0.00521589    0.0205828    0.0829588  -0.00524753   -0.0222314   -0.0712855
  0.00280176   -0.0314665   -0.0642575   -0.0979796   -0.0616166    0.0157125    0.0210864    0.0750611
    0.188424    0.0199797    0.0107755   -0.0552869    -0.137991      0.11141   -0.0832863     0.253899
    0.129822    0.0433521   -0.0536298   -0.0951401    -0.069444    0.0744565    0.0764955     0.169573
   0.0811659    0.0783908    0.0950954   -0.0710789    -0.104217     0.045857   -0.0624131     0.110048
 -0.00339007    0.0168615   -0.0112099    0.0341668   -0.0540259    0.0015629    0.0482391    0.0135288
 -0.00358782     0.097455   -0.0273948   -0.0336978    0.0807111    0.0634143    0.0306749   -0.0659381
   0.0498962   -0.0448407   -0.0434367    0.0861045    0.0957813    0.0451306    0.0388068    -0.109887
  -0.0570561   -0.0206077    0.0423652    -0.022747   -0.0406213   0.00122002    0.0686581    0.0405361
  -0.0685815    0.0965102   -0.0152073    0.0649148   -0.0718102     0.072499   -0.0207972    -0.033849
 -0.00599015   -0.0885572  -0.00934734     0.040528    0.0570909   -0.0412907    0.0219679    0.0111049
   0.0252158     0.128515   -0.0199115   -0.0299093    -0.153305    0.0798764    0.0205976    0.0776303
 0.000939868    0.0775559    0.0474308   -0.0683625   -0.0645144     0.112723    -0.012242    0.0150142
   0.0152626   -0.0673683   -0.0116845   -0.0768851    0.0491788  -0.00794793  -0.00601175    0.0356434
  -0.0544112  -0.00818887    0.0048127   -0.0928144   -0.0650411    0.0261573   -0.0110264   -0.0236842
   0.0729264    -0.142201    0.0409029   -0.0707122   -0.0842521    0.0144142   -0.0212454  -0.00967837
 -0.00825725    -0.142394    0.0449194   -0.0230566 -0.000206666   -0.0229512    0.0257814  -0.00336799
  -0.0283743   -0.0252648   -0.0182529    0.0997352     0.110241   -0.0261282   -0.0403842   -0.0835234
   0.0681963    0.0403852   -0.0615689   0.00625858    0.0215199    0.0152442    0.0972554    0.0304905
  -0.0180462   -0.0489655  -0.00816988    -0.049789    0.0224726   -0.0749404   -0.0513371   -0.0348384
   0.0912772  -0.00169238     0.031359    -0.024758    -0.102058    0.0831638    -0.132939   0.00637316
  0.00328719    0.0507722   -0.0876239   0.00714505    0.0476927  -0.00730622  -0.00965326    0.0231061
   0.0146968      0.06917   0.00990404  -0.00179196    0.0185871   -0.0641774   0.00131424    0.0631774
   0.0303878    -0.130345   -0.0193061   -0.0811233   -0.0802526 -0.000530421   -0.0637678  -0.00160542
  -0.0133714      0.16509   -0.0103704   -0.0754488   -0.0441411   -0.0346106    0.0390449     0.153033
   0.0220199   -0.0147596    -0.100154    0.0215734   -0.0155458    0.0662378    -0.055176    0.0343896
  0.00901766     0.148906    0.0431873   -0.0464019   -0.0322098   -0.0136063    0.0205968    0.0539984
    0.029704    0.0494436     0.106719    -0.081208   -0.0460726   -0.0507876 -0.000859751   -0.0146253
   -0.058928     0.261943   -0.0153551    -0.049238   -0.0249039 -0.000153798    0.0631699    0.0643191
  0.00646569    0.0292144    0.0267192     0.014437    0.0218193   -0.0102011     -0.05262    -0.111964
   0.0254798    0.0617719    0.0479472    0.0190897    0.0155081   -0.0277599    0.0962204     0.112349
  0.00403458     0.144769    0.0146158   -0.0134573   -0.0122621   0.00153535     0.034895   0.00728954
  -0.0680582    0.0657095    0.0130207   -0.0802941    0.0361613   -0.0212404    0.0304743    0.0394256
  -0.0299778     0.102692   -0.0377915   -0.0336757   -0.0602716   -0.0104618   -0.0257966    0.0585011
    -0.10032     0.093853   -0.0337494    -0.053203   -0.0370816      0.07697    0.0468546    0.0456485
   0.0994702      0.11005   -0.0674756     0.191209     0.139531     0.108183   -0.0273058    0.0166634
  -0.0958395    0.0810849   0.00738143   -0.0437156   0.00393414     0.087612   0.00645074    0.0299994
   0.0162771    0.0412217    0.0721118   -0.0627809    0.0311461  -0.00320555   -0.0635937   -0.0210664
      -0.103   -0.0467506    0.0412604    0.0558582    -0.014026   0.00691696  -0.00901665  -0.00802096
 -0.00226432    -0.149865    0.0198853   -0.0614324    0.0377215   -0.0940668   0.00816738     0.086295
 -0.00643162     0.148243    0.0069172    -0.013178   -0.0990558   0.00391098  -0.00135024    0.0038261
   0.0774618   -0.0568607   -0.0378503   -0.0290011    0.0678078   -0.0646545   -0.0063021    0.0140169
 -0.00358791   -0.0224505   0.00210109    -0.090434    0.0224825    -0.115776  -0.00219893   -0.0057187
    0.153652   -0.0907704   -0.0239681    0.0262941     0.115388    0.0968192   0.00608663   -0.0856079
   -0.104704   -0.0136038     -0.12387     0.164164     0.118824     0.017133   -0.0814325   -0.0293738
  -0.0723057   -0.0616529   -0.0858901   0.00971998    0.0790453    0.0186928   -0.0290371   -0.0394169
   0.0208616   -0.0286999   -0.0506316     0.108065    0.0706499     0.018838    -0.011545   -0.0264807
   0.0581704    0.0807773  -0.00774416   -0.0595452   -0.0388794   -0.0198693    0.0582535     0.132567
  -0.0266381     0.139025   -0.0774426   -0.0432921    0.0101931    0.0334321     -0.03941    0.0281426
   0.0936703   -0.0646253    0.0299447  -0.00826176   -0.0188108    -0.101626    0.0357249    0.0308486
-0.000300292    0.0697702  -0.00330996   -0.0354959    0.0664085     0.024666   -0.0597457    0.0462519
   -0.123825     0.115389   -0.0553996    0.0534275    0.0513866     0.105169  -0.00381297   -0.0541135
  -0.0369561  -0.00310766    -0.064346    -0.107769  -0.00863499    0.0234392    0.0503174     0.108706
  -0.0186157  -0.00277837    0.0178356    0.0732263    0.0369518    0.0596494   0.00470813   -0.0202427
  0.00709829    0.0102982   -0.0223479  -0.00499014    0.0168612   -0.0483066    0.0929586    0.0815207
  -0.0887682    0.0372512   -0.0485621     0.125429    0.0287034    0.0500228   -0.0112808    0.0312177
   0.0406656    0.0179318      0.07824    0.0718169    0.0637033    0.0577708   -0.0339764    -0.085569
 -0.00757832   -0.0419037   -0.0388678   0.00222799   -0.0659449   -0.0419838     0.032985    0.0537355
  -0.0328391    0.0177769    0.0766499    0.0305324   -0.0141431   -0.0153586     0.022198   -0.0628112
 -0.00933208    0.0054866   0.00840191   -0.0492341    0.0343279    -0.026751  -0.00107981   -0.0328033
    0.023904   -0.0447889   -0.0381991    -0.012706   -0.0225935    0.0903655   0.00433108    0.0180838
  -0.0141896     0.173149   -0.0640613   -0.0120976    -0.016324   -0.0287224     0.127376     0.155905
   0.0200947    0.0166882   -0.0118716  -0.00450492   -0.0966318    0.0510829    0.0306615     0.145006
   0.0719834     0.100031     0.148279     -0.15361    -0.273622     0.166024    -0.100414     0.149111
   0.0129245   -0.0739061   -0.0715575   -0.0469573    0.0281788    0.0223744    0.0469796    0.0243722
  -0.0873964    0.0659199    0.0115386    0.0743925   0.00767433     0.037225    0.0430617    0.0992071
  -0.0291944    0.0971119  -0.00605623    -0.010205    0.0172961     0.024497   -0.0256508   -0.0281148
    0.103386   -0.0435075    0.0557101     0.011388   -0.0181985    0.0565754     0.018872  -0.00124657
  -0.0189289    0.0405008   -0.0649595    -0.153594   -0.0562995    -0.112575 -0.000429239    0.0819454
  -0.0538282     0.177525   -0.0644426    -0.124698   0.00837856   0.00650347   -0.0313647     0.150621
  -0.0334007     0.107173   -0.0523466    -0.116197   0.00717481   -0.0326437    0.0171141    0.0636281
   -0.078317     0.123279   -0.0250928     0.150873     0.154094    0.0353781   -0.0198657   -0.0395768
   0.0417471  -0.00507092    0.0163173   -0.0853233   0.00888639    0.0466201   -0.0397398   -0.0491048
  -0.0112747   0.00338902    0.0292547   -0.0508383   -0.0354717    0.0256563   -0.0306407   -0.0141622
   0.0257307   -0.0520103   -0.0184653     0.103212     0.145002    -0.102645   -0.0306368   -0.0620424
 -0.00667644     0.100796   -0.0450614   -0.0550471  -0.00310704     0.122592    0.0822952     0.157154
   -0.034486   -0.0430299   -0.0380535   0.00918593    0.0962172    -0.058366  -0.00656708   0.00518594
   -0.029358   -0.0941751  -0.00162068   -0.0012833    0.0187936    0.0126681    0.0663923   -0.0162446
   0.0785554    -0.145012  -0.00307032   -0.0302675  0.000890868   -0.0201412  -0.00587929   -0.0184369
   0.0374559  -0.00596406    0.0650829   -0.0535622   -0.0617068  -0.00440461    0.0210265    0.0455214
  -0.0732497    0.0315639   -0.0422206   -0.0727271   -0.0327848   -0.0143226   -0.0111488    0.0399268
   0.0852309   -0.0779014      0.07507   -0.0926298 -0.000851094   -0.0615117    0.0725424   -0.0437028
   0.0577842   0.00521119   -0.0365119   -0.0193835    0.0010068     0.012405    0.0945228      0.10881
   -0.034845  0.000885653   -0.0502325     0.067355     0.128052 -0.000524563    0.0498909  -0.00809083
   0.0852721    0.0453108    0.0458309      -0.1413    -0.250909  -0.00760417   -0.0120179     0.295865
   0.0149679     0.028129   -0.0437833   -0.0643735   -0.0158774    0.0109707    0.0811625    0.0368796
    0.044529    -0.137801    0.0303958   -0.0284165    0.0231707     -0.16166   -0.0580985   -0.0254891
  -0.0297134    0.0115712   -0.0397092    0.0828079     0.102243   -0.0223724   -0.0257258   -0.0229561
   -0.020188    0.0690044   0.00452574    0.0813915  0.000112076   -0.0289313   0.00295741   -0.0684241
   0.0288744    0.0227897   -0.0435194    -0.096008   -0.0184828   -0.0333878    0.0373101    0.0929818
   0.0282159   -0.0108574  -0.00273665    0.0079753  0.000773763    0.0884582   -0.0622289    0.0347541
   0.0507939   -0.0770153    0.0114679    0.0206159     0.163921   -0.0533574   -0.0739182   0.00628843
   0.0549356   -0.0346343     0.127527   -0.0242842    0.0106536   0.00129593    -0.112438     0.044203
   0.0131111    -0.048464   0.00504292    0.0630318   -0.0233637    0.0346995    0.0175052    -0.130191
   -0.146272   -0.0133991    0.0236531    0.0984488    0.0264727   -0.0209058    -0.109236    -0.103544
  -0.0526983     0.209009    -0.123311   -0.0953668    0.0644156    0.0352983    0.0136273      0.14812
   0.0777455   -0.0301015   -0.0106481    0.0511243    0.0907659   -0.0962374    0.0238461    0.0345826
   -0.145978     0.161423   -0.0638417    0.0329397    0.0183827    0.0344106    0.0416799    0.0143162
   0.0516314   -0.0135678      0.15631   -0.0151878   -0.0715601   -0.0484073   -0.0368143    0.0452634
  0.00613421 -0.000587864    0.0652159   -0.0468037   -0.0957138    0.0460875    -0.092323    0.0237139
   -0.137141    0.0994425   -0.0567609    0.0668808      0.03273   -0.0848285   -0.0539273   -0.0418705
   0.0621387      0.18669    0.0629473   -0.0534484   -0.0133843    0.0971939    0.0315529     0.264538
  -0.0250555    0.0399673   -0.0121974   -0.0427113   -0.0531789    0.0536237    0.0383459    -0.099332
   0.0119949     0.157009    0.0125228   0.00299257    0.0499399    0.0413185   -0.0389014   -0.0640166
   0.0679991    0.0554416    0.0939516     0.010433    -0.195472     0.080628    -0.186911     0.054227
  -0.0193914   -0.0667784   -0.0132288    0.0626121    0.0240882    0.0314864    -0.120546   -0.0964577
    0.105676    -0.061137    0.0238487   -0.0793208   -0.0664589    -0.124795    0.0962188    0.0680686
  -0.0306311   -0.0293585  -0.00609979   -0.0057157   -0.0105667   -0.0590401    0.0727679   -0.0345676
   0.0548434     0.252064    -0.015736   -0.0546596   -0.0255966     0.147428   -0.0801114    0.0576886
    0.170488  -0.00850721     0.117449   -0.0692555   -0.0578097    0.0123865   -0.0522602    0.0712093
  -0.0595621   -0.0641512   0.00250242    0.0807837   -0.0263652   -0.0459575   -0.0592831   -0.0867262
    0.110712    0.0878286   -0.0284203      -0.1093    0.0633125   -0.0159113    0.0802453     0.151274
   -0.044109   -0.0873135    0.0338431    0.0460622    0.0350377   -0.0446276   -0.0533381    -0.110757
  -0.0508034   -0.0141547   -0.0313026    0.0316327   -0.0643849   0.00933587    0.0153244   -0.0106109
  -0.0211494    0.0194646   -0.0357477   -0.0700685   -0.0400912   0.00821086    0.0139394    -0.046117
   0.0205924   -0.0994449    0.0343017   -0.0313232   -0.0268522   -0.0125459   -0.0104631    0.0213445
 -0.00180429   -0.0645687    -0.033178    0.0599781    0.0259414   -0.0358531    0.0189812     0.026334
  0.00123654    0.0344844   -0.0544066   -0.0584347   -0.0407259  -0.00332599    0.0216771    0.0433182
  -0.0500015     0.148617   -0.0957406   -0.0811636    -0.031978     0.103469    0.0148565   -0.0213537
 -0.00824539     0.077514   -0.0489838    0.0410624    0.0343311   -0.0422794   0.00594966   -0.0519754
  -0.0342107   -0.0390752    0.0116199   -0.0466882    0.0107025    0.0500756   -0.0300939   -0.0283251
   -0.057879    0.0714751    0.0383605   -0.0901224    -0.112584    0.0510234   -0.0536827     0.014515
  -0.0433615     0.114114    0.0553725    -0.188702   -0.0611767    0.0163801  -0.00257828     0.116563
   0.0270647   -0.0211371     -0.10218   -0.0151776    0.0779253   -0.0807852    0.0878352    0.0722315
  -0.0384872    0.0621322   -0.0519759   -0.0189556   -0.0978553     0.144942   -0.0419926    0.0120396
  -0.0675562    0.0113981   -0.0213677    0.0663765     0.030495    0.0477033   -0.0158499   -0.0138609
  -0.0876619     0.151011   0.00187453   -0.0748218   -0.0193257   -0.0132904    0.0693057    0.0175068
   0.0538823     0.206836   -0.0238754    -0.116658    0.0503237   -0.0454703    0.0492796     0.156882
  -0.0166344   -0.0234243  -0.00118737   0.00529715    0.0313304   -0.0595022   0.00954528   -0.0126018
   0.0410502    0.0845835   -0.0143184   -0.0851873   -0.0713991   0.00746265   0.00425222    0.0938108
 -0.00155568    0.0318674   -0.0753856  -0.00225814   -0.0938582   -0.0834974    0.0428431    0.0484463
  -0.0415931   -0.0634984    0.0431239  -0.00644347    0.0526384   -0.0942147    0.0230926   -0.0287822
   0.0310566    0.0357882    0.0422374   -0.0624603    0.0613115   -0.0166723   -0.0162544     0.152498
    0.108168   -0.0852988    0.0679036  -0.00521823   -0.0275965   0.00967325   -0.0108152     0.011521
   0.0825865   -0.0572695   -0.0435166     0.110244     0.194511    0.0702328   -0.0205114    0.0399696
    0.100224    0.0179828    0.0326302     0.043707    0.0250108   -0.0749648    0.0478606  -0.00149431