  -0.0111852     0.127204    -0.054934    -0.110181    0.0428403   -0.0255228   -0.0267118    0.0189189
   -0.145052     0.314333   -0.0386108    -0.118053     -0.14015    0.0719486  -0.00780926    0.0787676
  -0.0485719    0.0389124     0.022788   -0.0606071    0.0133217   0.00200966   -0.0973088    0.0213692
   0.0106129    0.0339618   -0.0664413   -0.0840931   -0.0664408   -0.0626193    0.0937415    0.0884732
    0.136874   -0.0230134     0.117728   -0.0752477   -0.0639672   -0.0161235   -0.0359654     0.100217
   -0.088178    0.0352599   -0.0105933     0.101021 -1.78901e-05     0.115114   -0.0589753   -0.0169118
   0.0286407     0.307797  2.93153e-05   -0.0807941    -0.196387     0.207502   0.00706921     0.143633
   -0.136815     0.205217   -0.0474534   0.00478395  -0.00914515     0.075463    -0.030142    -0.091008
   0.0782188   -0.0889617    0.0735749    0.0779117   0.00662704    0.0995457    0.0145775   -0.0849102
  -0.0962016    -0.197621     0.036407  -0.00217453   -0.0309519   0.00978658   -0.0146163   -0.0806071
  -0.0227056   -0.0520107    0.0601665  -0.00797697    0.0555894  -0.00321972   -0.0127741    0.0270488
 -0.00192974    -0.118672   -0.0699738    -0.021059  -0.00407645   -0.0349597     0.033752    -0.057428
   -0.119882    0.0204031    -0.100538    -0.107637   -0.0310086    0.0394483     0.050858     0.109761
  -0.0201367    -0.020754    0.0574524   -0.0470299    0.0657867    -0.032201    0.0253451    0.0180992
  -0.0823538     0.183396    -0.168478     0.124258     0.024503    0.0895951   -0.0319632 -0.000748082
    0.132111   -0.0282683      0.10351    0.0224277   -0.0194445   -0.0157879   -0.0134697    -0.045972
   0.0702642     -0.16822    0.0658045   -0.0379505    0.0525718   -0.0693927    0.0920621     0.022406
   -0.116634   -0.0962438   -0.0818245     0.176824    0.0996754   -0.0808174    0.0158007   -0.0847569
  -0.0163398   -0.0836025   -0.0659877   0.00553193    0.0921831   -0.0463172   0.00812123    -0.100002
  -0.0459538     0.137701    0.0304063   -0.0182461  -0.00214111      0.06198  -0.00849641     0.108578
  -0.0452574     0.256987    0.0104289    -0.072535     0.127893    0.0224013   -0.0176591   -0.0171969
    0.109245     0.159862   -0.0085337    -0.204017   -0.0748294    0.0378755    0.0452517     0.304966
  -0.0333586   -0.0325976   -0.0287393   -0.0772646   -0.0349563   -0.0448399    0.0567866    0.0280198
  -0.0943269     0.131402 -0.000589834   0.00721107   -0.0317887   -0.0220167     0.104901    0.0401316
 -0.00760459     0.120129   -0.0397083    0.0612274    0.0684046     0.160622   -0.0415753   -0.0435683
     0.17523    0.0481872   0.00423309     -0.16255    -0.100602    -0.101265    0.0441515    0.0489711
   0.0555467   -0.0504185   -0.0121819   -0.0315636    0.0338946   -0.0448109    0.0742326     0.114086
  -0.0447379      0.14242  -0.00624357    0.0106227   -0.0616346    0.0624406    0.0225187    0.0811233
   -0.083092     0.161113   -0.0314941    0.0945841    0.0726988   -0.0313205     -0.05412   -0.0445954
    0.068229   0.00551189   -0.0150859   -0.0952843   -0.0450646    0.0412301  0.000345328    0.0129956
  -0.0980441     0.107632    -0.114162     0.141436    0.0468627    0.0816875   -0.0530348   -0.0380864
    -0.12314    0.0401631    0.0518169       0.0112   0.00489409     0.148875    -0.161611    -0.119618
   0.0903999   -0.0215999    0.0184462   -0.0202245   -0.0079307  -0.00565674   0.00418737    0.0118412
  0.00698033   -0.0264806   -0.0793424    0.0473084  -0.00401996    -0.074351   0.00348119   0.00964991
  -0.0355588   -0.0343679   0.00684049     0.148437     0.127916     0.152437    -0.122687    -0.215191
   0.0687645    -0.174101   -0.0200459    0.0364119    0.0512826    -0.114152    0.0483028    -0.011496
   0.0426778   -0.0169784   0.00130886    0.0320821  -0.00799693  -0.00651039   -0.0334359    0.0301283
  -0.0242902    0.0342787   -0.0327403   -0.0159182   -0.0476295   0.00835669   -0.0292753   -0.0243452
  -0.0409494     0.187251   -0.0139186     0.176508     0.104263     0.118601   -0.0258128    -0.101222
   0.0981017    -0.235543   -0.0177228    -0.136147    0.0390951    -0.317475     0.149342     0.254225
   0.0798515    0.0594667    0.0413368   -0.0388041    0.0176069   -0.0221075   -0.0255711   -0.0101622
    0.070982    -0.143689    0.0793103   -0.0426918    0.0497206    -0.140347     0.128868   -0.0220898
 -0.00491801     0.105038   -0.0468059   -0.0952104    0.0371259   -0.0316829     0.102801    0.0383509
   0.0715885   -0.0321706   -0.0129103   0.00356708   -0.0388991   -0.0772268    0.0817225   -0.0221359
   -0.019876     0.157021  -0.00057884   -0.0739955   -0.0417318  -0.00511574     0.046734    0.0441124
   0.0402867    0.0321364    0.0412682   -0.0596053   0.00265295    -0.164445    0.0548468      0.11029
   0.0541912    -0.112958   -0.0335239    0.0424568    0.0245194   -0.0910247    0.0611903   -0.0376374
   0.0472378  -0.00166654   0.00985973   -0.0109953   -0.0453004    -0.065624    0.0280088    0.0272685
    0.013044     0.120677   -0.0131142   -0.0663672   -0.0185407      0.11276  -0.00752536     0.062983
  -0.0150236    0.0562955    0.0118975    0.0696704   -0.0146833    0.0172678   -0.0171737    0.0293635
 -0.00540942   -0.0281019  0.000342574   -0.0725412    0.0733564   0.00325181   -0.0209916    0.0371303
   0.0414817    -0.053284    0.0498474   -0.0265229    0.0207813   -0.0949674     0.103572    0.0621794
  -0.0652322     0.033566    0.0656942   -0.0187929     0.111043   -0.0375562    0.0810214   -0.0581877
  -0.0132042   -0.0602833   -0.0508564    0.0517739    0.0125593    -0.108166   -0.0172571    0.0153643
    0.112004    0.0485927   -0.0105373   -0.0399966    0.0919716   -0.0905544    0.0508434     0.111911
   0.0765895    0.0584079   -0.0601063   -0.0503792     0.026305   -0.0451575    0.0268497    0.0657033
  -0.0481995     0.178396   -0.0450816   -0.0888827   -0.0633004    0.0478049    -0.040845     0.137811
   0.0416038    0.0400291   0.00841742    -0.100248    -0.105029    0.0657191    -0.110015    0.0663645
    0.185356    0.0605654      0.12907    -0.234003   0.00676326   -0.0685998     0.100056     0.228304
  -0.0419238    0.0266938    -0.070941   0.00729533  -0.00964406   -0.0384616   -0.0643857    -0.130662
  -0.0542238    0.0989038   -0.0239844   -0.0155549   -0.0823237    0.0338415    -0.012621    0.0590376
  -0.0567462     0.207341   -0.0861853   -0.0158621   -0.0310307    0.0332735   -0.0289774    0.0444539
   -0.142776    0.0995908   -0.0696967    0.0743143    0.0774564     0.127548   -0.0442998    -0.137866
   0.0606958     0.100444    0.0448211   -0.0411456   -0.0224441    0.0843342   -0.0478988    0.0506314
   0.0799173    0.0187839   -0.0554722   -0.0615999    0.0337103    -0.040345    0.0554558     0.113393
   -0.111077   -0.0704794  -0.00660395    0.0771678     0.036886   -0.0199157    0.0141179   -0.0550683
  -0.0146532     0.113248    0.0487407   -0.0154776   -0.0673866     0.125814    -0.134403   -0.0387565
 -0.00568357    0.0992124  -0.00144066    0.0648228      0.14417     0.130304   -0.0314001   -0.0211254
   0.0633019    -0.195278    -0.108715   -0.0367201    0.0485723    -0.188001     0.137433   -0.0182281
   -0.191462     0.382764     -0.11837     0.115623   -0.0279746     0.282111    0.0220767    0.0630284
-0.000162584    -0.242201    -0.124349    0.0641542    0.0717178  -0.00728197   -0.0569346   -0.0724491
   0.0361341     0.186997       -0.031  -0.00403619   0.00132202  3.68316e-05    0.0510177     0.209984
    0.021708   -0.0559063   -0.0301894    0.0056483    0.0374449    0.0552204    0.0341112   -0.0428476
   -0.136364    -0.016789   -0.0389496    0.0682625    0.0561817   -0.0150427   -0.0135463    -0.037268
   -0.115863    -0.018755   -0.0498646    -0.034031    0.0241644   -0.0679659    0.0405796    0.0350003
   -0.130119    0.0900255    0.0517768    -0.024126   -0.0795313   -0.0322907   -0.0194321   -0.0894568
  -0.0348414   -0.0291158   -0.0528916   -0.0254008   -0.0229278   -0.0775619    0.0697616      0.06948
   0.0786164    -0.161436    -0.029326    0.0914942     0.079335   -0.0342757   -0.0533136   -0.0632016
   0.0556952    -0.111531    0.0643121    0.0100299   -0.0339007   -0.0277499    -0.115026   -0.0815526
   0.0410502   -0.0151151   -0.0131101  -0.00387192   -0.0212642   -0.0406471    0.0517122    0.0492559
   0.0271103     0.033417   -0.0682321   -0.0380528    -0.080538    0.0697435   -0.0773763      0.12078
  -0.0957197     0.149692    -0.109212   -0.0446199    -0.138321     0.186094    0.0400181    0.0284713
   -0.128844    0.0603132   -0.0309806    0.0956874    0.0540645     0.123989   -0.0378122   -0.0218486
  -0.0538677     0.116376   0.00142275    0.0745209   -0.0146776      0.14303    -0.064764   -0.0709342
   0.0977404    -0.149068  -0.00802868   -0.0401163   -0.0280782    -0.037269   -0.0447493   -0.0408279
   -0.185634     0.156166  -0.00897868    0.0590291    0.0796113     0.102726    -0.114617  -0.00601497
  -0.0418321    0.0580234   -0.0925098     0.011855   -0.0228371   -0.0267561    0.0364614    0.0550441
 -0.00603942    0.0818948    0.0147955    0.0702092     0.125201    0.0159783   -0.0194649    -0.075183
  -0.0586749   -0.0897555   -0.0113536   -0.0386934   0.00649826  -0.00553341   0.00816077    -0.020905
   -0.122011    0.0157562    0.0100362    0.0212194    0.0194408    0.0565025    0.0464959   -0.0813569
   0.0323214    0.0548404    0.0451582    0.0658863     0.100573    0.0234886   -0.0141043   -0.0688317
  0.00558505     0.167619    0.0698067    0.0182067   -0.0286017    0.0826346   -0.0684036  -0.00695531
  -0.0145137   -0.0303528   -0.0229234    0.0394632     0.108722   -0.0524129     0.100686   -0.0571996
   0.0309591    -0.133745    0.0431833     0.012391   0.00391822    -0.127506   -0.0510216    0.0610285
   0.0938844    -0.227769    0.0763508     0.119165    0.0862452    -0.028027   -0.0146091    -0.123133
   0.0769433     -0.12076    0.0515364    0.0254007   -0.0281664   -0.0245115   -0.0177814   -0.0316977
  -0.0248207   -0.0155105   -0.0407658    0.0630078    0.0643793     0.051996    0.0373979   -0.0384725
  0.00108958     0.112877     0.033713    -0.197324   0.00166058   -0.0260122  -0.00163321     0.123047
     0.01047    -0.283079    0.0352503    0.0628027    0.0719049    -0.155603    0.0647197     0.014563
  -0.0780381   -0.0585136   -0.0406077    0.0269085    0.0139903     0.063421    0.0200039     -0.08224
    0.133979    -0.193143    0.0188091   -0.0210834    0.0480852    -0.118528   0.00172049    -0.037153
    0.165366    -0.248676    0.0382548   -0.0941266  6.07967e-06    -0.246906     0.199047     0.117446
   -0.111968     0.287502     0.049785   -0.0858809   -0.0315402     0.100703   -0.0752166   -0.0672181
  0.00789443   -0.0653798    0.0408433   -0.0654853   0.00835597   -0.0506332   -0.0236023    0.0104637
  -0.0297653    0.0166521  -0.00653904    0.0136688    0.0278592    0.0296642   -0.0217008   -0.0179483
   0.0576202    0.0535963  0.000970374    0.0331355    0.0280461   -0.0360679    0.0571911    0.0317272
   0.0197016    -0.115869    0.0242571    0.0168229    0.0769908   -0.0247269    0.0824597    0.0457812
   -0.066613    0.0157976   -0.0375463    0.0602773    0.0576063    0.0261034   -0.0694017   -0.0269528
  -0.0583998     0.105079    -0.093587   -0.0571303    0.0505814   0.00782323     0.055201    0.0659285
  -0.0951432     0.142365    -0.124322    0.0918052    0.0906134  -0.00641618   -0.0277831   -0.0103693
  -0.0165846   -0.0796694  -0.00981338    0.0125908    0.0473962    -0.073615    0.0410735   -0.0354319
   0.0049878    -0.139573    -0.103308    -0.024952  -0.00314116   -0.0554563   0.00210451     0.103963
  0.00395455     0.258567    -0.135989    -0.182975  -0.00142464    0.0181309    0.0786709     0.262936
  0.00717784   -0.0261564    0.0177193    0.0531537   -0.0178161   -0.0128636   -0.0419721   -0.0176881
   -0.029706     0.141575    -0.107001    0.0228887   -0.0840216     0.053886   -0.0256032    0.0179729
  -0.0181812   -0.0140275   -0.0878765    0.0262698    0.0203483  -0.00633091    0.0624981    0.0256368
  -0.0878118      0.15011    -0.130457    -0.113918     0.129274    -0.140113     0.112425     0.116044
 -0.00589339   -0.0135506   -0.0828735  -0.00130828   -0.0606757    0.0288663   -0.0303092    0.0612672
  -0.0261799    -0.162627   -0.0341923     0.107448     0.126771    -0.083625    0.0539938   -0.0696458
 -0.00395457   -0.0399508    0.0681045    0.0322524   -0.0505573    0.0503371    0.0439902    0.0756672
    0.106381   -0.0105268     0.120171    -0.069338    -0.068765     0.010636   -0.0455003    0.0101119
   -0.183963    0.0737982   -0.0966255   0.00315877     0.127898   -0.0398621  -0.00961365   -0.0124886
  -0.0527089     0.237869    0.0220377    0.0460745   -0.0376665     0.294346    -0.034031    0.0513359
   0.0199067     0.130446    0.0234117   -0.0553225    -0.120565     0.031133    0.0234848     0.106535
   0.0811977   -0.0354649     0.022303    0.0128434    0.0367555   -0.0166701   -0.0476737   -0.0225207
    -0.21797     0.136086   -0.0762491    0.0426967   -0.0166506    0.0650677    0.0741717   -0.0111198
  -0.0565547     0.107947   -0.0175563    0.0926109    0.0833833    0.0920556    0.0294493   0.00529273
  -0.0185127   -0.0862374   0.00851358    0.0569896   -0.0399691   -0.0898808    -0.026302     0.107232
   -0.010752    0.0293096    0.0284082   -0.0550882     0.114343   -0.0688389   0.00799585    0.0293527
    0.124228    -0.244786  -0.00242208   -0.0666703   -0.0614058   -0.0880335    0.0142346    0.0965649
   0.0243817    0.0151958   -0.0343264   -0.0831856   -0.0902381   -0.0329909   -0.0222281    0.0795453
    0.037114   -0.0792428    0.0457609   -0.0482024   -0.0350178     0.114773  -0.00243984    0.0361753
   -0.188842     0.103896    0.0383948    0.0216662   -0.0374827    0.0830476   -0.0604494   -0.0649781
   0.0484905     -0.12042    0.0491562    0.0328296    0.0304958   -0.0862844   -0.0545012   -0.0579104
   0.0181893    0.0358509     0.019398    0.0117166    -0.055255    0.0277883   -0.0604798   0.00214108
   0.0398451    -0.109106   -0.0193652    0.0260768     0.025034   -0.0369613    0.0435965   -0.0542922
  -0.0202084    0.0394808   -0.0621875      0.12281    0.0617186     0.152594   -0.0586699   -0.0687384
   0.0496785     0.046657   -0.0430502  0.000211551   0.00427539    0.0622483   -0.0415757   -0.0441888
  -0.0325004     0.262524    0.0223959    -0.106573    -0.123707     0.149586  -0.00331009    0.0859892
  -0.0478724   -0.0159918   -0.0323315  -0.00186017   -0.0453838    0.0654419   -0.0346265     0.074219
   0.0392972  -0.00580879    0.0113307   -0.0796505     -0.12774    0.0521786    0.0285796    0.0437139
  -0.0734911    0.0321673 -0.000817309  -0.00775917   -0.0368313   -0.0595476    -0.034132    0.0435418
   0.0789151     0.107074  -0.00580345   -0.0318732   -0.0387564    0.0198656   -0.0149292    0.0336258
   0.0974117    0.0907512    0.0355269   0.00135385   -0.0311936     0.129788    0.0489575     0.202816
   0.0994097    -0.188749   -0.0106246    0.0343243    0.0894127   -0.0614576    0.0277746   -0.0790498
  0.00452216   -0.0161953    0.0425554  -0.00180677  0.000667254   -0.0577854   -0.0223284   0.00709056
   0.0552674    -0.125776    0.0712228    0.0200665  0.000864864    0.0817925    0.0058747   -0.0156789
   -0.216104     0.345473   -0.0508327    0.0258079   -0.0463911      0.22045    -0.112214   -0.0230969
   0.0286554     0.100876  -0.00197594   -0.0557123   -0.0422993     0.038215    0.0174833     0.103311
   0.0357048    0.0236956   -0.0425696   -0.0584469   0.00460325    0.0102254    0.0735729    -0.029565
  -0.0808487   -0.0227927   -0.0395665   -0.0177282    -0.015851    0.0133916    0.0205867   -0.0382389
  -0.0805524     0.144676    -0.049868   0.00989053   -0.0480011    0.0158622    0.0232414    0.0771067
  -0.0617477    0.0594904   -0.0472083    -0.113136  -0.00868205     -0.08594    -0.054668    0.0566973
   0.0146164    -0.194824   -0.0073096    0.0465194    0.0295121   -0.0852772   0.00555538   -0.0180423
   0.0391259    -0.115534   -0.0280322   -0.0426495   -0.0619427   -0.0641642   -0.0254214   -0.0359767
  0.00979243    -0.105981   -0.0360505    0.0197529  -0.00328094    -0.143367    0.0623416    -0.017565
   0.0430918    0.0291438   -0.0356975    0.0666382    0.0179899    0.0362145   -0.0273454    0.0576002
   0.0417556   -0.0746491    0.0275264   -0.0329746   -0.0303997    0.0429854     0.060595   -0.0399228
    0.068569   -0.0381865   -0.0598669   -0.0842873    0.0673539   -0.0147783    0.0748561   0.00616034
   -0.185873     0.308201   -0.0605892   -0.0477999   -0.0461253     0.148489   -0.0633358     0.092682
   -0.160219    0.0554721    -0.122047   0.00227042   -0.0324093    0.0737867   -0.0406798   -0.0329468
  -0.0595263     0.219163   -0.0713765    -0.147932   -0.0498198   -0.0144705     0.142142     0.234318
   -0.128499    0.0809859   0.00601676    0.0227277    0.0185135     0.118331     -0.14278    -0.108245
    0.180174    -0.150206   -0.0225751   -0.0113868    0.0762215    -0.115077    0.0640838    0.0697874
    0.122561     0.117208     0.056007     0.144702    0.0720534     0.157071  -0.00964941   0.00665229
    0.046609    0.0458562  -0.00986947   -0.0355655   -0.0053532    0.0217781   -0.0202137    0.0379791
   -0.174897      0.18001    -0.100172    0.0937607    0.0532531     0.110885   -0.0734463    0.0429604
   -0.104687     0.197055   -0.0248742    0.0254899    -0.023428     0.123088    0.0213849    0.0628249
  -0.0289111    0.0136221   0.00857312  -0.00177646    0.0400288    0.0685875    -0.005173  -0.00336279
   -0.127614     0.196713   -0.0654451    0.0346475    -0.149526     0.146809    0.0209577   -0.0685128
    -0.11409    0.0490987   -0.0347096    0.0325373    0.0585457    0.0653582   -0.0612308    -0.188864
   0.0920496    -0.110191   -0.0159733   -0.0413425    0.0157454   0.00624192   -0.0273129    -0.131197
   0.0444908    0.0401312   -0.0137377     0.105024    0.0043534    0.0829332   0.00158082    0.0711406
   0.0891333   -0.0160169    0.0785043  -0.00933717   0.00608321    0.0434931    0.0429865    0.0538727
   -0.060963   -0.0861691    0.0397712    0.0200589    0.0205401    0.0676821   -0.0228956    -0.201264
   0.0522736    -0.140413    0.0306011   -0.0600707   -0.0310989   -0.0607034   -0.0186979   -0.0272628
    0.151074   -0.0875786    0.0152174   -0.0674902    0.0244605   -0.0919689    0.0245886    0.0936418
   0.0575981     0.186084   0.00362036    -0.187235    -0.156565     0.124624    0.0177178     0.194918
    0.118656     -0.10714   -0.0442219   -0.0128481  -0.00173748    -0.110146  -0.00456871    0.0630055
    0.117467    0.0403096    0.0461157   -0.0104263   -0.0197007     0.137227   -0.0637485    0.0514419
  -0.0260541      0.12214   -0.0333205   -0.0179105    0.0292986    0.0214296     -0.01334     0.113113
    0.131465  -0.00411978     0.194025     -0.13236    0.0181929   -0.0241429   -0.0607105  -0.00799042
   0.0858689    -0.206441    0.0197544    0.0196598  -0.00693788   -0.0171815   -0.0117012   -0.0914349
  -0.0479925     0.219916   -0.0647166   -0.0309909   -0.0978645    0.0267186    0.0624606     0.148926
  0.00288986    0.0173029   -0.0701957   -0.0542429   -0.0565358    0.0327176    0.0434572   -0.0457978
   0.0996756     0.113926     0.120846   -0.0815926    -0.100026     0.114345   -0.0818878      0.11485
  -0.0485621    -0.113662   -0.0544335    0.0601582   0.00678825   -0.0863641    0.0510806    -0.139959
   0.0426015    0.0401422   -0.0190369   -0.0852192    0.0881324    0.0540925   -0.0034116    0.0538579
   -0.231537     0.267177    -0.015672     0.208744  -0.00796765     0.269208    -0.167284    -0.156043
   0.0132369   -0.0406594   -0.0662831   -0.0887286   -0.0758608    -0.033721    0.0747814     0.108805
   -0.133848    0.0144342    -0.120383     0.015167     0.039597   -0.0203466    0.0366297   -0.0133204
   0.0490556     0.204242    0.0663604   -0.0590505   -0.0887196   -0.0116205    0.0031207     0.154656
   0.0241564    0.0323964   -0.0209023   -0.0903267    -0.032534     -0.03393    0.0536476    0.0917623
  -0.0470828     0.127337   -0.0719857   -0.0385038   0.00313496  -0.00560569    0.0051104    0.0221108
   -0.205016     0.351786   -0.0790324    0.0796005   -0.0156375     0.181986   -0.0794145   0.00896007
   -0.136292     0.108134     0.112574    0.0301716    0.0421535     0.220662    -0.105858    -0.293803
  -0.0771164    0.0303805   -0.0636762   -0.0437955   -0.0385788   -0.0122407    0.0326335  -0.00556039
 -0.00780928    0.0428168   -0.0528674    -0.128308   -0.0993342   -0.0322654    0.0139391    0.0594536
   0.0113909   -0.0272056    0.0678861  -0.00519778   -0.0408891    0.0188144    0.0289894    0.0453791
   0.0829383    -0.219686   -0.0344557    0.0704446     0.139639   -0.0607236    0.0176494   -0.0836205
  -0.0102836     0.112767  0.000954146    0.0119277   -0.0272014     0.148979   -0.0898327    -0.082567
  -0.0831978     0.253346   -0.0897825 -2.41266e-05   -0.0160396      0.17413   -0.0524893   -0.0405731
   0.0018191   -0.0452087   -0.0581461    0.0807602   -0.0901783    0.0785474   -0.0041836    -0.122176
  0.00540605    0.0769569   -0.0239454 -0.000244731    0.0168487     0.217885   -0.0615837    -0.050628
  -0.0106448    -0.116398    0.0330144   -0.0586553    -0.026084   -0.0537914  -0.00119251    0.0809633
   0.0509831   -0.0256334    0.0445154   0.00275367   -0.0280503   -0.0670217   -0.0297181   -0.0140332
   0.0413232    -0.122194    0.0397269     0.015716   0.00783335    -0.131524    0.0629851    0.0119228
   -0.030598    0.0468024   -0.0147693    0.0791571    0.0571764   -0.0282103   -0.0182077   -0.0650714
   0.0863465    -0.272388    0.0265491    0.0357688     0.109466     0.027041    -0.033041    -0.108211
   -0.162072     0.124031   -0.0953559     0.134423    0.0527919     0.136316   -0.0798012   -0.0114895
     0.07322   -0.0375337    0.0659327   0.00101232    0.0906359  -0.00930664    -0.026451    -0.157505
  -0.0699646   -0.0542158   -0.0079127    0.0705531     0.151307   -0.0536058   -0.0498087    -0.141903
    0.107228   -0.0435266   0.00531414    -0.113724    0.0829454    -0.248442     0.214767     0.105726
   0.0985445    0.0328666     0.015042   -0.0518824  -0.00826099    0.0105316   -0.0091489    0.0992802
  0.00714087    -0.101641   -0.0582294    0.0282778    0.0104195    -0.012459   0.00127438    0.0452232
   -0.065033    0.0672709   -0.0666502    0.0142566    0.0197737    0.0659792    0.0537523    -0.053189
    0.149776     0.220603     0.104924    -0.124907    -0.100628     0.101547   -0.0315176    0.0287649
   0.0722404   -0.0934947   -0.0767031     0.135935      0.09326   -0.0563533   0.00069971    -0.116977
    0.124785    -0.170887    0.0773735  -0.00671918    0.0528452    -0.105454   -0.0488591     0.077784
 -0.00300254    0.0443991    -0.105775   -0.0794658   -0.0549995     0.026998     0.101207     0.107379
     0.14121    -0.167507    0.0295044    0.0499112     0.167408    -0.116202     0.107585   -0.0693206
   0.0545255     0.057722    0.0200313   -0.0349809    -0.103032   -0.0303378    0.0164166     0.101815
  -0.0646483    0.0346637  -0.00315753    0.0557434    0.0570973     0.052912   -0.0189246   -0.0318892
    0.104377     0.168172    -0.032721    -0.149912    -0.144962    0.0118086    0.0284628     0.156789
  -0.0495534    0.0555781    0.0255115   -0.0462043    0.0316439    0.0225998   -0.0753901   -0.0658979
  -0.0101866    -0.145657     0.024477    0.0390315     0.120107    -0.130964   -0.0104678    -0.047469
   0.0231869   -0.0654968 -0.000341953    0.0228483   -0.0407194   -0.0345453   -0.0689425   0.00831434
   0.0109267    -0.165696    0.0348031     0.132189     0.104733    -0.147152   0.00332752   -0.0403925
   0.0542022    0.0815187    0.0251814    -0.168859   -0.0823131   -0.0228693    0.0407463     0.154087
  -0.0527198     0.054971   -0.0940257    0.0134062    0.0943006     0.142698   -0.0577961   -0.0122404
  -0.0636222     0.292084   -0.0864616   -0.0431933   -0.0144101    0.0107175    0.0531944    0.0956503
   0.0472757   -0.0718016   -0.0402767      0.13999    0.0862157    0.0144499   -0.0628685   -0.0862068
  -0.0461041    -0.016504    0.0110466   -0.0266065    0.0255604    0.0512164   -0.0109084    0.0116538
  -0.0116594     0.160036   -0.0238429    -0.113213    -0.108247     0.130333     -0.07145     0.166002
  0.00298807    -0.156149   -0.0148169    0.0997114    0.0111959   -0.0130884   -0.0287229   -0.0522028
  0.00507596   -0.0369943   -0.0328319    0.0101609    0.0577804   -0.0406662      0.01729   -0.0189209
  -0.0924764     0.196932   -0.0485147   0.00206852    0.0377035    0.0236774   -0.0666811   -0.0574914
   0.0455425  -0.00656157   -0.0328097   -0.0713279   -0.0019949   -0.0162018    0.0480323   -0.0203043
   0.0379853   -0.0203387    0.0278408    0.0278253    0.0275005   -0.0221047    0.0719959    0.0638524
   -0.124339     0.144301    -0.125066     0.107204    0.0573268     0.149941  -0.00287514  -0.00570436
   -0.119004     0.111706   -0.0630141    0.0317732   -0.0119614  0.000374928     0.050025    -0.102996
 -0.00718613      0.14301    0.0306353   -0.0599163    -0.105876     0.153939   -0.0397516    0.0401262
  -0.0576139     0.174238   -0.0578009    -0.114237    0.0115968   -0.0889827    0.0436595     0.121266
  -0.0932916    0.0564984   -0.0129899    0.0421591    -0.003622    0.0586224    0.0147659   -0.0646164
    0.100096   -0.0213554    0.0895293   -0.0651541    0.0199865    0.0476931   -0.0364524   -0.0218741
   0.0620537    -0.207793    0.0930832   -0.0187856    0.0541908   -0.0926568   -0.0236496    -0.059743
     0.07096   0.00785118     0.032103   -0.0800488  -0.00848013    0.0167561    0.0558273  -0.00648209
   0.0756033  -0.00872883   -0.0149484   -0.0180826    0.0507253   -0.0366456   -0.0419721    0.0774347
   0.0601727     0.116559   -0.0824275    0.0586187     0.024109    0.0330812   -0.0494542    0.0030145
     0.02147   -0.0916411   -0.0212299   -0.0647018   -0.0845672   -0.0591099   -0.0679182   -0.0849408
   0.0462478   -0.0700914     0.012647  -0.00987126   0.00034051   -0.0575699     0.125972    0.0180103
  0.00306975    0.0777925   -0.0428283     -0.02584   -0.0518664   -0.0669771    0.0253658    0.0578903
   0.0255419     -0.20235     0.049194    0.0700843    0.0563104    -0.111387    0.0516424    -0.151187
  -0.0454552    -0.086388   -0.0355637     0.051828    0.0127152   -0.0321075   -0.0443609   -0.0867354
  0.00882038   -0.0328571    0.0310372     0.081062   0.00502651     -0.05055    0.0275805   -0.0610558
  -0.0217784    0.0633841    0.0394337   -0.0746569   -0.0758553    0.0400389   -0.0404813   -0.0179456
   0.0099109   -0.0910947   -0.0583492     0.116352  0.000997004    0.0167489    0.0416459   -0.0734214
   0.0783444   -0.0339795   -0.0233711    0.0752189   -0.0121862   -0.0702911   -0.0535452   -0.0791471
   0.0159376     0.013967   -0.0258952    0.0890665     0.027749     0.079603   0.00809297    0.0413181
  -0.0136178     0.280224   -0.0639595   -0.0201678   -0.0951795     0.118241    0.0393174     0.158465
   0.0405556   -0.0780041    0.0077115    0.0427664    0.0738717   -0.0917351    -0.058707    0.0348732
   0.0589196   -0.0386783    0.0402891   -0.0898809  -0.00120225   0.00745665    0.0795029     0.107444
   -0.135244     0.154914    0.0161153    0.0549358   -0.0309655     0.185123    -0.146612    0.0477464
  -0.0248404     0.202335   -0.0708087   -0.0310199   -0.0791513    0.0451201   -0.0469289    0.0595909
  -0.0870744     0.262649    -0.127463    0.0557199   -0.0398085     0.215749   -0.0174965   -0.0329938
   0.0345514   -0.0283605   -0.0950209   -0.0445208     0.028419   -0.0695414    0.0116731    0.0350557
   0.0063918   -0.0722738   0.00765988    0.0307088    0.0941564   -0.0390247    0.0641329   -0.0190798
   0.0861131  0.000848658   -0.0476358    0.0782979    0.0183379  -0.00337501   0.00607322   -0.0410179
   0.0665754    -0.123216   -0.0239657    0.0581018    0.0995879   -0.0429141     0.104447   -0.0418505
  -0.0457672    0.0499297    0.0339064   -0.0617632   -0.0146269   -0.0259974    0.0254237    0.0963157
     0.01507    0.0876501   -0.0673107    0.0716414    0.0639956    0.0535466  -0.00969136    0.0625248
  0.00770479   -0.0224568     -0.11058    0.0133517   -0.0428412    0.0160789    0.0578371    0.0873374
   0.0433126    0.0235827   -0.0465584     0.178357    0.0568554     0.150706    -0.126202    -0.126072
    0.166362    0.0131063     0.138887    -0.114804    -0.161698    0.0889397   -0.0473727    0.0867948
  -0.0863052    0.0893667    0.0174148   -0.0605841    -0.150974    0.0426279    0.0154588     0.110323
   0.0852448   -0.0241888   -0.0820945     -0.12007 -0.000680131    0.0103467    0.0599051    0.0855032
   0.0417122    -0.201663    0.0405356     0.121803    0.0478478    0.0164912   -0.0396764   -0.0582509
  -0.0869804   -0.0310532   -0.0689987    0.0288291    0.0167943    0.0473584    0.0234972     0.114807
     -0.0946    0.0196457   -0.0483786    0.0687253   -0.0254685    0.0671238   -0.0337897   -0.0194049
   0.0213392    0.0690642  -0.00482869   -0.0704739   0.00247986    -0.103775     0.101392     0.122674
   0.0536197      -0.1098    0.0201755    0.0891477    0.0343188    0.0503407    0.0256391    0.0641945
    0.040554    -0.102698   -0.0334425    0.0977571     0.129146   -0.0820016    0.0481403     0.015598
  -0.0879214    -0.053682   -0.0439974    0.0121062    0.0301584     -0.10928     0.101259    0.0508015
   0.0807905    -0.172914   -0.0593941    0.0167739    0.0969302     -0.18835    0.0597418    0.0493325
  -0.0471497   -0.0921307   -0.0493195  -0.00995795    0.0121213    -0.138615     0.102114    0.0398183
   0.0491847   -0.0643362   -0.0339909   -0.0524988    0.0396697   -0.0174377   0.00649498    0.0788596
   0.0461035     0.129107   -0.0171403   -0.0159987   -0.0448238    0.0959005    0.0268989    0.0225097
   0.0602539    -0.208011    0.0180917    0.0394008     0.048031   -0.0906004  -0.00586679   -0.0850518
   0.0543468    0.0553415   -0.0398703   -0.0851978    0.0381136   -0.0367887    0.0944153     0.139334
  0.00520027    0.0450198   -0.0334239   -0.0514247   -0.0812632   -0.0373737   -0.0405896    0.0187401
   0.0693363   -0.0676619    0.0705606   -0.0636351   -0.0775012    0.0200259   -0.0424584     0.129787
   0.0543136    -0.102502    0.0555982   -0.0303263    0.0422551   -0.0332679   -0.0344723    0.0387725
   0.0259811   -0.0763753    -0.100126     0.051788     0.124312    -0.104561     0.141606    0.0121206
   0.0737707   -0.0957414  -0.00430331    0.0627183    0.0610889   -0.0713859    0.0208747    0.0279158
   -0.141276     0.431106    -0.059885   0.00780636    -0.114895     0.224858   -0.0214735   -0.0208883
   0.0325827  0.000749876   0.00424341   -0.0345518    0.0207405   -0.0625056   -0.0431398   -0.0562888
  0.00217962     0.149026    0.0726046   -0.0544192   0.00490137    0.0582404   -0.0512544    0.0867394
   -0.173831     0.245024    0.0212961   -0.0625868   -0.0453684    0.0673201  -0.00177022   -0.0210806
  0.00990094     0.079542    -0.020962   -0.0962524    0.0382485    0.0900198 -0.000746562  -0.00743267
    0.176132    -0.205079  -0.00953809   -0.0545861   -0.0102783   -0.0848783     0.039471   -0.0316299
  -0.0645434     0.143738   -0.0528365   -0.0819927   0.00757837   -0.0193309    0.0891895    0.0819547
   0.0114696    0.0766511  -0.00650388   -0.0114022   -0.0532546   -0.0176587    0.0736443      0.11759
   -0.155771     0.259525    -0.116123    0.0378319   -0.0501009    0.0521108    0.0183059      0.17234
  -0.0925683      0.10487   -0.0481801    0.0283638   0.00511765    0.0106614    0.0939076   -0.0391072
   -0.015835    0.0387181   -0.0464568   -0.0332553     0.053128   -0.0351254    0.0714921     0.120574
   0.0640664    0.0145929    0.0163985   -0.0583159   -0.0649305    -0.124803     0.129804    0.0777865
   0.0883482   0.00287585 -0.000128452    0.0487535    0.0463407   -0.0252433   0.00766261    0.0380151
  -0.0398563   -0.0145332   -0.0696299    0.0160654      0.10242   -0.0442312    0.0884598   0.00412294
   0.0883351    -0.067112   -0.0381805   -0.0166643    0.0385582   -0.0056675   -0.0416574   -0.0343304
  -0.0467984     0.104053   -0.0184015   -0.0274155   -0.0573136   -0.0455418    0.0881418     0.127808
   0.0258814   -0.0179697    0.0382222    0.0251428    0.0731407     0.103332    -0.038498   -0.0646343
   0.0469749    -0.131742  -0.00260418     0.046077    0.0395617    0.0474254   -0.0536489   0.00299485
  -0.0694514      0.20764   -0.0457377     -0.10156    -0.121321    0.0707014    -0.091888  -0.00741697
   -0.027812     0.322532   -0.0197148   -0.0141717   -0.0942984     0.224632    -0.097245    0.0690345
   0.0404869    0.0185283    -0.020529   -0.0669514   -0.0396589    -0.052808     0.137254     0.237427
 -0.00811695     0.113354  -0.00543404    0.0261415   -0.0339255   0.00282268    0.0383038    0.0496702
   0.0408923   -0.0066685    0.0470278    -0.022844    -0.111943    0.0126324    0.0095024    0.0614806
   0.0178698    -0.188603   0.00103861   0.00228203    0.0759227   -0.0297335    0.0335635    -0.101062
  -0.0302982   -0.0754176   0.00128737   -0.0611996     0.104423   -0.0907486    0.0182081    0.0430511
   0.0209875   -0.0886232    0.0589793    0.0856225  -0.00740299    -0.037126   -0.0949825   -0.0770009
  -0.0223514     0.208171   -0.0490065   -0.0770667   -0.0124012    0.0409598    0.0679851       0.1293
    0.117095    -0.191187   0.00629677    0.0797992     0.148384    -0.179777     0.033437   -0.0170182
  -0.0028057   0.00761579   -0.0233574   -0.0921453    0.0158169    -0.174405     0.185209     0.129993
   -0.110581    0.0449162   -0.0689365      0.10214     0.115499    0.0759288  -0.00466043    -0.029457
  -0.0492809     0.258496   -0.0143289   -0.0490692   -0.0234566    0.0838853    0.0946138    0.0810315
   -0.102897     0.120602    0.0726875 -0.000213907   -0.0269076     0.158154   -0.0900557   -0.0117536
 -0.00132922    0.0659969   -0.0245022   -0.0621525     -0.12807    0.0563315   -0.0951578   0.00429757
   0.0518865   -0.0258881    0.0202149   -0.0752066   -0.0340131    -0.149034    0.0545916      0.15291
   0.0509848   -0.0615129    0.0799456   -0.0540999   -0.0356583  -0.00556948    0.0331766   0.00767268
   0.0885481    -0.231228   0.00334155    0.0127982   0.00273137    -0.159694    0.0379017   -0.0707817
  -0.0493563     0.041726    0.0211785    -0.022741   -0.0329131     0.101059   -0.0330524    0.0583963
   -0.121286     0.103008    -0.159084    0.0294097      0.11476    0.0299763    0.0505948   -0.0531231
-0.000834844    0.0712323   -0.0116961    -0.115481    -0.122795    0.0443513   -0.0282855    0.0879707
   0.0220383     0.118574   0.00143371   -0.0415192   -0.0417077   -0.0423509     0.103844     0.112099
   0.0971876    0.0293589   0.00371231   -0.0318812    -0.028496   -0.0637038    0.0298393     0.117374
    0.023164    0.0656987    0.0307644     0.128039    0.0136523    0.0707621    0.0402623    0.0280063
  -0.0295326    -0.143354    0.0152223    0.0910973    0.0144499   -0.0235679   0.00687986   -0.0895336
   0.0486235     0.175493    0.0633574    -0.179406    -0.046745    0.0351963     0.051511     0.175225
   0.0277333    0.0142067   -0.0480877   -0.0585225    -0.014444    -0.045129    0.0309895    -0.047641
   0.0405448    0.0133636    0.0321586   -0.0384281    -0.104628    0.0729381    -0.097414   -0.0333919
    0.181258     0.184343    0.0670862    -0.261441   -0.0333149   0.00934055    0.0373202    0.0799836
  -0.0267673    0.0257143    -0.116125   -0.0353681   -0.0619249    0.0670816  -0.00877706   -0.0126678
   0.0207786   0.00690475   -0.0460179   -0.0148362     0.026243    0.0193887    0.0319939    -0.108256
  -0.0021699    0.0698016   0.00514582   -0.0357296    -0.106442    0.0536858    0.0898089    0.0710093
  -0.0105447    -0.183506   -0.0486187    0.0932746    0.0836254   -0.0975376    0.0791271 -0.000778283
   -0.041126    0.0952978   -0.0637154   -0.0278609   -0.0739193   -0.0111799    0.0881725    0.0942498
    0.123912   -0.0791448    -0.032572   -0.0549433   -0.0127602    -0.102269    0.0792552     0.120007
   0.0214191  -0.00271267    0.0829677   -0.0215611   -0.0471872    -0.055954   -0.0983108   -0.0432442
  -0.0348446   -0.0915424  -0.00749651    0.0367381   -0.0307829   -0.0612189   -0.0197071    -0.042089
  -0.0281559     -0.10914  -0.00786824  -0.00648153   0.00563745   -0.0773004    0.0268251     0.136236
   0.0172118   -0.0806323    0.0216306   -0.0738858    0.0111925   -0.0184149    0.0123575   0.00292722
    0.109954   -0.0284932    0.0456671    -0.155536    0.0595488   -0.0481026   0.00599971     0.148814
   0.0118006    0.0247363    -0.033517    0.0947398    0.0092533     0.041253   0.00476108   -0.0445405
  -0.0146443    0.0352169   -0.0237364   -0.0477626   -0.0777706  -0.00797826   -0.0285924    0.0724346
    0.105945   -0.0893187    0.0127559   -0.0873642   -0.0256662    0.0330828   0.00735967    0.0634019
  0.00790184    0.0389909   -0.0723213   -0.0734108    0.0646845    0.0273521   -0.0149639    0.0147186
   -0.182843     0.155218   -0.0361668     0.113278    0.0361162     0.136624   -0.0509616    -0.102737
   0.0180142    0.0921704   0.00549628    -0.023563   -0.0120848  -0.00186997    0.0253334    0.0390204
   0.0774147    -0.215307   0.00132042    0.0469107    0.0367393   -0.0602663   0.00879769     0.054566
   0.0225286     0.266676    -0.025255   -0.0839602   -0.0955981       0.0825    0.0419846    0.0918076
    0.133825    -0.093562  -0.00688514    0.0139409    0.0447603    -0.120153    0.0151864    0.0912619
   0.0614653   -0.0981369    -0.110938    0.0449833   -0.0171395   -0.0607123     0.144728     0.174015
   0.0210742    0.0925747    0.0252716   -0.0528496   -0.0844291  -0.00665998    0.0230996    0.0983235
  -0.0192275     0.163409   -0.0328459    -0.127396   -0.0676517    0.0523711     0.034385     0.106363
  -0.0542994   -0.0625597     0.107634     0.019278     -0.12685  -0.00423639   -0.0373789    0.0751915
  -0.0256404   -0.0425611   0.00317813   -0.0123361    0.0484064    -0.108773    0.0199331   -0.0044094
   0.0922832   -0.0738049   -0.0840883      0.05814   -0.0164414   -0.0845064    0.0366049   0.00675066
   0.0836359    -0.182529     0.011531  -0.00134047    0.0315699   -0.0947318    0.0566011    0.0308734
   0.0146316   -0.0928477     0.040941    0.0392237    0.0112546   -0.0655619   -0.0612928   -0.0641539
    0.093176    0.0318004   -0.0411566   -0.0698802    0.0280924   -0.0241012     0.036132  -0.00848241
   0.0438537    0.0365731   -0.0445361   -0.0368751   -0.0387203   -0.0045314    0.0249236    0.0814057
  -0.0254471    -0.151869   -0.0861486     0.134098      0.16561    0.0264052   0.00397988   -0.0904948
   0.0536272   -0.0573626    0.0652921    -0.110889   -0.0062713    0.0257186   -0.0616808   -0.0132214
   0.0440165   -0.0331344    0.0137447   -0.0691388   -0.0594853   -0.0164692   -0.0737345    0.0890303
  -0.0947087     0.134409   -0.0416747    0.0403544 -0.000938002   -0.0749534     0.148959    0.0393615
     0.12855    -0.110113    0.0549394   0.00233708   -0.0802575    -0.116523   -0.0109518  -0.00819382
  -0.0227796   -0.0153995    0.0363685    0.0597126    0.0746338    -0.108498    0.0468546    -0.085283
    0.020412    0.0618945     0.016994    0.0204066   0.00253065   0.00136191   0.00456924    0.0914457
   -0.100042     0.220375   -0.0357679     0.020705   -0.0260156     0.129378    -0.043334  -0.00369878
   0.0115459   -0.0343009   -0.0222447       0.0353     0.119198    -0.125798     0.143181   -0.0228854
  -0.0349464     0.079047     -0.11728    0.0862201    0.0634316   -0.0515248    0.0460715   -0.0132221
  -0.0271435     0.031351   -0.0932561    0.0316513    0.0938752    0.0762553     0.105917    0.0785938
  -0.0542804    0.0577496    -0.017501    0.0583456   -0.0095827  -0.00759678   -0.0142988   -0.0617573
  -0.0640515      0.10318    0.0108881    0.0141375   -0.0479194     0.080543   0.00632347   -0.0239931
   0.0934693   -0.0260297      0.06913   -0.0619952    0.0177035 -0.000517396   -0.0668006   -0.0311338
   0.0695956    0.0473443    0.0195913    -0.014951    0.0823439    0.0167976    0.0160546   -0.0369579
   -0.143174    0.0972513   -0.0271313 -0.000402725    -0.045504   -0.0440508   -0.0265429    0.0570836
    0.109785   -0.0829856   -0.0209157    0.0300381   0.00821503    -0.119839    0.0794181    0.0568318
   0.0457194    -0.046424    0.0116306    0.0112863    0.0305134   -0.0403952   -0.0594245   -0.0530285
  -0.0428862    0.0589136   -0.0769822   0.00245498   0.00603897   -0.0252615   -0.0245712    0.0340516
   -0.120904     0.319433    0.0253856    -0.039366    -0.087051      0.26883   -0.0529902     0.105715
    -0.13386     0.109595    -0.107816    0.0069554    -0.104126     0.060288    -0.018334    0.0188632
 -0.00765315     0.061588   -0.0952405  -0.00329742   -0.0142769   -0.0276582    0.0940552     0.176885
   -0.147816    -0.058647   -0.0701925    0.0208433    0.0762251   0.00874306    0.0421425   -0.0375805
  -0.0386367    0.0509947    0.0476969    0.0607095    0.0207257    0.0988708   -0.0580189   -0.0916259
 -0.00926732     0.192719   -0.0357702    -0.102255   -0.0773323    -0.017378   -0.0100504     0.151332
    0.066322    0.0354058     0.146427    -0.104522   -0.0556005     0.115641    -0.184104   0.00739287
   -0.127514    0.0869773   -0.0464586    0.0791089    0.0756499    0.0471416   -0.0143666   -0.0832518
 -0.00204405   -0.0419231     0.099347   -0.0361116   -0.0693955   -0.0283119   -0.0221517     0.103834
  -0.0273482     0.179123   -0.0432366    -0.132728  -0.00623074   0.00770086    -0.042256    0.0964355
  0.00243578   -0.0866223    0.0167457    0.0888109   0.00955488    -0.115431    0.0344937  -0.00917822
  -0.0763444     0.193321    -0.147885    0.0243039   0.00941274     0.224415   -0.0894906   -0.0423284
  -0.0277723    -0.135708   0.00457942     0.144703     0.114751   -0.0541874    0.0458396    -0.196292
   -0.034522     0.148948   -0.0598077   -0.0321673   -0.0621485    0.0909139   -0.0707489   0.00290215
   0.0446616     0.107801   -0.0722231   -0.0404755   -0.0741026    -0.166672     0.120548     0.148698
    0.115744     0.133782   -0.0497078    -0.190098    -0.132016   -0.0535494     0.116479     0.136905
 -0.00208236   -0.0561482    0.0180658   -0.0831705  -0.00274958    0.0505775   -0.0233614     0.027405
    0.052107     0.097721    0.0585921   -0.0254373   -0.0168028  -0.00328721    0.0463503    0.0519442
    0.039917   -0.0829771    0.0238625   -0.0678173    0.0238223    0.0360572   -0.0130097    0.0980017
 -0.00958035   -0.0758292     0.040141   0.00299955    0.0771526   -0.0628076    0.0802587   -0.0233056
 -0.00815779   0.00748186   0.00812487   -0.0499678   0.00974048  -0.00408107    0.0530356     0.146801
  -0.0155971   -0.0892479   -0.0623277      0.11294    0.0693157   -0.0448537    0.0314276   -0.0704639
    0.161505    -0.170983    0.0395047    -0.110403    0.0665639    0.0177284    0.0175564   -0.0250012
    0.150936   -0.0351888     0.111791    -0.141049    -0.114067    0.0140094    0.0161928    0.0317947
    0.284034    -0.026859      0.19703    -0.197322    -0.156282    0.0558758   -0.0137878    0.0668837
   -0.135769     0.283366  -0.00263654   -0.0225068    0.0384347     0.183619    -0.104288   -0.0532316
   0.0592064    -0.127841    0.0118695    0.0415598   -0.0415952   -0.0106666   -0.0363235   -0.0112927
  -0.0795444    0.0964422   -0.0558814   -0.0124102    0.0211472    0.0625046    0.0863916   -0.0327502
   0.0110168   -0.0528455   -0.0142135    0.0062655   -0.0426374   0.00210586    0.0197091   -0.0363558
  -0.0205819    0.0395916     0.052708    0.0101447   -0.0269064   -0.0545229  -0.00866299    0.0720529
    0.142103    0.0800105    0.0337025   -0.0291231    0.0166531    -0.136762    0.0852289     0.163043
   0.0679313     0.157783   -0.0423581    0.0251408   -0.0549332     0.121662    -0.060169    0.0427572
  -0.0372952  -0.00247653   -0.0819951     0.092494     0.026238    0.0510544   -0.0435452    -0.119913
  -0.0752909    0.0766943   -0.0883505    0.0339066     0.043097     0.142333    0.0267028   -0.0322232
    0.104984    -0.188856   0.00686737    0.0802394     0.085933   -0.0744248   -0.0559774   -0.0121502
  -0.0690083   0.00707592    0.0237358   -0.0420465   -0.0776842  -0.00614228   -0.0367761   -0.0572163
   -0.141703    0.0847829   -0.0370014    0.0247079   -0.0276645    0.0346858    -0.104428   -0.0359128
   0.0691385   -0.0631077   -0.0528549   -0.0178943   -0.0831724   -0.0364041    -0.023045    -0.045308
 0.000452068     -0.11798    -0.062441     0.158776    0.0150614    -0.130266      0.05032   -0.0295573
  -0.0277403    -0.114788  -0.00956578    0.0357028    0.0946824   -0.0495445   0.00111986   0.00140278
   0.0287013     0.139295  -0.00926073   -0.0898411    0.0188066   -0.0788285    0.0230108    0.0999739
  -0.0695862     0.258531    -0.152792    0.0708013    -0.021286    0.0207641    0.0623931     0.113214
    -0.11795   -0.0140048   -0.0908915    0.0252098   -0.0212504   -0.0287734    0.0112981    0.0528469
   -0.064926    0.0174021    0.0485154   -0.0796283     0.053878   -0.0283384   -0.0425098   -0.0498607
   0.0266201      0.01137   -0.0405088    -0.122339    0.0620397   -0.0869695    0.0566958    0.0701678
   0.0405865    0.0446439   0.00753123    0.0039806    0.0620864   -0.0276545   -0.0660809   -0.0569962
  -0.0344101   -0.0379652   -0.0969674   -0.0324833    0.0493742   -0.0379516   -0.0490256    0.0321654
    -0.11868     0.206342   -0.0621042     0.114334    0.0310607     0.173148   -0.0133483   -0.0831502
   -0.159556    0.0883512    -0.077157     0.111207    0.0086173      0.03354   -0.0928402     -0.18256
     0.14933    0.0442797    0.0334398    -0.100536   -0.0442048    -0.130412    0.0980428     0.220023
   0.0433029   0.00616009   -0.0761537    0.0625558    0.0787246   -0.0985953      0.13333    0.0313429
   0.0822655    -0.189729    0.0753533   -0.0562814    0.0189663    -0.106987    0.0710342   -0.0492082
    0.113732    -0.113885   -0.0377257  -0.00147988    0.0231838   -0.0277113   -0.0333876  -0.00758041
   0.0161883    0.0730911    0.0444275    -0.075345    -0.104915    0.0476935    0.0592187    0.0988415
   0.0772862    -0.010931      0.16451  -0.00146659   -0.0219773    0.0996979   -0.0503574   -0.0335244
   0.0365923   0.00683574    0.0669685   -0.0165372    0.0360483   -0.0225763    0.0174649    0.0359125
   -0.132241     0.198401   -0.0108073    0.0432762    0.0325981    0.0407593   -0.0196136  -0.00457291
   0.0977733    0.0742191    0.0344974   -0.0282895    0.0583957   -0.0506562   -0.0250511    0.0405512
   0.0374763    0.0840727    -0.066599    0.0392607   -0.0321254    -0.119181     0.107947    0.0990779
 -0.00683437     0.224627    0.0212363   -0.0360953   -0.0461773     0.118612   0.00582459     0.117479
   0.0173802   -0.0707345    0.0758331   -0.0962457   -0.0463149 -0.000517736   -0.0252562   -0.0124672
   0.0356391    0.0229743    0.0168609   -0.0197211   -0.0302229   -0.0393899     0.101276     0.133076
  -0.0192843     0.283555    0.0291339   -0.0749163   -0.0908124     0.087918    0.0558422     0.146407
   0.0343498    0.0830725  -0.00734949    0.0204315    0.0710545   -0.0529751   0.00442233    0.0257684
   0.0253195   -0.0425419     0.087329    0.0415919   -0.0469905   -0.0448853 -9.21808e-05   -0.0106435
  0.00900932     0.177941    0.0057305   -0.0771216   -0.0748117     0.126233   -0.0699259    0.0238499
  -0.0346848     0.298151   -0.0571032   -0.0158889    -0.112488    0.0935289     0.112803     0.225717
    0.077114     0.128995   -0.0053089   -0.0279569    0.0368758    0.0110074    0.0536644    0.0257111
   0.0855951   -0.0022841   -0.0510519   -0.0513444  -0.00611685   -0.0386232    0.0397728    0.0841893
  -0.0128041    0.0452619   0.00744841   -0.0805896   -0.0633059     0.107656   -0.0641817  -0.00600318
   0.0704559    -0.214107   -0.0333107    0.0919879     0.102617   -0.0592875    0.0329944  -0.00846191
  -0.0445106   -0.0165253    0.0398779     0.081535   -0.0045816    0.0419161   0.00730395   -0.0101379
   -0.227076     0.260789   -0.0679795    0.0764488 -0.000491697     0.240149   -0.0437068    -0.153583
   0.0980737    -0.129678     0.110626   -0.0123968    0.0295337     0.087413    -0.158828    -0.115877
  -0.0254285      0.09899    0.0709762    0.0647296   -0.0642384     0.083357   -0.0832231   -0.0503444
  -0.0437537     0.099233  0.000678725   -0.0108982    -0.026736   -0.0133154   -0.0806707   0.00727387
   0.0283662    -0.120868   -0.0612802    0.0521309    0.0482703   -0.0276462    -0.045967   -0.0171748
   -0.103413    -0.105934  0.000987942    0.0853939     0.128733    0.0382627   -0.0375561   -0.0989022
  -0.0697361    0.0795923    0.0170702    0.0821045   -0.0152519     0.117641   0.00849749   -0.0607978
  -0.0570614     0.166218   -0.0234474   -0.0747601  0.000978647   -0.0426253   -0.0600065     0.118367
  -0.0280882   -0.0552295    0.0127885    0.0140916   0.00175766  -0.00851768    0.0393591   -0.0294369
   0.0270713    -0.051805  -0.00504884    0.0564241   -0.0340727    0.0209513    0.0611814    0.0897985
   -0.150886    0.0738713    -0.105481   0.00959785     0.129244    -0.167178    0.0583101     0.125717
    0.130881   -0.0961952    -0.024267   -0.0186587    0.0352101   -0.0283502    0.0685589   -0.0250914
     -0.1615     0.193798   -0.0914482    0.0919049    0.0371989     0.137677   -0.0800997    -0.101284
   0.0709928     0.115754  -0.00123888    -0.125001   -0.0580642    0.0374288     0.101751     0.130963
   0.0529994   -0.0741935   -0.0505906    0.0800506    0.0379178   -0.0771495  -0.00357519    0.0313368
   -0.157239     0.044794    0.0331345     0.021344   -0.0396298    0.0672675   -0.0427281   -0.0731271
  -0.0934141     0.120092    0.0122772    0.0105444   -0.0519131     0.136887    -0.094195   -0.0160036
    0.155135    -0.124441    0.0903163    -0.138543   -0.0664116      0.01225  -0.00663426     0.109827
   0.0931594    -0.140589    0.0519322   -0.0345358   -0.0226549    -0.104447    0.0610462  8.21764e-05
    0.171437    -0.180604   -0.0102016  -0.00678876    0.0741744   -0.0246555    0.0549325    0.0299956
  -0.0879085     0.115153   -0.0313049    0.0978534    0.0380079    0.0585345   -0.0135267   -0.0489453
   0.0485912    -0.179575   0.00613624   -0.0798702    0.0380423    -0.132075    0.0812474  -0.00077773
    0.131686   -0.0810981    0.0186928    -0.126577    0.0462561   -0.0544277   0.00938919     0.156863
   0.0665473    0.0272252   -0.0650054  -0.00917638   0.00521117    0.0202449    0.0722889     0.119442
   -0.143898     0.208237    0.0428429    0.0993015    -0.034875      0.12848   -0.0413342   -0.0747327
   0.0877872    -0.191493    -0.064182   -0.0600848   -0.0078148    -0.230597     0.126867    0.0793033
  -0.0155677  -0.00885226   0.00608408   -0.0617647     0.112532    -0.101163    0.0487318    0.0304229
   0.0643491   -0.0539878    0.0386076    -0.105645  -0.00109712     -0.12038    0.0524322    0.0361206
   0.0580426   -0.0340578    0.0145646   -0.0480599   -0.0446301   -0.0722803   -0.0493016     0.179977
   0.0551474     0.122734    -0.021715    0.0302326    0.0224487    0.0853066 -0.000339871     0.116431
  0.00759933    -0.069989   -0.0570352   -0.0276783    0.0442925    -0.050909    0.0193878    0.0186859
   0.0314882   -0.0663638     0.084711   -0.0798505    0.0112662   -0.0302129    0.0477088    0.0930608
  -0.0308345     0.124484    0.0138472    0.0189839    0.0298235    0.0412889  -0.00390405   -0.0782617
  -0.0609807     0.100387   -0.0834732   0.00931213    0.0299507    -0.024739    0.0195499    0.0434247
  0.00273679     0.211967   -0.0628786  -0.00791697 -0.000518275    0.0957652   -0.0199791    0.0399212
  -0.0723233    0.0132866    0.0277806    0.0984812   0.00167499    0.0475429    0.0461162    0.0577611
  0.00238463   -0.0910141   -0.0464147    0.0894278     0.102521   -0.0515392    0.0910277    0.0103091
    -0.10164   -0.0656329     -0.16916      0.22229    0.0929549    0.0471276   -0.0462395   -0.0565869
  -0.0331633    0.0104657   -0.0384945   -0.0492859    0.0735674   -0.0634892   -0.0194511    0.0240418
  -0.0457008   -0.0166027     -0.01957  -0.00963048   -0.0478886    0.0217122  -0.00913396    -0.042596
 -0.00720086    0.0467294   -0.0304201   -0.0653093     0.099064    -0.101571     0.161364     0.132254
   0.0739113    0.0313981    0.0788982   -0.0580537    0.0109777   -0.0821555   0.00389934    0.0998792
    0.081382   -0.0175092    -0.016022  -0.00616547    0.0539405    0.0145546   -0.0133279    0.0580715
   0.0921967   -0.0266276    0.0724111   -0.0569399   -0.0517942    0.0673024   -0.0379932   -0.0178617
 0.000299751    0.0942798    -0.107535     0.121488    0.0415965    0.0219763   -0.0197426   -0.0176575
   0.0411056    0.0732441    0.0186877   -0.0273485   -0.0359865   -0.0593094    0.0460399     0.016132
   0.0648305    -0.058081    0.0612955   -0.0030849   -0.0104149   -0.0610091   -0.0462965    -0.148108
  -0.0301083     0.194923   -0.0205067    0.0118794    0.0202803    0.0995103    -0.115803    0.0126931
  -0.0142692   -0.0084214   -0.0567389   -0.0457554  -0.00748815   -0.0519127    0.0680297    0.0812828
  -0.0447149    0.0110323   -0.0837584     0.105095     0.145726    0.0017783   0.00604158   -0.0880264