    0.069877   -0.0149246    0.0490882   -0.0508121
   0.0712996    -0.023522    0.0707442   -0.0785603
   0.0581658    0.0804748    0.0244882   -0.0371813
    0.047672    0.0485652    0.0637862   -0.0404375
   0.0135829   0.00943259   -0.0339367    0.0250542
   -0.061141    0.0788945   -0.0290074    0.0128025
  -0.0759001   -0.0519995   -0.0263231    0.0721572
   0.0313918    0.0522278     0.110445    -0.106551
  -0.0212483    -0.031821    0.0190245    0.0263284
 -0.00864638    0.0194968    0.0134626  -0.00707503
 -0.00209912   -0.0536246    -0.019449    0.0211106
  -0.0602492    0.0196391   0.00218468    0.0578874
 -0.00765117    0.0329528    0.0390397    0.0474823
  0.00757606   -0.0267093  -0.00659984  6.42708e-05
  -0.0254667    0.0221943   -0.0235142    -0.123802
  -0.0155996    0.0977256   -0.0288058    0.0971647
  -0.0325248    -0.014598    0.0193733   -0.0142649
  -0.0621862   -0.0302045   -0.0648152    0.0483171
   0.0634137    0.0323335  -0.00602604   0.00808893
 -0.00795498    0.0254872    0.0400216   -0.0202406
   0.0193765   -0.0173836   -0.0351421   0.00888733
  0.00305685   -0.0330884     0.030431    0.0831079
  -0.0142051   -0.0192812   -0.0111695   -0.0312621
  -0.0372955     0.029085    0.0209161    0.0774062
   0.0125543    0.0743478    0.0754378  -0.00302953
  0.00333009   -0.0510322    0.0297633   -0.0241756
  -0.0357056 -0.000876794   -0.0331264    0.0306966
  -0.0603602  -0.00983272    -0.032627      0.01664
  -0.0663162   -0.0313458  -0.00267308     0.123025
   0.0451493    0.0689851   -0.0426574    0.0393562
  -0.0949135   -0.0475138   -0.0255614     0.100588
   -0.120519   0.00841019   -0.0265863    0.0365307
  -0.0370964   -0.0492521    0.0659462   -0.0818709
   0.0200915  -0.00854191   -0.0518416  -0.00948423
  0.00459946   -0.0727537   -0.0375593     0.052263
   0.0183215    0.0230947    0.0348541   -0.0326344
  -0.0708519   -0.0355075   -0.0021189    0.0295047
  -0.0258462   -0.0385695    0.0178792    0.0367903
   0.0621794     -0.03035   -0.0339632   -0.0310637
    -0.07257   -0.0584229    0.0895806   -0.0704829
   0.0432187    0.0241626    0.0606843    0.0174089
   0.0273177   -0.0188469   0.00972545    -0.121356
  -0.0267785   0.00960148   -0.0553002     0.102855
   0.0772083   -0.0115356     0.065626   -0.0756073
  0.00276038  -0.00603489    0.0707112   -0.0724933
  -0.0269893     0.035117    0.0348893    0.0500405
  -0.0473564    0.0134638     0.103829    0.0330123
  -0.0208137    0.0153734     0.015209    0.0855108
   0.0360037   -0.0482974    0.0381609    0.0215601
  -0.0387867    0.0201496    -0.048265    0.0338647
    0.054992  -0.00203131    0.0528602   -0.0688357
   0.0756102   -0.0280464   -0.0140829   -0.0722277
  -0.0594248    0.0855182   -0.0177271   -0.0802403
   0.0174379   -0.0814954    0.0280185    0.0309516
  -0.0138251   -0.0660883   -0.0694322    0.0795372
   0.0158253    0.0158684    0.0645798   -0.0969064
  0.00774918   0.00713666   -0.0348282    -0.021807
   0.0494861    -0.038544   0.00368801    -0.052579
   0.0135299    -0.101206   -0.0879737    0.0441322
   0.0143652    0.0149539    0.0653745   -0.0355097
 0.000567355   -0.0157807  -0.00667781    0.0324959
  -0.0194464   0.00313666    0.0487691   -0.0709924
   0.0376897    -0.022733   -0.0311182    0.0230473
  -0.0581378   0.00884657    0.0118297   -0.0373181
  -0.0224851    0.0166297    0.0351256   -0.0198235
  -0.0652019    0.0490319  -0.00417805    0.0203799
  -0.0312869   0.00127667   0.00587546    0.0213886
  -0.0166927  -0.00155831   -0.0276144   -0.0882202
 -0.00143689  -0.00571147   0.00389763   -0.0686053
   0.0257181    0.0555888    0.0552728    0.0362884
   0.0413753   -0.0376691    0.0885121   -0.0824673
    0.135923    0.0803552    0.0209256    -0.112895
  -0.0769707   -0.0156302    -0.037776    0.0912308
   0.0443377  -0.00364463    0.0315263   -0.0692247
  -0.0271629   -0.0122332    0.0623396    0.0850769
  -0.0847213    0.0623093     0.039002     0.021593
  -0.0413272   -0.0167917    -0.015326     -0.06647
  -0.0428477   -0.0739909    0.0245154     0.082424
   0.0127513  -0.00715918   0.00881265  -0.00835574
  0.00921339    0.0440227   -0.0626931    0.0785793
  -0.0522483     0.082525    -0.023342    0.0310311
  -0.0870503   0.00810015   -0.0564961    0.0799749
  -0.0432137    0.0938473    0.0161206    0.0452392
   0.0211307    0.0196649   -0.0151241   -0.0925986
  -0.0592202    -0.104036   -0.0897806   0.00366019
   0.0775598     0.103875    0.0357629   -0.0393109
   0.0176288    0.0176384   -0.0120363   -0.0264723
  -0.0429563  -0.00815793   -0.0178507    0.0538942
  -0.0463755    0.0436722     0.050191    0.0631567
  -0.0731702    0.0539068   0.00199446   -0.0860753
  -0.0913056    -0.053678   -0.0206399    0.0659354
  -0.0472563    0.0362386   0.00209048    0.0342842
   0.0309996    0.0251834     0.111748    -0.133393
   0.0297842    0.0800686     0.051594    0.0338317
  -0.0462464   -0.0558931    0.0690483   -0.0369557
  -0.0956313   -0.0558202  -0.00132735    0.0871163
   0.0741775    0.0059066    0.0851164   -0.0952861
  -0.0506176   -0.0379891   0.00014458    -0.060573
    -0.03155    0.0231922     0.119075     0.022757
 -0.00232628    0.0395237    0.0379429    0.0859204
  -0.0271534    0.0582733   -0.0256594    0.0655409
    -0.10206    0.0190413    0.0138939     0.059544
   0.0165504    0.0353725    0.0599167    -0.038043
  -0.0535281   -0.0527338   -0.0452758    0.0958133
   0.0453603    0.0248305   0.00138603    0.0590701
  -0.0398301    0.0706037    0.0881158   -0.0494683
  -0.0223879   -0.0137352   -0.0275922    0.0854265
      0.0326    0.0597192     0.030687    0.0253959
   0.0150483       0.1193    0.0797984     -0.11782
  -0.0431567    0.0149704    0.0680717   -0.0257586
   0.0477532   -0.0203874     0.020557    0.0257965
   -0.022724   -0.0345204    0.0149898    0.0125903
  -0.0438549   -0.0282895    0.0202821   -0.0146076
  -0.0438243  -0.00394518    -0.043958    -0.018695
   0.0157292   -0.0722322   -0.0768883     0.089806
   0.0221027   -0.0307971    0.0413834    0.0041882
  -0.0147389  -0.00525637    0.0795054   -0.0922382
   0.0502827    0.0399658   -0.0102999  -0.00801918
  -0.0329456   -0.0620916  -0.00486723    -0.070097
  -0.0410867    0.0826112    0.0179084    0.0545203
  -0.0576136    0.0405984   0.00555291   -0.0321863
  -0.0371852    0.0430604     0.102556    0.0010481
  0.00894636   0.00669248    0.0392366    0.0414164
 -0.00570909  -0.00835709    0.0166652  -0.00710004
    0.023689    -0.030915    0.0577087   -0.0622242
   0.0169643    0.0287934    0.0594086    0.0245371
   0.0887621   -0.0617803     0.034316    -0.122041
  -0.0227058    -0.138004   -0.0404343   -0.0513692
    -0.14027   0.00601203  -0.00980106    0.0180336
  -0.0510263   -0.0407546  -0.00570717   -0.0208034
  -0.0127598    0.0697584   -0.0344875   -0.0580647
     0.12378    0.0686508  -0.00958048   -0.0556042
   0.0126048     0.047599   -0.0287326   -0.0117495
   0.0337595    0.0511759   -0.0433905  0.000605828
  -0.0486153    0.0246851    0.0349885    0.0298077
   -0.104515   -0.0056417    0.0256112     0.039123
  -0.0639855    -0.011404    0.0988609    -0.082447
   0.0192059    0.0869585    0.0698566    0.0238502
   -0.031262  -0.00567152    0.0055569   -0.0170457
 -0.00190188   -0.0956588    0.0114901   -0.0442122
   0.0597117    0.0823764    0.0634832     0.066809
   0.0363917   -0.0154781    0.0979768   -0.0963237
 -0.00110921    0.0611974   0.00706803     0.075615
  -0.0136665    0.0474002    0.0315785   -0.0639618
  -0.0192968   -0.0571819   -0.0938536    0.0447852
   0.0426397   -0.0364823     0.058563    0.0140777
   0.0371369   -0.0605529     -0.03784     0.031925
   0.0393057    0.0331766    0.0556579    0.0468576
   0.0215274      0.02952   -0.0206416    0.0201742
   0.0939013    0.0313249   -0.0111855    -0.027644
  -0.0627417   0.00977202   -0.0221226    0.0401892
   0.0101918   -0.0189652    0.0493244   -0.0665053
 -0.00932291    0.0864421  -0.00860709   -0.0773075
   0.0883491   -0.0224776  -0.00211473     -0.06664
   0.0292952    0.0283488   -0.0415189   0.00235608
    0.110474   -0.0277317    0.0459717    0.0225862
   0.0349933   -0.0595395   -0.0394997    0.0743809
  -0.0584862    -0.063626    0.0215981   -0.0211313
   0.0381452   -0.0340886   -0.0597738    0.0227304
    0.108191    0.0297485    0.0302379   -0.0761165
    0.101224   -0.0604029     -0.08179   -0.0263104
    0.106134  -0.00864792 -0.000787238   -0.0676795
  0.00846198  -0.00990795    0.0958805   -0.0566229
   -0.051697   -0.0422369   -0.0223961    -0.026953
   0.0469601   -0.0603767   -0.0971322    0.0309216
   0.0194993   -0.0497497    0.0519716    0.0122139
  -0.0027916    0.0357196     0.104996   -0.0570029
   0.0551185    0.0362765  -0.00865986   -0.0989298
   0.0207357    0.0728375    0.0611007   -0.0512827
   0.0537409   -0.0277812   -0.0290881   -0.0914616
   -0.108177     0.012609    0.0759692   -0.0182567
     0.10505    0.0401884    0.0437242   -0.0123184
   0.0197483    -0.051844    0.0642439    -0.075103
   0.0425777   -0.0452632   -0.0254485  -0.00186359
  -0.0342591   -0.0322569      -0.0166   -0.0238151
  -0.0503998   -0.0373457   -0.0648604     0.116409
   0.0482481   -0.0380576   -0.0196017   0.00529146
  -0.0601501     -0.00329    0.0860973   -0.0914045
   0.0183638    0.0315417    0.0683711   -0.0187348
  -0.0189011    0.0508421    0.0382753   0.00110393
   0.0335518     -0.06063    0.0659766    0.0279937
  0.00252393    0.0418256    0.0257262   -0.0443721
   0.0279446   -0.0463918   -0.0355162    0.0706215
  -0.0501135    0.0952646     0.092185   -0.0875657
 1.59957e-05   -0.0234994    0.0239429   -0.0166006
  -0.0127667   -0.0412583    0.0462611  -0.00108268
    0.060834   0.00419048    0.0601986   -0.0692528
  -0.0219049   -0.0253943    0.0688612   -0.0563983
  0.00635546   -0.0592222  -0.00620274    -0.016876
  -0.0350463    0.0205262    0.0276544    0.0328743
   0.0544059    0.0745217    -0.023787    0.0219747
  -0.0545094   -0.0357254  -0.00562891   -0.0302477
  0.00874365   -0.0460503    0.0101189    0.0861293
  0.00873992   -0.0465831   -0.0367764   -0.0631764
  -0.0797703    0.0179958    0.0165677    0.0163072
  -0.0364621    0.0213814    0.0657339  -0.00919453
   0.0255912  -0.00741407   -0.0524644   -0.0818455
  -0.0344102    0.0245991   -0.0227358  -0.00973265
   -0.142195   -0.0199431   -0.0392035    0.0585807
   -0.016612   0.00808458    0.0573139    0.0190423
   0.0168936   -0.0024731    0.0175334    -0.017149
  -0.0310299    0.0272008    0.0624018    0.0470337
 0.000932654    0.0520017   -0.0403392   -0.0483347
   -0.097831   -0.0487532   -0.0316801    0.0768104
  -0.0507927    0.0761135  -0.00133753   -0.0497041
   0.0532564   -0.0186479    0.0103333    0.0110442
  0.00422146    0.0235162   0.00407903    0.0609444
      0.0442    0.0603326    0.0159465    0.0453209
 -0.00921363    0.0130957   -0.0666863    0.0561963
   0.0124098    0.0209701    0.0321327   -0.0648575
   0.0706952    0.0730489     0.107816    -0.120842
  -0.0526061    0.0766264     0.106356   -0.0175569
   0.0664473    0.0359862  -0.00283122    0.0997147
   -0.103292    0.0692047   -0.0123204   -0.0194606
   0.0135809    0.0627463    0.0600188    0.0435804
   0.0498993    0.0520444   -0.0723573    -0.006664
 -0.00378042    0.0378431    0.0445584    -0.084288
  -0.0277995    -0.010176   -0.0161687    0.0640889
  -0.0181005   -0.0879437    0.0317356    0.0598807
   0.0111999    0.0620448   -0.0333254    0.0867225
 -0.00716372     0.056106  -0.00747039    0.0361802
   0.0350753   -0.0610703   -0.0631224    0.0347074
    0.079329    0.0209714    0.0108537   -0.0436976
  -0.0457134    0.0458693   -0.0569483     0.114288
  -0.0597157    0.0187092  -0.00087349     0.104106
  -0.0369226   0.00313117   -0.0606087    0.0546569
   0.0114918   -0.0501426   -0.0648798   -0.0545849
 -0.00348475     0.102309    0.0175283    -0.102996
  -0.0269071   -0.0649579  -0.00642559   -0.0490762
  -0.0947765   -0.0766263   -0.0392671    0.0278479
  -0.0306974   -0.0690143   -0.0663424    0.0357703
    0.019754   -0.0175669    0.0133169    0.0353674
  -0.0276605    0.0262407    0.0411649    0.0519217
  -0.0278091    0.0664285  -0.00748686    0.0544124
   0.0985437    0.0307328   -0.0211837    -0.107563
  -0.0251853    0.0226313    -0.058665    0.0611502
  -0.0514744   -0.0477449    0.0351364  -0.00516386
  -0.0235021    0.0390322    0.0371941    0.0482657
  0.00475539   -0.0136421   -0.0079723    0.0350246
  -0.0324602    0.0030217   0.00808881    0.0570449
   0.0237779    0.0728937  -0.00160047   -0.0636973
  -0.0245492   -0.0816491    0.0124078   -0.0547791
  -0.0277186    0.0250546    0.0212482    0.0563912
  -0.0887332   -0.0231942    0.0331835    0.0483456
  -0.0378451    0.0371071   -0.0181078    0.0480279
 -0.00732633    -0.042736 -0.000266275    0.0743464
   -0.123582   -0.0138752    0.0325694  -0.00722704
  -0.0121114   0.00702375   0.00548563    0.0529989
   0.0151137    0.0423065   -0.0378759   -0.0538421
  -0.0779394   0.00315973    0.0227269   -0.0478479
    -0.03654   -0.0469007   -0.0231441    0.0824077
  -0.0182947   -0.0356707    0.0172319    -0.103575
   0.0868682  -0.00429682 -0.000293675    0.0197493
   0.0547567    0.0662354    0.0184077    -0.120589
   0.0851323   -0.0168581  -0.00592032    0.0509681
  -0.0783265   -0.0591425    0.0870634   -0.0451435
  -0.0185543   -0.0326642   -0.0295554    0.0636012
    0.047527    0.0368716    0.0271438   -0.0213971
   0.0357564    0.0752767    0.0194822   -0.0110565
   0.0558401   -0.0275499  -0.00460932    0.0738276
  -0.0225474    0.0562001    0.0958746   -0.0240222
  -0.0219392   0.00423949     -0.01076  -0.00727987
 -0.00186068    0.0948955    0.0603635   -0.0170701
  -0.0411153    0.0302208    0.0679968     -0.07196
 -0.00801285   0.00966762     0.113985   -0.0134191
   0.0503178    0.0909335   -0.0419584   0.00902134
  -0.0274879    0.0073706    0.0488136   -0.0172979
   0.0620008   -0.0664139     0.047134    -0.110703
  -0.0516049   -0.0477006   -0.0215308   -0.0419301
   0.0636737   -0.0243999   0.00431067   -0.0148907
   -0.176319   0.00274372   -0.0914762    0.0955298
   0.0180085  -0.00862105    0.0259215    -0.047697
   -0.071082   -0.0178019    0.0104386   -0.0200889
  -0.0775624    0.0245893   -0.0192336    0.0180582
   0.0102522    0.0113305   -0.0238232   -0.0626101
 -0.00347798     0.018965  -0.00526291  -0.00300289
    0.108593     0.055636    0.0803965    -0.130741
    0.104509     0.109906    0.0427765  -0.00413499
  -0.0231699    0.0784128    0.0524926    0.0303558
  -0.0370617    0.0494799   -0.0312184   -0.0324781
   0.0333759   -0.0360073   -0.0464043   0.00811214
    0.052928   -0.0593715   -0.0082904   -0.0661757
  0.00420842   -0.0890057   -0.0379295  -0.00935315
  0.00838872    0.0591944    0.0601103   -0.0551414
 -0.00721226    0.0514234   0.00178554   -0.0601636
  -0.0254708    0.0182766   -0.0555425    0.0354874
    0.041963     0.115977    0.0785974   -0.0366235
   0.0383229    0.0982307    0.0706864   -0.0765485
    0.037591  -0.00691771    0.0590241   -0.0422856
  -0.0161541    0.0706165   -0.0481725   -0.0185817
   0.0507059    0.0133405    0.0686211   -0.0831977
  -0.0835209   -0.0219674    0.0394348   -0.0219802
  -0.0139855   -0.0283955   -0.0138854   -0.0325643
  0.00200089   -0.0508769   -0.0215709    0.0527942
   -0.010522   -0.0701338    0.0178267   -0.0175201
   0.0212928   -0.0387085  -0.00107856   -0.0386506
  0.00572644   -0.0792434    0.0159102   -0.0464601
   0.0554679   -0.0644466   -0.0103432   -0.0410099
   -0.094943    -0.080717    0.0581717    0.0113092
   0.0888587     0.014593    0.0361408    0.0141539
   0.0217042   0.00710816   -0.0213868   -0.0227775
   -0.025715   -0.0557155   -0.0524526    0.0205944
 -0.00181263   -0.0156169   -0.0420118      -0.0712
  -0.0362544   -0.0556167   -0.0686596   0.00303694
   0.0206017    0.0463351   0.00899522    0.0103275
   -0.067083    0.0114713   -0.0336548  0.000204588
    0.017999   -0.0119603  -0.00469338    0.0894072
   0.0856066    0.0380804  -0.00287248    -0.123366
  -0.0299793   -0.0138786    0.0326479    0.0330566
  -0.0166825    0.0139972   -0.0224313    0.0178216
 0.000481363   -0.0176997   -0.0485283    0.0393169
  0.00939803    0.0166009   -0.0489341   -0.0229121
   0.0341522    0.0499602    0.0192342    0.0651611
  -0.0544812    0.0478725    0.0779699    0.0490187
  -0.0506367  -0.00151757    0.0101844    0.0844351
  -0.0263015  -0.00204345   -0.0440753   -0.0688952
   0.0524122   -0.0586338   -0.0246009   -0.0716389
  -0.0284467   -0.0170157   -0.0130444   -0.0261806
  0.00641884    0.0656473   -0.0336294    0.0158825
  0.00318724     0.010864    0.0476368    0.0380296
   0.0665109   -0.0591921    0.0366782   -0.0658121
  -0.0189007    -0.118512    0.0716599   -0.0374849
  -0.0604429   -0.0176981     0.008431    0.0708051
  -0.0753772   -0.0409729   -0.0530943    0.0581074
   -0.101527    -0.109619  -0.00183721   -0.0301297
   -0.123664   -0.0173248  -0.00165186    0.0170932
   0.0535605  -0.00673002   0.00811317   -0.0493109
     0.02382   -0.0511483    0.0023882     0.032004
   0.0484769   0.00441512   -0.0203726    0.0575215
  -0.0737206   0.00478394   -0.0198178   -0.0611374
  0.00333613     0.036559    0.0324473   -0.0633917
  -0.0114039   -0.0268636     0.060302   -0.0680284
  -0.0323004  -0.00894556   -0.0275252    0.0182329
  -0.0650281  0.000466868   0.00574333   -0.0014653
   0.0300145      0.02425   -0.0402953    -0.029984
   0.0525232   -0.0317094    0.0142179    0.0278779
  -0.0408581    0.0201563    0.0293672    0.0383063
   0.0378897   -0.0382958   0.00471521    0.0140937
   -0.031623   -0.0516351    0.0132676    0.0486152
  -0.0493174   -0.0383702   0.00126786   0.00347116
   0.0412751   -0.0368368     0.028037    0.0200831
   -0.104518   -0.0949084   -0.0527564    0.0667192
   0.0422926   -0.0241588   0.00816694   -0.0324025
    0.130004   -0.0831405    0.0465423   -0.0835003
  -0.0778531 -0.000339606    0.0278544    0.0708271
  -0.0420532    -0.023798 -0.000122158     0.100789
  -0.0435108    0.0922211    0.0626687    0.0239679
  -0.0275295   -0.0290134   -0.0710158    0.0136465
  -0.0134401    0.0174844   -0.0138251   -0.0131174
   0.0464606    0.0402958   -0.0567096   -0.0443953
 -0.00767473  -0.00396252   -0.0810089    0.0755682
 -0.00974939   -0.0436801     0.029453    0.0347763
  -0.0821389  -0.00529812    0.0168205    0.0447472
    0.105401    0.0148037    0.0791081    -0.057601
   0.0662999    0.0299141   -0.0263666    -0.030681
  -0.0445408    0.0221428   -0.0622385    0.0317163
    0.045944   -0.0161054    0.0433338   -0.0925989
  0.00859317    0.0265681    0.0241354     0.020878
  -0.0421602   -0.0159698    0.0588235     -0.02671
   0.0294538   -0.0247619   -0.0443505    0.0124821
 -0.00247016   -0.0382438   -0.0507222    0.0560762
    0.083599    0.0826787    0.0479156   -0.0479475
  -0.0681632   -0.0322002   -0.0791562    0.0705955
    -0.03777    0.0356072    0.0723063     -0.17685
   0.0605911    0.0929592    0.0239922   -0.0106954
   0.0331581   -0.0142672   -0.0680861    0.0021095
 -0.00037647   -0.0437077   -0.0287199   -0.0170182
  -0.0469364   -0.0271766    -0.026293   -0.0413545
    0.052045   -0.0301199   -0.0326737    0.0364537
   0.0843217    0.0521331   -0.0189432   -0.0420684
   0.0230158   0.00362778    0.0235174     0.081374
   0.0328605    0.0441053  -0.00311033    0.0261257
 -0.00395117    0.0401323   -0.0322158    0.0412238
  -0.0755062    0.0538484   -0.0119399    0.0144826
    0.126036   -0.0470665   0.00848578   -0.0710876
   0.0539614  -0.00688362   -0.0296248   -0.0438992
 -0.00750246   -0.0377216    0.0339103   -0.0026011
   -0.018667   -0.0561498    0.0268881    0.0672084
  0.00987432    0.0208134  -0.00710928   -0.0305892
   0.0156493    0.0901256    0.0280475     0.068833
  -0.0441727    0.0595016     0.011518    0.0825372
   -0.111734    0.0546582    0.0339238   -0.0478812
  -0.0231034   -0.0188369    0.0836492    0.0314423
  -0.0177072   -0.0795792   0.00768133   -0.0170899
   0.0654353    0.0738293   0.00621921   -0.0109396
  -0.0280019    -0.011427   -0.0410378   -0.0642728
  -0.0735827   -0.0913215    0.0492043    0.0143983
  -0.0143063  -0.00496308    0.0322521   -0.0163913
     0.07889    0.0483353    -0.023101   -0.0410838
   0.0225448    0.0388631    0.0490152   -0.0408948
   0.0164309   -0.0346522 -0.000594164  -0.00293561
   -0.030557    0.0756082   -0.0575026  -0.00299564
  -0.0445456    0.0096248   0.00548707   -0.0168422
 -0.00357556   -0.0513005   -0.0317616     0.027042
  -0.0106434    0.0361987    0.0256691   0.00300359
   0.0614278    0.0670793    0.0463153   0.00868893
  -0.0305929   0.00599419   -0.0394704   -0.0142829
   0.0134032    0.0622275   -0.0414104  -0.00287564
  -0.0640265   -0.0267954    0.0317549   -0.0301522
  -0.0433427    0.0383138   -0.0297577   -0.0152461
 -0.00544959    0.0146892   -0.0430661   -0.0386831
   0.0379884  -0.00175015  -0.00898355    0.0412554
  -0.0789663   -0.0969024   -0.0488092    0.0699201
   0.0462454  -0.00460491    0.0133672    -0.100223
   0.0454368   -0.0213645    0.0390759   -0.0237279
   0.0656624    0.0129171   0.00873142    0.0291364
  -0.0119772    0.0884524    0.0049275    0.0064117
  -0.0651706    0.0211237  -0.00529964    0.0877704
   0.0397777    0.0337097   -0.0285367 -2.63495e-05
  -0.0747621    -0.019861    0.0111765     0.104679
   -0.053381    0.0204518   0.00156543  -0.00708097
  -0.0534057   -0.0514692    -0.027324    0.0543269
  -0.0697659    0.0730267     0.050462    0.0330676
    0.022071   0.00746608   -0.0444459   -0.0444181
   0.0268012    0.0264765    -0.101423    0.0226875
   0.0891135   0.00132786    0.0657394   -0.0972185
   0.0900793   -0.0149731    0.0463818   -0.0792795
  -0.0897695   -0.0721026    0.0440917   -0.0300189
  -0.0589329    -0.056887    0.0527463   -0.0117156
   0.0510129    0.0407804    0.0333492   -0.0265474
   0.0216825   -0.0586089    0.0300038   -0.0309251
  0.00156608   -0.0269777   -0.0636771  -0.00136804
  -0.0423808    0.0644732    0.0620436    0.0414051
  -0.0506199    0.0387874   -0.0384592   -0.0516708
 -0.00498857     0.076665   -0.0138975   -0.0449656
    0.010548     0.084637    0.0296937    0.0310904
  -0.0158274    0.0267921    0.0240241   0.00832722
  -0.0676885    0.0324217    0.0357836   -0.0242717
  -0.0203039   0.00676913    0.0260314   -0.0210882
   0.0208753     0.100429    0.0247523   -0.0169141
  0.00144723    0.0629918    0.0588249    0.0387904
   0.0977585   -0.0310772    0.0697879   -0.0720016
   -0.076161   -0.0212836   -0.0710295    0.0429554
    0.040354   -0.0202911   -0.0360844    0.0515155
 -0.00599297    0.0461219   -0.0727084    0.0607708
  -0.0514249     0.020421    0.0252916    0.0791203
    0.006078   -0.0724723   0.00404878   -0.0357576
  -0.0160669  -0.00583919     0.055234    -0.108475
  -0.0523313   -0.0533079   -0.0266917    0.0559519
   0.0320243   -0.0210285    -0.022148    0.0489755
  -0.0192497   -0.0802939   -0.0624645   0.00796523
   0.0227031    0.0033029   0.00250686    0.0543138
  -0.0380216   -0.0314994    0.0197327   -0.0383311
   -0.025109    0.0330926   -0.0769479    0.0757335
  -0.0975916   -0.0698667   -0.0437403   -0.0837315
   -0.077888   -0.0461326   0.00280247    0.0911877
  -0.0230292   -0.0103915   -0.0380284   -0.0327821
   0.0758521     0.044704    0.0561573   -0.0750125
   0.0131796   -0.0436635    0.0377951   -0.0534928
 -0.00202794    0.0387922   -0.0851349     0.104038
   0.0321435   -0.0235084   -0.0398401   -0.0202663
 -0.00415084   -0.0104076   -0.0750575   0.00921165
  0.00740595   -0.0842707   -0.0839266   0.00824641
  -0.0214806   -0.0713272   -0.0489743   -0.0227097
  -0.0865876   -0.0400788   -0.0812709 -0.000862839
   0.0102677    0.0876665   0.00843543   -0.0592789
   -0.042788    -0.052162    0.0110694  -0.00784111
  -0.0454472   -0.0355542   -0.0581468   -0.0231684
   0.0164874  -0.00174092  0.000766074    -0.127147
   0.0340207    0.0360186   0.00709324    -0.053798
  -0.0143207    0.0121556    0.0278887   -0.0127132
 -0.00378119   -0.0115628    0.0643241    0.0741785
  -0.0433911   -0.0366165   -0.0413409     0.104888
   0.0286435     0.033206    0.0323538    0.0197737
 -0.00754574   -0.0326648   -0.0169751   -0.0391521
   0.0696857    0.0559623   -0.0210812    0.0246399
    0.075166    0.0208427    0.0511032   -0.0673513
 -0.00212134     0.135812    0.0452567   -0.0322623
   0.0293001  -0.00640611    0.0664685   -0.0278987
  -0.0491027   -0.0181451   -0.0228162   -0.0190977
   0.0460849    0.0651199    0.0484617    -0.100163
 -0.00211484    0.0156683   -0.0190312    0.0535022
   0.0345694   -0.0102639   -0.0224525   -0.0351815
   0.0237697    0.0378266   -0.0393437   -0.0578101
 -0.00394897     0.017777   -0.0151089   -0.0573389
  0.00334435    0.0213398  -0.00171932   -0.0175598
   0.0225889   -0.0125637   0.00202922    0.0960575
   0.0204719    -0.104238   -0.0268052    0.0308349
  -0.0418202   -0.0408927    0.0606471   -0.0381446
   0.0903472     0.109115  -0.00744818    0.0121767
  -0.0628812   -0.0562949   -0.0395186    0.0541318
   0.0456132    0.0411904    0.0187391   -0.0163544
   0.0141137    0.0379511  -0.00699648   -0.0631122
  -0.0616676  -0.00217971    0.0153401    0.0122441
   0.0375545    0.0534548   -0.0781971    0.0255182
   0.0160499    0.0383639    0.0235076    0.0382457
   0.0543855    0.0238238    0.0884774  -0.00557153
  -0.0678343    0.0433582    0.0903589   -0.0390065
   0.0609397    0.0553438    0.0388536    0.0325073
   -0.104466   -0.0471953   -0.0941841     0.143082
  -0.0603415   -0.0277369   -0.0374869    -0.014881
   0.0227192   -0.0278202   -0.0132534   -0.0162105
   0.0222208   -0.0354076   -0.0495902     0.073836
  -0.0202981  -0.00594241    0.0126478    0.0104304
   -0.021196   -0.0517783    0.0755639   -0.0210342
  -0.0341666   -0.0204511  -0.00415602   -0.0453656
  -0.0379409  -0.00173463   -0.0705444   -0.0379743
    0.067735    0.0290969   0.00333823   -0.0725867
  -0.0393548    0.0271846    0.0279178   -0.0101982
  0.00640151    0.0270748     0.074484    0.0671655
   0.0262184   -0.0686584    0.0344738    0.0244354
  -0.0376827   -0.0227809   -0.0522853     0.034189
  -0.0958643      0.10824  -0.00952557    0.0366541
  -0.0701386    0.0344916   -0.0467656    0.0976399
   0.0421497  -0.00390533   -0.0575599    0.0458012
   0.0800447   -0.0415628   -0.0121074    0.0414534
    0.127271   -0.0430616    0.0180233    -0.141882
  0.00256982   -0.0949273    0.0436317    0.0254019
  -0.0865098   -0.0456823    0.0234542    0.0244676
  0.00748809   -0.0279705    0.0235196    -0.100518
  -0.0459765   -0.0377977   -0.0252151   -0.0478193
   0.0512398   -0.0254072   -0.0774677   -0.0330958