  -0.0159667   -0.0210117    0.0537772    0.0581373
   0.0198709   -0.0406753   0.00375026   -0.0318476
  -0.0453226    0.0286269   -0.0471091    0.0743953
    0.113845    0.0507937   -0.0678291   -0.0329755
   0.0356476   -0.0365589    0.0360605   -0.0277984
  -0.0939178    0.0253533    0.0269473    0.0857301
   0.0678869    0.0326773    0.0331999    0.0229699
  -0.0753901    0.0204431    0.0338917    0.0831278
  0.00433391    0.0630624    0.0229456     0.103997
  -0.0787476    0.0946826   -0.0513194     0.165034
 -0.00453511    0.0154469   0.00166377   -0.0323392
  -0.0300038   -0.0285247    0.0211909   -0.0193835
  -0.0416913    0.0488106   0.00312081    0.0945347
  -0.0815257    -0.121526    0.0649329      0.09737
    0.127839    0.0474462   -0.0612382   -0.0382983
 -0.00318941    -0.148205     0.111051    0.0425523
  -0.0487954    -0.102049    0.0804866   -0.0299513
   0.0538924    0.0404549   -0.0462636    0.0856921
   -0.054664  -0.00377992    0.0201452   -0.0189087
   -0.134609    -0.109201    0.0698833     0.065188
  -0.0176596    -0.208038    0.0868999   -0.0152418
   0.0691967    0.0273908    0.0309753   -0.0649755
  -0.0776149   -0.0185517    0.0520017    0.0752279
  -0.0503591   -0.0769678     0.112093    0.0622522
  -0.0759398  -0.00669629   -0.0219956    0.0626159
    0.113449     0.134655   -0.0317036   -0.0965527
    -0.14925   0.00224131    0.0427125    0.0546829
 -0.00423666   -0.0751655    0.0705338    0.0432165
   0.0277652    0.0390706    0.0478808   -0.0449334
  -0.0308708    0.0421948    0.0280422    0.0255774
    -0.14298     -0.17576     0.100538    0.0184898
    0.134757    0.0754826    0.0938372    -0.103115
   0.0030911   -0.0267801   -0.0448854    0.0151686
  0.00218997  -0.00211638   -0.0380437    0.0549287
   0.0224104   -0.0787622    0.0432542   -0.0166606
  -0.0105399     0.163757   -0.0373164    0.0523836
  -0.0173216    0.0316503    -0.076833     0.102576
   0.0887903    0.0421305   -0.0436777   -0.0492766
   0.0911758    0.0871615   -0.0235901   -0.0605672
   0.0146876    0.0290564    0.0020867   0.00847611
  -0.0395359   -0.0369713    0.0219378    0.0699606
  -0.0140669   -0.0298226    0.0518728   -0.0215736
   0.0346504    -0.150415  -0.00113585     0.051984
  -0.0137811    0.0276298   0.00210167    0.0113891
   -0.139856   -0.0426134     0.038953    0.0292272
   -0.044563    -0.158497     0.119487    0.0610179
 -0.00419117     0.102025   -0.0697717     0.109096
  -0.0871911    -0.023044    0.0452504    0.0349259
  -0.0479057    -0.126579    0.0432515   0.00841959
   0.0162964    -0.035699   -0.0316399    0.0659814
  -0.0234496   -0.0722786  0.000604673    -0.101393
  -0.0907727   -0.0267837    0.0345252    0.0958095
   -0.092817   -0.0637788    0.0239231    0.0350622
   0.0426998    0.0276108    -0.037151   -0.0115394
   0.0609629   -0.0628478     0.108515    -0.101835
  -0.0040233   -0.0341307   -0.0348836   -0.0469509
   0.0207449   0.00187872    0.0972236   -0.0163542
  -0.0352007  0.000521064   -0.0156575   -0.0140807
   -0.168715    -0.235715    0.0466733    0.0933383
    0.165253   -0.0130223    0.0460802   -0.0775319
   0.0719239    0.0210378   -0.0310062    0.0337595
   -0.102507   -0.0593062    0.0434545     0.157262
   0.0407396    -0.111979   0.00148439    0.0257934
  -0.0531805   0.00269926   0.00615852    0.0066917
    0.120236    0.0709794    0.0330367     0.039932
   -0.058877   -0.0214268   -0.0577484    0.0775793
  -0.0406985    0.0443468    -0.031657    0.0230703
 -0.00206661     0.127384    -0.125491     0.053909
   -0.027078    0.0427536    -0.043712    0.0646687
   0.0234278    0.0100813    0.0248451   -0.0184931
  -0.0962072    -0.148657   -0.0348717  -0.00573555
   0.0686985    0.0541593    0.0360651 -0.000389828
  -0.0192509    0.0537984    0.0226873     0.130564
  -0.0671275   -0.0378308   0.00660025    0.0321595
  -0.0093006    0.0612978   -0.0395123   -0.0213862
   -0.132341   -0.0280323   -0.0138522    0.0156014
   -0.010917   -0.0504092   -0.0417337    -0.054315
    0.124418   -0.0470761    0.0196165    -0.089895
   -0.155673     -0.10186   -0.0541315     0.140479
   -0.129735    -0.121961   0.00643679    0.0868709
  -0.0231535    0.0619405   -0.0360587    -0.026369
   -0.085994   -0.0161166   -0.0241915     0.106625
  -0.0313956   -0.0553932   -0.0377855    0.0451033
      0.1144     0.103532   -0.0461485   -0.0248676
  -0.0341509   -0.0569536   0.00863983   0.00640995
    -0.10904   -0.0170111   -0.0408795    0.0110047
   0.0300368     0.081652   -0.0202901    0.0255823
  -0.0556827   -0.0837538   -0.0456842    0.0583438
   -0.198089    0.0118611    0.0416333     0.142332
  -0.0646621       0.1866   -0.0483012     0.157013
-0.000633333   -0.0520088    0.0748727  -0.00641891
   -0.145317   -0.0958871   0.00165285     0.100462
   0.0405381    0.0483301   -0.0263442   -0.0149007
  -0.0731845   -0.0562491    0.0692975    0.0843615
 -0.00182406    0.0712311   0.00439602     0.100392
   0.0873294     0.142138  -0.00204563    -0.130329
    0.114621    0.0854964   -0.0437336   -0.0455388
   -0.092631    -0.101165    0.0342207    0.0871736
  -0.0495106     0.114566   -0.0269066    0.0730566
   0.0314428    0.0404825  -0.00896933   0.00670027
   0.0587315   0.00145679   -0.0486801   -0.0761566
  0.00618611   -0.0603271    0.0676739  -0.00657994
   -0.126823   -0.0575388   -0.0381595    0.0367866
  -0.0566095  -0.00252424    0.0350231   -0.0217782
   0.0388511    0.0742718   -0.0383794    0.0250361
  -0.0413783  -0.00495964    0.0120241    0.0257534
    0.058065    0.0326814   -0.0724806   -0.0255167
  0.00376154  -0.00341762   -0.0296878    0.0729415
  -0.0365144     0.103334    -0.101915   0.00547129
    0.163969     0.046951   -0.0466389   -0.0370874
 -0.00823451    -0.064148     0.103371  -0.00596825
  -0.0388798    -0.168107    0.0986631    0.0534505
  -0.0490574    -0.112093    0.0269248    0.0181927
   0.0631807    0.0582128   -0.0538425   -0.0250522
   0.0346949    0.0467247   -0.0435923   -0.0268477
   0.0928253    0.0108631    0.0882933    -0.145422
   0.0616015     0.201108   -0.0785655    0.0966749
   0.0380356    0.0203011   -0.0292869    0.0635338
  -0.0195982   -0.0317662   -0.0631286  -0.00674391
   -0.158203   -0.0123353   -0.0177959     0.091122
   0.0463324    0.0560968     0.040668   -0.0362785
   -0.205642    0.0604055   -0.0815754     0.203197
  -0.0214269  -0.00855651    0.0481413    0.0526409
    0.135944   -0.0208649  -0.00858735   -0.0523116
   0.0744761  -0.00486549   0.00554067   -0.0293065
   0.0568645     0.047292    0.0478675    -0.125245
   0.0502944   0.00195736    0.0738428    -0.164747
  -0.0184346    -0.144803    0.0336609    -0.020192
 -0.00102805    0.0498365   -0.0818311    0.0936398
 -0.00104705    0.0764993   -0.0421963    -0.113873
   -0.091662   -0.0112333   -0.0282112    0.0207433
 -0.00763386    -0.132015    0.0128796   -0.0379892
    0.111966     0.119507   -0.0525746    0.0297519
   -0.111635    0.0542792   -0.0322465     0.121938
   -0.127207   -0.0678207    0.0852845    0.0850923
   0.0616535     0.112121   -0.0569183   -0.0123014
   0.0993023    0.0254401   -0.0424341   -0.0743419
   0.0467955    0.0429753   -0.0502963    0.0381692
   -0.073221     -0.10259    0.0701343   -0.0131712
   0.0660557    -0.040961   -0.0159057  -0.00384146
   0.0954227    0.0606318   -0.0522586   -0.0880846
    0.186891     0.104597    0.0220187    -0.119301
 -0.00794387    0.0207294   -0.0433314    0.0411122
   0.0603894   -0.0874029    0.0654738    0.0394322
  -0.0165095   -0.0745491    0.0961651   -0.0630144
  -0.0221036  -0.00932319  -0.00128517   -0.0256434
  -0.0800152   -0.0540414    0.0673715   -0.0217172
   0.0210312    0.0459127    -0.050643    -0.017037
   0.0566992  -0.00365793    0.0124474    0.0413659
     0.16969    0.0472551   -0.0059698   -0.0759459
  -0.0831636    0.0205567   -0.0107031    0.0801004
   0.0809685    0.0303999   -0.0332313   -0.0205003
   -0.120118    0.0255776   -0.0355176   0.00677036
   0.0373496    -0.029725    0.0741219   -0.0436513
   0.0159509   -0.0443688    0.0469538   -0.0248191
   0.0863568   -0.0671895    0.0136929   -0.0323043
   0.0444579   -0.0408198   0.00717363   -0.0408928
   0.0207172  -0.00732196    0.0274112    0.0446966
  -0.0494112   -0.0556843   -0.0275214    0.0822702
  -0.0158074   -0.0623276    0.0364733   -0.0492874
    0.125532   -0.0842435    0.0469973   -0.0897201
   0.0300135    0.0414211   -0.0381482   -0.0059383
  -0.0707669    -0.134432    0.0582338    0.0787078
  -0.0215991   -0.0646783    0.0126435   -0.0189749
  0.00874625    -0.198598     0.203862    -0.110277
  -0.0443549   -0.0902217    0.0542609   -0.0186614
   0.0160006    0.0984035    -0.125577    0.0228235
   0.0527993    0.0588734   0.00749672   -0.0169466
  -0.0486176   -0.0572256   -0.0108103   0.00762857
   0.0308787    -0.115272     0.104204   -0.0368604
  -0.0535346     0.123482    -0.132641     0.145389
    0.110401     0.016844    0.0356695     -0.13978
 -0.00707697    0.0624042  -0.00862868   -0.0368209
   0.0638771    0.0427668   -0.0625539   -0.0369683
   0.0195173   -0.0049837   -0.0164355   -0.0525975
   0.0805333   0.00862937   -0.0179805   -0.0344937
    0.116066      0.14953   -0.0253009   -0.0975103
   -0.135356   -0.0921795   0.00247786    0.0599009
   0.0337215  -0.00153358    0.0699027    0.0107459
   0.0709441    0.0938162   -0.0917617   0.00614774
  -0.0175198   -0.0880769    0.0597681    0.0391053
   -0.016041   -0.0722292    0.0346698   -0.0398047
   0.0148318    0.0312465   -0.0352383  -0.00862861
   -0.052068    0.0521216   -0.0784746     0.123867
 -0.00427822    0.0294478   -0.0444643   0.00550568
   0.0746497    0.0293082    -0.061659   -0.0772326
   0.0706301    0.0208139    0.0673802     -0.02575
 0.000607733   -0.0690774    0.0606557    0.0192264
    0.106835    0.0872919   -0.0155942   -0.0430019
  -0.0333776     0.160644   -0.0414428   -0.0039415
    0.034737     0.128669   -0.0677485    0.0126279
  0.00515185   -0.0657793    0.0659021   0.00117164
  -0.0256291  -0.00700365   0.00459354    0.0155693
   0.0709947    0.0293583   -0.0146119   -0.0563634
  -0.0486677   -0.0294721    0.0385078    0.0319135
     0.14852     0.118286   0.00352102    -0.209562
 -0.00348987    -0.022628    0.0817953    0.0674431
 -0.00199211    -0.120301    0.0633499    -0.025503
  -0.0250113    -0.115943   0.00155884    -0.062517
  0.00521459   -0.0129731   -0.0344916    0.0561524
  -0.0223355    0.0746471   -0.0550037    0.0856142
  -0.0605265    -0.013977   -0.0635297    0.0469236
   -0.016197    -0.103122   -0.0272522    0.0313848
  -0.0846654   -0.0355391    0.0329368    0.0636965
  -0.0381024    0.0791941   -0.0356337    0.0877579
   0.0737685  0.000558511    0.0209584   -0.0419841
  -0.0610725   -0.0203839   -0.0519075    0.0190227
  -0.0196162    0.0033215   -0.0333981   -0.0836459
   0.0814078    0.0159282    0.0418703   -0.0775003
  -0.0647366   -0.0211945    0.0447274     0.145289
    0.155123     0.119223    -0.027024   -0.0278334
   0.0437199     0.187682    -0.113238    0.0771378
  0.00215675   -0.0457689    0.0307778   0.00836839
    0.085968       0.1943   -0.0219157    0.0467131
   -0.106285   -0.0294046   -0.0621184    0.0247936
  -0.0417828    -0.022903    0.0171266    0.0489694
   0.0282894   -0.0783547    0.0897983    0.0566653
   -0.083561    0.0428045   -0.0172511    0.0640085
   0.0207315   -0.0891129     0.044887   -0.0297884
 0.000309085  -0.00813778    0.0468516     0.024913
   -0.136599    -0.131181   -0.0115857     0.110373
  0.00990784   -0.0530819   -0.0124919   -0.0115365
   0.0832305  -0.00387075    0.0317705   -0.0863925
   0.0280444     0.107084     -0.11467   -0.0328625
    0.157676       0.1325    0.0529854    -0.069169
 0.000510641   -0.0832407    0.0976185  -0.00913925
 -0.00229459   -0.0217554     0.035712    0.0176765
   -0.105371     0.121762   -0.0082122     0.136891
    0.112714   -0.0295219    0.0453075    -0.046238
  0.00937476   -0.0190604   -0.0120931  -0.00171755
   0.0195703   -0.0684151    0.0108312  -0.00285247
 -0.00450288    -0.189541    0.0440693   -0.0120247
   0.0567265   -0.0776626   -0.0392053   -0.0776164
  -0.0565835    0.0499509  -0.00731276   0.00558353
   0.0555677   -0.0324228   -0.0101873   -0.0453089
 -0.00184272    0.0500248   -0.0260556    0.0317661
   -0.118341   -0.0543137   -0.0469763    0.0523602
   0.0153562    0.0969619   -0.0151287    0.0264478
  -0.0602454    -0.120825    0.0477271    0.0843022
   0.0446201   -0.0387278    0.0806708   -0.0854692
   -0.085598   -0.0309838   0.00625537    0.0580729
   0.0597688   -0.0520007    0.0934095    0.0213369
  -0.0975405    -0.107798  -0.00357337  -0.00575518
  -0.0230857   -0.0876354   -0.0602751    0.0982939
  -0.0357074    0.0368876    0.0377746    0.0700107
  -0.0498389   -0.0241408  -0.00216876   -0.0522145
  -0.0537615    0.0732277   0.00144932    0.0801969
  -0.0133797   -0.0144665    0.0506209   -0.0149542
  -0.0963147   -0.0915722    0.0716148    0.0373702
    -0.10475   -0.0699412    0.0331943   -0.0295236
   0.0521774    0.0628777    -0.031368   -0.0483298
   0.0182272    0.0190119   -0.0494808   -0.0454596
  -0.0156656   -0.0358464  -0.00326222   -0.0479052
  -0.0224768    0.0705657    -0.139692    0.0050771
   -0.069042   -0.0396876   0.00976165     0.100529
   0.0104759     0.101772     -0.12027   -0.0350302
   -0.165201   -0.0512745   -0.0396739    0.0848228
    0.051469   -0.0117479    0.0380387   -0.0117269
   0.0675703    0.0511204  -0.00586354    -0.119262
  -0.0977315  0.000482864   0.00975533    0.0301898
   0.0255057     0.173301   -0.0650734    0.0790391
  -0.0702737     0.151314   -0.0985939    0.0956843
    0.189451     0.140351    -0.043928   -0.0865099
   0.0274584    0.0757379  -0.00787636    0.0193984
  -0.0851452  -0.00264859  -0.00818349     0.186297
  -0.0165366    0.0179942    0.0238301    0.0389315
   0.0356359    0.0497171   -0.0715224    0.0570767
   0.0598084   -0.0333617    0.0468422   -0.0269561
    0.084676   -0.0602329   0.00921675   -0.0423697
  -0.0283585    -0.111503    0.0958079   -0.0235515
    -0.10665    -0.115883    0.0454571    0.0715507
   -0.216437   -0.0275543   -0.0553506    0.0949612
 -0.00033075    0.0190914    0.0438267  -0.00367357
  -0.0059561   -0.0111959   0.00418295    0.0649903
   0.0832699     0.149285   -0.0606375    -0.141372
  -0.0703693      0.16522  -0.00307381    0.0510835
  -0.0476389    -0.102015  -0.00298876   -0.0842271
   0.0115031    0.0121501    0.0842655    0.0350425
   -0.162299     -0.10995   0.00141609     0.169785
   -0.128826   -0.0115423   -0.0265895      0.10583
    0.106247    0.0823932   0.00496478   -0.0707064
    0.130341    0.0913939    0.0392279    -0.115782
   0.0437952   -0.0793069    0.0206158   -0.0946705
  -0.0475503   -0.0141746    0.0403454   0.00953327
   -0.118455    -0.107131    0.0773379    0.0537442
   -0.014793   -0.0130473    0.0387483    0.0619088
   0.0101107    0.0386684   0.00841989    0.0411045
  -0.0111936     0.116502   -0.0260788   -0.0877787
    0.126565    0.0649173   -0.0256943   -0.0491646
  0.00278289  -0.00998226    0.0470904   -0.0158085
    0.126851    0.0562637     0.010933    -0.110939
   -0.103992    -0.100565     0.103209    0.0619766
   0.0294867   0.00808691   -0.0011551     0.023078
  -0.0665575    0.0391899  -0.00440811    0.0179589
    0.130273   -0.0450996   0.00308519   -0.0985074
  -0.0526503   -0.0325246    0.0502554    0.0920674
  -0.0420139   -0.0855132    0.0136547   -0.0220765
    0.053942   -0.0562456    0.0858977    -0.099601
  0.00373915      0.10682  0.000388962  -0.00659281
  -0.0641299   -0.0414674    0.0624387    0.0180834
  -0.0549957    -0.115646    0.0647235   0.00745635
   0.0893395   -0.0558257    0.0110416   0.00975153
  -0.0266849   -0.0310841    0.0899189    -0.104164
  -0.0550483    -0.147054    0.0442875    0.0023884
  -0.0506097    0.0511059   -0.0647795     0.124176
   0.0145297    0.0351468   -0.0494903   -0.0347019
  -0.0122165    -0.016992    0.0180057  -0.00476529
    0.155524    0.0097816   0.00274468    -0.073069
   0.0476777   -0.0382077    0.0608864   -0.0545519
  -0.0345799   -0.0360942  -0.00473079    0.0420688
   0.0228968    -0.100025    0.0659543    0.0158086
  -0.0169435   0.00718082   -0.0317778   -0.0404278
  -0.0355326  -0.00870827    0.0293039    0.0641174
  -0.0170238    0.0145518    -0.067323    0.0646999
    0.110768    0.0342994    0.0101929   -0.0862435
  0.00148435   -0.0247259    -0.034053   -0.0438605
   -0.171142    -0.190691    0.0919377  -0.00349699
   0.0299968   -0.0171822  -0.00112849   -0.0152041
  -0.0682954   -0.0651933   -0.0412326    0.0479667
    0.045738    0.0382366   0.00683797   -0.0475173
  -0.0466163    -0.142153    0.0459392    0.0381154
-5.49338e-05    0.0486767   0.00957714   -0.0284793
  -0.0692088    -0.100228   -0.0264649     0.059834
   0.0198505    0.0353697    0.0406249   -0.0206438
  -0.0456458    -0.103626    0.0343107    0.0724887
    -0.04666     0.042082   -0.0193658    0.0956907
   0.0239816   -0.0113325   -0.0170429    0.0331063
   0.0427734   -0.0787077     0.151554   -0.0527916
  -0.0690612   -0.0159479    0.0334832    0.0781617
 -0.00442609   -0.0305671   -0.0401907    0.0286575
    0.110629     0.144629  -0.00280751   -0.0563172
   0.0140454    0.0960651   -0.0306711   0.00917289
   -0.114102   -0.0732445  0.000423024    0.0799474
 -0.00419184    0.0552864    0.0419223   -0.0758479
     -0.0164     0.103851   -0.0343213     0.095114
  -0.0278061   -0.0269101   -0.0084493    -0.027879
    0.105535    0.0636184    0.0146934   -0.0599455
   -0.087631    0.0178425    0.0221252    0.0265227
  -0.0349241    -0.102765    0.0722313   -0.0139137
  -0.0344703    0.0262031    0.0280343    0.0496099
   0.0383408    0.0847067   -0.0735947    0.0370488
   0.0959139     0.105601   -0.0379178    0.0101232
   0.0302198    -0.113492    0.0332275   -0.0478512
   0.0848796     0.039844     0.060394    -0.121644
  -0.0635344     -0.14355     0.066032   0.00135954
  -0.0933378    -0.114029    0.0732656     0.128368
   0.0343065   -0.0752752   -0.0119717     0.035122
  -0.0433153   -0.0384338   -0.0237824    0.0637183
  0.00390663   -0.0730441   -0.0111124   -0.0259022
   0.0359815    0.0546125   -0.0475261   0.00882636
  -0.0994766     -0.11387    0.0147881    0.0627779
    0.036575    0.0177901   -0.0345228   -0.0671633
    0.046805   -0.0563364   -0.0536908   -0.0282943
  0.00690609   -0.0265019   -0.0118854   -0.0215177
   0.0911919    0.0339337    0.0472056   -0.0169708
   0.0247805    0.0119999    0.0293461   -0.0373559
  -0.0641151   -0.0959819    -0.035913    0.0412093
   0.0383802    0.0287695   -0.0186964  -0.00843419
   -0.108035   -0.0800832   0.00212589     0.055682
    0.188077    0.0866496    0.0442863    -0.160009
    0.138646     0.103825    -0.019547   -0.0721443
  -0.0338478   -0.0274545   -0.0453051    0.0114668
   0.0952014    0.0391479   -0.0407199    0.0356052
   -0.156984 -0.000843989   -0.0195522     0.057394
    -0.10525    0.0297087   -0.0791555     0.125331
  0.00656764   -0.0852604    0.0745624    0.0106116
  -0.0150853    -0.133496    0.0793271   -0.0190724
  -0.0628588   -0.0512483    0.0355819  -0.00819906
  -0.0294058   -0.0971757    0.0597042   -0.0749149
  -0.0770551   0.00163954    0.0409672     0.100652
   0.0556496    0.0692829  -0.00100889     0.018179
   0.0269634   -0.0158253    0.0566893   -0.0320618
  -0.0683327  0.000446736    0.0836647    0.0179375
  -0.0933361 -0.000675898    0.0272682    0.0691768
  -0.0679612   -0.0497809   0.00507784   -0.0326729
   0.0372563   -0.0481421  -0.00994903   -0.0548391
  -0.0379752    -0.061013    0.0230127   -0.0509007
  -0.0383017   -0.0304737    0.0428617    0.0164179
  0.00208804     0.053513   -0.0594799   -0.0134576
     0.02463   -0.0109583   0.00185792   -0.0204929
    0.042788    0.0753633    0.0483329  9.48582e-05
   -0.113417     0.180469   -0.0743456     0.210185
  0.00668169    0.0177971    0.0120008    0.0181908
  -0.0290811   -0.0653711    0.0568796   -0.0488319
     0.12836   -0.0128771    -0.029951   -0.0824313
   -0.154216    -0.103741    0.0291314    0.0946513
    0.162471     0.191996   -0.0410569    -0.101543
 -0.00633604   -0.0219266    0.0329348    0.0202809
  -0.0378769  -0.00695344    0.0375355   -0.0606515
    0.125006   -0.0632981    0.0872073   -0.0536958
  -0.0811109    -0.175156    0.0162796     0.070698
  -0.0063345    0.0516606   -0.0644234   -0.0234384
  -0.0504112    0.0438797   -0.0806442  0.000128099
  -0.0812501   -0.0109158  -0.00543969    0.0449332
   0.0135336    0.0976994     0.034882    0.0372195
   0.0501997    0.0635268   -0.0618114   -0.0608357
  -0.0736308    -0.158665   -0.0164553    0.0489084
   0.0381044     0.123547    0.0103186    0.0208475
   0.0405713   -0.0368306   -0.0268672   -0.0408196
  -0.0713598     0.138991   -0.0154826    0.0381554
  -0.0304641   -0.0332308  -0.00371307    0.0483485
    -0.13789    -0.132004    0.0660462    0.0501848
 -0.00452394   -0.0265864    0.0348656   -0.0572593
   0.0822663    0.0811773   -0.0496459   -0.0845839
  -0.0136267   -0.0256197   0.00255693    0.0701269
  -0.0764329    -0.110255    0.0353321    0.0914874
 -0.00201307     0.153929   -0.0655921     0.021881
   0.0746007    0.0377968    0.0644832    0.0624842
   0.0248225  -0.00965685    -0.023833    0.0083312
  -0.0581876    -0.128589    0.0659806    0.0458533
   -0.146143    -0.161221   0.00407539    0.0755507
 -0.00934604   -0.0296353    0.0762108   -0.0333188
   -0.045477    -0.072713    0.0414584    0.0338811
  -0.0720106   -0.0433461   -0.0178679   -0.0357258
  -0.0699174    -0.111653    0.0636447    0.0769514
    -0.13487    -0.154344    0.0399423    0.0946041
    0.062705   0.00185483      0.10939    -0.023013
  -0.0254109    0.0270499   -0.0402427    0.0606556
   -0.137884    -0.101676    0.0250705    0.0549128
  -0.0392779    -0.118199    0.0246503     0.080489
  -0.0410443   -0.0529882     0.113611    -0.029415
   -0.101548   -0.0734247    0.0736229    0.0769202
  -0.0876639  0.000960005    0.0494621     0.016699
   0.0560597    0.0428201   -0.0846742    0.0416255
   -0.112951    0.0553552   -0.0997476    0.0990713
   -0.069496    0.0486507   0.00837807    0.0688304
  -0.0273289   -0.0536547   -0.0165124   -0.0290794
    0.012401   0.00148609   -0.0253682    0.0887494
   0.0590225   -0.0461916    0.0328329    0.0393448
   -0.112395   -0.0444546   -0.0380467    0.0771268
  -0.0679529    -0.023854    0.0826918  -0.00914271
   -0.026885   -0.0204065    0.0639847   -0.0311183
 -0.00495605   0.00547144    0.0565821   -0.0849065
   0.0653766    0.0267218    0.0184899    -0.073838
 0.000749397    0.0240285     0.010776    0.0570647
  -0.0231662    0.0302835   -0.0131642    0.0147763
  -0.0582836    -0.185871      0.11938   -0.0537063
    0.129595   -0.0295321   -0.0335773   -0.0179928
  -0.0503792   0.00851907   -0.0279154    0.0947152
  -0.0303133    0.0247994    0.0580778    0.0227461
   0.0535422   -0.0748497   0.00634266   -0.0514242
   0.0638058   -0.0251035    0.0460405    0.0124584
 -0.00393196    -0.136721    0.0619728    0.0233722
  -0.0561512   -0.0872404     0.109904    0.0679313
    0.112189     0.088295    -0.036061    0.0304788
   0.0344366   -0.0408248    0.0345081    0.0160076
   -0.064183    -0.021989    0.0621141  -0.00259032
 -0.00698124     0.135493   -0.0111038    0.0348412
   0.0705096    0.0686322  -0.00476412   -0.0788264
  -0.0867942  -0.00832524  -0.00923344   -0.0216367
  -0.0548254   -0.0986967    0.0673109  -0.00801779
  0.00206584   -0.0784942    0.0254309    0.0284685
   -0.128646   -0.0750295  0.000294344    0.0707334
   0.0262754   -0.0605113    0.0294265    0.0270759
  -0.0770014   -0.0799887    0.0227985     0.121233
   -0.060233     0.197532    -0.116799     0.172304
 -0.00304207   -0.0166111    0.0330006   -0.0415076
   0.0197413   -0.0174778    0.0593957   6.2595e-05
    0.015984   -0.0390471    0.0401293  -0.00537021
   0.0721019     0.140159   -0.0117521   -0.0797353
   0.0505934    0.0940689    0.0634254    0.0249834
  -0.0110043     0.100729   -0.0526367    0.0717849
  -0.0304502   -0.0337672    0.0214637     0.022232
   -0.120547   -0.0847723    0.0477665    0.0810704
  -0.0114759    0.0474167    0.0587872   -0.0284547
   -0.052985    0.0173864   -0.0100564    0.0502431
  -0.0105385    0.0580912   -0.0708883 -0.000475858
   -0.138879     0.301065    -0.132498     0.264086
  -0.0666199    0.0693829   -0.0137208    0.0624091
   0.0236997    0.0617584  -0.00744964   -0.0743669
   0.0817908    0.0292503     0.029254   -0.0372757
   0.0767238    -0.055802    0.0706979    0.0530331
  -0.0940045   -0.0235815   -0.0398332    0.0243263
  -0.0728904   -0.0319734   0.00901196     0.056644
   0.0252476    0.0291834    0.0221503  0.000760012
  -0.0620366   -0.0116566   -0.0433684  -0.00795085
  -0.0713597     -0.12914   0.00115741    0.0844275
   0.0500707    -0.138298    0.0637268    -0.125101
    0.100887   0.00450259   -0.0328691   -0.0202299
    0.242366     0.224348   -0.0213646      -0.1969
 -0.00126558    -0.110392     0.101642   -0.0126951
  -0.0190407    0.0395933   -0.0329302    0.0114997
 -0.00825553    0.0285706   -0.0246642   -0.0977235
   -0.138573     0.054012  -0.00556321     0.119863
   -0.127809    -0.155633    0.0629943    0.0569165
   0.0211806   -0.0761977    0.0941225     0.101704
   0.0746048    0.0690802    -0.039232   -0.0289353
   0.0426409     0.064057   -0.0488859   -0.0197368
   0.0175175     0.118746   0.00551296   -0.0719363
   0.0587634    0.0484506    0.0487858   -0.0972688
  -0.0189915    -0.115721    0.0164387   -0.0464112
   0.0254862    0.0705125    0.0610753    -0.089476
  0.00505913   0.00569646    0.0236971  -0.00577647
   0.0202983   -0.0139124    0.0230408   -0.0653971
   -0.116094    -0.055983    0.0341553   -0.0253288
   -0.064365   -0.0996512   0.00831916   -0.0319077
  0.00218845    -0.108455    0.0697478    0.0505844
   0.0163199    0.0904914     0.015719    0.0111661
  -0.0561998     0.161642    -0.133227     0.140723
  -0.0535762    -0.076196    0.0342182    0.0316101
    0.121476    0.0690694   -0.0381305  -0.00758624
  -0.0140818   -0.0104052   -0.0357086    0.0437589
  -0.0889584     0.325854    -0.135119     0.256429
  -0.0670931     0.041844   -0.0794669   -0.0257484
  -0.0259116   -0.0523304    0.0406553  -0.00214995
   -0.100276     -0.06957   0.00408817   -0.0263355
  -0.0933343   -0.0800797    0.0272486    0.0283496
     0.24093     0.192765   -0.0477805    -0.157957
    0.089502     0.117694    0.0350092   -0.0218411
    0.123998    0.0703426    0.0372965    -0.105689
  -0.0919939     0.173785     -0.10805     0.130107
  -0.0947351    -0.113064     0.114497    0.0478203