    0.162018  -0.00948061    0.0521255  -0.00379874
  -0.0412592    0.0113505     0.261618     0.102064
   0.0561135   -0.0612863   -0.0206751    0.0747077
    0.133888   -0.0531247    0.0834618    0.0823107
   0.0847521   -0.0080663    -0.121371   -0.0471783
   0.0330142    0.0519718   -0.0879502   -0.0415221
  -0.0965827   0.00716139    -0.106174   0.00809397
  -0.0146935    0.0580645   -0.0267313   0.00440181
   0.0262292  0.000418745   -0.0168491   -0.0631054
   0.0375942     0.029793    0.0173866     0.033249
    0.088014   -0.0514956     0.063587    0.0131167
   -0.067638   -0.0485018    0.0196403   -0.0312959
   -0.192653   -0.0493705     0.109072    0.0300777
 -0.00203251   -0.0423382   -0.0448841   0.00278776
    0.023056    0.0687275    -0.124264   -0.0772333
   0.0198811    -0.069528   -0.0775895    0.0488454
   -0.119234  -0.00706142     0.156898  -0.00107884
   -0.038548   -0.0429752    0.0471124   -0.0267629
   0.0192144   -0.0252026     0.140737    0.0614267
   -0.151665  -0.00561346   -0.0764683   -0.0644042
   0.0612528    0.0467411     0.212223   0.00598453
    0.106448   -0.0535829       0.1018   0.00754626
   0.0568361   -0.0428483    0.0656828   -0.0245469
   0.0226481   0.00131039     0.075109    0.0737594
  0.00836303    0.0407548    0.0872688    0.0838225
    0.177587   -0.0182325     0.063183    0.0168052
 -0.00125041  -0.00957195     0.116847    0.0393717
   -0.018332  -0.00656474    0.0847509   -0.0340518
   -0.101808    0.0231649   -0.0144409   -0.0419665
   0.0225787   -0.0348102    0.0530445   -0.0031201
   0.0829922   0.00595959    0.0272889   -0.0324659
   -0.041368   -0.0524532    0.0351767   -0.0469069
   0.0675371   -0.0711892   -0.0667547   -0.0391699
  0.00680617    0.0423707   -0.0811517   -0.0501473
   -0.037314    0.0183061     0.025434   -0.0309526
   0.0355601   -0.0234592     0.112545    0.0424646
   0.0163516    0.0185295    -0.127755   -0.0477542
   0.0651386    0.0252335   -0.0111415   -0.0574677
   -0.113756   -0.0228204     0.022916    -0.045873
   0.0364683   -0.0605244    0.0795833   0.00943964
   0.0474184   -0.0197945    0.0462256    0.0502959
-0.000954964  -0.00559425     0.167292    0.0589909
    0.057545   -0.0360012    0.0400848    0.0184237
  -0.0559596   -0.0277436   -0.0498106   -0.0160845
    0.113215   -0.0302311    -0.060974   -0.0243508
   -0.120495   -0.0214356    -0.182317  -0.00529369
  -0.0743033    0.0174827    0.0470336   -0.0131728
  -0.0282243   -0.0499992    0.0390203    0.0291396
    0.177756  -0.00379023      0.19426  -0.00549723
   0.0601805   0.00848221    0.0429211    0.0476814
 0.000887324   -0.0568835     0.118524    0.0760565
   0.0993359    0.0243819   -0.0201832   -0.0337085
     0.19482    0.0323131   -0.0586466   -0.0480031
  -0.0476611  -0.00860535    0.0445954   -0.0273519
    0.127732     0.072911    0.0627204   -0.0343115
   0.0737364    0.0061526   -0.0402082   -0.0562488
   -0.228695   -0.0549141     0.114846    0.0560448
  -0.0205402   -0.0255675    0.0820701    0.0204083
    -0.11617    0.0907911    -0.175562   -0.0667791
  -0.0182215    0.0397331    -0.116391    0.0240555
   -0.100486   0.00223627   -0.0232867   -0.0214254
  -0.0455536  -0.00433852    -0.108426  -0.00660958
  -0.0644498   -0.0255618   0.00749608    -0.057866
  -0.0812464   -0.0164644   -0.0432833   0.00250824
   0.0452322  -0.00134928   -0.0761631  -0.00870275
   0.0804315  -0.00419469   -0.0212143   -0.0607088
   0.0404514    0.0632327     0.116919   -0.0248316
  -0.0210435   -0.0556161     0.278097     0.106354
   0.0047487   -0.0141034   -0.0537953   -0.0570531
   -0.177107   -0.0669598    0.0333827   0.00142589
  -0.0513786    0.0200858   -0.0338882   -0.0603464
  -0.0914866   -0.0144998    0.0790009  -0.00209371
    0.117561  -0.00778811    -0.100909     0.048635
  -0.0607499     0.055491   -0.0115946    0.0353961
    0.017694    -0.050805    0.0635554    0.0335405
   -0.138228    0.0635179   -0.0231825   -0.0154936
    0.034615   -0.0327264   0.00814206   0.00499587
   0.0282522    0.0470331    0.0972799    0.0735769
   0.0588155    0.0273295    0.0913505   -0.0468345
   0.0623147    0.0358981    0.0136882    0.0324278
   -0.135777   -0.0307229   0.00510966   -0.0115478
  -0.0114433    -0.058562    -0.118352    0.0598333
   0.0608769    -0.081192    0.0567364   -0.0194027
    0.011589    -0.101012     0.103279    0.0845724
   0.0665048    0.0352654   -0.0637437    -0.071496
  -0.0619588    0.0637164    0.0649751   -0.0203619
    0.184441    0.0372146    0.0356918     0.070587
   0.0659958    0.0685069   -0.0406891    0.0255974
   0.0305139    -0.022529     0.106346    0.0101083
  -0.0685106     0.062653   -0.0415138   -0.0530312
-0.000590061    0.0429576    0.0486361    0.0476858
  -0.0909695    0.0507956   -0.0181997     0.056163
  0.00490089   -0.0128788   -0.0144971    0.0245827
   0.0643095   -0.0989872    -0.064604    0.0294309
 -0.00331853    0.0438887    0.0817405   -0.0173909
     0.13645    0.0538609   -0.0127069   -0.0453458
   -0.121977  -0.00961345    0.0169786    0.0509129
   0.0563503      0.02566    0.0800311    0.0025039
  -0.0958739  0.000763018   -0.0101394   -0.0654821
   -0.118803    0.0435186   -0.0994129   -0.0573222
   -0.104939   -0.0067549   -0.0567072    0.0522192
 -0.00457133   0.00756425    0.0414793   0.00864912
  -0.0184716    0.0160211   -0.0701211   -0.0284844
    0.173676   -0.0293679    0.0174306  -0.00130373
   0.0126751     0.031816   -0.0789731   -0.0568038
   0.0480344    0.0374509   0.00562923    0.0345564
   -0.125944     0.030464   -0.0639005   -0.0657035
  -0.0281468    0.0270826   -0.0991523    0.0169047
   -0.161621    0.0201039    0.0400316    0.0572919
   0.0219158    0.0160843   -0.0514013   -0.0269509
  -0.0644969   -0.0129954   -0.0086703  -0.00890067
   -0.237681   -0.0114159   -0.0731216   -0.0769505
      0.2374    0.0586451   -0.0839558   -0.0185091
  -0.0310507  0.000300297   0.00848329    0.0313676
   0.0892645   -0.0383819   -0.0518138   -0.0698589
   0.0364003    0.0306415    0.0374629   -0.0527546
   0.0026536    0.0135966     0.091292   -0.0192618
  -0.0140945    -0.070402   0.00503787    0.0566824
  -0.0410005    0.0902006    0.0580634     0.043988
  -0.0160296    0.0508967    -0.106212    0.0265995
   -0.224169   0.00564357    0.0324293   -0.0019537
    0.133501    0.0369883    0.0326098  -0.00740565
  -0.0798232    0.0622745   -0.0288852   -0.0333017
  0.00745412   -0.0597898    -0.119419    0.0449749
   -0.107491    0.0170661    0.0348783   0.00118638
  -0.0857099   -0.0651053    0.0546602     -0.01261
   0.0348682   -0.0402705   -0.0803107    0.0556812
   -0.245414   -0.0467711     0.076108  -0.00211654
   0.0326914    0.0223522      0.10715    0.0415334
  -0.0909047   -0.0646893   -0.0195617    0.0791536
   0.0188335   -0.0456012   -0.0996984   -0.0278678
   0.0205916    -0.016771     0.040302   0.00176778
  -0.0263164     0.030109    0.0901809   -0.0382952
   0.0112191   0.00914282   0.00374539    0.0531626
   -0.116827   -0.0467589      0.14946   0.00152532
   0.0650707     0.020865    0.0196392   -0.0256743
  -0.0708796    0.0165977    -0.092292    0.0252779
   0.0638034   -0.0279382   -0.0295233   -0.0219338
   -0.103714   -0.0773836     0.124823   -0.0212062
    0.187733   -0.0113173   0.00806365   -0.0729146
   0.0718135       -0.074   -0.0056913   0.00947761
   -0.110234    0.0124969  -0.00352094   0.00294088
  -0.0019856   -0.0159243   -0.0809297    0.0261447
  -0.0275144     0.040676    0.0119883  -0.00137351
   -0.104776   -0.0216571    -0.114918   -0.0527017
  -0.0454458    0.0626821    -0.105326   0.00986959
   0.0156148    0.0352014    -0.010321     0.024334
  -0.0941026  -0.00470358   -0.0897702    0.0138144
 5.25146e-05    0.0525723  -0.00371761    -0.014729
     0.05947   -0.0113592    0.0535463    0.0178612
   0.0757578   -0.0321766    0.0170485    0.0121552
   -0.139633    0.0205234    0.0805054    0.0230987
  -0.0246455   -0.0416751    0.0323128   -0.0279439
   0.0259835   -0.0216307    -0.102039   -0.0699427
   0.0435613   -0.0114652    0.0825105    -0.011657
   0.0740066   -0.0656793   -0.0423851   -0.0103115
  -0.0132597    0.0143487   -0.0575037   -0.0610225
   0.0573337    0.0178134   -0.0252817   -0.0161211
   0.0115521  -0.00591514    0.0948407    0.0171812
   -0.152171   -0.0261249   -0.0517449    0.0527871
  -0.0156947   -0.0639933     0.118704    -0.031275
   0.0475027  -0.00710208    0.0314827    0.0628939
 -0.00688506    0.0233728    0.0304541    -0.029626
   -0.119452     0.038216  -0.00914987   -0.0119759
 0.000228136   0.00798972   -0.0173737  -0.00288976
 -0.00286256   -0.0186922   -0.0257781  -0.00850065
  0.00689129   -0.0709756   -0.0290664    0.0630415
   -0.123112    0.0379084   -0.0993806   -0.0294139
   -0.111676    0.0463514   -0.0142294    0.0127538
    0.102444     0.010321   -0.0809857   0.00105093
   -0.030426   0.00793884    0.0357424   0.00664564
  -0.0454342    0.0778862   -0.0227216    0.0430052
   -0.051919   -0.0336496     -0.06399    0.0249505
  -0.0668526    0.0593464   -0.0194649   -0.0493805
  0.00644917    0.0990081   0.00983163   -0.0239572
 -0.00377433   -0.0374189    0.0523902   -0.0511563
   0.0494275    0.0234677    -0.079779    0.0454093
  -0.0285834   -0.0279812     0.104942  -0.00494781
  -0.0334098    0.0544287   -0.0217653   0.00954622
   0.0728955  -0.00852393     0.304259    0.0532827
   0.0627955   -0.0746542    0.0749557    0.0294598
  -0.0568745   -0.0165956    0.0236976    0.0203456
  -0.0673128   -0.0124426   -0.0519789   -0.0230905
  -0.0432787   -0.0440108   -0.0901286    0.0503102
   0.0131826    0.0178247     -0.02184   -0.0219111
   0.0634658   -0.0658706   -0.0222625    0.0219779
  -0.0132524   -0.0318449   -0.0236646    0.0117619
    -0.13988    -0.018744  -0.00968741  -0.00521293
  -0.0479905    0.0142699    0.0290953   -0.0081126
    0.125043   -0.0450749    -0.198974    -0.016078
   0.0436951     0.014907     0.150787    0.0106935
    0.055162    0.0365003    0.0596473 -0.000451019
  -0.0486321    0.0141909    0.0512806    0.0209137
  -0.0420822    0.0121613    0.0317794    0.0369679
  -0.0733065    0.0268678    0.0196291   -0.0422161
  -0.0436066   -0.0538545     0.202757    0.0688489
   -0.136711   -0.0352274  -0.00949559    0.0413705
  -0.0883329   -0.0632961  -0.00670327    0.0640296
  -0.0817638   -0.0817063     0.135034    0.0169295
   0.0142053  -0.00872952     0.153422    -0.018394
   -0.112101     0.032596     0.037078    0.0411569
     -0.1223   -0.0524723     -0.19271   -0.0412908
   0.0843531   -0.0254834   -0.0118174    -0.027465
  -0.0792443    0.0724118   -0.0114529   -0.0240293
  -0.0936874   -0.0215116   -0.0101326  -0.00191331
  -0.0154256   -0.0657894    0.0236709     0.016752
  -0.0793575   -0.0167419    0.0454887    0.0122438
   0.0815287    0.0491169    0.0102895     0.024056
   0.0430337     0.047053     0.125884    0.0452372
  0.00948255   -0.0767913    0.0252198 -0.000995774
  0.00872613    0.0162785    0.0266331   -0.0193561
  -0.0135666    0.0707586    0.0887754  -0.00752719
   0.0357969   -0.0598663   -0.0366159    0.0194059
   0.0643971    0.0350906    0.0126832   -0.0096096
  -0.0711179   -0.0119504   -0.0324103   -0.0665989
  -0.0269108   -0.0400796     0.014429    0.0530217
   0.0283422    0.0446096   -0.0765627   -0.0112149
   -0.139417   -0.0211171     0.153528    -0.018305
    0.107266   -0.0139698   0.00736739    0.0299731
  -0.0771306   -0.0221298   -0.0261043  -0.00981808
  -0.0316609   -0.0561219    0.0322453   -0.0451154
   0.0710701   -0.0848287    0.0381729    0.0523695
   -0.073971   -0.0364031    -0.017419   -0.0622448
 -0.00760554   -0.0204277    0.0404435    0.0591147
  -0.0367055   -0.0094867    0.0808977    0.0109662
  -0.0035362    -0.052962   -0.0226282   -0.0434727
   0.0903276    0.0368362   -0.0226571   -0.0105021
   -0.159271    0.0912736   -0.0676658   -0.0983678
   0.0712927   -0.0537621    0.0838929    0.0684575
   -0.126507    0.0363079     -0.10796   -0.0586575
  -0.0253789    0.0510315    0.0337087  -0.00416075
   0.0312605    0.0538241   -0.0230206    0.0282362
  -0.0637269   -0.0315633    -0.083372  -0.00904191
   0.0821844    0.0376906    0.0294239    0.0506489
  -0.0853996    0.0384091    0.0529836 -0.000737787
  -0.0977951  -0.00797537   0.00617176     0.042463
  -0.0483221    0.0690076     -0.04404   -0.0203519
    0.047055    0.0290561    0.0743368   -0.0324119
  -0.0234831   -0.0195192    0.0306148    0.0258323
  -0.0983979   0.00677917    0.0446494   -0.0159366
  -0.0664086    -0.057841    -0.127342  -0.00906299
-0.000975656    0.0594311   -0.0408919  -0.00491917
   0.0370638   0.00709697    0.0797783    0.0140241
   -0.055094  -0.00915267    -0.036892    -0.057664
  0.00602396      0.04262   -0.0484696   -0.0496079
 -0.00679027    0.0645847    0.0795381    0.0416331
    0.114111    0.0356286   -0.0178366   -0.0317655
   0.0563857    0.0167264   -0.0760395   -0.0075195
   0.0186589   -0.0722589    0.0446891   -0.0241602
  -0.0266037   -0.0527962   -0.0535146    0.0163679
   0.0248767    -0.016976    0.0585247    0.0621262
  -0.0282899   -0.0479535   -0.0093867   -0.0181045
  -0.0758499   -0.0196687   -0.0212133   -0.0204603
  -0.0409323    0.0266912   0.00352813    0.0340678
  0.00328685    0.0315961   -0.0992448   -0.0452202
    0.177071    0.0588399   0.00179336    0.0332216
    0.138006    0.0374641  -0.00547687   -0.0838104
  -0.0912744    0.0365419   -0.0710515   -0.0158045
   0.0977112     0.013826   -0.0385274    0.0303122
   0.0712616   -0.0591669    0.0344163     0.049389
   0.0409857   -0.0218195   -0.0596718   0.00578434
  -0.0176824    0.0182582    0.0171262    -0.020321
    0.136293    0.0406021   -0.0611462    0.0315537
  -0.0430576   -0.0196814   -0.0655995   -0.0560947
   0.0131136    0.0111724   -0.0804659   -0.0785661
   -0.025141    -0.029126      0.09358   0.00237394
   0.0689298    0.0345217    0.0516985   -0.0548092
   0.0720581    0.0207633    -0.117461   -0.0314851
    0.115169    -0.015328    0.0144919   0.00399499
   -0.058219   -0.0260003   -0.0910342   -0.0141404
  -0.0131848   -0.0602392    0.0602257    0.0496942
     0.14647   -0.0127028    0.0169144    0.0779439
  -0.0419391   -0.0639244   -0.0796597   -0.0478031
  -0.0701507  -0.00161932     0.188868    0.0189177
   0.0865484   -0.0798967     0.153167  -0.00630653
  -0.0926651    0.0600696    0.0300786    0.0163053
    0.142841    0.0635913      0.12222   -0.0318493
   -0.125468    0.0352109    0.0212557   -0.0404995
   -0.119108    0.0455697   -0.0293408    0.0313938
 0.000355166   0.00741946    0.0127133   -0.0428749
  -0.0700693   -0.0582528   -0.0162686    0.0574087
  -0.0550768   -0.0193954    -0.176463    0.0419414
  -0.0698465    0.0405002    -0.077139   -0.0286853
   0.0853538   -0.0291261   0.00231688   -0.0328327
  -0.0925444   -0.0564575   -0.0213163   0.00202948
   -0.014071  -0.00087576   -0.0400217    0.0352761
  -0.0835295       -0.122   -0.0306055    0.0640044
     0.14159   -0.0221426    -0.031175  -0.00675358
   -0.065235   -0.0237142   -0.0338654   -0.0550812
  -0.0605957    0.0104141     0.017534    0.0417562
   0.0858437   -0.0368391    0.0340374    0.0441995
    0.193444   -0.0199333    0.0564479    0.0619168
    0.175344   -0.0684184     0.193338   -0.0156401
    -0.08821   -0.0408172    0.0452145    0.0285376
   -0.148045    0.0491001    -0.118589   -0.0830432
  -0.0386868    0.0195814     0.070981   -0.0290031
  0.00236864    0.0684935    0.0667418   -0.0558352
  -0.0452313    0.0516336   -0.0635377   -0.0413426
   -0.160427   -0.0722205   -0.0469669    0.0523441
   0.0894239   -0.0175166    0.0190291    0.0114151
  -0.0297264    0.0592053   -0.0773829  -0.00545793
    0.175366  -0.00783841  -0.00316209   -0.0679417
  -0.0756863    0.0723671   -0.0817174   -0.0281479
   0.0399942    0.0652636    0.0110645    0.0660629
   0.0293132   -0.0671879  0.000115268    0.0333043
  -0.0368151   -0.0801786     0.018638    0.0623302
  -0.0942398    0.0317265    0.0766507   0.00229666
    0.118978    0.0597864    0.0456651    0.0205636
    0.175952    -0.044845    0.0345224    0.0119585
  -0.0723318   0.00408415 -0.000848243   -0.0160437
   -0.221756   -0.0214531   0.00794568   -0.0663007
  -0.0069503    -0.030435   -0.0697046  0.000674306
   -0.213634   0.00084313   -0.0666538   -0.0568579
  -0.0315078   -0.0738613    0.0483552    0.0299913
    0.120058   -0.0323838    0.0700027    0.0641565
  -0.0796729    0.0377776    0.0586548   -0.0303259
    0.121632     0.033207    0.0148424   -0.0615679
  0.00473126   -0.0270988   -0.0911481    0.0399117
  -0.0598785    0.0368731    0.0918442   -0.0479057
   0.0261587    0.0627286   -0.0158716   0.00186773
   0.0653201    -0.131555     0.199881     0.068917
   -0.115782    0.0482371    0.0499101    0.0582896
   0.0147109   -0.0432001    0.0687305    0.0541445
  -0.0901681   -0.0086649  -0.00302947    0.0174372
  -0.0275894   -0.0503165     0.119201    0.0562565
    -0.12552   -0.0039817     0.044509   0.00661215
    0.055193   -0.0587384    0.0950821   -0.0401845
   0.0379009    0.0696984    0.0794102    0.0539309
  -0.0203891   -0.0481547   -0.0634015   -0.0364591
   -0.074599   -0.0150187    0.0439533    0.0261137
   -0.022205   -0.0253477   -0.0849965   -0.0100086
  -0.0744165   -0.0902486    0.0254156   -0.0315278
   0.0785144    0.0609479    0.0649556   -0.0249619
  0.00714435   -0.0684435   -0.0284318   -0.0430862
   0.0324194   -0.0412059  -0.00392592   -0.0236013
   -0.143505    0.0402017    0.0410643    -0.043354
   0.0568622    0.0146246   -0.0310919  7.63265e-05
   0.0459503    0.0400916    0.0269829    0.0376482
   0.0345051    0.0147014   -0.0176228    0.0555665
   -0.129842   -0.0295512   -0.0387015    0.0096875
    0.314906   -0.0101831    0.0790741   -0.0197952
  -0.0489238   -0.0580671  -0.00586748    0.0891678
   -0.142694    0.0576376   -0.0238928    -0.103112
  -0.0491042   -0.0142243     0.151747   0.00970783
  -0.0549896   -0.0116245   -0.0499362  -0.00160385
   -0.054498    0.0373952    -0.200846     0.018906
   -0.170095   -0.0587215      0.10704   0.00398216
    0.137024   -0.0335648   0.00649097    0.0158497
   -0.118719   -0.0206274    -0.164792   0.00794588
  -0.0339769   -0.0717123     0.119114    0.0112304
  -0.0454563   -0.0148141    0.0339849   -0.0460471
 -0.00847318   -0.0464366   -0.0256997   -0.0229119
   0.0885258   -0.0546609    0.0178277   -0.0387964
  -0.0649161   -0.0118198    -0.116974  -0.00855982
    0.138227   -0.0156087  -0.00127569   -0.0558231
   0.0251432   -0.0471242    -0.111837   -0.0720227
   0.0753638   -0.0300196    0.0408298    0.0598024
  -0.0953057    0.0495096   0.00663769   -0.0855396
   0.0670745     -0.03526     0.075564   -0.0374508
   0.0377118   -0.0412787     0.093899   -0.0327611
  -0.0950234    -0.083183     0.145597    0.0999004
    -0.02664   0.00200421    0.0871407     0.012981
  -0.0959626   -0.0640994    0.0133244    0.0336955
  -0.0516211    -0.127422    0.0328413   -0.0197713
   -0.225691    0.0868121    -0.118416  -0.00131351
  -0.0976741   -0.0534883   -0.0371896    0.0786723
  -0.0448753   -0.0261743   -0.0954465   -0.0525728
  -0.0737104    0.0169963   -0.0362941   -0.0344921
   -0.133953   -0.0302281    0.0317253    0.0267389
  -0.0396619     0.034971    0.0649352   -0.0250794
  -0.0205189   -0.0873843     0.111527    0.0586995
  -0.0976204    0.0249329    0.0685092    0.0563883
   0.0354395   -0.0528879  -0.00190296   -0.0668141
   0.0112862    0.0210315    0.0398532    0.0419343
  -0.0565015    -0.054586     0.118621    0.0436222
   0.0636481    0.0135994   -0.0425426   0.00462361
  -0.0271676  -0.00512197   -0.0534375   0.00675537
  -0.0746735   -0.0156059   -0.0392093   -0.0296331
   -0.132307   -0.0267038    0.0210877   -0.0216731
   0.0453341  -0.00414586     0.216424   0.00298264
   0.0965549   -0.0315374     0.129043    0.0790732
  -0.0886436   -0.0660418    0.0022083    0.0148038
  -0.0551065    0.0340423     0.113375    0.0545615
  -0.0722773  -0.00507832   0.00110572    0.0773719
   -0.123475    0.0490541    -0.117752    0.0242701
   0.0184962   -0.0510053   -0.0770467 -0.000294423
   -0.153102   0.00242614   -0.0190991   -0.0516473
   -0.120462    0.0156619   -0.0842348    0.0459291
     0.13957  -0.00807913   -0.0808676    0.0174749
   -0.029414    0.0700809    -0.143399    -0.090647
     -0.1779    0.0470831     0.121865   0.00947043
  -0.0424437   -0.0133151    -0.138877    0.0119974
  0.00697949   -0.0310465    0.0205949    0.0564356
  -0.0330574   -0.0414335   -0.0649757   -0.0700523
  -0.0722942    0.0131142   0.00409645    0.0164655
  -0.0900364   -0.0436354   -0.0666728   -0.0488735
  -0.0123685   -0.0217916    -0.013518   -0.0547361
  -0.0855634    0.0178949     0.135897    0.0562585
   0.0545502    0.0443904  -0.00530317   0.00468332
  -0.0213584   -0.0358186     0.015134    0.0413716
   0.0349283     0.003708    -0.142922    0.0130111
   -0.132563    0.0371549     -0.10311   -0.0468242
  -0.0562584    -0.045805    -0.050208   -0.0163903
   -0.126227   -0.0129823    -0.104706      0.05489
  -0.0567598    0.0346427   -0.0243273   -0.0772997
      0.1166  0.000234276   -0.0649043   -0.0674693
   0.0626826    0.0319996    0.0896512   0.00761028
     0.25818   -0.0712506    0.0438368    0.0656248
   0.0408997    0.0506725  -0.00606669  -0.00231626
   0.0634166    0.0267748   -0.0638746    0.0187595
  -0.0402911    0.0122248   0.00709895   -0.0491101
     -0.1176  -0.00638204    0.0375206   -0.0675578
    0.102492    0.0331085   0.00387445   -0.0556927
   -0.160754    0.0110449     0.070596    0.0304389
  -0.0457716  -0.00823024     0.156556   -0.0354706
    0.105162   0.00897478    0.0652371     -0.04386
  0.00912527    -0.042555   -0.0723173   -0.0431771
  -0.0640227   -0.0155592   -0.0514133   -0.0608079
  -0.0156747   -0.0511416 -0.000223812    0.0738335
   -0.113992   -0.0373867   -0.0346373   -0.0434619
    0.046095   -0.0152311     -0.15711   -0.0655828
   -0.146585   -0.0582756   -0.0406716   -0.0216906
  -0.0488652    0.0813344   -0.0882544    0.0114651
   -0.002381  -0.00851523 -0.000902212    0.0419396
  -0.0732327   -0.0286612     0.021683   -0.0245552
 -0.00231165  -0.00390703   -0.0536973    0.0160183
  -0.0300043    0.0469395    0.0744928   -0.0509202
  -0.0588045   -0.0426096   -0.0701649   0.00666773
 -0.00949745   -0.0293276   -0.0468135   -0.0519724
    0.242851    0.0414309   0.00641307  0.000651387
   0.0869944    0.0254946   -0.0976485   -0.0375299
  -0.0565163   0.00344004      0.13754    0.0345648
    0.156741    0.0176375     0.103498    0.0777941
   -0.047112    -0.069525    0.0551237    0.0717026
  -0.0994677   -0.0606072     0.112864   -0.0267254
   0.0469356  -0.00909117   -0.0256511   -0.0756413
  -0.0686506    0.0127211    0.0153998    0.0293978
   0.0227156   -0.0473533  0.000216054    0.0431196
   0.0659385   -0.0109139   -0.0811787   0.00966969
    -0.12873    -0.046068   -0.0391373    0.0033902
   0.0584627    0.0446289   -0.0125597    0.0137249
  -0.0220984    -0.039305    0.0346632    0.0452414
  -0.0112841     0.015688   -0.0125149  -0.00525018
   -0.078495   0.00176144   -0.0696848   -0.0035836
   -0.239998   -0.0240413     0.126204    0.0699498
   0.0278601    0.0159862   -0.0729143    0.0127484
    -0.12427    0.0597146   -0.0114736    0.0330689
   0.0623766   -0.0031447   -0.0439813    0.0478467
   0.0324238   0.00517224    0.0408777     0.062574
  -0.0219044   -0.0618488   -0.0992179    0.0224056
  -0.0339849   -0.0200469    0.0532814   -0.0755506
    0.134534     0.057761   -0.0574155   -0.0885598
    -0.18275   -0.0486743   -0.0544103   -0.0471248
  -0.0850485   -0.0314756   -0.0382686    0.0457495
  -0.0166385   -0.0100996   -0.0286606    0.0366139
  -0.0569128   -0.0366901   -0.0848127  -0.00692669
   0.0829071    0.0132598   0.00919384  -0.00251756
   0.0595008   6.7248e-05   -0.0709652     0.022687
  -0.0644177    0.0362202    -0.128221    -0.107494
   0.0172389    0.0827085   0.00643076   -0.0121883
  -0.0164386    -0.070565   -0.0784735   0.00116649
   -0.107951    0.0204968    -0.074042     -0.04399
  -0.0234972   0.00813486    0.0221368    0.0588318
   0.0837847     0.029837    0.0292757    0.0417384
   -0.043515    0.0198258     0.054637   -0.0510383
   0.0129484  -0.00821875    0.0201673   -0.0368083
   -0.108921   -0.0673585   -0.0482241    0.0189689
   -0.146923   -0.0135963    -0.165679   -0.0218899
  -0.0521019    0.0508921   -0.0387956    0.0240415
   -0.103224   -0.0252712    0.0126718   -0.0117172
  -0.0512954   -0.0370506   0.00603929    0.0215762
   -0.140571   -0.0398964   -0.0186329   -0.0127455
  -0.0660133    0.0309486     0.018818   -0.0157469
  -0.0739991    -0.083263    0.0645735   -0.0341685
 -0.00568986    0.0332334     -0.11889   -0.0641157
 -0.00054813     -0.09621 -0.000122226    0.0633099
   0.0601604    -0.037799    0.0903398    0.0393397
   -0.120976    0.0409895   -0.0567799    -0.073398
   -0.133098    0.0534299    0.0253388    0.0402755
   0.0811924   -0.0534757    0.0649098    0.0363893
  -0.0550923    0.0233218     0.197885    0.0573939
   0.0912128    -0.065657     0.107726    0.0688238
    0.109196     -0.10337    0.0737277    0.0758675
   0.0968068   -0.0246054   -0.0762119    0.0419954
    0.145019   -0.0483759   -0.0119907   -0.0347252
   0.0398306   -0.0467102    0.0628974    0.0408933
    0.101375   -0.0448938   -0.0246334   -0.0411616
    0.135652   -0.0248131    0.0896975    0.0637798
 -0.00167425    0.0174187    0.0454396  -0.00150555
    0.161413    0.0775097   0.00673333   -0.0479244
   0.0429736  -0.00166691    0.0842487    -0.015846
  -0.0254623    0.0288954    0.0635383    0.0467401
  -0.0318698   -0.0518531    0.0380931    0.0270789
   0.0662811    0.0677221   -0.0551403   -0.0917424
   -0.128539    0.0107789   -0.0611825    0.0271077
   0.0496178    0.0331978     0.111366    0.0326358
   0.0541965    0.0209591  -0.00524382   -0.0763574
   -0.194851    -0.015588   -0.0646689   -0.0540363
   -0.194168   0.00621495   -0.0884113   -0.0254529
 -0.00554791   -0.0660761    0.0596331   -0.0512026
   0.0672893   -0.0741418     0.200006    0.0193406
   0.0271123   -0.0470132     0.141353   -0.0410912
   -0.102455   -0.0496515     0.134208   0.00970186
    0.188507   0.00203919    -0.117464    0.0129938
  -0.0363004   -0.0298137    0.0440866   -0.0569122
  -0.0262557   -0.0191105    0.0220044    0.0364027
  -0.0449971    0.0206099   -0.0484569    0.0117211
   0.0742303   0.00048771     0.228144    0.0823862
   -0.146497    -0.122442      0.18683     0.114153
   0.0426936   -0.0160999  -0.00373841    0.0130847
    0.299653    0.0411566    0.0826023 -0.000414146
  -0.0434825   -0.0657961    -0.102178   -0.0321237