  -0.0418297     0.195543    0.0171075    -0.137987   -0.0113707   0.00455622    0.0112392     0.114746
   0.0366748   -0.0964801   -0.0488717    0.0866699       0.1001   -0.0130311    0.0760762    -0.115937
   0.0120811  -0.00310875    0.0748151   0.00465901   -0.0272761   -0.0443022    0.0159861   -0.0389897
  -0.0850712    0.0396895   -0.0246197    0.0115077   -0.0217201  -0.00223845    0.0375041  -0.00263981
  -0.0484939   -0.0093591  -0.00589524    0.0404651   -0.0411981   -0.0382216    0.0597153    0.0443129
   0.0844763    0.0911337    0.0879136    -0.108846    -0.117736    0.0281193   -0.0396293   -0.0659151
   0.0982839    -0.157021    0.0234607   -0.0109016    0.0141833   -0.0318592   -0.0762128   -0.0764932
   -0.132367     0.162418   0.00135823   -0.0224835  -0.00808763    0.0840778    0.0704537    0.0307645
  -0.0981843   0.00709765    -0.134318    -0.030217    0.0214605    -0.133926   0.00231536   0.00369996
   0.0923947     0.101622  -0.00288792   -0.0292261   -0.0477437    0.0656882   -0.0444903    0.0573406
  -0.0961099    0.0975101    0.0320253   -0.0518109     -0.11584    0.0390914     0.010346   0.00787874
   0.0571286    0.0687495   -0.0377112   -0.0492586    0.0365579    0.0127612   0.00224083    0.0442947
  -0.0130016    0.0799701   -0.0527796    0.0495772    0.0902332  -0.00117021    0.0575365   -0.0168677
   -0.119629     0.115751   -0.0719463    0.0692459   -0.0787444   -0.0395627   -0.0576411    0.0531562
   0.0259738    -0.106409   0.00680731   -0.0755431    0.0316231   -0.0653235   -0.0502412   -0.0342214
  -0.0556074    0.0472368   -0.0608437     0.098849    0.0363041     0.068693   -0.0689811   -0.0115126
  -0.0306888    -0.102173    0.0597611   -0.0328816   -0.0128616   -0.0728585    0.0387294   0.00231079
   0.0498615    0.0450605     0.118506   -0.0733412   -0.0664736   -0.0113256   -0.0129971   -0.0430143
  -0.0804216     0.264499    0.0556633    -0.181214   -0.0966699    0.0961664   -0.0616397     0.195618
   0.0144191     0.104094   -0.0626275   -0.0176152   -0.0211236    0.0179523      0.14735     0.151939
  -0.0733918    -0.161352   -0.0618863    0.0889602     0.157777    -0.116617      0.15904   -0.0398586
  -0.0250262    0.0736666     0.051241    -0.111228  -0.00784258    0.0693549   -0.0515747   -0.0189993
    0.125448   -0.0195106    0.0760062   -0.0489989  -0.00654637   -0.0180583   -0.0135687    0.0321412
   0.0151775    0.0363744    0.0168992    -0.102611    0.0160595   -0.0188739   0.00884767    0.0795247
   0.0201486     0.119027   0.00834845   -0.0316468  -0.00480775   -0.0262922  -0.00852399     0.106478
  -0.0367976     0.044389     0.024089    -0.139255   -0.0641372     0.108478    -0.108458     0.112585
-0.000145223    0.0833596    0.0559353    0.0438793    -0.126583    0.0664134     -0.09081    0.0161559
  -0.0144382   0.00403542    0.0517013   -0.0898149   -0.0116488  -0.00637115  -0.00650578   -0.0434035
  -0.0939729   -0.0310229   -0.0339109    0.0481696    0.0581091   0.00812121    0.0493412   -0.0600346
   -0.110058     0.109294    0.0109131    0.0385908    -0.020729   -0.0368549    0.0546624  0.000127446
   0.0145408   -0.0601057   0.00899685  -0.00208654    0.0181876    0.0147688   -0.0181492    0.0799652
   0.0045332   -0.0216054    -0.160135    0.0672175    0.0795275   -0.0929341     0.111502   -0.0191925
  -0.0191346   0.00722857    0.0764377   -0.0399265   -0.0521418    0.0432393   -0.0148275    0.0204511
  -0.0556708    0.0731553   -0.0666559   -0.0145158    -0.075473    0.0705653   -0.0540547   -0.0228426
   -0.102509   -0.0199833    -0.053557   0.00655859   -0.0440776  -0.00209662   0.00597631   -0.0165993
   0.0422094     0.241683    -0.062669   -0.0586231    -0.109267     0.169472   -0.0160895     0.179395
   0.0127824     0.191703    0.0374227    -0.149779   -0.0555627   0.00533721    0.0101092    0.0885875
   0.0335164    -0.123596    0.0129232    0.0392287    0.0955709   -0.0270426   -0.0178474   -0.0318116
   -0.040512    0.0176004    -0.107308    0.0616929     0.106312    0.0770305    -0.055864   -0.0295474
   0.0997072    0.0450683    0.0289193    0.0349028   -0.0300831     0.167838    0.0132474    0.0231135
   0.0674493    0.0958351     0.013557    0.0310459   -0.0528338   -0.0060734    0.0486458    0.0795255
    0.119874    0.0431874     0.102768    0.0156875    0.0461612    0.0467772  -0.00664004   -0.0762807
   0.0685861    -0.205515   -0.0362467     0.115808   -0.0151164   -0.0292527   -0.0584028   -0.0939011
   0.0162577    0.0135631   -0.0236769    0.0217321    -0.131169    0.0520389    0.0595148     0.139156
  -0.0235217    0.0421579    0.0571695   -0.0303476     0.112198  -0.00935908   -0.0989666    0.0465503
   0.0714561    0.0420466   0.00777551    -0.110509   0.00212251     0.015411  -0.00321197      0.13301
   0.0315423   -0.0181899   -0.0487391     0.004605 -1.12385e-05    0.0658953   -0.0468801     0.123387
  -0.0766084    0.0112072  -0.00854708    -0.107632   -0.0629683   -0.0391043    0.0539287    0.0708229
  -0.0399033   -0.0473377    0.0380011    0.0249538    0.0709434     0.085642  -0.00559344    0.0598888
   0.0327374    0.0225044    0.0333205   0.00695947   -0.0201124    0.0219565   -0.0622916   -0.0688094
 -0.00293416   -0.0294189    0.0483925    0.0342955   -0.0672199     0.107752   -0.0499411   -0.0597088
  0.00810702    0.0149533     0.026899    0.0539691    0.0339724    0.0522795   -0.0202294   -0.0470582
   0.0312128    0.0549086     0.126675    0.0287418   -0.0946109   -0.0528536    0.0319262    0.0280132
   0.0495995   -0.0317434   -0.0479092    0.0890071     0.126723   -0.0644752   -0.0297579  -0.00950237
    0.063912    -0.110573    0.0405195     0.015272     0.125457    0.0464203   -0.0944158   -0.0869165
  -0.0159979     0.152185    0.0638164    -0.039097    0.0121622    0.0722952   0.00412709    0.0751025
   0.0593158     -0.04335     0.113245    0.0462278   -0.0668211   -0.0347525    -0.053377   -0.0139231
  -0.0420594       0.1416   -0.0802275    -0.105047  -0.00995972    0.0919528   -0.0367637    0.0675633
  -0.0808481     0.223293   0.00428404   -0.0860527   -0.0165408    0.0610638   0.00672214     0.116139
  -0.0475993    0.0526152   -0.0600306   0.00664099    0.0878273    0.0269684    0.0265176     0.116309
   0.0766988    0.0649145    0.0528147   -0.0246983   -0.0197903  -0.00799627  0.000467883     0.119327
   0.0347325    0.0719505    0.0125788   -0.0154399   -0.0356465   -0.0402986    0.0662099    0.0968199
   0.0178696   -0.0459861   0.00171494   -0.0395732    0.0126946    0.0297139   -0.0256389   -0.0403551
   0.0614416   -0.0247642    0.0276824   -0.0581808    -0.133581   -0.0227994  -0.00858635     0.129575
  -0.0388532    0.0402644    0.0369134 -0.000576527  -0.00533348   -0.0829922    0.0724211    0.0975681
  -0.0133738    0.0177941   -0.0123893    0.0179534   -0.0110023    0.0292752   -0.0482299    0.0573964
   0.0524894    -0.100425    0.0660965    0.0933214    0.0741905   -0.0900693     0.119628   -0.0950762
  -0.0248756     0.030688   -0.0108082    -0.040595    -0.109533   -0.0806904   0.00996954     0.097236
 0.000583054    0.0675963  -0.00881054   -0.0341471   -0.0312078   -0.0833479     0.104923    0.0873462
  -0.0720147   -0.0167642    -0.112988     0.197316      0.14385   -0.0148705   -0.0848938    -0.215809
   0.0342574     0.216126   0.00189167    -0.057665   -0.0980412    0.0570826   -5.185e-05     0.124702
   0.0337798     -0.10962   -0.0327843    0.0990241    0.0637281    0.0478065  -0.00336831   -0.0583396
  -0.0183852     0.101983    0.0145532   -0.0212095   -0.0191572   -0.0799147    0.0375007     0.061648
   0.0151009     0.135557   -0.0352738     -0.11317   -0.0900762  -0.00403503     0.130851     0.227091
   0.0259735   0.00569256  -0.00998286   -0.0202831    0.0434655    -0.106018    0.0404777     0.060194
  -0.0699242    0.0318135 -0.000443979   -0.0650248    -0.102123   0.00431774   -0.0134886     0.117248
   0.0114135     0.146601    0.0455528   -0.0156028   -0.0775116     0.025976    0.0482388   -0.0150519
   0.0302396   -0.0598378   -0.0148805   -0.0211964   -0.0276579    -0.103545    0.0359062    0.0815941
  0.00839573     0.075737    0.0028625   -0.0550515   -0.0793529    0.0382342   -0.0533992    0.0791673
  -0.0148088    0.0482355    0.0561993   -0.0969626    -0.108122    0.0380685   -0.0189239    0.0263855
   0.0787454    0.0887679    0.0441432    0.0929124    0.0085231    0.0606472    0.0382458   -0.0444097
   0.0571009      0.15357    0.0885733     -0.15477    -0.155032    0.0674728    0.0197665     0.126102
   0.0354722    -0.032641    0.0205688    -0.071898  -0.00112124 -0.000801358  -0.00533478    0.0968857
   0.0333646     0.189945  -0.00342589   -0.0433076   -0.0111207    0.0614419    0.0755792     0.219672
  -0.0802831  -0.00419218   -0.0710906    0.0226651   -0.0199897  -0.00802387    0.0288175   -0.0766814
  -0.0886809     0.139531     -0.11536   -0.0716494    0.0213539   0.00348827    0.0138281     0.112538
   -0.102805     0.117947   -0.0136362   -0.0510182    0.0389492   -0.0429946  -0.00786927    0.0697227
   0.0335335    -0.192792    -0.049787    -0.016943    0.0417545   -0.0501305   0.00285351   -0.0348532
  -0.0171118    0.0523429   -0.0948792    -0.103076   -0.0998506    0.0608863     0.042195     0.171175
   0.0579067     0.166674    0.0580379    -0.126874    -0.174418   0.00905474   -0.0127804    0.0475208
  0.00479414    0.0197864   -0.0148193    0.0216907    0.0696688   -0.0208628   -0.0137764   -0.0495345
   0.0408133   -0.0463958    0.0415986 -0.000813711    0.0566976     -0.10779    0.0208283   -0.0310877
   0.0533346    0.0928397    0.0998677   -0.0450555    -0.052229    0.0298928   -0.0115106  -0.00480035
    0.023819   -0.0174277    0.0195534    0.0166096    0.0451384   0.00342537     0.018939   -0.0263786
  -0.0825678    0.0606184   -0.0616897     0.083167    0.0369981   -0.0414708   -0.0151505   -0.0721544
 -0.00440272    0.0221412    0.0282045   -0.0876862   -0.0556267     0.038665   -0.0137675       0.1811
  -0.0434264  -0.00912817    -0.031955   0.00391304    0.0235718   -0.0577723    0.0231222    0.0338277
   0.0546079   -0.0647236   -0.0257681      0.17561     0.232474    0.0612821 -0.000945375    -0.139278
   0.0272991    0.0696892     -0.02248  -0.00536155    0.0134082    0.0014452    0.0597925    0.0734367
  -0.0279195   0.00488261   -0.0152228   -0.0386086   -0.0445585    0.0041465   -0.0204518   -0.0200273
  -0.0498354    -0.158044    0.0209909    0.0318322    0.0383688   -0.0541293   -0.0518254    -0.115669
    0.159776    0.0420991    0.0224441    -0.109846   -0.0638075  -0.00579273   -0.0672994    0.0574432
  0.00758197   -0.0414661      0.10733    0.0236163    -0.141956    0.0114615    -0.068795    0.0164754
   0.0515257    -0.094643    0.0531207   -0.0266693    0.0121419    0.0489028   -0.0115735  -0.00457457
 -0.00863485   -0.0812221    0.0424773    0.0893692    0.0839509    0.0192161   -0.0512853   -0.0956235
  -0.0516513    0.0477846     0.017464    -0.047211    0.0802656   -0.0199002    0.0248582    0.0300889
  -0.0536143     0.088163    0.0381483    -0.126858    -0.126287    0.0572744    -0.011866  -0.00336336
  -0.0748538    -0.059826   -0.0124868    0.0109066     0.152541   -0.0862102   -0.0120149   -0.0377311
   0.0604973   -0.0462095     0.022566   0.00639623   -0.0439373    0.0409148    -0.147883   -0.0603355
  -0.0367869    -0.333441    -0.016855    0.0709135    0.0816338    -0.183044  -0.00510108   -0.0990603
  -0.0856426     0.152611   -0.0136442    0.0125768     0.050946    0.0718271    0.0727556    0.0163322
   -0.109926     0.210454   -0.0305656   -0.0481053   0.00324308    0.0959771     0.120358    0.0948857
  -0.0599257    -0.111569     0.019149   0.00354722    0.0340847  -0.00133132    0.0491308   -0.0554358
   0.0139049    0.0576131   -0.0504825 -0.000741749    0.0294915   -0.0738483    0.0869258    0.0987315
    0.111208  -0.00834596   -0.0473835   0.00567726   -0.0460059    0.0374686    0.0014558    0.0425685
  -0.0943506    0.0825026  -0.00669018     0.162959    0.0603482    0.0162672    0.0550548     -0.10844
  -0.0720869     0.183107   -0.0551857    -0.109348   -0.0383135    0.0781779   -0.0680264    0.0462545
   0.0279217      0.03106   0.00300776   -0.0582375  -0.00796898   0.00864745     0.100769   -0.0118553
    0.148629   -0.0509346    0.0221179    0.0515441    0.0781239   0.00346186    0.0680599   0.00225443
   0.0267107   -0.0267265    0.0110895  -0.00756082    -0.049134   -0.0940705     0.126035    0.0207981
  -0.0236804   -0.0100984    0.0219813    -0.039597   -0.0492127  -0.00592212    0.0680667   -0.0333441
   0.0483316   -0.0557771    -0.026682   -0.0291875   -0.0325138   -0.0358167    0.0530928   -0.0647179
   0.0641452   -0.0684605    0.0721703    0.0162756  -0.00746176  0.000561501  -0.00469603   0.00768666
   0.0476872     -0.12675  -0.00292958     0.041755    0.0054922   -0.0480831    0.0915145    -0.012748
   0.0140066    -0.031247   -0.0763778    0.0109353     0.085863    0.0238483    0.0252248   -0.0190947
  -0.0201553     -0.08951    -0.045771     0.149071    -0.048033    0.0425618   -0.0403499    -0.111941
   0.0714152    -0.250965   -0.0944602    0.0189595      0.19495    0.0142143    0.0626599   -0.0772454
   0.0559498    0.0389669    0.0700157    0.0121517    0.0243143    0.0706059    0.0388152    0.0273285
    0.193356    0.0474257    0.0283829   -0.0217271    -0.136343    0.0566614     -0.13071   -0.0297489
   0.0768468   -0.0920729   0.00941482   -0.0642945    0.0553764    0.0522625   -0.0621002    0.0218694
    0.135819   -0.0075433   -0.0276889    -0.157562  -0.00719351   -0.0533607    0.0987563    0.0860087
  0.00774395   -0.0407964    0.0111659     0.107568  0.000984309   -0.0277713   -0.0051988   -0.0464633
    0.043355    0.0639876   -0.0048704   -0.0760068   -0.0738649    0.0987212  -0.00843882    0.0227163
     -0.1392   -0.0270816   -0.0865253     0.012054    0.0255826   -0.0349019    0.0308926     -0.03155
  -0.0535221  -0.00406325    0.0351687   -0.0754028   0.00353972     0.106572  -0.00599008   -0.0161648
    0.171566    -0.121543    0.0295576    0.0318724   -0.0122309    0.0122523    -0.124674   -0.0875683
  -0.0488411   -0.0289697    -0.032557    0.0613738     0.067985    0.0465437    0.0341482    -0.191269
  -0.0135421     0.100293     0.072388   -0.0494323    -0.059223    0.0523713  -0.00408576    0.0821202
-0.000792944   -0.0232744   0.00960728   -0.0660413     0.081513   0.00114544    0.0152404    0.0363661
    0.042406   0.00314576   -0.0108761    0.0191185     0.137509    -0.052134    0.0407515   -0.0119465
  -0.0597044   -0.0634403  -0.00263245   -0.0419377   -0.0552584  0.000216896    0.0766544   -0.0276554
   0.0920279    -0.051877    0.0398645   -0.0255977    0.0136917     0.049172    0.0464898    0.0976911
  -0.0616811   0.00114791    0.0267171    0.0478615   0.00400002   -0.0644576    0.0229923    0.0372372
  -0.0237421      0.10628    0.0537239    -0.110579    0.0155719    0.0115343    -0.011798   -0.0115829
   -0.054839    0.0176389   -0.0937123   -0.0597237 -0.000639584  -0.00824545    0.0391573     0.100409
 -0.00254436   -0.0907841   -0.0609309     0.028327     0.070659    -0.127717    0.0679516    0.0189993
  -0.0115368   -0.0556529    0.0337735    0.0420938    0.0585086   -0.0630636   -0.0860401   -0.0937175
  -0.0251689     0.159441   -0.0422298    0.0606571   -0.0156802     0.160822   -0.0241524    -0.040574
    0.130841    0.0943745    0.0560439   -0.0833775    0.0164884    -0.071042    0.0527704      0.05648
  -0.0471003      0.13818   -0.0443796    -0.115922   -0.0877257    0.0827711    0.0254971     0.109332
   -0.113699     0.133739    -0.105727     0.126945     0.023645     0.120253    0.0401189  -0.00133445
  -0.0678493     0.185992   -0.0509934   -0.0492647   0.00740673    -0.046636    0.0344693     0.221876
    0.111249    -0.109034   0.00109843   -0.0111765    0.0363143   -0.0896285    0.0131868    0.0328891
 -0.00951201   -0.0170842   -0.0316531    0.0454397   -0.0301558    0.0731768    -0.127508   -0.0207488
  -0.0545842   -0.0704339   -0.0122203     0.128077     0.123615    0.0320625   -0.0345824   -0.0717802
  0.00696333     0.059717     0.138416   -0.0558688    -0.124729     0.139311   -0.0698697    0.0264523
  -0.0344832   -0.0787089    0.0431144   -0.0492584   -0.0520187    0.0661999   -0.0947537   -0.0674562
   -0.107516     0.199162   -0.0539669   -0.0672821      0.02036    0.0458992    0.0680505     0.182262
  -0.0702716     0.135266    -0.025457    0.0106849   -0.0280546    0.0496253    0.0412565    0.0975594
   0.0327359  0.000380988   0.00172242    -0.160075   0.00850893   -0.0655426    0.0892026      0.19176
   -0.147659     0.105375    -0.099111   -0.0284307    0.0510031   -0.0240518     0.123012    0.0328703
   0.0217781    0.0192246    -0.059623    0.0624751    0.0929507   -0.0121446    0.0168789    -0.034033
    0.102414    -0.116803   -0.0271947    0.0712311  -0.00637101   -0.0740398   -0.0137302   -0.0082122
    0.184152   0.00794008     0.104343    -0.093236      0.11981   -0.0580808    0.0459181    0.0298619
     0.13266   -0.0389998     0.158222    -0.158744    -0.139791     0.135609    -0.138119     0.230912
   0.0536525    0.0860718    0.0530546    -0.103245    0.0706463   -0.0833197   0.00756228    0.0676487
  0.00414331     0.126336    0.0122558   -0.0235565   0.00279556    0.0274652    0.0470611    0.0159472
  -0.0459354     0.072893     0.103115   -0.0616691   -0.0206187    0.0654008    0.0256006    0.0707097
     0.05116     0.119242   -0.0182629    0.0555415    0.0477263   0.00510144     0.122669   -0.0174321
    0.203923     -0.29268    0.0149495   -0.0201592     0.131568    -0.180305    0.0546548   -0.0318803
   0.0218195    0.0519059   -0.0472354   -0.0454608    0.0994382    0.0884001   -0.0637723    0.0528071
    0.033292   -0.0628885   -0.0299883    0.0707376    0.0856071   -0.0773793    0.0347109   -0.0154647
 -0.00243574    -0.141841   -0.0359883   -0.0347043   -0.0259085   -0.0635784    0.0458434   -0.0436961
  -0.0657296    -0.105323   -0.0666225    0.0324582    -0.018549    0.0120062   -0.0155375   0.00185368
  0.00215367   -0.0221729   -0.0428535   -0.0556891   0.00776289   -0.0300964   -0.0491276    -0.025182
   0.0352653    0.0639441   -0.0323076   -0.0357375   -0.0974747   0.00889109  -0.00486046    0.0136519
  -0.0352769   -0.0701633  -0.00130378    0.0793259   -0.0194069    0.0351767   -0.0966279    -0.148883
   0.0177726     0.150311   -0.0546289   -0.0497032    0.0666173   -0.0757386    0.0359071     0.119562
   -0.103773    0.0848202    0.0137665    0.0315804    -0.054341    0.0731377   -0.0792178   -0.0857328
   0.0141751   -0.0158814   -0.0580628   -0.0375061   0.00354907    0.0379907    0.0373015  -0.00123157
   0.0116286   -0.0323025    0.0308241    0.0196004    0.0482214    0.0261169    0.0450906   -0.0140154
   -0.059908    -0.259032    -0.161776     0.158557     0.139288    -0.115381    0.0299195     -0.17637
   0.0140868   -0.0230094   -0.0124161   -0.0329221    0.0909665   -0.0720987   -0.0559515   -0.0493654
   -0.134863     0.179763    -0.141404    -0.101454   0.00674205   -0.0830388    0.0423487     0.113997
   0.0600864    0.0673986   0.00317021   -0.0121803    0.0110212    0.0493648   -0.0249497   -0.0311383
   0.0585941    0.0652284   -0.0507961    0.0132119    0.0961918    0.0735546   0.00804827     0.144472
   0.0440291    -0.294573   -0.0908373    0.0201496     0.112175   -0.0699986    0.0692573    -0.015675
  -0.0354312    -0.040561    0.0273987    0.0377497    0.0321459    0.0456529     0.057642    0.0398764
    -0.20005     0.159709    -0.144805     0.122278    0.0135646    0.0773793    0.0527696    0.0411233
  -0.0328861   -0.0027682 -4.38178e-05    0.0425463   -0.0587648    0.0335171   -0.0180218   -0.0380319
 -0.00318799  -0.00610341    -0.025454    0.0155124    0.0310469   -0.0844397    0.0386785    -0.040842
 -0.00183504    0.0423659   -0.0267819     0.027092   0.00460617    0.0393261    0.0439103    0.0309811
    -0.19331    0.0189891  0.000631429   -0.0548029   -0.0219445    -0.109668   0.00160534   -0.0909307
    0.102552   -0.0370742    0.0851251   -0.0403578    0.0466165    0.0165955    0.0127201      0.10682
  0.00173061   -0.0320894   -0.0393905     0.105427     0.121604    0.0692626    0.0489095   -0.0726862
  -0.0615104   -0.0399328   -0.0833847      0.24479     0.236154     0.176811    0.0780564   -0.0972537
  -0.0517076    -0.241997    0.0516552     0.116051     0.046677   -0.0296633  -0.00991559    -0.152218
   0.0142981   -0.0426538  -0.00562936    0.0706392    0.0539494   -0.0221615 -0.000862866   -0.0851371
  0.00662918  -0.00111851    0.0500508   -0.0180024   -0.0209584     0.113586   -0.0343825     0.146233
   0.0413031    0.0220288   -0.0961438    0.0103884   0.00438622   -0.0626561    0.0552705    0.0292155
    0.123968      0.21883    -0.028629   -0.0857549   -0.0888254     0.116156     -0.02379    0.0740962
  -0.0172594    0.0875744   -0.0783616   -0.0656588   -0.0645786    0.0386082    0.0205578     0.134008
  0.00386772    0.0595523     0.036091   -0.0288188   -0.0427874    0.0766677     -0.13442   0.00405709
    0.060522     0.059347   -0.0700409     -0.03106   -0.0263277   0.00183271    0.0179336     0.102873
    -0.01017    0.0216708   -0.0948642  0.000848876    0.0075446   -0.0565943    0.0299464     0.054989
   0.0113185    0.0683606   -0.0880084    0.0186954   -0.0767076   0.00249798   -0.0198346    0.0544427
  -0.0314843    0.0158346   -0.0491942    -0.012135   -0.0654237    0.0608463    0.0394562    0.0582249
   0.0465911    -0.163891     0.001095    0.0979749      0.14201    -0.107021   -0.0137075   -0.0736005
    0.018185    -0.181667    0.0242444  -0.00261804    0.0661811    -0.164272    0.0608041    -0.118819
   0.0259513   -0.0129585      0.11402    0.0647486   -0.0221364     0.105564    -0.141545    -0.226307
   -0.125551     0.180917   -0.0761736   -0.0768224   -0.0966602    0.0179646   -0.0260732    0.0572384
   -0.201081     0.325702     -0.07706    0.0441787    -0.173889     0.143376    -0.105933  -0.00935001
   -0.121591     0.135396    -0.150383   0.00700035    0.0653259     0.058053    0.0351597     0.141437
 0.000796249    0.0819131    -0.014971   -0.0714749   -0.0952246   0.00366964    -0.091426     0.049838
  -0.0226739    0.0146583    0.0417939    0.0159708     0.062142  -0.00379174   -0.0505638     0.022297
  -0.0613624    0.0739836   -0.0179334   -0.0635852  -0.00142917   -0.0482837     0.017005    0.0625435
 -0.00219421    0.0208657    0.0674044    -0.143879   -0.0990092    0.0218652   -0.0872022    0.0836811
  -0.0810535    0.0873336   0.00836729   -0.0292029   -0.0802951    0.0423529    -0.086144   -0.0804013
  -0.0352106    -0.115833   -0.0291903    0.0560386    0.0390874   -0.0350318    0.0285524   -0.0188412
   0.0372564     0.024671    0.0290345    0.0591883     0.115723   0.00663297   -0.0256915    0.0390513
  -0.0116747     0.069402 -5.42553e-05   -0.0284561    -0.022731    0.0453397    0.0309401   0.00954389
    0.066544      0.06693    0.0257128   0.00517083   -0.0191419   -0.0440643    0.0538497    0.0847998
   -0.070404   -0.0405054    0.0160245    0.0902588    0.0535783   0.00112794     -0.04522     -0.18239
   0.0841455    -0.177632    0.0157126    0.0233647   -0.0567515    0.0619821   -0.0582601    -0.146796
    0.108901    -0.178595     0.053838     0.113597    0.0217543   -0.0583585    -0.028477   -0.0753085
  -0.0370634   -0.0226593    0.0668711    0.0058876    -0.049881  -0.00865642   -0.0181981   -0.0756781
  -0.0521535    -0.109343    0.0184877    0.0102539    0.0884054    0.0287383   -0.0170021   -0.0127087
  0.00498594    0.0931475    -0.110641  -0.00220426  -0.00929937    0.0825542    0.0592086   0.00764404
  -0.0330252  -0.00678976   -0.0442186     0.107634    0.0179977    0.0959959    -0.110568   -0.0326301
    0.009277    0.0733864   -0.0613121     0.030155    -0.104275    0.0424387     0.109899     0.107223
    0.067185    0.0298433   -0.0146538    -0.038532     0.102283    0.0114241    0.0472528    0.0766949
  0.00315922    -0.181422   -0.0663007     0.051398    0.0663539    -0.139552    0.0419028   -0.0273364
    0.168373   -0.0831012     0.116628   -0.0440675   -0.0126964   -0.0035415   -0.0061803    0.0205476
  -0.0184913    0.0473791    0.0130753    0.0422605    0.0390246   0.00612092    0.0529995   -0.0164132
  -0.0226581     0.103834   0.00796285   0.00712256   -0.0309066    0.0986662    0.0692601     0.110076
   0.0115268    0.0541015    0.0634799   0.00291772    0.0202109    0.0697827   -0.0520456    0.0851255
 -0.00595055    -0.174256   -0.0689792    0.0886894     0.144036   -0.0888414     0.102579   -0.0605066
  -0.0116293   -0.0403946    0.0390517     -0.04612   -0.0402592   0.00958557    0.0518885     0.040193
  0.00257545   -0.0929055  -0.00268993   0.00521357    0.0164724   -0.0778767   -0.0204968   -0.0145131
  -0.0281415    0.0603491    0.0203617    0.0660714    0.0341161    -0.103985    0.0169749    0.0664329
   -0.023184   -0.0324817    0.0683545   -0.0368667   -0.0879862  -0.00405376    -0.120859   -0.0867703
   0.0134411    0.0632736    -0.111461    0.0498479     0.138596   -0.0805676    0.0718678   0.00407586
    0.074981    -0.113927   -0.0319674   0.00168754    0.0241791   -0.0831691 -0.000332421  -0.00990389
   0.0287549    -0.033991    0.0421852    0.0324026   -0.0561754   -0.0239779  0.000942088    0.0838009
      0.1043    -0.094559   -0.0617829    0.0648141     0.121193   -0.0139595     0.010955    -0.137599
  0.00965228    -0.053807      0.07225  -0.00410016   -0.0313769   -0.0328196    0.0307855  -0.00477925
    0.127954    0.0505157 -0.000105454   -0.0963873    -0.147647  -0.00301987   -0.0764847     0.250767
    0.124399    -0.115048    0.0256091   -0.0690241    0.0850922     0.022036    0.0897965   -0.0717322
  -0.0660159     -0.14179    0.0121984   -0.0288245   -0.0472853   0.00864446    0.0262114   0.00746049
   0.0547488    0.0503788   -0.0233914    0.0336545   -0.0489218    0.0441766   -0.0492974   -0.0106643
  -0.0308301     0.030059   -0.0984628    0.0156784    0.0699689    0.0371183   -0.0587662     0.044977
   -0.046878   -0.0617294   -0.0795053   0.00121452     0.130776    0.0168878    0.0326643    0.0235524
   0.0262529   -0.0700159   -0.0145427    0.0173469   -0.0115691   0.00316755    -0.116204   -0.0244766
  0.00854382   -0.0593967   -0.0746775    0.0915305    0.0679475    -0.119953   -0.0602259   -0.0502166
    0.057042   0.00677693    0.0122917   0.00317363   -0.0930473    0.0804222  -0.00987942    0.0831811
   0.0532827    0.0991021    0.0485882   -0.0303453   -0.0137505    0.0412877    0.0439687   -0.0248067
   0.0763745  -0.00303676   -0.0268024    0.0615801    0.0966043   -0.0625636     0.106338    0.0506589
   0.0493707  -0.00767781   0.00645359    0.0821535   0.00755991     0.064072   0.00770838    -0.084138
   0.0189649    0.0026229    0.0351404     0.090698     0.141911  -0.00996599    0.0334949   -0.0202458
   0.0573628     0.114306   -0.0596895   -0.0225044    0.0591289    0.0255645    0.0978029    0.0520853
  -0.0174873     0.120614    0.0252355   -0.0150704   -0.0898707    0.0272865    0.0216123    0.0556462
  -0.0446807     0.227357    0.0281286   -0.0409675   -0.0159822    0.0960599    -0.148857    -0.012731
   0.0511125    -0.202288    0.0922656    0.0640812   -0.0202628   -0.0755892   -0.0645838   -0.0873361
  -0.0713834    0.0490061   -0.0204872    0.0157546    0.0289157    0.0732506  -0.00514576   -0.0133052
 -0.00945273     0.120433    0.0174322    -0.110975   -0.0132748    0.0334614    0.0165644      0.08116
  -0.0578425    0.0158248   -0.0102229   -0.0221793    -0.113868   -0.0583346   -0.0192334   -0.0382929
  -0.0205981      0.13581   -0.0280541   -0.0693721    0.0164428     0.108027   -0.0631643   -0.0438845
  -0.0138834   -0.0164656   -0.0370543    0.0259627    0.0894407   -0.0579234    0.0627511   -0.0489094
   0.0811904   -0.0124857    -0.010476   -0.0214526    0.0697793   -0.0311376    0.0162252     0.098877
   0.0660185   -0.0936933  -0.00186527    0.0244215    0.0279424   -0.0555584    -0.018977    0.0808749
  0.00893928    -0.105563    -0.011432    0.0262911   -0.0111502    -0.052472    0.0447574   -0.0233808
   0.0951093     0.236523    -0.109691   -0.0771917    0.0565345     0.113282    0.0451492    0.0692761
    0.110602    -0.120962    0.0543514   0.00176598    -0.130371   -0.0236209   -0.0365558   -0.0460661
   -0.118947     0.158394   -0.0934714   -0.0219987    0.0839297    0.0779001    0.0022185     0.105107
  -0.0217764   -0.0792074    0.0558503   -0.0774582    0.0354759   -0.0975734    0.0966674    0.0879659
    0.136433   -0.0197577 -0.000686786   -0.0892732     0.156777      0.04804 -0.000417773   0.00206816
   0.0773426   -0.0866642     0.114885    0.0192641    0.0248751    0.0822806   -0.0217147    -0.117047
  -0.0272068     -0.13743    0.0120673    0.0186234   -0.0555252   -0.0741484   -0.0166946   -0.0298738
   0.0112792    -0.028416   -0.0429987   -0.0185788    0.0607109    0.0317405   -0.0852114    0.0123247
   0.0155838      0.16827   -0.0193522   0.00943958   -0.0486737     0.155506   -0.0101724    0.0332282
   0.0811307    0.0453409    0.0569628   0.00286368    0.0741673    0.0393035     -0.03153    0.0139174
   0.0167276    -0.164359  -0.00858457   -0.0201135   0.00527432    -0.100224   0.00718978    0.0472551
   -0.146299    0.0217662    -0.036273    0.0610973    0.0881681   -0.0929032    0.0367757     0.029043
 -0.00247562   -0.0954339    0.0297572    0.0628033     0.120377   -0.0356684   -0.0632358   -0.0982252
  -0.0169504    -0.244234   -0.0944744      0.10627     0.140135    -0.078565    0.0327664   -0.0372514
   0.0778535     0.138915    0.0438086    -0.111929    -0.172054    0.0124637      0.01479     0.104453
  0.00367276    0.0794922    -0.115317    0.0950792    0.0318856     0.067755   -0.0410418   -0.0673758
   -0.039637    0.0957463   -0.0790902    0.0252918    0.0144784    0.0980393  -0.00551462   -0.0223391
   -0.125012   -0.0163619   -0.0519386     0.049248    0.0704637   -0.0996486    0.0535354   -0.0495486
   -0.050959   -0.0299314   -0.0470044    0.0353314   -0.0338878  -0.00718331    0.0904595   -0.0619278
   0.0379774    -0.127502   0.00515995   -0.0191499    0.0122733   -0.0431992   0.00752785   -0.0203394
  0.00701384    -0.150034    -0.104847    0.0404118     0.102437   -0.0425587    0.0218661   -0.0889403
  -0.0453561   -0.0207629    0.0642746    -0.028736    -0.013591  -0.00672838   -0.0808807   -0.0179596
    0.128091   -0.0804304   -0.0721061   -0.0125938    -0.043978    0.0529973    0.0645028   -0.0218299
   0.0414014   -0.0924173    0.0372106   -0.0573312   -0.0659349   -0.0842431   -0.0445618    0.0512485
    0.010445    0.0818394   -0.0350799    0.0527678    0.0367945    0.0818099    -0.046534   -0.0339028
   0.0508162    -0.223228    0.0387433    0.0552657    0.0553881  -0.00952034    0.0018693   -0.0330819
   0.0659418   -0.0321686  -0.00543649  -0.00663496   -0.0155156   -0.0110449    0.0819845     0.038946
 -0.00841171  -0.00711337   0.00390176     0.034441    0.0210783    -0.066252   -0.0300219   -0.0563075
    0.152557   -0.0786023    0.0106137   -0.0499854    0.0281857   -0.0144414   -0.0227924   -0.0118828
  -0.0327905   -0.0389613   -0.0313708    0.0947746    0.0490388   -0.0106016   -0.0150323    0.0283824
 -0.00591874   -0.0293118  -0.00995307   -0.0387348    0.0608688    0.0837869  -0.00308206      0.11541
   0.0671904   0.00444709   -0.0221024    0.0507966     0.015221    0.0560287  -0.00339076    0.0188535
-0.000240241   -0.0200562   -0.0443632   -0.0150071    0.0164389   -0.0501879    0.0305744  -0.00665548
  -0.0419735     0.138359   -0.0479557   -0.0403179    -0.073684    0.0730082   -0.0233878    0.0680287
  0.00776426     0.269069   -0.0601496  -0.00429616   -0.0319278     0.125687    0.0570935     0.112837
   0.0491936   -0.0273993    0.0546929    0.0242439    0.0185348   -0.0771305    0.0709487    0.0884574
    0.111278   -0.0281071  -0.00493823    -0.112111   -0.0356331    0.0710709   -0.0861741    0.0480853
  -0.0893322     0.119803   -0.0406179   -0.0593275   -0.0138939     0.104681    0.0268967     0.118767
  0.00124288    0.0914433    0.0566764   -0.0414182   -0.0480729      0.13078  -0.00556687    0.0631497
  -0.0489927      0.20893   0.00383526    -0.093554    -0.221711    0.0403043   -0.0263023    0.0849601
   0.0925047   -0.0555601    0.0729708    0.0194889     0.011182    0.0481323   -0.0353202    -0.065373
    -0.15587    0.0729279   0.00955841    0.0469217    -0.058623   -0.0129397    -0.121109   -0.0758851
  -0.0173842     0.169182   -0.0246799    0.0315835    0.0362916     0.222048    -0.130795   -0.0157074
    0.166372   -0.0459356   0.00486385    0.0304676   0.00154309   0.00404986     0.025865   0.00894978
   0.0591393     0.040025   -0.0722297   -0.0723686     0.043793   0.00749939   0.00933247   -0.0366557
   0.0386437    -0.037192    0.0215792   -0.0543422     0.037816   -0.0557455    0.0279984  -0.00408691
  -0.0200353     0.058941  -0.00959602   -0.0191257    0.0779665   0.00494543    0.0376255   -0.0428539
-0.000303331   -0.0514469   -0.0777261       0.0289    0.0638959   -0.0995721    0.0859435    0.0195394
   0.0263583   -0.0813033    0.0442209    0.0408063   0.00108537   -0.0326387    0.0288331    0.0309162
  0.00309298   -0.0804097    0.0872675   -0.0166501  -0.00673133    0.0463521   -0.0759837   -0.0217589
     0.12625    0.0334089   -0.0106977   -0.0351141     -0.01837   -0.0334814   -0.0390127     0.155413
 -0.00602384    0.0531707   -0.0453239    0.0192172     0.033599     0.101587    0.0246048     0.037329
  0.00913317   -0.0864627    0.0310289    0.0777499     0.176752   -0.0203098  -0.00453714    -0.120064
   0.0578207    -0.125767   -0.0382192     0.163872     0.118977     -0.03717    0.0399554   -0.0951305
    0.225898    -0.140404    0.0693184     0.016706   -0.0355977   -0.0333847   -0.0289871   -0.0747663
  -0.0590294   -0.0189238   -0.0282856    0.0193626    0.0237054   -0.0600745   -0.0227915   -0.0910834
   0.0313843     -0.12848   -0.0328358   -0.0939587     0.015683    -0.172058     0.131712     0.118105
   0.0312501   -0.0868481  -0.00738669     0.115994    0.0506021   -0.0400162     0.018811    0.0172178
  -0.0347373    0.0102214    0.0420722   -0.0638183     0.043457   -0.0618274   0.00703257    0.0249633
  -0.0193616    0.0566343   -0.0697616   0.00331506   -0.0412292    0.0564759   -0.0107771    0.0330849
  -0.0630457     0.022138   -0.0831599    0.0299595   -0.0387022    -0.121927   -0.0120204    0.0172531
   0.0522563   -0.0624352    0.0720164      0.05286    0.0131477   -0.0200556   -0.0160095   -0.0620533
   0.0138572    0.0638239     0.046948    -0.113498     -0.10681   -0.0791159   -0.0253261     0.109352
  -0.0323872     0.162488   -0.0330248    -0.117626     -0.04553  -0.00772605    0.0215601     0.143751
  -0.0388031    0.0316871   -0.0117232     0.159321    0.0814661   -0.0114594   -0.0728709  -0.00984166
  0.00159902    -0.012545    0.0101276   -0.0513321  -0.00432597    0.0264135    0.0585008   -0.0658048
   0.0386116   -0.0514652    0.0917563    -0.136078   -0.0242196    0.0107742   -0.0537108     0.100648
   0.0815409    -0.108525    0.0357662     0.126282    0.0819408     0.046854   -0.0277258   -0.0250235
  -0.0427645     0.122145    0.0690725    0.0123157    -0.173326     0.160775   -0.0721056    0.0720617
   0.0190628     0.193672   -0.0307457   -0.0598423  0.000985493     0.121101   -0.0308183     0.132108
   0.0954528   -0.0372593     0.029494  -0.00853017    0.0235478    0.0128134   -0.0195905 -0.000871733
  -0.0295207   -0.0480024    0.0557736   -0.0900776 -0.000279099    -0.069629    0.0176993    0.0145475
   0.0112834    0.0127071    0.0483756   -0.0461785   -0.0738548    0.0736922     -0.09708   -0.0192299
   0.0159735    0.0441905     0.129912    -0.180289    0.0532197   -0.0455433     0.067792   -0.0415234
   -0.103156     0.254415   -0.0312557   -0.0927707   -0.0563551    0.0501113     0.133507    0.0465092
  -0.0798708    0.0159603   -0.0692836   -0.0296895   0.00107812   -0.0460819     0.121483    0.0794424
 -0.00950609      0.12623    -0.028127   -0.0639719    0.0471928     0.130274    -0.025431    0.0848593
   0.0269375    -0.126597    -0.056717    0.0900228     0.202201    -0.083924    0.0458617    -0.179979
    0.175284   -0.0213297    0.0286788  -0.00436321    0.0453924   -0.0696962    0.0238185   -0.0211579
   0.0307372    0.0559141   -0.0594888    0.0576672     0.014175   -0.0417504     0.116264    0.0324885
  0.00370584    0.0553715    0.0209674   -0.0786702   0.00635969   -0.0409265    0.0508808     0.073943
  0.00071347    0.0438301    0.0585594   -0.0572248   -0.0549384   -0.0371089   0.00799517  -0.00458019
   0.0341527   -0.0841549   0.00712005   0.00725659   0.00493819  -0.00935898   0.00217187   -0.0219875
   0.0716102   -0.0656834    0.0548428     0.124432    0.0102663   0.00769688   -0.0280536    -0.144917
  -0.0243876  -0.00316996    0.0191124    0.0189008   -0.0683155     0.101731   -0.0756947    0.0199331
  -0.0504188    0.0675961    0.0734118   -0.0968069    -0.122533  -0.00828566    0.0263892   -0.0202555
   0.0965381   -0.0746258    0.0423234    -0.045384    0.0815372   -0.0457374   -0.0689032  -0.00714496
  -0.0291529   -0.0251688    -0.041176     0.059106     0.132526   -0.0462848     0.030266    0.0274242
   0.0550181    -0.199805   -0.0990655     0.199129     0.206336   -0.0548556    0.0900071   -0.0580268
 -0.00244135      0.15829    0.0372299   -0.0730764   -0.0194603     0.173937    0.0309287     0.127136
   0.0559098     0.161527    0.0520786   -0.0793817    -0.064024    0.0216527   0.00427894    0.0919308
   -0.136433   -0.0673043   -0.0791964    0.0789054    0.0240341    0.0419553    0.0235489  -0.00124381
   0.0597058    0.0875584    0.0259906    -0.172734    -0.176987   -0.0171171   -0.0201083     0.148478
   -0.115372   -0.0308861   -0.0378601    0.0663872   -0.0581785    0.0119499    0.0111773  -0.00187647
   0.0178322   -0.0834583    0.0493535   -0.0743539  -0.00384567    0.0236232   -0.0337357   -0.0405756
  -0.0783293   -0.0271516   -0.0534229   -0.0496085     0.124496   -0.0915449    0.0371182   -0.0162759
  -0.0464538   -0.0296075    -0.149648   -0.0724453    0.0898108   -0.0702965     0.118477    0.0947966
  -0.0553492   -0.0877668    0.0112075    0.0431719  -0.00769124   -0.0793452   -0.0080618      -0.1243
   -0.019503    0.0797034    -0.080796    0.0841852   -0.0488229     0.070157   -0.0210292    0.0347814
   0.0406737   0.00892943   -0.0708308     0.125806     0.165493   -0.0987418     0.131948    0.0306698
   0.0397171    -0.151579    -0.107016      0.13428    0.0856227    -0.148574    0.0924804   -0.0689962
   -0.080185   -0.0184656   -0.0495994    0.0121445    0.0341484    0.0570309  0.000111936    -0.048091
  -0.0652696    0.0117097   0.00391021  0.000563584   -0.0239976   -0.0438527    0.0287988    0.0234284
  -0.0160001    0.0226729    0.0402574    0.0189559    -0.032985   -0.0130034   -0.0542374    0.0838675
  -0.0640814    0.0918565  -0.00762477   -0.0497211    0.0191465  -0.00999755   -0.0355765    0.0702528
   0.0270849   -0.0164298    0.0502959   -0.0324049     0.053987    0.0170062   0.00454894   -0.0317836
  -0.0118528    0.0477279    -0.022757    -0.104679    0.0197659   -0.0727339     0.105741     0.142857
   -0.136937     0.171619   0.00535199   -0.0272295   -0.0268942    0.0481083   -0.0206797   -0.0624222
 0.000748674   -0.0650303   -0.0334319    0.0773205    0.0692971   -0.0863605    0.0334621   -0.0141251
   0.0878615    -0.159941    0.0781175    -0.072506    0.0591202   -0.0622082  -0.00630757   -0.0718003
   0.0807625     0.128601    -0.105309   -0.0801315    -0.110387    0.0667647  -0.00963984     0.114917
  -0.0310993   -0.0341923   -0.0919642    0.0946589    0.0402407    0.0530537  -0.00964181   -0.0246966
   0.0296506   -0.0165959    0.0660354  -0.00670782   -0.0456882   -0.0423161    0.0667205    0.0105091
  -0.0194055   -0.0293621    0.0574314   -0.0237649   -0.0972761   -0.0423179    0.0299464     0.106045
   0.0344491   0.00140064   0.00703829    -0.102188  -0.00745134   -0.0793219    0.0299491    0.0785589
 -0.00381359   -0.0109001   -0.0499259   -0.0402588    -0.014596    0.0747105   -0.0531943    0.0801667
   -0.190386   0.00446166    -0.120843     0.121879    0.0333072    0.0184867   0.00941485   -0.0250029
   0.0236572   -0.0423621   0.00811066    0.0477267    0.0502034   0.00443976    0.0107912    -0.022275
   0.0156317   -0.0880781      0.06996     0.132557    0.0987323    -0.010788   -0.0238792   -0.0956157
  -0.0433639   0.00802231   -0.0509949    0.0475618   -0.0423986   -0.0975832    0.0216933  -0.00229137
    0.104632   -0.0353778   0.00418171    0.0624342    0.0308615   -0.0393425    0.0011197   -0.0102484
    0.107229    -0.038069    0.0612326   -0.0498607   -0.0465446    0.0347882   -0.0269994   -0.0377915
  -0.0822255     0.187533    0.0520293     -0.11624   -0.0734529   -0.0367769     0.033714    0.0677995
 -0.00957037    -0.131589   -0.0146036   -0.0495038  -0.00418245   -0.0643078   -0.0842284   -0.0327308
   0.0672308     0.165743    0.0535984    -0.142309    0.0206478  -0.00637733    0.0309881     0.223678
   0.0582755    0.0859034   -0.0620659   -0.0944505  -0.00580474    0.0256587    0.0684423     0.175377
-0.000460706      0.12737   -0.0959326    0.0545288    0.0316739    0.0539899    0.0751548    0.0555319
    0.115849   -0.0955937    0.0729402   -0.0185006    0.0253101    -0.104573    0.0383396    -0.034843
 -0.00277784     0.132228    0.0703521   -0.0187185    -0.109795    0.0561637   -0.0801787   0.00181515
   -0.112036     0.083791   -0.0886609   -0.0282349    -0.023393   -0.0120032   -0.0307253    0.0676745
   0.0330987    -0.130562     0.035629    0.0960221    0.0354244   0.00451921   -0.0379954   -0.0838132
   0.0402794    -0.181298   -0.0142689    0.0357215   -0.0046572     -0.12918    0.0637693    0.0192682
  0.00183375    0.0897009    0.0364259    0.0603928   -0.0820507    0.0394609   -0.0507175   -0.0121863
  -0.0173756    -0.106829   -0.0628504      0.11191     0.017956   0.00801104    0.0852083   -0.0455428
   -0.120055    0.0262021   -0.0249527   -0.0160091   0.00860056     -0.10326    0.0841056     0.128171
  -0.0644822     0.107371    -0.160519    -0.031577    0.0387668    -0.026132    0.0696753    0.0386467
  -0.0673248  -0.00540891   -0.0592934    0.0549273   -0.0060905   -0.0351881     0.040657   -0.0445875
   0.0617024    -0.106655   -0.0292757    0.0821748    -0.018175   -0.0330836   0.00904004    0.0181931
  0.00562268   -0.0514796    0.0287342    0.0172691   -0.0522169   -0.0203654     0.113376    0.0149208
      0.1745   -0.0619234     0.149649    -0.106055    0.0224567     0.163483    -0.101851    0.0909016
   0.0532777     -0.11826    0.0935169   -0.0595954   -0.0443563   -0.0434171    0.0182388    0.0433113
  -0.0239491    0.0208134   -0.0923323    0.0614957    0.0779776   0.00261629   -0.0258616    0.0616828
    -0.11757   -0.0323979   -0.0177417   -0.0422696   -0.0704245   -0.0427768    0.0591094   -0.0174725
   0.0109326   -0.0849345   -0.0472402    0.0444433     0.088349   -0.0123238    0.0256579    -0.129934
    0.061043      0.12747     0.109976   -0.0846196   -0.0713475     0.143805    -0.141521    0.0198471
    0.021349    0.0457585   -0.0350315    0.0471953    0.0417272   -0.0639172    0.0681723     0.132764
  -0.0943285     0.123947   -0.0123889    -0.094826   -0.0731078   0.00103242   -0.0481615    0.0420761
   0.0932027   -0.0644786    -0.044801    0.0438368    0.0544281   -0.0171744  -0.00297286  -0.00725618
    0.074052   -0.0499229   -0.0291499     0.046327    0.0498628   -0.0424971    0.0284928     0.145461
  0.00660429     0.149393  -0.00753658    -0.127207   -0.0334052   -0.0471505     0.151545     0.160215
   0.0673768   -0.0259618    0.0127523    0.0207035   -0.0926923    0.0339206    0.0580581    0.0703841
 0.000184299   -0.0041967   -0.0262096    0.0390626   -0.0332396    0.0159751    0.0935907    0.0169432
  0.00748381 -1.81904e-05    0.0677544    0.0659766   -0.0223563   -0.0304578    0.0488951   -0.0349248
  -0.0785622    0.0444704   -0.0334122   -0.0526356    -0.139326    0.0288372   -0.0442366    0.0933019
  -0.0886954   0.00732404   -0.0553818    0.0228649   -0.0160313    -0.142038    0.0100003   -0.0179824
  -0.0104962   -0.0451069   -0.0129751  0.000729107     0.103079   -0.0110181  -0.00345526   -0.0305199
   0.0832889  -0.00538913     0.019512   -0.0656532    -0.108729    0.0587578   -0.0359892    0.0851952
   0.0265273    -0.190425    0.0482987    -0.010905    0.0239395     -0.11029    0.0147302   -0.0651157
    0.168249    0.0723232    0.0515449    0.0482024   -0.0368283      0.12742    0.0176761    0.0369346
  -0.0788782    0.0817626   -0.0726941   -0.0691179   -0.0452093    0.0530804    0.0875475       0.1273
   0.0170857   -0.0613629    0.0479888   -0.0306106    0.0394996    0.0187424    0.0302972    0.0713106
   0.0190614    -0.125142   -0.0294209  -0.00481814    0.0422815   -0.0464239     0.110356   -0.0433959
   0.0408011   -0.0894311   -0.0118833     0.100674    0.0442073   -0.0657227   -0.0153338   -0.0512635
   -0.170269    0.0707628   -0.0444444    0.0191434  -0.00101965   -0.0250573    0.0713916   -0.0756411
   0.0358611   0.00819588   -0.0298184    0.0913615   -0.0383277   -0.0395323    0.0681226    0.0212049
   -0.108627     0.154886    0.0714471    0.0106963   -0.0182236    0.0162409   -0.0777917   -0.0232383
   -0.111302   -0.0666397    0.0969937    0.0194288   -0.0536761   -0.0366225    -0.131923   -0.0918158
  -0.0256697    0.0233152   -0.0239565    0.0345681   -0.0517082    0.0217408    0.0595425     0.105056
    0.011078    -0.154511    0.0398433    0.0372826    0.0850252   -0.0947324   0.00459295    -0.133487
  -0.0688796    0.0764719    0.0135609    0.0322978    0.0367182   -0.0221646   -0.0368918   0.00360975
  -0.0166361   -0.0719236     -0.11266   -0.0304384    0.0749265   -0.0587916    0.0722263   0.00573282
  -0.0562956     0.134874   -0.0149039     0.149871   -0.0257839    0.0559846    0.0653723   -0.0842089
    0.125246    0.0318943    0.0522396     -0.12581   0.00924894    0.0804276    0.0103875      0.12353
  0.00927094   -0.0348919   -0.0164683     0.012073   0.00365484    0.0800462  0.000736846   -0.0280741
    0.053382 -0.000526395   -0.0125806    0.0632909    0.0956579   -0.0759414    0.0491763   -0.0397926
   0.0738787    0.0192149   -0.0398279    0.0490956    0.0284749      0.14982   -0.0231004    -0.034051
  -0.0903484     0.139642   -0.0758519   -0.0122382   -0.0502905   -0.0181153    0.0464797     0.083028
  -0.0363092  -0.00139448   -0.0918214   -0.0730866   -0.0842921  -0.00204165    0.0484918   -0.0180909
   0.0698182    0.0147092    0.0634409   -0.0761776    -0.198227   -0.0352843     -0.05889     0.117519
  0.00688418  -0.00501404    -0.062247     0.066261    0.0381352    -0.018818   0.00267019   -0.0883303
    0.087911    -0.155166     0.034804   -0.0370004    -0.018855   -0.0955897   -0.0259516    0.0597917
  -0.0278853   -0.0348326   -0.0326915    0.0293244   -0.0514843    0.0338891  -0.00367003   -0.0858169
  -0.0398326    0.0459288  -0.00913609   -0.0224261    0.0243131   -0.0500043   -0.0173556   -0.0598578
   -0.118056    0.0550084    -0.108019  -0.00197712   -0.0247691   -0.0379534   -0.0155741    0.0144389
    0.017201     0.255945   -0.0560299   -0.0544113      -0.1027    0.0990254   -0.0282124     0.197077
  -0.0500284   -0.0679905 -0.000952678   -0.0208769    0.0652714     -0.12281     0.134606   -0.0863771
    -0.16911    0.0706884   -0.0126785     0.126028   -0.0530628    0.0745696    -0.135657   -0.0794981
  -0.0150724    0.0852194   -0.0963848   -0.0306814   -0.0169119    0.0510774   0.00713193  -0.00873102
   0.0416434    -0.104273  -0.00935111  -0.00316599    0.0233555   -0.0200533   -0.0729784    -0.017695
  -0.0294156   0.00259344    0.0193331   -0.0326294    0.0260295    -0.141781     0.056783   -0.0443308
   0.0395165     0.105822   -0.0755054    0.0220492  -0.00461483     0.102961    0.0720339     0.104924
  -0.0598293     0.061867  -0.00493603    0.0106677    0.0238207    0.0172067   -0.0592319   -0.0901171
  -0.0698913   -0.0176461   -0.0281755    0.0395934     0.103304    0.0253952    -0.103952   -0.0300045
   0.0166058    0.0796424  -0.00999653  -0.00611384   -0.0270094    0.0975908   -0.0485568   -0.0435246
  -0.0301444   -0.0666413   -0.0442741   -0.0111039    0.0179896   -0.0860139   -0.0751274    0.0115046
  -0.0718116    0.0143118   -0.0380065    0.0719329     0.101428    0.0531453     0.104179  -0.00749351
   -0.171066     0.421452    -0.186924    0.0961539   -0.0942803     0.153155   -0.0273014    0.0322007
    0.101749     0.138857    0.0354942   -0.0555822     -0.02848    0.0948534   -0.0792265    0.0653049
  -0.0434998   -0.0037806   -0.0958202     0.134831    0.0750563   -0.0267036    0.0443577   -0.0757822
   0.0450763    0.0163716    0.0545155   -0.0395362   -0.0345479     0.029092    0.0675941    0.0757364
  -0.0635655    0.0503489    0.0281904    0.0274313  -0.00565246     0.053915   -0.0189285   0.00283673
  -0.0144886    -0.133037  -0.00145206  -0.00614899     0.020361    -0.040523    0.0125396  -0.00173902
   -0.046398    0.0126143  -0.00545165   -0.0356468    0.0842161   -0.0876744    0.0565393    0.0629838
     0.01998    0.0187056   -0.0177231    0.0621161     0.102624   -0.0349456    0.0505012    0.0476656
   0.0440086   -0.0546071    0.0198737    0.0606538   -0.0283166    0.0238477   -0.0874385   -0.0125431
   0.0232137    -0.106675    -0.038734    -0.138214  -0.00162404    -0.073905    0.0121001    0.0606725
   0.0971316   -0.0766792   -0.0460643    -0.179484 -0.000445789    -0.226968     0.128922    0.0189538
  -0.0959983   -0.0194924   -0.0561577   -0.0763676   -0.0101965   -0.0512218    0.0361845    0.0968308
     0.14153     -0.07446  -0.00400866   -0.0831099   -0.0720643   -0.0561368   0.00255416    0.0414592
  -0.0345002    -0.102176    0.0207527    0.0276238    -0.047558  -0.00737153   -0.0535067   -0.0427869
  -0.0719492     0.192951     -0.13594    -0.134995   -0.0242662   0.00228093    0.0163288     0.186513
  -0.0437264    -0.277342    0.0400481    0.0887081    0.0811008    -0.186154   0.00323347      -0.1113
   0.0936895    0.0124177    0.0541174   -0.0502217   -0.0810507   -0.0655625   -0.0761072    0.0452198
    0.127335    -0.068824    0.0723423   -0.0606022   -0.0961553    0.0513563 -0.000825467   -0.0439417
   0.0175619    0.0308512   0.00932718   -0.0667418    -0.118253    0.0351944  -0.00962059     0.126518
    0.124124    0.0710036    0.0438493   -0.0368693   -0.0663127    0.0948764   -0.0946203     0.215283
  -0.0205604    0.0870334    0.0119814    0.0794026    -0.105784      0.17658   -0.0774051    0.0473233
    0.042523    0.0195416    -0.101679    0.0149178   -0.0191434    0.0671499    0.0592052    0.0622175
   0.0611525    0.0713659   -0.0413149   -0.0185838    0.0330311    0.0821461   -0.0487769    0.0237938
   -0.048615    -0.079452    -0.132144    0.0167834    0.0743784    -0.258209     0.162472    -0.036305
   0.0703581     -0.11877    0.0665805    0.0290705    0.0168472    -0.122921    0.0324823   -0.0974559
 -0.00554758   -0.0192321    0.0302575   -0.0291913    0.0516714   -0.0262558    0.0171536   -0.0487113
  -0.0740452    0.0380141  -0.00668191    0.0517475   -0.0338182  -0.00317994    0.0556067   -0.0355312
  -0.0674556     0.015412   -0.0726842    0.0778502      0.10844   -0.0457007    0.0935298    0.0919475
   0.0509023  -0.00654215   -0.0033797    0.0926237    0.0348065    -0.025786   -0.0458674   -0.0805735
   0.0565591    -0.277877    0.0843427    0.0037043     0.124016   -0.0762152    0.0103411    -0.173801
  -0.0554859     0.162526   -0.0547092   -0.0725172   -0.0305162     0.019259    0.0577636    0.0901089
   0.0293589     0.191728   -0.0670987    -0.115465    -0.135848    0.0441002   -0.0642972     0.095449
   0.0673589   -0.0835321  -0.00928388   -0.0230738   -0.0156644    0.0117141   -0.0587849   -0.0332355
  -0.0435394    -0.054501  -0.00832374    -0.015738    0.0874779   -0.0814278  -0.00978418   -0.0475105
   -0.024386   -0.0864431    -0.127178     0.129531    0.0639586    -0.121931    0.0254858   0.00626659
  -0.0362083     0.194848   -0.0957138    -0.104762     -0.23387    0.0985033    -0.100499    0.0159649
   0.0114507     0.016344    -0.102277   -0.0735164   0.00565389   -0.0316717    0.0976294  -0.00809002
   0.0045994    0.0271636  -0.00250646    0.0909569   -0.0132675   -0.0453733   -0.0562827   0.00674798
  0.00148726     -0.15104   -0.0180484    0.0483062     0.149751   -0.0987695    0.0571959   -0.0044179
  -0.0576014     0.016138     0.064469   -0.0236009   -0.0708424   0.00649303    0.0830855    0.0822341
   0.0493051   0.00628495  -0.00796298   -0.0945546  0.000905682    -0.052468    0.0633808     0.110314
    0.101695   0.00104927    0.0800208    0.0162576    0.0806939   -0.0860405    0.0427898   -0.0170276
   -0.086603   -0.0385489   -0.0810778     0.102368  -0.00171743    0.0627586   -0.0408986    -0.143772
   0.0896863    0.0917231    0.0647981   -0.0511503      -0.1089    0.0780037   -0.0841417  -0.00346932
   0.0781223   -0.0656216  -0.00298727   -0.0026445    0.0797919   0.00426454    0.0558363   -0.0530136