  -0.0351836   -0.0146726    0.0440297    0.0171817
   0.0780757   0.00399528    0.0143307    0.0342033
  -0.0485469    0.0226379    0.0303834    0.0150652
  -0.0226192    0.0152011  -0.00953362    -0.017642
    0.057366   -0.0513256    0.0651594   -0.0528925
   0.0276988    0.0213221   -0.0362184    0.0610877
   0.0473051     0.022844     0.014696    0.0438151
  -0.0250267    0.0556632    0.0122439   -0.0515361
    0.038689    0.0707563    0.0114717   -0.0180056
  0.00684201    0.0710729    0.0623222   -0.0368755
  -0.0397766    0.0156892    0.0351621   -0.0396165
  -0.0516864    0.0251025   -0.0514957    0.0520046
  -0.0305112     0.011497  0.000396758    0.0679833
  -0.0380952    0.0481173    0.0717312    0.0101619
   -0.010869   -0.0302339   -0.0692226   0.00833106
  -0.0227898   -0.0107123   -0.0433305   -0.0112082
   0.0783485    0.0183065    0.0348741   -0.0198811
 -0.00859034   -0.0545609   -0.0968679     0.101021
   -0.047386  -0.00752399    0.0636083   -0.0194405
   0.0336157   -0.0195963    0.0638191  -0.00932646
   0.0210207    0.0105443   -0.0283352   0.00137611
   0.0332626   0.00419145    0.0816874   0.00156832
   0.0146968    0.0126442    0.0150788    0.0244572
   0.0517748    0.0192452    0.0199425   -0.0444441
  -0.0489309   -0.0324212    0.0556228  -0.00322793
  -0.0654877    0.0650099   -0.0446767   -0.0436153
   0.0196656    0.0752458    0.0348192    0.0234669
   -0.015864    0.0149236    0.0439051   0.00652108
  -0.0715507    0.0289469    0.0336138    0.0242467
   0.0382379    0.0789038    0.0289232    0.0165442
   0.0756404    0.0288646   0.00882022    0.0190638
  -0.0159139   -0.0128993    0.0408795   -0.0600015
   0.0225998    0.0445767   -0.0356199 -0.000996574
  -0.0746611    0.0631178    -0.044315   -0.0388357
  0.00419699    0.0374672   -0.0553644     0.063188
  0.00151435     0.061018   -0.0180899    0.0236156
   0.0468122   -0.0304922  -0.00861914    0.0234876
  0.00975108   -0.0466662    0.0241221   -0.0216738
    0.055182    0.0492434    0.0729688    0.0286924
   0.0365849   -0.0404197    0.0444482   -0.0390964
    0.012902   -0.0389336  -0.00038569    0.0795677
  -0.0766625   -0.0443042    0.0302837    0.0165794
  -0.0260515    0.0200362   0.00130163    0.0739117
  -0.0403267    0.0346803   -0.0132821    0.0334482
  -0.0194191    0.0703916   -0.0028388    0.0287347
   0.0272644  -0.00134533  -0.00731297   -0.0935708
  -0.0118086    0.0943848    0.0386355    0.0360031
  -0.0353426   0.00549402     0.027946   0.00644555
   -0.038764   -0.0284627   -0.0793848   0.00312704
   0.0189168   -0.0735386   0.00334521    -0.070471
   -0.071293   -0.0250396   -0.0112852   0.00191016
   0.0500719   -0.0734531    -0.063735     0.044037
  -0.0184132    0.0244911   -0.0175765    0.0397672
   0.0342546    0.0242477    0.0209871   -0.0186483
 -0.00624209    0.0655269    0.0444246    0.0745151
   -0.044951    0.0265276    0.0465052    0.0374948
   0.0350449    0.0402052    0.0666812   -0.0353915
  -0.0047314    0.0263625   -0.0193487    0.0583622
   0.0501731    0.0802593    0.0351903   -0.0139006
   -0.069033   0.00129841    0.0577759     0.019073
  -0.0654557    0.0236731    0.0606605    0.0395586
   0.0076107    0.0702673   -0.0641218    0.0552977
  0.00496301    0.0475335    0.0247519    0.0501247
  -0.0904656    -0.052597   -0.0586481   -0.0502484
   0.0667507    0.0144173   -0.0411881     0.017543
  -0.0322453    0.0299355    0.0335792   -0.0159964
    0.013481   -0.0216167   0.00476402     0.002791
   0.0581844   -0.0644512   -0.0020077    0.0463595
  0.00289943    0.0759505   0.00952783    0.0821673
  -0.0314097    -0.073369    0.0120396   -0.0279039
 -0.00363861   -0.0721748   -0.0274882    0.0886182
  0.00625812    0.0553872    0.0422196    0.0229357
  0.00292352   -0.0308814    -0.030431   -0.0554053
   0.0469675    0.0674897     0.026964   -0.0400673
  -0.0797568    0.0136121  -0.00467409   -0.0449169
  -0.0382031  -0.00284085   0.00129485    0.0216923
  -0.0488784   -0.0658382  -0.00215884    0.0588766
   0.0206109    -0.016998    0.0405933   -0.0216336
   -0.091382    0.0304973   -0.0706134    0.0664319
  -0.0416571   -0.0176394   0.00358896    0.0833751
  0.00214421   0.00262632   -0.0275768    0.0210196
  -0.0416511    0.0451379     -0.01327    0.0869938
   0.0768206    0.0197726    0.0773552   -0.0257542
   0.0152808   -0.0668948  -0.00854683   -0.0445911
  -0.0564036  -0.00088986   -0.0595504   -0.0268721
 -0.00992087    0.0212606   0.00527001    0.0417059
  -0.0542818    0.0578778    0.0163196    0.0368543
  -0.0592851   -0.0261416   -0.0361826    -0.017574
  -0.0519787   -0.0308327   -0.0201803   -0.0463493
   -0.097376   -0.0406852   -0.0350795    0.0430651
  -0.0459611     0.028318   -0.0403488   -0.0668202
  -0.0366233    0.0626387    -0.056058    0.0615179
  -0.0870568   -0.0597119   -0.0510072    0.0155859
  -0.0257448   -0.0327973    0.0512704   -0.0808692
  -0.0657717    -0.011352   -0.0619227    0.0415803
   0.0755692    0.0810878    0.0678043    -0.088921
  -0.0134267    0.0659152   -0.0133241    0.0662609
    0.101251    0.0169104    0.0668238   -0.0820187
  0.00996677   -0.0296134    0.0127452   -0.0961044
  -0.0570315   -0.0326397     0.025721    0.0644895
  -0.0293221     0.048606   -0.0381951   -0.0234464
   0.0599649  0.000647206     0.009992   -0.0378594
  -0.0257858   -0.0333041   -0.0283193     0.011493
  0.00209013    0.0552379   -0.0207121   -0.0268654
  -0.0102994   -0.0086656   -0.0420878    0.0456525
  -0.0224917    0.0602819   -0.0410512     0.050277
   0.0113339   -0.0462253    0.0599925   -0.0770768
 -0.00661599   -0.0100025   -0.0121464     0.041359
  -0.0686435   -0.0682005   -0.0410622    0.0590369
   0.0774161    0.0486573    0.0710664   -0.0371904
  -0.0270537   0.00597279    0.0851521   -0.0333078
  -0.0615113     0.133094   -0.0403219     0.126087
  -0.0733009   0.00328104   -0.0743698    0.0361677
  -0.0624352   -0.0548284    0.0416772   -0.0198495
  -0.0399575    0.0428865    0.0104704   -0.0722846
  -0.0758848    0.0739936   -0.0720753     0.118195
  -0.0301647  -0.00123166  -0.00882856     0.119192
  -0.0367588    0.0277611    -0.044506    0.0573912
  -0.0174627   -0.0416251  -0.00387773   -0.0368117
   0.0128842    0.0534395     0.039165   -0.0680937
   0.0144435     0.061872   -0.0331214     0.021784
   0.0230822   0.00150778   -0.0086108   -0.0202972
   0.0285269   -0.0129165   -0.0426964    0.0119829
   0.0200528    0.0864077    0.0475696   -0.0867134
  -0.0981019   -0.0733083   -0.0568347   0.00396868
  -0.0681801   -0.0120273    0.0715432   -0.0472842
  0.00104007     0.065137   -0.0175417   -0.0213814
  -0.0898377   -0.0726557   -0.0157704   -0.0523598
   -0.138975    -0.049936   -0.0406137    0.0418006
  -0.0831511    0.0811632   -0.0245754    0.0601915
  -0.0412821    0.0207541   0.00540505    0.0377168
  -0.0358361  -0.00573818   -0.0183756    0.0253426
 -0.00263554   -0.0530643    0.0591387    0.0191773
  0.00496742   -0.0580377   -0.0552923   -0.0110224
  -0.0198351    0.0637125   -0.0112713     0.109491
   0.0576942  -0.00595292    0.0353449    0.0463515
  -0.0832589   -0.0457157   -0.0429716    0.0173279
  -0.0488467    0.0126088    -0.052393    0.0639884
  -0.0229438    0.0388338   -0.0024514   0.00399214
   0.0236964   -0.0304354     0.101785   -0.0655564
    0.038504   0.00375254    0.0356794    0.0456598
 -0.00830368   -0.0231857   -0.0246524   -0.0215042
    0.026247   -0.0312418    0.0485072    0.0300319
  -0.0544343    0.0205625    0.0322868   -0.0239692
   0.0729565   -0.0288612   -0.0489692   -0.0696295
  0.00728533    0.0629252    0.0171824    0.0269981
  -0.0335988    0.0168178    0.0260867   -0.0195378
  -0.0459561   0.00277546     0.047035   -0.0487518
    -0.10063    0.0144105    0.0683698   -0.0164715
   0.0206805     0.062145  -0.00047948   0.00641123
   0.0232656   -0.0467188   -0.0227342   -0.0590286
   -0.126107   -0.0571065   -0.0747557    0.0959171
  -0.0600977   -0.0133142    0.0625174     0.040683
   0.0233654    0.0445863   0.00602225    0.0471327
    0.027382   -0.0250891    -0.017895   -0.0388011
  -0.0245667 -0.000130315    0.0277454     0.011874
   0.0154948  -0.00286106   -0.0169001   -0.0243742
  -0.0241993   -0.0375414    0.0138069    0.0470535
  -0.0739379   -0.0245406   -0.0431164     0.010313
   0.0304445    0.0343032   -0.0130864    0.0186068
   0.0315463   -0.0796677    0.0894238   -0.0659306
   -0.010508    0.0595384   0.00589972   -0.0421679
  -0.0372561  -0.00323046    -0.041622    0.0312506
   0.0165488  0.000845787    0.0421739    0.0734071
  -0.0337054   -0.0393087     0.029321    0.0300911
  -0.0214218     0.046391     0.035757    -0.042706
   0.0114859    0.0288568    0.0459247   -0.0372629
  -0.0254258    -0.115811    0.0405405   -0.0101065
   0.0244926   -0.0205479    0.0217266   -0.0135315
 -0.00128223   -0.0283868   -0.0843026    0.0544991
   0.0159176    0.0111717    0.0316939  -0.00207723
  -0.0172866    0.0247846    0.0110246   -0.0628665
  -0.0880877   0.00662632   -0.0243439    0.0637126
  -0.0042999   0.00406359    0.0316267 -0.000392953
  -0.0331916   -0.0259505   -0.0468898    0.0145067
  -0.0237973    0.0210991    0.0262191   -0.0443032
   -0.018789   -0.0195429   -0.0367981   -0.0361982
  -0.0664985    0.0794806   -0.0335401   0.00359926
  -0.0361623   -0.0482895   -0.0530043   -0.0160228
   0.0350809    0.0606347    -0.053996    0.0266648
  -0.0245378     0.020552  -0.00912316    0.0948293
   -0.136456    0.0475934   -0.0315462    0.0823694
   0.0402461   -0.0199846   -0.0674317       0.0109
  -0.0509177   0.00247911   -0.0274808    0.0640104
     0.05737  -0.00368393    0.0566648    0.0173037
   0.0168719  0.000492705    0.0511778    -0.030971
  -0.0358949    0.0532397    0.0663767   -0.0281102
  0.00535336    0.0575395   -0.0183725    -0.100103
   0.0778026    0.0714354   -0.0402838   -0.0125777
 -0.00748972    -0.011713   -0.0239167   0.00665803
  -0.0196758  -0.00233898    0.0362433   -0.0191387
   0.0152757    0.0544116   -0.0313332    0.0637134
  -0.0524765   -0.0552209   0.00142417    0.0733965
    0.038168    0.0309814   0.00736125   -0.0120983
  -0.0686956  0.000744755   -0.0694192    0.0462488
  -0.0521817   -0.0353457   -0.0619867    0.0880695
  -0.0804583   -0.0312057   -0.0223605    0.0195134
   -0.039641    0.0254109     0.044924    0.0284745
   0.0757551    0.0113632    0.0066177   -0.0797767
  -0.0273429  -0.00108968    0.0685328    -0.058128
   0.0478185    0.0891223    0.0448695    0.0141813
   0.0026418    0.0321471    0.0798195    -0.036911
  -0.0527775    -0.021687   -0.0163787   -0.0699899
   0.0284125   -0.0424705   -0.0827195   0.00536297
  -0.0356436   -0.0591971    0.0386828    0.0159984
   0.0392496    0.0291079    0.0317997    0.0148996
   0.0463161     0.037663    0.0263387   -0.0304062
   -0.018773    0.0255185    0.0669484   -0.0246224
   0.0249793   0.00371504     0.040518    0.0279155
   0.0105235   -0.0321244  -0.00806457    0.0397551
   0.0284876    0.0146123    0.0495377   -0.0176602
   0.0462782   0.00799246   0.00969685   0.00548125
  -0.0653075   -0.0132578    0.0893445    0.0211724
  -0.0444808      0.04191    0.0638447   -0.0238495
   0.0247899    0.0076918    0.0146995  -0.00949237
   0.0366657     0.047846   0.00482979   -0.0119315
  -0.0453564   -0.0110312    0.0459464   -0.0436986
  -0.0289898   -0.0501571    0.0152035    0.0174484
  -0.0640398    0.0374762    0.0318346     0.010661
   -0.055024  -0.00525263     0.123706   -0.0975575
    0.022009  0.000940041    0.0372917   -0.0155946
  -0.0138905    0.0437498  -0.00908514    0.0428162
  -0.0224658    0.0728435   -0.0612664    0.0800509
  0.00667033   -0.0302722  -0.00451476    -0.038844
  -0.0542271   -0.0133713   -0.0310703    0.0801693
  -0.0499834    0.0621546   -0.0428342  -0.00657027
  0.00251592  0.000129937   0.00663093     0.066826
  -0.0431145   0.00545685    -0.016064    0.0197259
 -0.00499482    0.0194077    0.0473181   -0.0260931
   0.0365066  -0.00478415    0.0435265    0.0669998
   0.0509319   -0.0527654   -0.0182956    0.0131403
   0.0680908    -0.010976  -0.00908005   0.00171547
  -0.0394198    -0.032289    0.0843316   -0.0677169
  -0.0534505    0.0258886    0.0285828    0.0244106
 -0.00496066    0.0226023  -0.00902319    0.0325994
  -0.0245139      -0.0473   -0.0129055    0.0645981
    0.049733   -0.0205949   -0.0221182   -0.0333352
 -0.00990449    0.0295855   -0.0563985   -0.0275683
  -0.0416591     0.013762    -0.010098   -0.0903519
 -0.00534534    0.0361944    0.0534045     0.120495
   -0.049944   -0.0197751     0.059884   -0.0690592
   0.0314792   0.00170685  -0.00724978    0.0144707
  0.00444113    0.0525277   -0.0396312    0.0163043
  -0.0331573    0.0772165    0.0682267   -0.0269344
   0.0425878    0.0823138    -0.060795    0.0882727
   0.0453177   0.00294011    0.0309075   -0.0103649
  0.00806061    0.0571684   -0.0356376   -0.0181226
   0.0208856    0.0273822    0.0495683    0.0796761
  -0.0801294   0.00114024   -0.0307094    0.0654401
  -0.0545679   -0.0536949    0.0471655   -0.0135504
   0.0695322  -0.00871844    0.0353238  -0.00711202
 -0.00223074    0.0524974     0.102182   -0.0625341
   0.0116282    0.0734032  -0.00064155     0.103111
   0.0492005   -0.0630958   -0.0486409   0.00917653
  -0.0569209    -0.043268   -0.0307064 -0.000705748
   -0.063248   -0.0240171    0.0562448    0.0275325
   0.0394876   -0.0525907   -0.0500236    0.0905011
   -0.108529   -0.0235855   -0.0111742   -0.0459792
   -0.056466   -0.0650341   -0.0489766    0.0312189
  -0.0073427    0.0124802   -0.0325656    -0.057527
  0.00274236   0.00875691   -0.0308643    -0.064225
  -0.0278029    0.0361663    0.0349757    0.0317677
   0.0686006   -0.0388955    0.0532277  -0.00133464
   0.0245111    0.0191355    0.0230429    0.0235705
 -0.00811711  -0.00381154     0.028126     -0.01163
 -0.00281442    0.0847501   -0.0317267    0.0563122
  -0.0186249    0.0620415   -0.0111138   -0.0264971
   -0.041257   -0.0229191    0.0219937     0.039771
 -0.00804578    -0.013324   0.00932688   -0.0181901
  -0.0667401  -0.00776969    0.0538176  -0.00811092
  -0.0962568    0.0932174    0.0115331   0.00181063
   0.0042952    0.0643471   0.00846587   -0.0628429
   0.0221289   -0.0137286   -0.0584865   -0.0744971
  -0.0633807    0.0257806    0.0660382   -0.0081997
   0.0140317    0.0545741    0.0537294   -0.0411444
   0.0238824    0.0523032 -0.000411453   -0.0839589
  -0.0399973   -0.0441563    0.0044495    0.0236926
  -0.0290467   -0.0427289   -0.0178551    0.0436516
   0.0620037  -0.00569965   0.00944481  -0.00605151
  -0.0156354     0.013972    0.0862667   -0.0363967
   0.0632449    0.0208479   -0.0358373   -0.0400771
   0.0509058   -0.0354773    0.0565248   -0.0448791
   0.0776189   -0.0328645    0.0650371   -0.0826779
   -0.104011    0.0110258   -0.0870006    0.0626545
  -0.0411482    0.0231729    0.0328443    -0.036387
  -0.0763026    0.0126275   -0.0271053    0.0976576
  -0.0719509    0.0527994   -0.0654887    0.0407801
  -0.0540323   -0.0496212    -0.047315   -0.0990555
  -0.0601449   -0.0302697   0.00582993   -0.0585554
   0.0284401   -0.0351193   -0.0109984    0.0807847
   0.0794048  -0.00293116    0.0047005   -0.0421174
   0.0243183     0.038262    0.0499794   -0.0646433
   0.0146473    0.0155302   -0.0617831    0.0362941
   0.0147596   -0.0505683   -0.0676532   -0.0484051
   0.0300428   -0.0265399    0.0219385   -0.0070733
-0.000648144     0.064873    0.0059208  -0.00544591
   0.0305279   -0.0424711   0.00506219    0.0498379
   0.0520531    0.0609349    0.0728242    0.0281893
  -0.0929051    -0.015707   -0.0735582   0.00495764
  -0.0556926   -0.0455812    0.0574957   -0.0530423
   0.0148322    0.0329797    0.0310176    -0.102915
  -0.0389717   0.00265987    0.0356331    0.0320842
   0.0625792   -0.0636049   -0.0382194  -0.00265601
  -0.0679181   -0.0529451  -0.00938928   -0.0396022
   -0.019654     0.075143    0.0300989   -0.0402799
   0.0201212    0.0386584    0.0679545   0.00231355
   0.0506859   -0.0103783     0.076308   -0.0262803
   0.0521336    0.0614665   -0.0337302   0.00291079
  -0.0622086    0.0811914    0.0209453   -0.0382684
  0.00427462   -0.0883673     0.080838   -0.0834796
  -0.0372469  -0.00484199    0.0500735    0.0313902
   0.0231189   0.00872029     0.027345    0.0158263
   -0.019102   0.00335867    0.0748295    0.0255007
  -0.0249037    0.0365102    0.0486976   -0.0330476
  -0.0284438    0.0592228    0.0839513   -0.0593839
   0.0347941    0.0468631    0.0551786  -0.00261738
-0.000203674   -0.0335593   -0.0415785  -0.00465629
  0.00115509    0.0496308    0.0344804   -0.0100821
   0.0502442    0.0239428   -0.0360992    0.0265337
  -0.0101147   -0.0301173    0.0194194   -0.0252828
  -0.0151209    0.0854451   -0.0190026   0.00319249
   0.0178882      0.04684   0.00379487    0.0870058
  -0.0193052    0.0660241    -0.100894    0.0994896
   0.0243882    0.0340472  -0.00464974   -0.0793205
  -0.0357875    0.0707365    0.0190305     0.112973
   -0.100537   0.00616785    0.0397242    0.0473743
  -0.0241536    0.0235973    0.0898621   -0.0569389
 -0.00181132   -0.0130903   -0.0231976    -0.012855
  -0.0545191   -0.0415717   -0.0352327   -0.0307104
   0.0269793    0.0748363    0.0926977   -0.0204313
   0.0471517   -0.0377976   -0.0431833   -0.0979821
  -0.0314167    0.0233623   0.00535548    0.0104203
  0.00890017    0.0771876   0.00479379    0.0160832
   0.0214869   -0.0160052   -0.0360678   -0.0162684
  -0.0156504    0.0465219   -0.0210257   0.00111175
  -0.0119666    0.0899594    0.0702241    0.0255759
  -0.0159747    0.0429876   -0.0688526   -0.0320004
 -0.00991734    0.0523638   -0.0321258    0.0114787
  -0.0147232    0.0650387    0.0667765   -0.0198833
  -0.0049553     0.105284    0.0314692   -0.0422304
  -0.0395906    0.0463577      -0.0431   0.00675791
   0.0279697    -0.038042    0.0474844   -0.0361749
 -0.00312831   0.00787919   -0.0309994    0.0326342
   -0.018122   -0.0196121    0.0426814    0.0377579
  -0.0543582   -0.0224367    0.0253265   -0.0106492
  -0.0395051    0.0746635    0.0688706   -0.0781038
  -0.0537646  -0.00106003    0.0431691    0.0794473
  0.00880248  -0.00456031    0.0580138    0.0229091
   0.0405366   -0.0514257   0.00523638    -0.031204
   0.0190156    0.0304536    -0.057569    0.0455587
   0.0730046  -0.00871992   -0.0409224   0.00324168
   0.0101524   -0.0367995   -0.0372393    0.0623448
  0.00631268    0.0459107     0.013746    0.0413063
  -0.0505772    0.0289181   -0.0138439  -0.00506256
  -0.0346855    0.0769581     0.061665    0.0601973
  -0.0723277   -0.0350159   -0.0149769   -0.0480927
  -0.0573186 -0.000218515   -0.0106213 -0.000704658
 -0.00738219  -0.00306515    0.0549956    0.0418102
   -0.034025    0.0169478    0.0217747   -0.0186597
  -0.0797925   0.00576604    -0.014787    0.0661912
   0.0034034   -0.0282814    0.0489309    0.0620142
   -0.041282     0.101655    0.0317109   -0.0134066
  0.00476501   -0.0289998   -0.0274848    0.0631797
   0.0164897   -0.0589423   -0.0569627   0.00124771
  -0.0104778   -0.0241192    0.0668832  -0.00242369
   -0.111747    0.0620791  -0.00125072    0.0571634
  -0.0302699     0.142743    0.0060942    0.0402036
  -0.0106487   -0.0131529    0.0762298    -0.100026
 -0.00878631    0.0302964  -0.00391517  -0.00503403
 -0.00991338    0.0509574   -0.0594542   0.00628224
   0.0543972   -0.0169659    0.0296083   -0.0554886
   0.0244082    0.0516111     0.043612   -0.0085994
  -0.0125066   3.4438e-05    0.0844685   -0.0175687
  -0.0129603  -0.00802278    0.0143058  -0.00993632
  0.00786151    0.0196524   -0.0117149     0.059404
  -0.0272422     0.065892    0.0620283    -0.057277
   0.0412635     0.064191    0.0543755   -0.0479698
   0.0273391    -0.011403    0.0310059    0.0268406
 -0.00714659  -0.00199459   0.00575469    -0.102981
  -0.0577445  -0.00514641   -0.0680516    0.0568798
   0.0312366    0.0986172    0.0250419   -0.0274227
  -0.0708914   -0.0547638    0.0167995    0.0513863
  -0.0721303  -0.00922164    0.0374601   -0.0565776
 -0.00663734   -0.0254957   -0.0271507    0.0445502
  0.00604498    0.0843323    0.0707218   -0.0264125
   0.0286126   -0.0363786    0.0269321  -0.00607274
 -0.00531325    0.0628648    0.0481876   -0.0503287
   0.0365412    0.0309085   0.00815133   -0.0503336
    0.050853   0.00110574   0.00124644  -0.00273837
   0.0324637   -0.0220591   0.00431103   -0.0469072
  -0.0128194   -0.0320731   -0.0195674     0.011016
   0.0422289  -0.00573845   -0.0521395   -0.0228842
  -0.0478878  -0.00583445   -0.0623681    0.0157269
   0.0367782   0.00369704    0.0588991   -0.0173524
  -0.0321165     0.026406    0.0113986  0.000740237
   0.0270887    0.0299758    0.0676813    0.0382331
   0.0251614    0.0105367  -0.00220348    0.0755911
   0.0309485    0.0246916    0.0336991   -0.0184662
  -0.0610292    0.0438459    0.0420462    0.0122106
  -0.0552272   -0.0316448  -0.00121943   -0.0363246
   0.0609129    0.0100874    0.0686468  -0.00132785
 -0.00936965      0.04391   -0.0116047   -0.0382347
   0.0260497    0.0243071   -0.0361259   -0.0476813
  -0.0511369    0.0233013     0.066668    -0.074115
  -0.0350339   -0.0245323    0.0542186   -0.0444618
  0.00464547   0.00929461    0.0634297   -0.0632744
  -0.0550381   -0.0797495   -0.0167341  -0.00333852
   -0.073387  -0.00566503     0.024776   0.00298744
 -0.00301242    0.0273372   -0.0109104    0.0176584
   0.0510774  0.000331492    0.0551391   -0.0332161
    0.033936    0.0275189    0.0888536     -0.13056
   -0.043528   -0.0114479   -0.0376861    0.0344056
   -0.027326    0.0801504    0.0183005    0.0681107
  0.00154323   -0.0124354   -0.0571409   -0.0560399
   0.0260687    0.0569362    0.0375656    0.0108948
  -0.0630899    0.0515341   -0.0199924    0.0728021
  -0.0305113    0.0653795    0.0747763    0.0208042
  -0.0675715    0.0612032    0.0245734    0.0460995
   0.0214976   0.00368001    0.0629523   -0.0374803
  -0.0531719   -0.0409796   -0.0463301   -0.0443718
    0.064315    0.0674494    0.0117999   -0.0355422
  -0.0513703    0.0458928   -0.0127541    0.0162792
  0.00180023  0.000471027   -0.0144091    0.0187386
  -0.0842418    0.0496708   -0.0159466    0.0329186
   0.0697503   -0.0311462  -0.00811849    -0.128843
  -0.0422376   -0.0165673    0.0204971     0.054883
   0.0481425       -0.016    -0.061994    0.0145361
 -0.00745158    0.0195981    0.0435327    0.0913721
  0.00784923    0.0821217    0.0164558   -0.0189527
  -0.0445381   -0.0224231    0.0548463   -0.0300214
   -0.039334    0.0283276   -0.0505706   -0.0345746
  0.00689721   0.00838618     -0.02916    0.0617932
  -0.0544682   -0.0203277   -0.0301552   -0.0804101
   0.0191172    0.0054994   -0.0553553    0.0296151
   0.0219063   -0.0539699   -0.0206974   -0.0626931
   0.0224646   0.00193156    0.0338124   -0.0199847
 -0.00344164    0.0271415  -0.00250715    0.0455028
    0.041251   -0.0623408    0.0136513    0.0342004
   0.0118645    0.0270869     0.010779    0.0429273
  -0.0891398    0.0148554   -0.0156135    -0.017217
 -0.00757446    0.0412899   0.00725055    0.0695034
  -0.0504757   -0.0823502   -0.0445911  -0.00810236
  -0.0700767    0.0897823    -0.024019    0.0276653
    0.131276    0.0294816  2.63978e-05   -0.0625512
   0.0409454    0.0167968   -0.0304221    0.0775757
   0.0110158    0.0582808   -0.0509409   -0.0178699
   0.0379134  -0.00385342   0.00285877    0.0181289
  -0.0189659    0.0311971   -0.0421869    0.0277447
   0.0611543    0.0638732    0.0504052   0.00861731
   0.0644371    0.0846443   0.00498433    0.0185824
    0.007249   0.00750695   -0.0367263    0.0259707
     0.06186   -0.0166946    0.0500468   -0.0613633
  -0.0834266    0.0145627    0.0243184   -0.0160179
  -0.0318743   -0.0154241    0.0046044  -0.00211023
   0.0884787   -0.0730596   -0.0707518   -0.0795979
  -0.0689795    0.0337763    0.0535449   -0.0734272
 -0.00617563    0.0456079   -0.0249674   0.00950025
   0.0439765    0.0150726    -0.019348    0.0324844
   0.0328583   -0.0465307     0.020831   -0.0555706
  -0.0471048    0.0459147     0.044962    0.0129691
   -0.111111   -0.0867855   -0.0348566    0.0984486
  -0.0868768    0.0422544    0.0329818   -0.0383684
   0.0520286  -0.00802695  -0.00612428   -0.0304123
  -0.0685803   -0.0468162   -0.0146636     0.105987
  -0.0484349   -0.0394103   -0.0185263   -0.0405417
  -0.0284328   -0.0120879    0.0206672    0.0244555
  -0.0756944    0.0725987    -0.026811   -0.0198013
   0.0317594     0.117514    0.0120813    0.0980812
  -0.0252139   -0.0242908   -0.0267525    -0.053109
   0.0592705    0.0416379  -0.00039289    0.0675766
    0.067206   -0.0157245  -0.00604985   -0.0341522
  -0.0163039   -0.0453102    0.0596814   -0.0360095
  -0.0496931    0.0172958    0.0297636    0.0118392
   0.0279737   -0.0398679    0.0451112    0.0605512
   0.0603738    0.0472203    0.0690356   -0.0154523
  -0.0683878     0.030542   -0.0152589    0.0158424
 -0.00144641    0.0471584    0.0545953   -0.0500519
   0.0634037    0.0626283    0.0461156   -0.0953496
 -0.00785895    0.0104439    -0.019078   -0.0756718
  -0.0113289    0.0506885    0.0241599    0.0511515
   0.0184733  0.000344679   0.00151397   -0.0568079
   0.0117393   -0.0182473   -0.0132532   -0.0169804
  -0.0469168    0.0635365   -0.0350996 -0.000450936
    0.044508   -0.0375037   -0.0046815    -0.047414
  -0.0250128    0.0225363    0.0791689   -0.0407716
  -0.0321249   -0.0225416    0.0179931  -0.00626541
  -0.0151149     0.033457   -0.0081891    -0.056402
  -0.0169363    0.0131361  -0.00568839    0.0294521
   0.0196466    0.0601192    0.0656363    0.0468635
  -0.0182174    0.0863846    0.0704426   -0.0643225
   0.0287514   -0.0634267    0.0377588    -0.010361
   0.0395069    0.0565004   -0.0262777   -0.0378606
  -0.0398569    0.0616325   -0.0174255   -0.0318105
  -0.0031914   -0.0524244   -0.0433841   -0.0416339
  -0.0490843   -0.0265932    0.0178226  -0.00206396
  -0.0068253    0.0774009      0.07028   -0.0543263
 -0.00459761  -0.00475334   0.00742244    0.0817313
  -0.0667645   -0.0355036    0.0413974    0.0312255
  -0.0647797    0.0598748   -0.0215195    0.0861575
   -0.044992    0.0322967     0.032992   -0.0205987
   0.0535491    0.0623076   -0.0171503     0.020198
    0.029022  -0.00711625    0.0626401   -0.0234325
   0.0178141   0.00575747   -0.0301814    0.0164686
  -0.0938087    0.0391429    -0.014471   -0.0318837
-0.000588786   -0.0232183    0.0121706   -0.0097226
   0.0332911    0.0246991   -0.0148343   -0.0613826
  -0.0166824   -0.0233642   -0.0305671   -0.0180415
  -0.0292813   -0.0271747    0.0178307   -0.0129992
   -0.003579    0.0248098    0.0366617   0.00639902
  -0.0351816    0.0151852   -0.0142938    0.0767513
  -0.0324887    0.0660492   -0.0154443    -0.069559
  -0.0420071  -0.00439784    0.0297822     -0.12238