  -0.0463972    0.0916022    -0.113438    0.0711316
   0.0845461    -0.074087   -0.0783948  -0.00519445
  -0.0720001   -0.0437582    0.0174714   -0.0806641
  -0.0935339     0.052939   -0.0747047    0.0179666
  -0.0470614   -0.0315099    0.0100671   0.00722041
   0.0937297    -0.066144   -0.0615439   -0.0588622
   0.0951957   -0.0365937    -0.109018     0.137974
   -0.147795   -0.0308842   -0.0713059    0.0347542
    -0.10334     0.122377    -0.175612     0.137206
   -0.208247    0.0806595   -0.0276599    0.0417268
  -0.0386692   -0.0273873 -0.000973523    0.0478094
    0.191931   -0.0115055     0.116264     0.111446
  -0.0248759    0.0603843    0.0449519    0.0755373
  -0.0732204  -0.00665274    0.0243587     0.061368
  0.00604405     0.110968    -0.173906     0.137378
   0.0319912    0.0438311   -0.0448796    0.0866704
   -0.119884  -0.00994321   -0.0138619    -0.037842
   0.0446392   -0.0172235    -0.110425    -0.122506
   0.0465623    0.0327068   -0.0735932    0.0865859
   0.0816094     -0.15385     0.124368    -0.111995
    0.221145   -0.0548701     0.206601    0.0624554
   -0.154599   -0.0760511     0.133496  -0.00798912
   0.0635143    0.0740693  -0.00451581     0.061477
  -0.0100919   -0.0877951     0.110124    -0.152049
   0.0209118    0.0871632     0.106093     0.050156
    0.141326   -0.0458701   -0.0937557     0.101267
  -0.0193507     0.117167    0.0364301    0.0313455
   -0.128997     0.131217    0.0555678    0.0868636
  -0.0780845     0.025883   -0.0445812    0.0568553
   0.0765314    0.0267043    0.0242778  -0.00375419
   0.0805137    0.0170166     0.064557    0.0681361
   -0.157525  -0.00407803     0.168381    0.0915553
    0.110394   -0.0296139   -0.0328754     0.151247
   0.0121098   -0.0623805    -0.042046    0.0297831
  -0.0119599    0.0722782      0.14613     0.111453
  -0.0440028   -0.0122604   -0.0439055    0.0320023
   -0.106015     0.113064   -0.0226729    0.0874089
  -0.0652067    0.0431792    0.0105059   0.00459632
   0.0731648    0.0122025   0.00829594   -0.0665121
   0.0800068   -0.0303394    0.0579923    0.0185657
 -0.00222392 -0.000288686   0.00158657   -0.0908912
  -0.0436398    0.0936577  -0.00538906     0.163845
   -0.217873    0.0921731    0.0166756    0.0613609
  -0.0164619    0.0585089    0.0199485    0.0200212
    -0.06478     0.104651    -0.137227     0.176334
   -0.141567     -0.10364    0.0454592   -0.0346485
 -0.00211939     0.178593   -0.0724521    0.0766359
    0.126194   -0.0532548    0.0472489    0.0869197
   0.0644498   -0.0669738     0.075063   -0.0533648
   -0.189454   -0.0156026   -0.0663142   0.00141429
   0.0651284    0.0672678   -0.0523383    0.0376834
  -0.0171192    0.0317917   -0.0818847   -0.0645016
   0.0834674   0.00277908   -0.0571878     0.175051
   0.0561572    0.0378409   -0.0207914     0.115334
  0.00980465    -0.077309     0.109384   0.00481333
  -0.0273628     0.157811    0.0387217    0.0754283
  -0.0894493    0.0511252    0.0368868    0.0799353
   0.0383482   0.00836262    -0.124164   -0.0406409
  0.00314177    0.0333283   0.00594512    0.0208761
  -0.0284736    -0.105838    0.0579539    -0.120748
   0.0730797    -0.148698    0.0139061   -0.0718518
  -0.0416574    0.0751377    -0.127092    0.0846285
   0.0377833   -0.0579148     0.221217    0.0431448
   0.0320996   -0.0506872    0.0560641    0.0349887
    0.107249      0.11295    0.0206394     0.144849
  -0.0465295    0.0759158   -0.0309981    -0.114792
  -0.0677212    0.0104698     0.024863   -0.0563938
   -0.026954      0.13472    -0.120304    0.0556817
  -0.0954899     0.145902    -0.173958    0.0500409
   -0.158469    0.0648836    0.0377602      0.10832
  -0.0014373    0.0450117   -0.0379357   -0.0871956
  -0.0275515    0.0661779   -0.0674307     0.110309
  -0.0276089  -0.00189262    -0.010782    -0.116488
   0.0371559    0.0989666   -0.0323666     0.128112
  -0.0112984    0.0970602   -0.0721778    0.0769283
   0.0983733    -0.117438    0.0402105   -0.0320237
   0.0844663   -0.0631906  -0.00876248   -0.0601483
  -0.0381818     0.089141     -0.21254   -0.0352485
   0.0317201     0.034428    0.0242623    0.0388696
   0.0666778   -0.0844483     0.185033    0.0524006
   0.0389157    -0.112351   -0.0383013   0.00818971
  -0.0204457   -0.0665072  -0.00705341   -0.0640781
  0.00035631    0.0195787    -0.150473      0.26955
   -0.118569    0.0712992   -0.0567113     0.138573
     -0.0421    0.0270346   -0.0492483     -0.05027
    -0.13982     0.041721   -0.0950006    0.0284663
  -0.0196354    0.0242232    -0.101825    0.0567284
    0.054661   -0.0385154   -0.0524182    0.0547912
 -0.00536382   -0.0093254   -0.0507821    -0.122108
  -0.0191184      0.02268    -0.137947    -0.016495
  -0.0532089    -0.010567       0.1487   -0.0491996
  -0.0262629    0.0223546  -0.00216328   -0.0672956
  0.00459872    0.0120277     0.063344    0.0628247
   0.0647463    0.0558521    0.0743294    0.0746389
   -0.166938    0.0153782    -0.164686    -0.142326
   0.0443862   -0.0999568   -0.0817755   -0.0796363
   0.0635846   -0.0301903    0.0521567    -0.010812
  -0.0276495     0.321664    -0.054524     0.486549
    -0.11451     0.129144   -0.0271947     0.107305
   0.0394715    0.0854405   -0.0516138    0.0969266
 -0.00469404   -0.0717461    0.0752783   -0.0968745
   0.0448034   -0.0553262    0.0302034   -0.0118199
   0.0645075    -0.127002    0.0368351   -0.0798372
   0.0718556 -0.000565385     -0.17827   -0.0312566
   0.0879751   -0.0418789   -0.0540071     -0.17859
    0.131477    0.0983244   -0.0286091   -0.0690834
  -0.0203466    -0.178559     0.106075    -0.203022
   0.0218555  -0.00750424    0.0455921    0.0431175
   -0.191342     0.142394   -0.0883828   -0.0527085
  0.00601309    0.0500176    0.0320111    0.0250622
  0.00934499    0.0518697      0.06722    0.0910044
    0.135523    -0.180134     0.187587    -0.141034
  -0.0198075    -0.098842     0.172791     -0.10006
  -0.0373989    0.0454188  -0.00309053   -0.0593686
   0.0638094   -0.0771453  -0.00432948   -0.0631672
   0.0131213   -0.0414154    0.0490466     0.164536
  -0.0552053    0.0687501    0.0314511    0.0157812
   0.0077991    0.0433283    0.0618481   -0.0212039
  -0.0720188  -0.00961612   0.00444141   -0.0814276
  -0.0309444   -0.0540769   -0.0021602   -0.0985097
   0.0747285  -0.00110523    0.0535932    0.0326162
   0.0366381   -0.0516341   -0.0406341   -0.0185277
  0.00938617   -0.0220422    0.0209571      0.10996
  0.00951165    0.0166972    0.0344499    0.0045918
   0.0782007   -0.0776472  -0.00560955    -0.118222
    0.119637   -0.0690937   0.00832618   0.00199017
  -0.0326522   -0.0484881     0.044068   -0.0288825
    0.146101   -0.0126508    0.0740569  0.000668455
  0.00639607    0.0373711    -0.184773    0.0213359
   -0.193032    0.0608959    -0.189277    0.0210807
  -0.0428569    0.0630925   -0.0854955    0.0974529
  -0.0599083   -0.0639771    0.0846029    -0.168199
  -0.0470756    0.0761454   -0.0969797    0.0710849
   0.0400981    0.0719516    -0.109887    0.0153569
   0.0420791   -0.0328354    0.0259232     0.119725
  -0.0280123     0.095427   -0.0370399   -0.0209026
   0.0453235    0.0447581    0.0350026    0.0701541
  -0.0579539  -0.00426962     0.101275    -0.029541
    0.125672     0.037538     0.028401     0.146315
  -0.0534769   -0.0943486    -0.090279   -0.0571461
  -0.0400713    0.0370134    0.0154212    0.0343814
   0.0344372  -0.00789627    -0.228124   -0.0879565
   -0.120927    0.0416791    0.0917442    0.0276011
     0.05131   -0.0749795   -0.0680705   -0.0399012
    0.102655   -0.0109252    0.0224573   -0.0128964
   -0.134798   -0.0335901   0.00242492     0.101943
  -0.0199794    0.0213333    0.0406126   -0.0835487
   0.0312432   0.00272875   -0.0114291    0.0510832
   -0.155546      0.16193  -0.00429269     0.173827
  -0.0761209  -0.00984958    0.0709626    0.0572853
   0.0197046     0.180789   -0.0357731     0.191686
    0.139802    -0.151784   -0.0399967    -0.164923
  -0.0552777    0.0778112    -0.184497     0.119595
  -0.0414252    0.0173276   -0.0434525    0.0517095
   0.0668092    0.0636647   -0.0451292    0.0467435
    0.133082   -0.0321659     0.127719   -0.0229456
    -0.03421   -0.0346022    0.0600335    0.0185308
   0.0263962    -0.158801    0.0882575   -0.0440119
  -0.0194227    0.0147634   0.00323305    0.0125564
  -0.0211693     0.113503    -0.134088     0.145647
  -0.0334567     0.139254   -0.0361195     0.150457
  0.00664177     0.108617   -0.0566521    0.0309394
   -0.010127   -0.0532077    0.0144351    -0.162684
  -0.0873628     0.150901   -0.0939419     0.225835
    0.159693    0.0100929    -0.123932    0.0255505
  -0.0276058     0.149141   -0.0563006    0.0406404
   -0.015554   -0.0449488   -0.0825389   -0.0598664
   0.0684021    -0.129584    0.0268283    -0.131581
   0.0304765    0.0999794    -0.139481   -0.0188358
   -0.136251    0.0235271   -0.0470636    0.0487859
  -0.0219059    0.0740291   -0.0474845     0.122917
   0.0531193   -0.0327976     0.131478    0.0704073
   0.0979699      0.15098   -0.0982297     0.188409
    0.112373    0.0182196     0.134005    0.0766078
  -0.0145394    0.0948848     0.101758    0.0316734
    0.122914   0.00960598   -0.0507052   -0.0145526
    0.105233     0.056452    -0.146693    0.0052083
     0.08603   -0.0669104    0.0626077   -0.0705194
   -0.167324     0.143849    -0.014445    0.0345772
  0.00563522   -0.0676614   -0.0134756   -0.0746321
  -0.0858347    0.0116143    0.0309006   -0.0808743
   0.0257321    -0.014909   -0.0270324    0.0413003
   -0.002735  -0.00648165   -0.0980685    0.0514444
  -0.0727199    -0.010682  -0.00750055   -0.0929794
  -0.0344158   -0.0023977  -0.00414433     0.078707
    0.060468   -0.0335197   -0.0445004     0.125558
     0.19452   -0.0126378   0.00372827    0.0621336
  -0.0260503   -0.0422309    0.0891865    0.0205376
    0.129567    0.0785082    0.0577961     0.170906
  -0.0638905    0.0167132    -0.124626    0.0855794
   0.0836924    0.0534677    0.0125044    0.0791746
  -0.0554042    -0.035728    0.0424934    0.0385128
  0.00667597   -0.0312961   -0.0616324    -0.013862
   -0.115592   -0.0408773    -0.174017    0.0776209
  -0.0590444    0.0188467    0.0353006     0.135092
   0.0336749   0.00399235   -0.0330401    -0.066437
 -0.00137258   -0.0277083    0.0175933   -0.0484527
   0.0441983  -0.00613394    0.0856987     0.121987
    0.211511   -0.0390793    0.0139537     0.105132
  -0.0167063    0.0448496      0.08282    0.0126388
 -0.00441918    0.0600766     -0.11719    0.0081055
    0.135976   0.00240177     0.196935     0.136844
   0.0315282   -0.0386505    0.0649414   -0.0606901
   0.0678785  -0.00389561   -0.0092752   -0.0609728
   -0.194984   -0.0137269    0.0186616   -0.0174276
   0.0770724    0.0776492    -0.163552    0.0506642
  -0.0404525    0.0962415     0.141841     0.232299
  -0.0573172    0.0527304   -0.0415039  -0.00492914
   0.0312472   -0.0663728       -0.105   -0.0325887
   -0.146964    0.0106525    0.0424501     0.108327
  -0.0239925    0.0971438   -0.0594969    0.0461056
  -0.0309213     0.123842    -0.117243     0.131322
  -0.0654205    0.0207512    0.0953311    0.0121077
   -0.108716     0.135321    -0.111463    0.0858527
  -0.0177724   -0.0040599    0.0408956   -0.0514872
-0.000653685   -0.0282625    0.0438256    0.0492716
   -0.088111    0.0186768   -0.0303401  -0.00522499
     0.05841    0.0903029   -0.0056826     0.102273
    0.136941   -0.0136574    0.0215148    0.0934727
    0.116503     0.097397    0.0155624     0.123945
  -0.0553191     0.112441   -0.0302859     0.043332
    0.101468   -0.0848982    0.0563966    0.0440909
   0.0296956   -0.0471447    0.0360623    0.0696866
 -0.00993135  -0.00297925    -0.195234    0.0671079
   0.0723064    0.0741696    0.0857813    0.0568987
   0.0233968   -0.0178494   0.00265701    0.0788167
   0.0610836  -0.00861313    0.0458045    0.0578951
   -0.091526     0.077664   -0.0356307    0.0586722
  -0.0523607     0.124842   -0.0197389    0.0558689
   -0.155162    0.0781938    0.0738345    0.0646825
  -0.0585778    0.0500698   -0.0232376   -0.0128489
    0.117586    -0.118569     0.189288   -0.0446056
  -0.0603971  0.000260138    0.0415305   -0.0124627
   0.0845717    0.0456635    0.0306916   -0.0213421
  -0.0440684   0.00100086    -0.043982    0.0704259
  -0.0718195   0.00202148   -0.0600529    0.0113285
 -0.00744968    0.0583331  -0.00397851   0.00588041
    0.138384    0.0701155    -0.137218      0.13484
  -0.0352996    0.0735672    0.0128191   -0.0690876
   0.0501378    -0.124592    0.0687193    -0.120117
   0.0270172   -0.0138646   0.00479965   -0.0369095
   0.0168707   -0.0327513      0.04066    -0.105576
   0.0150849   -0.0546068   -0.0562433    -0.118117
    0.088664   -0.0216762    -0.142711   -0.0386282
  -0.0779285     -0.01848    0.0525673   -0.0252683
   -0.104562   -0.0207562     0.103641    0.0277794
  -0.0854698     0.111931   -0.0199615     0.149012
  -0.0261854   -0.0883982     0.114796  -0.00372862
 0.000578783    0.0475464    0.0400269     0.140468
  -0.0106662   -0.0115522    -0.104692     0.121866
   0.0163191   0.00601921    0.0309062   -0.0616795
  0.00379054    0.0353972    0.0383564   -0.0700224
   0.0670205    0.0951759    0.0312401     0.102588
    -0.12558    0.0453111    0.0529414   -0.0556577
   0.0260293     0.155168    -0.120128     0.143262
  -0.0937562     0.112975   -0.0664714     0.114165
  -0.0479037   -0.0253971    0.0761185    0.0353197
    0.131223   -0.0920144   0.00148331   -0.0594562
  -0.0350993    0.0379418    -0.150198    0.0152513
   0.0269156   -0.0123244    -0.110293     0.030295
  0.00710543    0.0399497    0.0310332    0.0837683
   0.0259527    0.0338948    -0.170766     0.130166
    0.149969    0.0238917   0.00768286    0.0499294
  -0.0124962   -0.0659006   -0.0281206    -0.103714
   0.0251831    0.0636617   -0.0365937   -0.0144674
   0.0598538   -0.0933708    0.0866538   -0.0533916
   0.0158089     0.253907   -0.0808988     0.247228
   -0.116228    0.0644561     0.198624    0.0572321
    0.135829   0.00989866   -0.0189981    0.0831895
   0.0552005    0.0191095    0.0827509   -0.0062107
  -0.0552172   -0.0608175  -0.00195272    0.0640016
 -0.00774856    0.0952499    -0.179452    0.0795554
   0.0285727    0.0509525   -0.0087634    0.0624309
  -0.0491261     0.117056    -0.117057     0.185884
    0.043062   -0.0534714    0.0605958   -0.0462987
   -0.097083     0.256862   -0.0123889     0.328986
  -0.0916798     0.002333     0.106427     0.187091
    0.101678   -0.0012464   -0.0545947   0.00365945
   -0.019181   -0.0515804    0.0938017    0.0267936
   -0.100135   0.00702888      -0.1229    0.0870937
   0.0438204    -0.147302    0.0246653    -0.244988
    0.021912   -0.0580977   -0.0459857    -0.172683
   0.0687971  -0.00660151    0.0267572    0.0709649
   -0.049307   -0.0588138   0.00145228   -0.0974171
   0.0796025    0.0358293   -0.0627365     0.125344
  -0.0559655     0.153731    0.0991312     0.117668
  -0.0654636     0.183689    -0.205396     0.184501
   0.0456425   -0.0481656     -0.15673     0.034449
  -0.0532467  -0.00568783    -0.168453  -0.00171289
  -0.0860933     0.122681   -0.0616406    0.0467839
   0.0393635    -0.162523    0.0305251     -0.31611
   -0.061443     0.199688     0.108758     0.254826
    0.252015    -0.214199    0.0189563    -0.120739
    0.132996    0.0995081    0.0468845     0.260293
  -0.0491117    0.0167102   -0.0135909    0.0722151
     -0.1026    0.0692597    0.0236399     0.116337
  -0.0186335     0.220145   0.00797945     0.107626
  -0.0844126    0.0641577    0.0822836    0.0518081
   0.0730232   0.00851378   -0.0848604  -0.00741725
    0.030245    0.0892075   -0.0424054    0.0606254
    0.104609   -0.0109967   -0.0447779    0.0934392
   0.0825514    -0.143566    0.0889616    0.0197204
  -0.0174467  -0.00878539   0.00303937   -0.0102671
   0.0202005  -0.00855518    0.0175808    0.0893933
    -0.01284    0.0704141    -0.111026    0.0504243
  -0.0636321    0.0435817   -0.0736637    0.0169145
    0.164552    -0.127657     0.173411  -0.00827538
    0.119906    0.0373868   -0.0948594    0.0341046
   0.0999915    0.0341636   -0.0359775     0.150781
  -0.0300372    0.0639512    0.0119338     -0.06545
   0.0222959   0.00555534    0.0994152  -0.00930416
   0.0424212    0.0904382    -0.168265    -0.035659
    0.113085    -0.113154     0.116706    0.0592911
   0.0926918   -0.0372265  -0.00128456   -0.0123828
   0.0762253     0.015973    -0.137613     0.127951
    0.174051     0.100713    -0.049206     0.139426
  -0.0715417       0.1386   -0.0274778     0.108017
  -0.0592642     0.310219  -0.00349574     0.230639
   -0.143968    0.0965825   -0.0538247    0.0322819
 -0.00977262   -0.0640509     0.003083    0.0422026
    0.112799    0.0505207     0.147152    0.0963025
   -0.250959    0.0222745   -0.0532653     0.129114
   -0.131577    0.0984264   -0.0483618    0.0818322
   0.0277195     0.182615   0.00552448     0.173969
  -0.0354646    -0.136376   -0.0306832    -0.127363
   0.0170115    0.0622848   -0.0290492    0.0405985
   -0.123784     0.192012    0.0585119      0.17419
  -0.0288766   -0.0220734   0.00822302  0.000687358
   -0.115345   -0.0321904   -0.0424817   -0.0594006
  -0.0580458    0.0771538  -0.00969037     0.018674
   0.0909821    0.0158824     -0.10513    0.0562772
   0.0323731   -0.0391986    0.0266164    -0.118302
   0.0537666    0.0304089    0.0582341    0.0360103
  -0.0302452    0.0455751    0.0157605    0.0797511
   0.0428375   -0.0068421   -0.0570235   -0.0106447
  -0.0783275   -0.0899241    0.0661776   -0.0591702
  -0.0558003    0.0940196   -0.0204291    0.0678951
   0.0517821     0.139414 -0.000765093     0.212315
   0.0854403   -0.0294135    0.0770657   -0.0695706
   -0.068723   -0.0724539    0.0371985    -0.118988
  -0.0172042    0.0686146   -0.0261814    0.0982182
   0.0235452   -0.0270558   -0.0119332   -0.0320181
   0.0535281   -0.0410042    0.0431402   -0.0273943
  -0.0161826  -0.00756898   0.00387876   -0.0601117
   0.0237713    -0.154372     0.135546    -0.152504
  -0.0108313    -0.180836     0.254341    -0.197475
   -0.178307     0.157757   -0.0963937    0.0799778
  -0.0661428    0.0369804   -0.0081773    0.0180375
  -0.0257363   -0.0778332    0.0364428   -0.0958673
   0.0384419     0.080692   -0.0705809   -0.0474617
    -0.10824   0.00451905   -0.0047736   -0.0587273
   0.0328477    0.0156837    -0.200305    -0.136213
  -0.0320267    0.0747704   -0.0232531      0.11453
   0.0605306     0.102181  -0.00465818    0.0890498
  -0.0344334     0.128922    0.0253467    0.0266504
  -0.0838931     0.042302   -0.0850789   -0.0310073
  -0.0171063  -0.00267291   -0.0305407    -0.109065
   0.0361435    0.0575891    -0.091656    0.0640136
   0.0826985   -0.0883136   0.00515272   -0.0549774
   0.0484077   -0.0219272     0.100578  -0.00332094
  -0.0183739   -0.0479447    -0.056852    0.0425158
   -0.015772     0.108293    -0.110976    0.0236217
  -0.0283526  -0.00381613   -0.0988308    0.0357093
  -0.0363261    0.0175915   -0.0418949   -0.0226126
  -0.0770958   0.00767271    0.0351433    0.0823856
   0.0208804   -0.0982988     0.128968   -0.0473818
  -0.0463404   0.00883157     0.110916   0.00914748
   0.0673187    0.0747635     -0.18921     0.129742
  -0.0313067    -0.174002     0.132592    -0.161677
    0.128963  -0.00340463   -0.0062733    -0.138102
  0.00786496     0.212379   -0.0568723      0.21031
    0.109314     0.150631     0.229295     0.288498
 -0.00223215     0.113661     0.119005     0.041619
  0.00751373    0.0985959   -0.0696514     0.103704
   0.0189235   -0.0093267    0.0992466    0.0625481
   -0.101845   -0.0315425    -0.013643    -0.104855
   0.0455502    0.0683632     0.106154    0.0928334
   0.0187609    -0.107134      0.13984   -0.0740093
  -0.0155975   -0.0650491     0.124056     -0.12428
   0.0161242     0.134149   -0.0708086    0.0995823
  -0.0075698   0.00417907   -0.0942043   0.00830769
  -0.0672329     0.107368    -0.150375    0.0417548
  -0.0878244     0.067934   -0.0362193     0.037283
  -0.0722655     0.102776     0.074885    0.0212775
  -0.0535619      0.10365   -0.0798914      0.01418
  -0.0473534    0.0449647   -0.0680936     0.172621
  -0.0306136    0.0444027   -0.0700428    0.0159575
  -0.0433077   -0.0153447   -0.0372182    0.0530687
   0.0502504  -0.00638117   -0.0209194   -0.0183473
  -0.0909901   -0.0576398     0.197368    -0.043188
  0.00042523     0.124192   0.00269888    -0.101807
   0.0876959    -0.022401   -0.0607691   -0.0554072
    0.160054    0.0466336    -0.273529     0.118211
   0.0418702    0.0167643   -0.0888198  -0.00947889
   0.0717374    0.0297311    0.0690501   0.00948788
   0.0267841   -0.0591572  -0.00183359   -0.0201309
   0.0275092     0.163785    -0.265153     0.159106
   -0.040386   -0.0245886    0.0396067    -0.128482
  0.00947328   -0.0350507    0.0387208   -0.0637324
   0.0121158    0.0502011    0.0107181    0.0220413
  -0.0169531    0.0511579   -0.0815784   -0.0727329
  -0.0379532    0.0302849     0.140247    0.0163971
  -0.0994031    0.0387024    -0.019742    0.0426371
   0.0424631    -0.022402   -0.0333776    0.0132025
   0.0344367    0.0378775   -0.0223888     0.225587
 0.000586472      0.13163    0.0166333     0.105251
   -0.102398     0.059005   0.00115907     0.143376
  -0.0715136   0.00876597 -0.000936875    0.0636669
  0.00815561     0.128047   -0.0470092      0.19548
   0.0114185    0.0342843   -0.0347947    0.0496354
  -0.0806902    0.0988685    0.0542887     0.228968
  -0.0254766  -0.00818806     0.263602   -0.0632849
  -0.0908377     0.179927  -0.00510591     0.181574
   0.0767442   -0.0555146    0.0520261   -0.0762197
   -0.116125      0.15715    0.0713539   -0.0071175
  -0.0869338  -0.00565381    0.0150376    -0.119924
   0.0185407   -0.0387881     0.161606   0.00124562
  -0.0217279   0.00682598    0.0200402   -0.0523192
    0.168927     0.082028    0.0623212     0.127556
  -0.0572047    0.0612508    0.0442577   -0.0680077
   0.0399126   -0.0648248    0.0630146    -0.136004
   0.0436736      0.10541   -0.0655293    0.0583413
  -0.0654262   -0.0294255    0.0559356    -0.107891
  -0.0743561  -0.00300984    0.0467316   -0.0730964
  0.00222857     0.107503    -0.209386    0.0982525
  -0.0998547   -0.0841176     0.039931    -0.133497
  -0.0508906    0.0469472     0.128111    0.0844586
 -0.00244128     0.042186   -0.0257949     0.080366
   0.0131465    -0.106277     0.119868    -0.101523
  -0.0595049     0.019071    0.0491814   -0.0190077
   0.0636188    -0.041897    0.0101276    0.0254073
  -0.0072124    0.0273702   -0.0249316    0.0125283
   0.0173216    0.0685054   0.00406274     0.123439
   0.0704231    0.0302719   -0.0549091    0.0340865
  -0.0070106   -0.0222795    0.0601029   -0.0220284
   0.0660798   -0.0559895      0.10586    0.0010317
   0.0679753    -0.101015    0.0542756  -0.00855809
 -0.00946658    -0.109098    0.0771643  0.000106805
     -0.2007    0.0940875     0.163954    0.0341511
   0.0111854   -0.0627688   -0.0551401     0.120818
 0.000623295  -0.00837642     0.134189    0.0186649
  -0.0280788  -0.00345355   -0.0652483   -0.0183592
    -0.05833   -0.0780184    0.0429768   -0.0788533
  -0.0818029   -0.0110289    0.0469685    0.0174571
  -0.0766852     0.132032  -0.00213432    0.0897156
    0.053993    0.0356573   -0.0360396    0.0542455
  0.00566591   -0.0885687    0.0841492    0.0264334
   -0.049546     0.112924    -0.073262   0.00653121
   0.0451889    0.0820041   0.00301167    0.0656912
   0.0317991     0.104375    -0.159561     0.261939
  -0.0224636    0.0299582    -0.154596    0.0107409
 -0.00380424  -0.00836356   -0.0333488    0.0283075
   0.0728429  -0.00864859     0.137268    0.0358687
   0.0323003    0.0810268     -0.12603     0.101272
    0.100611    0.0731024    0.0799157     0.114173
  -0.0202108     0.122963    0.0557001     0.170916
   0.0679651     0.123922   -0.0802235     0.121041
   0.0898021    -0.162003    0.0705806    -0.174915
   0.0647216     0.031814    0.0115567    -0.112116
   0.0588065     0.075993     -0.18175    0.0493554
  -0.0203488    -0.124147  -0.00755765    0.0458223
    0.017293   -0.0619272    -0.112569  -0.00951315
   0.0780262    0.0169456  -0.00509819    0.0522431
   0.0238522     0.114541    -0.101786     0.107602
  -0.0532739     0.100774   -0.0394461     0.153785
   0.0279198   -0.0726924    0.0469723    0.0328284
   0.0837119    0.0443837   -0.0966155       0.1561
   -0.173191     0.149101     -0.10665     0.116246
  -0.0934952   -0.0378109   -0.0817147   -0.0316735
    0.100659   -0.0255693   -0.0346464    0.0477419
  -0.0144644       0.1259   -0.0275407    0.0666266
   0.0295795     0.150519    -0.016099   0.00169771
   0.0381661   -0.0101513    0.0572494   -0.0262238
 -0.00273701     0.115158    0.0129859    0.0252214
  -0.0477172   -0.0612419   -0.0426615    -0.157149
 -0.00178611     0.149491   -0.0842022     0.187667
    0.130131    0.0174317    0.0212782     0.124154
  -0.0497212  -0.00505216     0.309833    0.0651673
   0.0446943    0.0499517   -0.0649146  -0.00302118
   0.0450922   -0.0247669    0.0311881     0.123636
   -0.116483    0.0585485     0.075285    0.0532644
   0.0516405    -0.053737    0.0562698   0.00303004
  -0.0723146   -0.0410574    -0.094159    -0.065502
  -0.0729881  -0.00978369   0.00526965   -0.0403571
  -0.0743806    0.0126943    0.0195451   -0.0998367
   -0.090982   -0.0042321     0.187644    -0.113011
   -0.129466   -0.0250861    -0.067193    -0.102863
   0.0261952    0.0237024    -0.158954    0.0464027
  -0.0329134   -0.0513642   0.00821953    0.0397464
      0.1017   -0.0487899    -0.102725   -0.0150405
   0.0418999   -0.0147115    0.0326975     0.084536
  -0.0278749   -0.0543989    0.0386936     0.166432
   0.0858207   -0.0768171    0.0109108    -0.188123
   0.0246022   -0.0533962    0.0265277    -0.129932
   0.0727915   -0.0843702    -0.027658    0.0929625
   0.0876203     0.105904   -0.0699221     0.120832
  -0.0359294   0.00530044    0.0823454   0.00647643
   0.0685715    -0.110317   -0.0677138    -0.174854
  -0.0986491    0.0580365   -0.0372767   -0.0931766
   -0.120549    0.0526221   -0.0385191   -0.0131886
   0.0595426   -0.0861572    0.0910387   -0.0845318
  -0.0380822   -0.0102663    0.0514686    0.0115436
   -0.110613    0.0496611    -0.258812    0.0315968
   -0.191758    0.0613416    0.0417494     -0.10329
   0.0108764   -0.0147415   -0.0560199   0.00537669
  -0.0787959    0.0743035   -0.0776558     0.150387
  -0.0263947     0.110574   -0.0281238      0.19496
  -0.0286638    0.0612774     0.038306    0.0272453
  -0.0684491     0.131008    0.0425771     0.163189
  -0.0488261   0.00640347   -0.0376911  -0.00865598
  -0.0607145    0.0052103    0.0533875     -0.21975
  -0.0569061      0.16991     0.181515     0.300884