  -0.0898338       0.1351     -0.20829    -0.137132
  -0.0295386   -0.0176725     0.112012    0.0596995
   0.0120656    0.0519144   -0.0479196   -0.0845228
   0.0376739    0.0341233    0.0381009     -0.02655
   0.0193311   -0.0558454    0.0643143     0.126889
 -0.00485023   -0.0243096    0.0392128   -0.0667415
   -0.198646    -0.178832    0.0223311   -0.0384089
  -0.0886038   -0.0980178     0.106294    0.0679693
     0.31854    0.0297264     0.131611       0.2156
 -0.00913745    0.0985809    -0.174952   -0.0739041
   -0.107729    0.0919034    -0.146046   -0.0708368
    0.164673   -0.0411384     0.148875      0.16127
  -0.0918321    -0.154668     0.110291   -0.0176927
  -0.0260029   -0.0180988    -0.061208    -0.029461
  -0.0795573    0.0764487    -0.102813   -0.0772243
    0.170738     -0.04733     0.185069    0.0941277
    0.277079  -0.00440385     0.225144     0.290332
  -0.0244595    0.0900501    -0.102809   -0.0940338
    0.234626   -0.0546374     0.144047     0.240274
    0.177294   -0.0480252    0.0217158     0.256678
  -0.0755251   0.00343744   -0.0412758   -0.0777373
   -0.116919   -0.0311881   -0.0478096   -0.0992154
    0.100183    0.0687757   -0.0590826      0.06995
 -0.00232118    0.0399405   -0.0572628   -0.0958071
  -0.0275138    0.0174745    -0.038433    -0.035276
   -0.373652     0.138505    -0.301898    -0.400538
     -0.1813   -0.0612744    0.0303964     -0.11953
    0.127408    0.0320908    0.0836021      0.14892
   0.0353464    0.0136923   -0.0549308    0.0149801
  -0.0219328     0.161518   -0.0869948    -0.131645
   -0.121427    0.0167525   -0.0321865    -0.141924
   -0.156909    0.0688992    -0.202505    -0.242249
   0.0975352    0.0202528      0.12327     0.113514
   -0.118468    -0.106557    -0.103019    -0.168784
   -0.133464    -0.183869     0.168341   -0.0163294
   -0.292345     0.179948    -0.329639    -0.376598
   0.0879572  -0.00191357     0.146305    0.0958318
   0.0911185    0.0496782    0.0149159      0.11854
  -0.0657897   -0.0162641    0.0630291    -0.090051
   -0.850612      0.14689    -0.598753    -0.789776
  -0.0260133     0.148028    -0.187044   -0.0959905
   -0.245802   -0.0311539   -0.0574398    -0.181667
     0.10213    0.0469641  -0.00981502     0.058599
   0.0952342    0.0272363    0.0923932     0.116534
    0.136168    -0.160728     0.112094    0.0828669
   -0.049876   0.00917446   -0.0257809   -0.0543028
   0.0926076   -0.0266956     0.004979    0.0406411
   0.0489332    0.0840451   0.00710648    0.0252613
    0.373614   -0.0616923      0.21309      0.31855
  -0.0212952     0.032821    -0.132476   -0.0251043
   0.0906239    0.0938634    0.0668201       0.1396
   -0.296713   -0.0121823   -0.0685562    -0.260784
 -0.00794261   -0.0611682    0.0922309     0.052636
   -0.216154    0.0238229    -0.202973     -0.24572
    0.230971    -0.121885     0.360289     0.348525
   0.0571268    0.0209305     0.025437    0.0968348
   -0.135492     0.150148    -0.215652    -0.301499
   0.0521364    -0.102234    0.0912444    0.0893462
    0.055966   -0.0829951    0.0781339     0.041328
   -0.115008    0.0120232   -0.0387216     -0.15536
  0.00416409   -0.0946862    0.0449685     0.050969
   -0.226748    0.0175232   -0.0857309    -0.149349
   -0.133733    -0.203951    0.0951757   0.00874499
    0.141104   -0.0435028    0.0648748      0.13177
 -0.00375889   -0.0702753    -0.053946   -0.0913704
   -0.077806   -0.0620655   -0.0714012   -0.0874236
  -0.0983286   -0.0173826   -0.0680536   -0.0510013
  -0.0708708   -0.0591184    -0.023392    -0.168145
    0.175424   -0.0603504     0.172485     0.222725
   -0.047332   -0.0234111   -0.0551676   -0.0387193
    0.288108    -0.269819     0.329842     0.434435
    0.216343    0.0956444      0.12871     0.204426
  -0.0729924  -0.00592796   -0.0718227   -0.0280402
   0.0457015     0.106764    0.0302695    0.0940711
   0.0499109    0.0997912    -0.141318   -0.0853184
   -0.243327    0.0133981    -0.131462    -0.176653
 -0.00490491   -0.0223351    0.0594892    0.0187385
   0.0197474    0.0276052   -0.0488272   -0.0532225
    -0.17324    -0.176718   -0.0620578    -0.136482
     0.32036   -0.0501576     0.284661     0.323447
  -0.0784137   -0.0776429    0.0188938    -0.115689
   0.0593009    0.0316683     0.111733   -0.0120646
   -0.194002     0.146688    -0.218431    -0.257344
    0.161845   -0.0146054    0.0458135     0.214138
   0.0257654     0.127967   -0.0582497   0.00505822
    -0.21168     0.107864    -0.201804    -0.348336
     0.29326    0.0793536     0.108995     0.263721
    0.235387    0.0144378     0.156538     0.225564
   -0.393752     0.143449    -0.296967    -0.447134
   0.0480375     0.155268    -0.108222    0.0209323
  -0.0566909    0.0754907   -0.0704618    -0.134863
  -0.0018034    0.0185426    0.0733443 -0.000911877
   0.0603646   -0.0830332    0.0319217     0.119892
   -0.125974    0.0895443    -0.180801   -0.0918341
    0.418794   -0.0399488     0.251965     0.424566
   -0.283864    0.0656416    -0.209296    -0.314453
   -0.127198     0.175253    -0.201601    -0.209408
    0.129015    0.0314671     0.042694     0.154495
    0.102716     0.107124   -0.0710021   -0.0494696
   -0.220549    0.0212379   -0.0554591    -0.219858
    0.157223   -0.0159511    0.0601036     0.114166
   -0.513721   -0.0323229    -0.227299    -0.568395
  -0.0367103   -0.0773985    0.0682218   -0.0297354
   -0.495986     0.253334    -0.453996     -0.55681
     -0.0295   -0.0212786    0.0219609   -0.0424959
    0.146687  0.000945801    0.0585636    0.0322735
    0.212684  -0.00472147     0.139519     0.250012
   -0.152748   -0.0685225      -0.0155    -0.110353
    0.200242    0.0804435     0.116453      0.15347
    0.102934  -0.00426708   -0.0391174   0.00161239
   -0.128205   -0.0212106   0.00459275   -0.0708935
   -0.108763    0.0822516    -0.153148    -0.198934
   0.0890305     0.158411    -0.144886   -0.0602234
  -0.0107375    0.0262492    0.0181434   -0.0218052
   -0.144097   -0.0974815     0.026587   -0.0389499
  -0.0534429      0.18883    -0.242399    -0.132714
  -0.0740334   -0.0412801    -0.125154     -0.11768
   -0.163683    0.0770547     -0.27636    -0.260643
  -0.0059816    0.0806423     0.056729   -0.0358186
    0.128576    0.0453651    0.0533426  -0.00960786
  -0.0994072    0.0995307   -0.0521274    -0.160143
   -0.162723    -0.106574   -0.0552707    -0.194401
   -0.288472    -0.099447   -0.0595622    -0.155718
   0.0276401    -0.062922    0.0471218   -0.0129268
   0.0773003      0.09649     0.068718    0.0756119
   0.0374632    0.0258102   -0.0135089    0.0732562
    0.165554      0.14063    0.0401264    0.0496515
   0.0313804    -0.138057     0.208618      0.21878
    0.138644    -0.138481     0.150915     0.142543
  -0.0997506   -0.0393879   -0.0537285    -0.124019
    0.181107    -0.133363     0.209965     0.178491
  -0.0715807    0.0143118    0.0265638    0.0241155
   -0.338759    0.0734789    -0.138492    -0.350749
   0.0792063      0.19464    -0.122388   -0.0659364
  -0.0327468   -0.0203927    -0.015334   0.00671266
   0.0572313    0.0706493   -0.0307407    0.0111746
   -0.111827    -0.165518    0.0536475   -0.0542392
 -0.00540042   -0.0288694   -0.0404777    0.0164701
   0.0521009    -0.116499     0.168917     0.165145
   -0.257775     0.139976    -0.175755    -0.255197
    0.209826     0.150287   -0.0222693     0.173162
    0.215638    -0.078212     0.238828     0.248049
    0.073418    0.0364282   -0.0979512    -0.016055
    0.124749     -0.10812     0.193893     0.192311
    0.367426   -0.0116374     0.187595     0.333969
   0.0349241     0.133399   -0.0542253   -0.0758434
    0.318033    0.0105298     0.179353     0.316999
   0.0696087   -0.0278032    0.0447987    0.0955898
    0.177056   -0.0199685     0.118343     0.151767
   0.0532101    0.0405806    -0.051006     0.022767
  0.00246619   -0.0134841  -0.00194551   -0.0518892
    0.129588   -0.0649456    0.0927238    0.0612924
    0.147623   0.00764431    0.0999385    0.0864723
    0.259593   -0.0293538     0.300007     0.315475
   -0.180436    -0.170012    0.0542255    -0.127564
    0.499435     0.168212      0.21489     0.376792
    0.112485     0.205334    -0.155243   -0.0777281
    0.282692  -0.00309899    0.0248645     0.157313
   0.0663114   -0.0290057   -0.0248342    0.0659313
    0.200775   -0.0833681     0.171997      0.15829
   0.0771823   -0.0259589    0.0890897     0.104831
   -0.204227     0.324464    -0.439714    -0.349499
     0.11038   0.00888733     0.030728     0.115744
    0.345542     0.160403    0.0423218     0.276309
  -0.0277798    -0.173739    0.0655537   -0.0389425
    0.154278   0.00915314     0.112581    0.0945963
  -0.0883434   -0.0695821 -0.000834003    -0.107127
    0.362926   -0.0368632     0.181842     0.334714
  -0.0913706    0.0797294   -0.0663642    -0.172717
   -0.137302    0.0626726    -0.129181    -0.237688
    0.280868    0.0381243     0.127205     0.322455
    0.210163     0.203794  -0.00824347     0.110855
  -0.0911626    0.0398717    0.0174819   0.00380468
  -0.0267626   -0.0329078   -0.0490961   -0.0072701
   -0.173672  -0.00732988   -0.0457252    -0.180777
   0.0170835   -0.0245036   -0.0937012   -0.0232269
  -0.0626618     0.128805    -0.226915    -0.140803
  -0.0572108     0.271141    -0.207688    -0.183972
    0.250277    0.0301921     0.137863     0.225182
   0.0749819     0.026774   -0.0481736    0.0653325
   0.0690638   -0.0756814     0.107368    0.0822995
    0.252873     0.187811   -0.0551287     0.149744
   0.0485082    0.0512933    0.0199488    0.0704134
   0.0594602   -0.0505295  -0.00103362     0.129243
   0.0223897   -0.0490981    0.0824239    0.0727278
   0.0625047   -0.0469813     0.130769     0.131216
    0.239607    -0.216364      0.23734     0.374266
    0.204603    0.0697518     0.120151      0.19624
   -0.026515     0.101172   0.00226233   -0.0889173
   0.0303244    -0.033696    0.0119729    0.0884525
    0.274713     0.143193  -0.00769931     0.152662
    0.019694   -0.0163294   -0.0125844   0.00443691
   -0.414544  -0.00820783    -0.232727    -0.374531
   -0.349492     -0.16727   -0.0307265    -0.173958
   0.0971711     0.246133   -0.0878173   0.00542947
  -0.0532163   -0.0228929    -0.124764    -0.133978
   0.0380738    0.0962931    -0.139779    -0.111441
  -0.0692783   -0.0233962    0.0389894   -0.0345519
  -0.0537202  -0.00307598   -0.0768526    -0.049838
   -0.035985   -0.0257933   -0.0249378  0.000349848
  0.00996908    -0.109776    0.0184837   0.00111435
    0.144532   -0.0185214    0.0241904     0.119119
    0.090462    -0.027079     0.102036   0.00735124
   0.0877632     0.139521    -0.119407   -0.0311189
  -0.0359238     0.143791    -0.113937    -0.122054
   -0.133278     0.130766    -0.172875    -0.131194
   0.0637655    0.0267908   -0.0198522   -0.0266331
   0.0251574     0.173336   -0.0912192   -0.0788082
    -0.18688  -0.00965361   -0.0217531    -0.109135
    0.189606   -0.0862337      0.13211      0.23035
  -0.0527685    -0.100304    0.0764449    -0.051327
  -0.0142504    0.0309304   0.00863847   -0.0498303
   -0.421414     0.060461    -0.329628     -0.40546
   0.0527841   -0.0584611    0.0873001     0.085568
   -0.194681   -0.0551582   -0.0890388    -0.264366
   0.0219545      -0.1023    0.0421898   -0.0549767
    0.193131    0.0637777    0.0999362     0.112253
    0.115715   -0.0739719     0.118401     0.153629
  -0.0851377    0.0724691    -0.141121   -0.0850716
    0.158152    0.0336788    0.0759725    0.0936501
  -0.0411754     0.164979    -0.208105    -0.172422
  -0.0808804   0.00360474  -0.00443229    -0.068286
   0.0772494     0.193422    -0.211257   -0.0193847
  0.00637339   -0.0190113     0.122271    0.0660517
  -0.0622516   -0.0854242     0.100889  -0.00399002
  -0.0724198    0.0124345    0.0470754   -0.0542401
   -0.107656    -0.101909   -0.0292655     -0.05675
   0.0741172     0.191833    -0.132354     -0.11023
    0.125137    -0.101605     0.146345     0.160434
  -0.0839306   -0.0917894   -0.0738703   -0.0542266
 3.71858e-05   -0.0363064    0.0456427   -0.0239153
    0.183564   -0.0874597     0.223498     0.210208
 -0.00194192   -0.0282905    0.0361367    0.0649776
   0.0617071   -0.0788396    0.0438973    0.0194107
  0.00706917       0.1922    -0.136676    -0.137638
   0.0415578   -0.0173367    0.0862927  -0.00294679
    0.217218    -0.189847     0.249938     0.265204
    0.068795   -0.0656974    0.0997947    0.0389206
    0.116985   -0.0384465    0.0771236    0.0433475
  -0.0995517       0.1518    -0.291187    -0.192575
    0.182244   0.00190279     0.131134    0.0510733
   -0.119403    0.0834487    -0.179126    -0.108648
  0.00149937    0.0800447    -0.065018  -0.00768416
   -0.280591    -0.122622   -0.0263596    -0.123019
   0.0833201     0.102691     -0.09842   -0.0157265
   -0.179799      -0.2062    0.0927206   -0.0354765
  -0.0441238     0.320368     -0.28376    -0.137524
  0.00989935   -0.0859496    0.0249754    0.0176205
   -0.289353     0.224523    -0.366247    -0.319548
    0.242437   -0.0965907     0.249246     0.318647
   -0.244736   -0.0106933   -0.0096645    -0.215159
   0.0624404    -0.110718    0.0894493     0.134144
    0.430898    -0.099896     0.254209     0.414766
    0.137855     0.356302    -0.304647    -0.119434
   -0.188025   -0.0899607  -0.00084299    -0.212061
  -0.0549476      0.11458    -0.190253    -0.164246
  -0.0263251    0.0632571    0.0190439    0.0460097
   -0.113019    -0.107869    0.0109929     0.058963
  -0.0613588   -0.0387151   -0.0179861   -0.0281755
  -0.0724137   -0.0359385    0.0347762   -0.0849285
  -0.0375706   -0.0860336    0.0258435   -0.0582427
   0.0303235    0.0120675   0.00838083    0.0989791
  -0.0718198    -0.208551     0.103206      0.06113
   -0.140282   -0.0983255    -0.050174   -0.0611589
   -0.282367     -0.21943   -0.0215899    -0.203282
    0.149511     0.183143   -0.0572178   -0.0210139
   0.0473438    0.0219859   -0.0521374    0.0527868
   -0.058268   -0.0863011   -0.0111816   -0.0449819
    0.114814   0.00276565   0.00406585    0.0541026
  -0.0385559    0.0283518 -0.000630451  -0.00692475
    0.175359    0.0848194   0.00378919     0.208351
   -0.271479     0.128954    -0.276106    -0.329321
    0.109588   -0.0110499    0.0838636     0.177539
   -0.145417    -0.040681   -0.0587127    -0.194603
   0.0145483     0.083711   -0.0325575   -0.0617933
  -0.0632356     0.139561    -0.184166    -0.160691
   -0.095072   0.00562784    0.0372185   -0.0562621
    0.127367     0.116146    -0.104707    0.0445564
   0.0448835   -0.0167611  -0.00893544   -0.0172274
   -0.189682   -0.0821993   0.00232746     -0.19327
    0.229964  -0.00665806     0.204037     0.226506
   0.0777364     0.274356    -0.165302   -0.0527556
   -0.108502   -0.0142821   -0.0478163   -0.0583286
    0.184641   -0.0677483     0.207536      0.21177
   -0.159761    0.0726518    -0.166257    -0.228312
  -0.0330483   -0.0818199     0.114529   0.00564024
   0.0674077  -0.00181443    0.0596287     0.149887
   0.0174164    0.0893358    0.0307953    -0.107521
  -0.0243489     0.106779   -0.0908986   -0.0919367
  0.00512152    0.0109424   0.00242985   -0.0183886
  0.00616272    0.0907746    0.0752566    0.0158237
   0.0153158    0.0285039   -0.0549861   -0.0307106
  -0.0372024    0.0466108   -0.0715124    -0.124911
  -0.0679144   -0.0571699    0.0397862    0.0483816
    0.195765    0.0247636     0.046888     0.180226
  -0.0702962   0.00546504   -0.0869646    -0.129852
   0.0377243    0.0540189   -0.0698624    0.0696209
   -0.146965   -0.0988662  -0.00734721    -0.123104
    0.157675     0.178032   -0.0703107    0.0773828
   0.0937651   0.00151402     0.109358    0.0632333
   -0.158924    -0.128788    -0.036046    -0.135454
   -0.440456    -0.139122    -0.168645    -0.441167
   -0.278867   -0.0314244    -0.114511     -0.28095
 -0.00753921   -0.0808895    0.0946689     0.056811
    0.116242   0.00173034     0.118934    0.0591013
   -0.393759    -0.129579    -0.151315    -0.300284
   0.0326085    -0.121056    0.0602629    0.0853258
 -0.00281558     0.138087   -0.0368645   -0.0865106
   -0.060708   -0.0559075   -0.0113104    -0.138041
     0.13183    0.0680861   0.00118034    0.0779467
    0.156626    -0.043188     0.133588     0.147436
    0.291692    0.0242053    0.0894653     0.282347
   -0.184036   -0.0983549   -0.0043124    -0.112928
   -0.124104    -0.070361   0.00980507    -0.124003
    -0.10844   -0.0485402   -0.0267098    -0.176478
  -0.0746667     0.113546    -0.156199   -0.0730227
    0.164719   -0.0595337     0.180959     0.211714
    0.228872    0.0140395     0.151068     0.225597
  -0.0356672   -0.0856384   0.00121596   -0.0462966
   -0.102622    0.0385588    -0.137064    -0.126751
    0.178713    0.0645623    0.0698991      0.13842
   -0.331872    -0.155436   -0.0312728      -0.3039
   -0.151197    0.0219852    -0.164321    -0.178775
   -0.118507   -0.0688651    -0.132024    -0.161269
   -0.162492   0.00838571   -0.0498172    -0.185398
   -0.285059    -0.102254   -0.0235487    -0.253382
   0.0815255   -0.0179919    0.0995896     0.116051
    0.029726     0.202742    -0.164225     -0.14295
    0.112044   -0.0987404    0.0778206     0.183723
  -0.0841252     0.103562   -0.0959847   -0.0640944
    0.029299   -0.0525295    0.0406988    0.0954018
    0.149177     0.201391    -0.120825    0.0710071
 -0.00932417   -0.0768253     0.024809    -0.092382
   0.0979915   -0.0786441    0.0637588     0.108771
   0.0755255    0.0510387   -0.0925211    0.0576556
  -0.0949557   0.00856411    -0.151598    -0.142893
   0.0310221   -0.0374361   0.00517496  -0.00883394
   0.0561604    0.0401051  -0.00697427     0.103997
    0.249039       0.1576   -0.0467951     0.151203
   0.0348965    0.0552854    -0.127435    -0.034621
  -0.0120609    0.0743844   -0.0334487   -0.0639126
   0.0421745    -0.113903     0.153317     0.114589
    0.226657   -0.0927453     0.220395       0.1786
   0.0927404    0.0910879   -0.0472718    0.0151974
   0.0341238     0.129515   -0.0789772    -0.023916
  0.00876681     -0.10528    0.0376436    -0.019864
   0.0891156   -0.0103486     0.039292    0.0777821
  -0.0286178      0.14546    -0.129994   -0.0663147
   0.0997585   -0.0564821      0.08049    0.0506896
    0.172833   -0.0621415     0.138932     0.122349
      0.1153    0.0167678    0.0242987    0.0699781
    0.132692  -0.00807241     0.114946    0.0881911
    0.124498    0.0266119    0.0944563     0.162411
  -0.0583378   -0.0669458   -0.0137489   -0.0378563
    0.101408    0.0713793    0.0993878    0.0967517
   0.0356793    -0.130533    0.0933106  -0.00968105
   -0.252956   -0.0326202   -0.0388743    -0.156218
   0.0585591   -0.0660572    0.0393117    0.0236866
   0.0082542     0.075873   -0.0959258   -0.0876543
   0.0154325     0.182907    -0.237684    -0.157708
   -0.351876     0.102271    -0.327244    -0.352724
   0.0247256   -0.0128533      0.06445   -0.0313881
   0.0557755   0.00498719    0.0563914    0.0384553
    0.120446   -0.0842257     0.153544     0.161328
    0.269277     0.183786    -0.052901     0.174855
   0.0803576    -0.199914     0.125892    0.0984674
     0.37216   -0.0322088     0.315039      0.37211
    0.167335    0.0219237     0.152735     0.110092
 -0.00430573     0.201805    -0.164441   -0.0572032
   0.0513821   -0.0668034   -0.0264484   0.00889744
    0.209447   -0.0607234      0.10555     0.255287
    0.370077   -0.0115909     0.224775     0.331795
   -0.206018   -0.0558575   -0.0753989   -0.0917234
   0.0654432   -0.0138639    0.0396491     0.121989
  -0.0608383    0.0707944   -0.0364626   -0.0812611
   -0.140863    0.0851365    -0.111495    -0.167784
    0.218489    0.0580045    0.0865557    0.0911259
   -0.147529    0.0968239    -0.110522   -0.0755104
    0.276531   -0.0901228     0.191339      0.20382
   0.0139009    -0.101735    0.0020697   -0.0243557
   -0.138593   -0.0518059   -0.0599875    -0.107061
   0.0172774    0.0378512    0.0634946   -0.0136454
  -0.0535213      0.13485   -0.0518825   -0.0740951
   -0.198518   0.00303828    -0.136053    -0.211864
  -0.0375367    -0.120491   0.00345948    0.0696953
    0.037394    0.0512212   -0.0201193   -0.0148572
   0.0475902    0.0389461   -0.0720235    0.0183431
   -0.148453      0.11866    -0.138016     -0.18522
   0.0340782    0.0684248   -0.0471567  -0.00288319
    -0.36984   0.00777492    -0.129953    -0.298525
  -0.0579075    0.0651499    -0.156537    -0.118821
   -0.070387    0.0260686    -0.019808   -0.0527665
  -0.0103922     0.126447    -0.140056   -0.0204214
    0.155902   -0.0187793     0.085691     0.142015
    0.198072     0.185616    -0.104985    0.0123792
  -0.0725446     0.102849  -0.00628747    -0.017514
    0.187676     0.170114   -0.0960845    0.0774725
  -0.0591078   -0.0040074   -0.0779916    -0.036172
    0.160809   -0.0918717     0.182767     0.100887
   0.0354731    0.0243721    0.0438471    0.0435504
    0.174808  -0.00268976     0.105061     0.120386
  -0.0368902   -0.0253748  -0.00746891    0.0313768
    -0.11032     0.115589   -0.0788574    -0.159584
    0.111864      0.06232    0.0392761  -0.00457557
    0.276699     0.110097    0.0180858     0.238037
  -0.0725808    0.0454658    0.0225714  0.000778867
    0.130493   -0.0241806    0.0676999     0.178512
  -0.0245257    0.0250813   -0.0859549   -0.0241018
  -0.0392895    0.0395246   -0.0202271    0.0323887
   0.0489768    -0.047126    0.0739113     0.110894
   -0.147526   -0.0205511   -0.0772238    -0.129519
   -0.257854   -0.0180753    -0.172049    -0.273885
    0.117095   -0.0257924    0.0717505  -0.00146442
    0.184593   -0.0910711     0.163762     0.234501
  -0.0897313     0.132491    -0.124524    -0.125267
   -0.217857    -0.130705    0.0301895  -0.00906357
   -0.299791   -0.0593535    -0.028672    -0.136375
   0.0402677   -0.0217103     0.115101   -0.0369583
    0.197524    -0.072273     0.194673     0.173473
   0.0170048    0.0525283   -0.0851043    -0.039144
 -0.00895771   -0.0429252    0.0841032    0.0873903
   -0.031413    0.0649661   -0.0846431     0.011762
    0.306285   -0.0855339     0.211759     0.213103
    0.067086   -0.0596191    0.0384559     0.142862
   -0.109778   -0.0393232   -0.0460739    -0.172299
  -0.0363021    0.0545781    -0.139287   -0.0987454
  -0.0994202   -0.0828634   -0.0700463   -0.0546895
  -0.0276697   -0.0609229     0.112711    0.0441721
    0.084423   -0.0891283    0.0379028    0.0272396
    0.111147      0.13855  -0.00338199    0.0156453
    0.082508    -0.087668    0.0951955    0.0673257
 -0.00161718     -0.16911     0.113285    0.0492171
     0.10958   -0.0354223   -0.0195809    0.0633166
    0.014603   -0.0688102    0.0913809    0.0878178
   -0.117636   -0.0399544    -0.148602   -0.0806775
   0.0181665    0.0375278   -0.0235477     0.057039
 -0.00728577     0.163651    -0.141289  -0.00734568
    0.154075    0.0494223    0.0510636    0.0981256
    0.100014   -0.0687592     0.151292     0.111689
  -0.0853793     0.155733    -0.181741    -0.146772
   0.0213984   -0.0419149    0.0482344   -0.0651371
    0.183241   -0.0682332     0.088639     0.144575
    0.114854    -0.194838     0.131896     0.193742
   -0.095768    0.0746556    -0.114088     -0.15102
   -0.359568    -0.321353     0.115546     -0.21557
    0.113495   -0.0850123     0.137671     0.165387
  -0.0558518   0.00117389    -0.041012      -0.1289
    0.178857    0.0544383    0.0588649     0.127018
   -0.122417   -0.0084497    -0.118298   -0.0893941
  0.00411009     0.166371    -0.140446   -0.0606551
   -0.140749    -0.109975    0.0616456   -0.0550846
   0.0606371    -0.173758     0.144525        0.153
   -0.138259   -0.0781348  -0.00478018    -0.125461
   -0.175693   -0.0162431   -0.0850407    -0.142878
   0.0589378     0.140446   -0.0155668   0.00399194
  -0.0763837    0.0357145    -0.145334    -0.137587
    0.011723    -0.188839      0.11959     0.160703
  -0.0368233   -0.0986374    0.0712428   0.00204952
   0.0580885    0.0154056     0.100474   0.00966645
    0.247194    0.0674288     0.114083      0.13283
   -0.197301      0.13439    -0.155603    -0.175378
  -0.0266359      0.14292    -0.152881    -0.093321
    0.170737    0.0563485    0.0386544     0.180823
    0.161316     0.109141    -0.022947    0.0136118
   0.0354963    -0.107206     0.171289    0.0809647
     0.08036   0.00199406    0.0672507     0.059575
 -0.00505786    0.0114819    0.0693668  -0.00806334
   -0.022603    0.0430424    -0.100804   -0.0392348
  -0.0276328     0.037439   -0.0928503     0.041606
 -0.00218096   -0.0327021    0.0606785    0.0242037
    0.173224    -0.110396     0.162677     0.195925
   0.0294896   -0.0241766    0.0290598   -0.0612239
    0.128533   -0.0569453     0.104564     0.215785
 -0.00502638   -0.0195685      0.06705    0.0663188
   0.0464814    0.0816915   -0.0716953   0.00937906
    0.051113   -0.0836642     0.110224     0.116073
  -0.0184199   0.00361047     0.014512   -0.0288679
     0.13401    0.0989613    0.0348161    0.0645208
  -0.0873855  -0.00543023   -0.0968717   -0.0654862
   -0.022462    -0.337156       0.3459     0.178215
  0.00893815    0.0409113   -0.0145288    0.0023263
   -0.252794    -0.215696   -0.0434758    -0.240158
   0.0768647    -0.211473    0.0902928    0.0798838
   0.0252574     0.154704    -0.134522    -0.132375
  -0.0367321   -0.0243012   -0.0764993   -0.0710959
   -0.121995    0.0990553     -0.11063    -0.199472
   -0.206155   -0.0202777    -0.189439    -0.200405
  -0.0441468    0.0141475  -0.00814778   -0.0238829
   0.0299908   -0.0399975     0.048269   -0.0143834
   -0.109826   -0.0252186     0.059963    -0.109976
  -0.0799091    0.0960779    -0.105257   -0.0828562
    0.165031     0.133756  -0.00328012     0.103602
    0.023269     0.115812   -0.0445216    -0.063736
  -0.0556475   -0.0680175     0.103866     0.052372
  0.00820237    -0.122115  0.000580326   -0.0264137
    0.161361    0.0407533  -0.00457614     0.078087
   0.0794774    0.0551918    0.0510319    0.0471454
 -0.00436507  -0.00349865    0.0262707   -0.0480071
   -0.284248   -0.0435994   -0.0676649    -0.144112
  -0.0131342    0.0345825 -0.000228874   -0.0552858
  -0.0404174    -0.021397    0.0369401    0.0241162
   0.0868111    0.0576031    0.0120001    0.0737194
    0.126471    0.0130986    0.0830733    0.0814775
   -0.141028     0.031845   -0.0725496    -0.239176
   0.0404795   -0.0384183    0.0387752 -0.000145314
   0.0908212   -0.0408525   -0.0172392     0.043612
    0.399229     0.043581     0.134171     0.338567
    0.055436     0.107735    -0.167811   -0.0248988
  -0.0573978    0.0712477     -0.16333    -0.144593
   -0.293171    0.0837091    -0.159608    -0.286093
   -0.124204    0.0867174   -0.0178689    -0.146523
   -0.230159    -0.217556  -0.00333856     -0.19278