   0.0219631   -0.0212283   -0.0580494    0.0608478
  -0.0819298  -0.00854443   -0.0209989   -0.0300873
  -0.0434995  -0.00992542    0.0396545   -0.0292092
   0.0492591    0.0456508   -0.0379334   -0.0721146
  -0.0151812    0.0500046   -0.0354738   -0.0268195
  -0.0511814   -0.0243987  -0.00378083   -0.0145559
  -0.0692267     0.049805    0.0130978   0.00514892
  -0.0568325    0.0554834   -0.0495225   -0.0471573
  -0.0471139    -0.062665   -0.0342317   -0.0145122
   0.0616758   -0.0473635   0.00318841    0.0416955
  -0.0358634    0.0567373    0.0500888    -0.029142
   0.0465649   0.00476909   -0.0423562   -0.0321895
  -0.0257702   0.00303269   -0.0107722   -0.0127647
 -0.00321727    0.0524043    0.0114126    0.0299082
   0.0493105    0.0701227    0.0408598   -0.0566886
   0.0291776   -0.0109619    0.0508196    0.0281404
 -0.00461548     0.015041   -0.0518744   -0.0364788
   0.0265531   -0.0701162   -0.0389817    0.0327676
  -0.0214622    -0.041249   -0.0471901    0.0386735
   0.0354651   -0.0814569    0.0588789    -0.044147
  0.00726461     -0.02149    0.0612425    -0.082694
   0.0107179   -0.0390009    0.0211138   -0.0499954
  -0.0488536   -0.0613387   -0.0112073    -0.012255
   0.0315693   -0.0119506    0.0487086    0.0207018
   0.0555109   -0.0339233    0.0512892   -0.0721065
   0.0687175    0.0523323    0.0506221  -0.00141118
-0.000222431    0.0358735 -0.000951464   -0.0380177
   0.0182089    0.0167603    0.0473769    0.0247049
   0.0317394    0.0371591  -0.00391898  -0.00691064
   0.0646458   -0.0231522    0.0184906   0.00506146
  -0.0252561   -0.0121986    0.0416834   0.00893947
  -0.0239174   -0.0166077   -0.0066551   -0.0319308
  -0.0437082  -0.00649329    0.0404528     0.049663
  0.00665076    0.0618871    0.0153112   -0.0742032
  -0.0148123    0.0350659    0.0549561   -0.0458115
   0.0558397   -0.0480089   -0.0277056   -0.0254437
  -0.0146327   -0.0347297   -0.0413734   -0.0274053
  -0.0480486    0.0463123   -0.0318092     0.070917
   0.0135388  -0.00826809   -0.0273985   -0.0565802
-0.000315684  -0.00220409    0.0177207    0.0207492
   0.0680137    0.0391117    0.0321354    0.0308389
  -0.0353954   -0.0221168   0.00438408   -0.0455035
  -0.0532829    0.0623486    0.0363467   -0.0294115
  -0.0115579   -0.0238002    0.0547612   -0.0355011
  -0.0286002   -0.0446278    0.0447185    -0.031264
  -0.0746467     0.040686   0.00378857 -0.000423954
   0.0137616   0.00736402    0.0603916   -0.0739688
  -0.0431396    0.0641835   -0.0571009   -0.0262288
  -0.0136194   -0.0631226    0.0266116   -0.0309624
   0.0115495    0.0496258   -0.0350939   -0.0712909
   0.0646638    0.0521225   -0.0609388    -0.016829
   -0.100378   -0.0243533     0.011358   -0.0487246
   0.0689258   -0.0570609    0.0485543   -0.0642484
   -0.085482   -0.0292271    0.0109182     0.022366
   0.0439495    0.0342085   -0.0108342 -0.000351714
   0.0402056  -0.00763661    0.0283166   -0.0603384
    0.041062    0.0496377    -0.014342   -0.0310397
   0.0387536    0.0246043    0.0490889    0.0407825
  -0.0296755   -0.0385318    0.0283276    0.0443153
  -0.0148766    0.0449263    0.0710254  -0.00794425
   0.0487093   -0.0646446   0.00525823  -0.00158951
   0.0730523    0.0213509  -0.00205491    0.0137515
   0.0675148   -0.0361861   0.00890725     0.031902
   0.0637011    0.0021278   -0.0429668  -0.00250875
  -0.0331486   0.00330185   -0.0321971  -0.00112673
   0.0766512   -0.0387054   -0.0270533   -0.0451891
   0.0184643    0.0425381   -0.0117474    0.0116071
 -0.00290293    0.0294449  -0.00924396    0.0936756
  -0.0249517    -0.047234  0.000416422   -0.0795319
   0.0157622   -0.0304642 -0.000358651    0.0423968
  -0.0576148   -0.0505954   -0.0325116    0.0316082
  -0.0686977    0.0523747   -0.0193329    0.0364034
  0.00773628   0.00925589    0.0205998   -0.0213446
  -0.0175468   -0.0471084    0.0307851   -0.0549853
-0.000203082   -0.0416336   -0.0220072    0.0378426
   0.0495178    0.0661169    0.0132799   0.00375248
 -0.00724944   -0.0574491   -0.0241468   0.00176835
  0.00623448    0.0430488  -0.00688058     0.038179
     0.07857    0.0342722   0.00483235   -0.0879006
   0.0443262     -0.05282   -0.0415799   0.00393821
  -0.0295726    0.0389336   -0.0347751    0.0709302
   0.0576214    0.0289553    0.0338851   -0.0144778
   0.0522818   -0.0184403    0.0278291    0.0240231
  -0.0677378    0.0435569   -0.0300189   -0.0519356
   0.0271269    0.0326652   0.00256579  -0.00269348
 -0.00328112    -0.057193    0.0456249  -0.00372649
   0.0912813    -0.037724    0.0532567   -0.0654692
   0.0290766    0.0464413    0.0404927  -0.00294073
   0.0232893    0.0245678     0.033356    0.0207842
   0.0107273   -0.0368862   -0.0163011    -0.068321
   -0.019944    0.0392678    0.0246115   -0.0364568
 -0.00473631    0.0349932   -0.0254485   -0.0594569
  -0.0302205   -0.0560865   -0.0413137    0.0146512
 -0.00678796    -0.055241   -0.0301739   -0.0630974
 -0.00145406   -0.0241339    0.0191889   0.00935591
   0.0493834     0.017655   -0.0474864   -0.0393961
  -0.0110537   -0.0330181   -0.0142847    -0.041342
  -0.0330471   0.00716657    0.0698179   -0.0841099
   0.0118032   -0.0363467   0.00421433   -0.0206129
  -0.0285409    -0.043073   -0.0606276   -0.0356798
  0.00850839    0.0545943  -0.00440618   -0.0702965
   0.0177953   0.00659034    0.0211446    -0.055701
  -0.0108912   -0.0204055   -0.0130362   -0.0447605
   0.0324541    0.0043199   -0.0349458   -0.0402893
   0.0940958    0.0181285    0.0169921    -0.046839
   0.0553415   -0.0146986   -0.0062561    -0.059804
    0.041447   -0.0266183    0.0174705     0.059863
 -0.00261796    0.0110524   -0.0624803   0.00840309
  -0.0239376   -0.0458049    0.0692245   -0.0525124
   0.0406912   -0.0343179    0.0205679    0.0215784
  -0.0636279    0.0308361   -0.0531488   -0.0177251
   0.0315317    0.0507639   -0.0237205    -0.100786
  0.00913662    0.0578967    -0.054103   -0.0247394
  -0.0524608   -0.0334724    0.0166092   -0.0382399
   0.0174778    0.0536098   -0.0180705   -0.0185984
 -0.00557239    0.0449063   -0.0176689    0.0224787
   0.0540358   -0.0308768  -0.00990325    0.0691709
   0.0219795   -0.0502038   -0.0367616   -0.0341675
  -0.0359884    0.0220009   -0.0278426  -0.00860144
  -0.0169933   -0.0227107   -0.0307771  -0.00899351
  -0.0420482   0.00170149    0.0344125   -0.0133676
   0.0144584    0.0144599    0.0538715    0.0508812
   0.0244772   -0.0402937    0.0195208   0.00345901
   -0.016691  -0.00135575    0.0456049   -0.0321991
   0.0259101    0.0292694   -0.0369042     0.029465
   -0.012099     0.020481   -0.0589129   -0.0542273
  -0.0366208   -0.0205554   -0.0254587   -0.0278048
  -0.0429953    0.0761097    0.0277996    0.0609312
  0.00475829   -0.0748351   -0.0646176    0.0172105
    0.026899   -0.0113605    0.0276421    0.0341513
   0.0352239   -0.0506034    0.0357848   -0.0554443
   0.0361896    0.0594188     0.033266   -0.0361794
   0.0683587   -0.0586223    0.0424989    0.0628039
   -0.029962   -0.0578857   -0.0330768    -0.017859
   0.0416175  -0.00394174    0.0417153    0.0118837
   0.0474234    0.0350351   0.00802068   -0.0386576
   0.0705729  -0.00113452    0.0335392   -0.0556662
 -0.00639988    0.0245373    0.0184967    0.0268247
  -0.0151702   -0.0192798    0.0143346    0.0150589
  -0.0154171    0.0261683     0.014374   -0.0131603
   0.0998595   -0.0898366   -0.0327979    0.0314329
  -0.0055224   -0.0256745   0.00885711   -0.0341158
  -0.0681107   0.00678693    0.0336978   -0.0429994
   0.0307678    0.0267813   -0.0393785    -0.033766
  -0.0591554   -0.0116079   -0.0206765   -0.0165645
   0.0372784   -0.0407364   -0.0655696    0.0120848
   0.0123376    0.0566746     0.037627     0.039333
  -0.0374349    0.0335297    0.0128104   -0.0237861
 -0.00431082   -0.0352972   -0.0336749  -0.00306017
  -0.0465756     0.012994   -0.0586613    -0.018625
  -0.0190156   -0.0558628    0.0647545    0.0070518
   0.0221519    0.0432356   -0.0620376   -0.0426279
   0.0540772   -0.0574831    0.0636293    0.0644765
   0.0255619    -0.045987   0.00835886   -0.0477047
   0.0403402   -0.0138077    0.0535749    -0.011069
   0.0106374    0.0428952  -0.00903972     0.017887
  -0.0547832    0.0141231    0.0264249  -0.00217432
   0.0603031    0.0159467    0.0732237   -0.0694765
   0.0461803    0.0282105   -0.0593801   0.00459377
  -0.0382801    0.0315276    0.0655538    0.0180479
  -0.0426336   -0.0750383    0.0305651    0.0450357
  0.00948992    0.0162154     0.040862    0.0335085
   -0.035784     0.043511    0.0259242    -0.048058
 0.000830739   -0.0417564    0.0183036  -0.00537887
   0.0426752    0.0352045   -0.0515831   -0.0429032
    0.025528    0.0487785    0.0285079    0.0297884
  -0.0102938    0.0367472    0.0518031     0.034708
   0.0260865  -0.00712558    0.0245414   0.00644713
   0.0335582    0.0293154   0.00113248   0.00337624
  -0.0762343   -0.0264864    0.0144577   -0.0297689
  0.00122065   -0.0627976   -0.0240784    0.0349253
   0.0414552    0.0400941  -0.00155304   -0.0506621
   0.0427759    0.0148141    0.0466634    0.0184969
  -0.0411843    0.0275411     0.064963   -0.0480684
   -0.036365    0.0184844    0.0214954   -0.0135077
  -0.0308624   -0.0240046   -0.0412164   -0.0619501
   0.0617408    0.0442402   -0.0324381   0.00771969
  -0.0370823    0.0031613   0.00174665   -0.0231797
   -0.061169    0.0735764    0.0356089    -0.016266
  -0.0107963    -0.043541   -0.0474951   0.00320609
   -0.026452   -0.0251378    0.0128661  -0.00855086
   0.0543007   -0.0246537   0.00978162   -0.0684158
   0.0454583   -0.0550657    -0.026342    0.0192373
   0.0673785   -0.0261903   -0.0207364    0.0108276
 -0.00715534   -0.0224303   -0.0423364   -0.0116246
  0.00458261  -0.00910803   -0.0484095   -0.0443772
   0.0488169   -0.0459423    0.0259347   -0.0181275
  -0.0184027   -0.0479422    0.0510889      0.01946
    0.018149    0.0609111   -0.0338611   -0.0496343
   0.0414915    0.0411016    0.0461425    0.0321973
   0.0669656    0.0339943    0.0302655     0.037521
  -0.0447028    0.0508276    0.0580888    0.0469751
  -0.0251222  -0.00457423    0.0255207   0.00833384
  0.00879377   -0.0168644    0.0153609    0.0409091
  0.00735167   -0.0732429   0.00847997  -0.00146363
  -0.0627982    0.0169288    0.0435993    0.0178949
 -0.00835273   -0.0009356   -0.0554601    0.0303145
    0.042064    0.0458331   -0.0137119   -0.0136125
 -0.00689227    0.0485168   -0.0124079   -0.0473729
  -0.0291781   -0.0617867  -0.00619354   -0.0246381
   0.0914763   -0.0282687    0.0268164   -0.0665904
   0.0793231    0.0266037    0.0497646    0.0368743
  -0.0524284     0.055971    0.0601274    0.0125878
 -0.00441275    0.0970369    0.0270498    0.0226101
  -0.0639575   -0.0199883    0.0239071   -0.0453788
  0.00381745    0.0269102    0.0293328    0.0471547
   0.0156151   -0.0652326    0.0530451    0.0568562
   0.0913044   -0.0328869    0.0196485    0.0349685
  -0.0117524   -0.0313364   -0.0476308   -0.0481884
   0.0488696   -0.0531745   0.00513901   -0.0214317
  -0.0663044    0.0333806   -0.0429048   -0.0432565
  -0.0182663   -0.0068579    0.0452609    0.0306793
  -0.0482356   -0.0449706    -0.064239  -0.00565323
  -0.0519557    0.0294069   -0.0356285    0.0538685
   0.0477901    0.0425947     -0.01596   -0.0308604
 -0.00236425   -0.0056222   -0.0320578    0.0411371
   0.0288314   -0.0323754   -0.0119621   -0.0563529
  -0.0147938   -0.0460599   -0.0248577   -0.0284316
  -0.0541647    0.0256295   -0.0501477   0.00772117
   0.0339833   -0.0801245  -0.00310149   -0.0317055
  -0.0429304    0.0911557   -0.0542156   -0.0667291
   0.0817199   -0.0391013    0.0350585    0.0027263
   0.0410911   -0.0639612    0.0160274   -0.0332641
   0.0046372  -0.00484799    0.0422698    0.0417778
   0.0730887    0.0282372   -0.0318967   -0.0100078
  -0.0789224   -0.0614446   -0.0548113    0.0418248
 -0.00566025    0.0803258    0.0106514   0.00542748
 -0.00703841   -0.0639951 -0.000811493   -0.0353237
   0.0352133   -0.0582635  -0.00154291   -0.0132298
  -0.0304669    0.0417467    0.0229243    0.0395454
   0.0227663   -0.0563816    0.0487316    0.0092484
  -0.0172731   -0.0289087    0.0311115   -0.0190342
  0.00183241    0.0101965    0.0260183    0.0197377
   0.0393389   -0.0544258    0.0548133   -0.0556197
  -0.0732592   -0.0049663   -0.0363115   -0.0104225
  -0.0319835    0.0518395   -0.0159774    0.0462794
  0.00676731    0.0284194    0.0112158      -0.0629
   0.0466558    -0.013821    0.0646779   -0.0471203
  -0.0656699     -0.02082   -0.0205332  -0.00150516
   0.0258805   -0.0455726    0.0670585    -0.021139
   0.0427787   -0.0268761   -0.0029124    0.0159202
  4.7069e-05    0.0490538   -0.0510599    0.0462424
 -0.00341587  -0.00395096    0.0218164   -0.0391055
   0.0808495   0.00972353   -0.0147838   -0.0421322
  -0.0201179    0.0131789  0.000144868     0.052873
  -0.0497307   -0.0174245   -0.0304117   -0.0449764
 -0.00518482    0.0366683    0.0124895    0.0343931
  -0.0204229     0.022797    0.0450826   -0.0616847
  -0.0161083   -0.0146372    -0.011093    0.0199756
  -0.0206395  -0.00935463    0.0320575    0.0232916
 -0.00152418    0.0379414    0.0137937   -0.0478327
   0.0219329   -0.0289005  -0.00219909    0.0666501
  -0.0420194    0.0290012    0.0429659   -0.0287506
  -0.0301467    0.0422856   -0.0569038   -0.0157521
  -0.0568494    0.0677513   -0.0100817    0.0352627
  -0.0351872  -0.00740845    -0.066379    0.0240896
  -0.0213637    0.0457887   -0.0295844   -0.0138608
   0.0547689    0.0530162    0.0434046   -0.0570176
   0.0169996  -0.00836857   -0.0266612    0.0597426
  -0.0406494    0.0337242    0.0563899    0.0281517
  -0.0126295    0.0136351    0.0385098   -0.0438834
 -0.00323234    0.0093736   -0.0168404   -0.0334868
   0.0669465    -0.064134   -0.0469684   -0.0269989
  -0.0108353   -0.0250171    0.0032603    0.0288582
 -0.00957166    0.0146181   -0.0235845    0.0039353
    0.074488  -0.00648135  -0.00506812   -0.0205564
   0.0495745   -0.0423127    0.0518535  -0.00801599
   0.0301395  -0.00603345    0.0496456    0.0263689
   0.0573264    0.0457189   -0.0160578    0.0358505
  -0.0743746   -0.0232935   -0.0575814   -0.0150573
   0.0127536   0.00516662    0.0365915   -0.0717384
   0.0469964   -0.0520321    0.0368454   -0.0226033
    -0.02246  -0.00544532  -0.00267874    -0.027248
  -0.0149765    0.0544483  -0.00535762   -0.0285891
  -0.0262473    0.0419976    0.0023027    -0.036586
   0.0582574    0.0250289    0.0370541   -0.0639329
  -0.0474746   -0.0224496    0.0276532   -0.0338468
  -0.0269336    0.0437624   -0.0302216   0.00574106
  -0.0424323  -0.00271461    0.0152189   -0.0362853
   0.0583707    0.0337348   -0.0525813   -0.0560988
   0.0521897   -0.0420636   -0.0509848  -0.00107497
   0.0073696  -0.00955011   -0.0319339   0.00979775
  -0.0281674    -0.019906    0.0387743   -0.0760748
  -0.0165896    0.0411165  -0.00765866  -0.00389934
  -0.0649919   -0.0524472   -0.0180755   -0.0473661
 -0.00452431   -0.0449247   -0.0410008    0.0181722
   0.0415628   -0.0479513    0.0350043   -0.0508247
   -0.042792    0.0579156   0.00618472    0.0413082
  -0.0540958    -0.052926    0.0288366   -0.0187303
  -0.0461395    0.0206748   -0.0335285   -0.0603629
 -0.00138022    0.0399925   -0.0257079    0.0168153
  0.00119712    0.0117111    0.0290711   -0.0285576
  -0.0302108    -0.024397    0.0121051    0.0162286
 -0.00848922    0.0538382    0.0185809      0.04317
   0.0407876    0.0720657   -0.0334167   -0.0964262
   0.0534498    0.0599845    0.0459624   -0.0526977
  -0.0488522   -0.0228914    0.0343024  -0.00195756
  0.00958058   -0.0626556    0.0730777    0.0201758
   0.0244554    -0.020551    0.0341898    0.0409472
  -0.0432812   -0.0519838   -0.0315959  -0.00426237
   0.0160641   -0.0204855   -0.0684321   -0.0569537
  -0.0503145    0.0409428  -0.00190232    0.0176146
   0.0191932   -0.0167028   -0.0456551   -0.0562222
  -0.0514735    0.0226134   -0.0400167   -0.0294619
   0.0379117   0.00213334    0.0496633   -0.0928905
   0.0545608   -0.0648267   -0.0133197    0.0100645
   0.0596457    0.0291351   -0.0689805    0.0237361
   0.0347636   -0.0785636   0.00832293  0.000754905
    -0.01155    0.0394324    0.0542149    0.0180728
  -0.0483193   -0.0517621    0.0202198   -0.0820095
   -0.014302     0.031531    0.0258832 -0.000297174
  -0.0393018   -0.0415588    0.0417686   -0.0598778
   0.0777064   -0.0238377    0.0395424    0.0122023
    0.051409   -0.0639784   -0.0170875  0.000549141
  -0.0161607    0.0707269    0.0146469   -0.0136078
   0.0364748   0.00668957   -0.0338446    0.0450906
  -0.0450616   -0.0187719  -0.00405017  -0.00107216
    0.061003   -0.0264748   -0.0327406    0.0214837
  0.00396431   -0.0233367    0.0284655  -0.00310323
   0.0203763   -0.0370443    -0.036056   0.00425235
   0.0741945    0.0251682  -0.00692782    0.0430284
  -0.0700727   -0.0728931   -0.0556376   -0.0466857
   0.0357106    0.0528039     0.055135   -0.0602344
  -0.0266182   -0.0390918    -0.059371   -0.0177034
 -0.00692705    0.0552813    0.0122784   -0.0602912
    0.063366    0.0446455     0.071313   -0.0807327
  -0.0216865   -0.0413037    0.0754916    -0.031437
   0.0249451   -0.0241721    0.0123204  -0.00555373
 -0.00757351    0.0476449    0.0528046    0.0399198
   0.0591282    0.0289284  -0.00553565   0.00607945
   0.0476165   -0.0160474    0.0359311     -0.05043
   0.0331219    0.0211932    0.0555636   -0.0482301
  -0.0533607  0.000758152    0.0608559  -0.00168382
   0.0253878    0.0105542    0.0565817   -0.0714568
    0.076686  -0.00802484   -0.0394816   0.00294467
 0.000295765   -0.0424281     0.028424    0.0179416
  -0.0132729    0.0345688    0.0123022    0.0175219
   0.0515996     0.065917   -0.0180175   -0.0457187
  -0.0366368   -0.0259016   0.00739084    0.0486705
   0.0814449    0.0204211   -0.0313069  -0.00546747
   0.0294449   -0.0255521    0.0423191   -0.0489242
   0.0308382   -0.0397221   -0.0170074   -0.0219816
   0.0421192    0.0221451   -0.0439256  -0.00243642
   0.0229807 -4.24146e-05    0.0469591    0.0454232
   0.0202506   -0.0520765    0.0694983    -0.069708
 -0.00937175    0.0152346   0.00709778   -0.0352834
   0.0199943   -0.0828515    0.0425741    0.0471274
  -0.0616626  -0.00948078   -0.0205514   -0.0112364
  -0.0577952   -0.0581042    0.0488224   -0.0625961
 -0.00225465   -0.0265531    0.0230648   -0.0358816
   0.0272512   0.00361021    0.0401591   -0.0513011
   0.0698917   -0.0509078    0.0146103    0.0516214
 -0.00336494    -0.013135    0.0375356   -0.0382179
   0.0183112    -0.004364  -0.00924273   -0.0403136
  -0.0217493   -0.0207821  0.000673225  -0.00804306
   0.0131046   -0.0224452  -0.00681486   -0.0283303
 -0.00451373   -0.0375226   -0.0174734   -0.0188162
   -0.045506      0.02057   0.00543477    -0.052159
   0.0230622   0.00217649    0.0390188   -0.0779645
 -0.00575791  -0.00513302   0.00295319   -0.0354053
   -0.061548    -0.026649   -0.0537209   0.00966475
   0.0127954    0.0330384    0.0302671   -0.0356738
  -0.0166623    0.0537701   0.00131783   -0.0189804
  -0.0180447    0.0243849   -0.0510274    0.0213176
   0.0520361    -0.016184   0.00674577   -0.0217956
 -0.00487538   -0.0732541    0.0550398    0.0221655
   0.0326325    0.0484917    0.0775644    0.0546176
  0.00332813   -0.0295773   -0.0411833    0.0365054
  -0.0482707   -0.0605461   -0.0429888    0.0385665
  -0.0523954   -0.0443091   0.00519651    0.0423886
   0.0124707   -0.0747194  -0.00659731   -0.0335381
  -0.0261533   -0.0582049   -0.0397831   -0.0706072
   0.0686315   -0.0358765    0.0413063   -0.0302635
  -0.0480059    0.0427667   -0.0091464   -0.0493614
   0.0171959    0.0301304    0.0554085   -0.0839147
   0.0183089   -0.0260211    0.0166685    -0.019902
 -0.00663764  -0.00621877   -0.0470316   -0.0406323
   0.0474848    0.0266701    0.0673523    0.0312529
   0.0197139    0.0353242   -0.0388936    0.0540028
   0.0478861   0.00392194   -0.0495457   -0.0355412
   0.0347689   -0.0634652  -0.00368459     -0.06116
  0.00929833   -0.0454189      0.02897   -0.0580731
   0.0547613   0.00901156    0.0161977   -0.0240128
  -0.0742014   0.00981873   0.00243944   -0.0123655
  -0.0410944    0.0162503   -0.0258737   -0.0161098
   0.0480343    0.0653854    -0.019662    0.0425473
   0.0403062     0.013006    0.0216836    0.0765875
   -0.017106   -0.0738484    0.0387101    0.0195324
  -0.0493251    0.0138453    0.0243229    0.0600322
  -0.0173972   -0.0589172   0.00551642    0.0606309
   0.0592083   -0.0157139   -0.0304664    0.0672822
  -0.0377851    0.0350322    0.0376117   0.00864721
-0.000208458    0.0471135  -0.00267439   -0.0536183
  -0.0588832     -0.03871    0.0549705    -0.042924
 -0.00181331    0.0102042    0.0380103   -0.0651855
 -0.00166134   -0.0251704   -0.0557902   -0.0176197
    0.022621   -0.0387888    0.0140435    -0.060043
  -0.0206685    0.0130002    0.0331684   -0.0769647
   -0.059039    0.0264009   -0.0343998   -0.0283331
   0.0851187   -0.0447631    0.0321678    0.0732982
  -0.0115846    0.0408824   -0.0453122     -0.03987
  -0.0125854    0.0203313    0.0199079    0.0349561
  -0.0460337   -0.0141653     -0.05165   -0.0533181
  0.00692247   -0.0700938   -0.0484719   -0.0123439
   0.0327274   -0.0164862   -0.0780697   -0.0443721
  -0.0434974     0.037202    0.0484531   -0.0392869
   0.0578791  -0.00780144    0.0552495    0.0656233
  -0.0242668   -0.0515427    -0.041043 -0.000420098
     0.02059    0.0198538    0.0411696    0.0449295
    0.025665   -0.0520696    0.0469964    0.0294844
   0.0525732    0.0238411  0.000981422    -0.112817
  -0.0267852    0.0105365   -0.0122272   -0.0728929
  -0.0436828   -0.0204303   0.00661007    0.0280108
  -0.0134842   -0.0237315   -0.0647771   -0.0284156
   0.0116727   -0.0447934    0.0393466    0.0221009
   -0.039564   -0.0486526    0.0493178   -0.0361719
  -0.0280483   -0.0291291   -0.0308619   -0.0353451
  -0.0111089    0.0198694  -0.00118306    0.0180745
  0.00401012   -0.0479381    0.0128338    0.0389661
  -0.0471025    0.0491763     0.045796   -0.0455942
   0.0198937    0.0140879   -0.0544344    0.0270261
  -0.0337544   -0.0126133   -0.0770728    0.0252632
  -0.0103801    0.0228894    0.0270011    0.0405076
  -0.0119775    0.0176957    0.0248783    0.0227546
   0.0892103     -0.02492    0.0590162    -0.064173
    -0.04897   -0.0190686     0.016502    0.0580453
    0.017927    -0.044401    0.0217899   -0.0428845
   0.0113387    0.0209391    0.0356068    -0.099242
   0.0238302    0.0407965   -0.0234521   -0.0312961
   0.0664733    0.0418785    0.0246169    0.0179359
 -0.00309691    0.0134822    0.0245773   -0.0876179
  -0.0515667  -0.00493339    0.0280939   -0.0454924
  -0.0117272   0.00891669   -0.0168672   0.00746385
  0.00678519    0.0527299    0.0291265   -0.0691911
  -0.0206524    0.0219548    0.0243136   0.00565849
   0.0317005   -0.0513758   -0.0161313    0.0559673
   -0.010336    0.0617211   0.00203868   -0.0358085
  -0.0272967     -0.03501  0.000311632   -0.0562916
   0.0471522    -0.024688    0.0223359   -0.0394977
   0.0140266    0.0102473   -0.0363915   -0.0455703
  -0.0711912   -0.0132222   0.00811887   -0.0628572
   0.0165989     0.053428   -0.0481991   -0.0299901
   0.0662084   -0.0541317    0.0370012   -0.0267412
  -0.0674021    0.0292589     0.055632   -0.0401591
    -0.02372   -0.0409569    -0.044515   0.00422388
  -0.0132501    -0.043067   0.00381665   -0.0662563
  -0.0574825    0.0103056    0.0297264   -0.0270327
   0.0218884   -0.0264681   -0.0254724    0.0678645
    0.063662    0.0441079    0.0716971    0.0142062
 -0.00170513    0.0249587  -0.00232887   -0.0642989
    0.010418   -0.0517247   -0.0341369   -0.0479186
   0.0146662    0.0181944   -0.0467726   -0.0481854
   0.0507025   -0.0430973  -0.00556486    0.0328844
  -0.0120326    0.0373143    0.0542575    0.0423973
   0.0209627   -0.0244113    0.0111175   -0.0606481
  0.00656623     0.036328   -0.0015695    0.0360969
   0.0194889   -0.0607208   -0.0139489    0.0569919
   0.0405223    0.0184781   -0.0402023   -0.0423892
    0.054083   -0.0309524   -0.0357054    0.0596434
  -0.0306991    0.0345531     0.018246    0.0573726
    0.054529   -0.0292401   -0.0699545   -0.0615065
   0.0281555    0.0371876    0.0475439    0.0491822
  -0.0548139   -0.0228704   -0.0338493   -0.0750271
   0.0835657    0.0418823   -0.0106194 -2.63619e-05
   -0.083921     0.032213    0.0179086   -0.0363521
   0.0288588   -0.0398851    0.0765935  -0.00223452
   0.0726913    0.0257585    0.0351258   0.00476325
   0.0305084    0.0238222   -0.0298992   -0.0210378
  -0.0436491   -0.0267922    0.0164771   -0.0727185
  -0.0223412   -0.0491673     0.011541   -0.0727586
  -0.0772815   -0.0284521    0.0100149    0.0207346
  -0.0337063    0.0142494    0.0490063   -0.0378494
  -0.0121688    0.0434632    0.0126046   0.00808376
   0.0705257  -0.00881037   -0.0255872    0.0483287
  -0.0370325    -0.019254    0.0548213    -0.023154
   0.0572033    0.0361981    0.0180997   -0.0621589
   0.0100524    0.0260347    0.0675546    0.0526531
  -0.0475162   -0.0642751    0.0417781   -0.0189878
  -0.0411486  -0.00613875    0.0628183   -0.0573577
  -0.0293418    -0.019802     0.046763   -0.0229524
   0.0203835    0.0402939   -0.0540452    0.0385049
  -0.0470529   -0.0341686   -0.0586666    -0.054547
   0.0168654   -0.0501689   -0.0686529    0.0205581
   0.0123539    0.0617115   -0.0149425    0.0321249
   0.0387329   -0.0511624   -0.0595348   -0.0617883
  0.00886723   -0.0208653    0.0227531    0.0248172
    0.064247 -9.33992e-05     0.042222    0.0156158
  -0.0272769   -0.0163129  -0.00720414   -0.0608811
  -0.0200608    0.0213779   -0.0575156   -0.0437232
   0.0411505    0.0491689   -0.0579613   0.00665878
  -0.0635511   -0.0484881   -0.0207308   -0.0786328
   0.0516276    0.0655424   -0.0482249   -0.0797011
  -0.0225116    0.0295122   -0.0632122   -0.0156125
  -0.0384621    0.0114221   -0.0100334   -0.0302052
   0.0913343    0.0251327  -0.00424714    0.0661024
  -0.0159596    0.0122576  0.000519289 -0.000519606
   0.0614468    0.0456299   0.00493169      0.01331
   0.0345034    0.0249714   -0.0286396   0.00598936
  -0.0105472  0.000581133   0.00644614    0.0218293
   0.0521698   -0.0510912    -0.071667    0.0256049
 -0.00581355    0.0437757    0.0526544   -0.0337218
   -0.026673   0.00755084   -0.0236483   -0.0530453
    0.115938    0.0134796   -0.0484324   -0.0296414
   0.0898834    0.0116089   -0.0160808    0.0352239
  -0.0435769    -0.064755   0.00803447   -0.0251523
  -0.0258125   -0.0521096   -0.0668653  -0.00966392
   0.0109846  -0.00574007    0.0620584   -0.0549033
  -0.0428329    0.0502028    0.0151034   -0.0601337
  0.00539346   -0.0501373    0.0497765   -0.0506344
  -0.0369451    0.0192134     0.051025   -0.0476405
   0.0249019   -0.0744795   -0.0218561    0.0488026
    0.102953    0.0407879    0.0487603      -0.1064