  -0.0171677    0.0641849  -0.00685703    0.0372259
 -0.00495089   -0.0373098   0.00640317    -0.038977
   0.0323302    0.0920371   -0.0319466    -0.029979
  -0.0547799  -0.00436224    0.0194937    0.0111915
  -0.0331336    0.0794381   -0.0550005    0.0364099
  -0.0620411   -0.0534771    0.0421778    0.0418792
 -0.00914123   -0.0374099    0.0504342    0.0585494
   0.0687435   0.00720087    0.0423395   -0.0295903
  0.00980954    0.0402553    0.0164258    0.0148666
  -0.0350512    0.0474771    0.0215869    0.0888291
  -0.0885602  -0.00572517    -0.056186    0.0490926
   -0.153373   0.00998609    0.0345605    0.0280877
 0.000487192   -0.0461369   -0.0169697   0.00800262
  -0.0450355    0.0508461  -0.00724205    0.0959135
   -0.015239   0.00343962    0.0589273   -0.0191478
  -0.0966822   -0.0564927    0.0543902    0.0379099
  0.00239463   -0.0766388   0.00652351    0.0223668
  -0.0580447   -0.0789501    0.0293964    0.0128629
  -0.0517943    -0.102485    0.0734976     0.011292
    0.096891   -0.0239542    0.0491961   -0.0274709
    0.118572    0.0550629   -0.0621402   -0.0233837
   0.0172833    0.0183468    0.0643319   -0.0348411
   0.0131669   -0.0743123    0.0105525    0.0986635
   0.0213547    0.0884099   -0.0750865   -0.0869534
    0.024635     0.122765   -0.0261818   0.00130668
   0.0220531   -0.0255879   -0.0366406    0.0188879
  -0.0204693    0.0920634    0.0273722   -0.0536208
  -0.0942881    0.0301142    0.0396275    0.0769353
  -0.0497633   -0.0670985    0.0862068  -0.00903353
   -0.112439   -0.0515155    0.0506685    0.0161263
  -0.0391198   -0.0738534   0.00718434     0.080689
  -0.0520545   -0.0254225   -0.0216498   0.00826194
  0.00746156     -0.01142   0.00328308   0.00207094
   0.0171751    0.0576035   -0.0233719   -0.0181741
   -0.068872   -0.0326204    0.0733167    0.0890892
   0.0192084    -0.024322    0.0779979   -0.0318594
   -0.084032   -0.0240939    0.0228186    0.0479175
  -0.0764352   -0.0677674    0.0166366    0.0266847
   0.0691458    0.0714192 -0.000770135   -0.0198281
  -0.0321463   -0.0593844  -0.00752177   -0.0516359
   0.0374535    0.0547374   -0.0273209  0.000982742
   0.0627475     0.142049  -0.00754843   -0.0865863
  -0.0832094   -0.0979554   -0.0390405   -0.0233573
  -0.0443537   -0.0134597    0.0614432     0.044397
  -0.0357361    0.0862181   -0.0145185   -0.0217789
   0.0368141      0.13465    -0.103579   -0.0104996
   -0.114574   0.00368888   -0.0469442  -0.00258016
  -0.0657855   -0.0474971    0.0540699    0.0295343
   -0.017178   -0.0865905    0.0252387   -0.0275992
   0.0280826    0.0580682    0.0483029   -0.0379475
   0.0846822    0.0565968    0.0433385    0.0398555
  -0.0778418   -0.0345498   0.00380927    0.0739003
  -0.0372728  -0.00419702    0.0697062   0.00377631
   0.0514566    0.0317241   -0.0344427    0.0531824
  -0.0218738   -0.0582189    0.0475611     0.134216
   0.0160226    0.0180087   -0.0285948    -0.034438
   0.0254037   -0.0341618    0.0158919    -0.011592
   0.0286991   -0.0392459   0.00980316   -0.0591806
    0.153204     0.173977    -0.123601   -0.0896838
 -0.00272374   -0.0116666   -0.0217748     0.042684
   0.0288591   -0.0116801   0.00320461   0.00173932
 -0.00268741  -0.00883331    0.0423651    0.0385411
  -0.0444442    0.0795335   -0.0327802    0.0340808
  -0.0331414   -0.0304309  -0.00848233    0.0467003
  -0.0790755   -0.0470243    0.0855076    0.0589797
   0.0753657    0.0704445   -0.0876858  -0.00327852
   0.0476938     0.106002   -0.0788834    0.0405247
  -0.0126691   -0.0368742    0.0367274   -0.0102286
  -0.0932308    0.0074647    0.0529325    0.0633012
  -0.0199683   -0.0627712    0.0465442    0.0358883
   0.0424371    0.0554663    0.0342538    0.0301517
   -0.118957   0.00243432    0.0225131  0.000351731
    0.105727    0.0407735   -0.0362301   -0.0189653
    0.135634    0.0369648   -0.0664589    0.0116348
  -0.0750504    0.0513343    0.0335752    0.0662009
  -0.0460192   -0.0438204    0.0451661    0.0358537
  -0.0745048    0.0203667   -0.0577087    0.0138249
  -0.0676142   -0.0952761    0.0478286   0.00133808
    -0.03275   -0.0114794    0.0318852   -0.0188019
  -0.0275403    0.0354526    0.0126348    0.0508573
   0.0144259   -0.0525491    0.0261732   0.00976022
  0.00615894    0.0435563    0.0253085   -0.0651107
   0.0271522    0.0455281     -0.06761    0.0181704
   -0.033116    0.0102833    0.0332338    0.0460616
  -0.0576721   -0.0247902   -0.0596302    0.0558311
   0.0240495  -0.00793457    0.0468748  -0.00594025
  -0.0625247    0.0149366    0.0704075    0.0290251
  -0.0365673   -0.0557904   0.00510022     0.023322
   -0.110836    -0.106704     0.036949     0.017882
   0.0592255     0.110756    -0.108095    0.0322825
    0.030402    0.0961908    0.0245306    0.0363833
 -0.00546917    0.0483905    -0.047917    0.0255221
   0.0703473 -0.000765801   0.00686861   -0.0474551
   0.0600387     0.070045   -0.0778984   -0.0333806
    -0.14817    -0.234943    0.0476332     0.107431
   0.0109597    0.0815267     0.019595   -0.0594275
  -0.0354221   -0.0648827  -0.00534772 -0.000272325
  -0.0165953    0.0747146   -0.0207739   -0.0213714
   0.0382712    0.0380881   -0.0142632    0.0536096
    0.039973   -0.0248768     0.027824    0.0375987
  -0.0487615  -0.00402858    -0.014457    0.0320948
  -0.0518313   -0.0651615    -0.011006   -0.0331402
   0.0994022    0.0791648  -0.00443678   -0.0318963
  -0.0325918   -0.0328457    0.0505592   0.00959039
  -0.0583057   -0.0115921  -0.00725143    0.0589829
  -0.0303851     0.071421   -0.0507448   0.00756855
  -0.0620635  -0.00878131    0.0314518  -0.00121888
  -0.0177909     0.077294   0.00927641 -0.000357469
  -0.0402745     0.021354   -0.0505712    0.0269464
  -0.0750471   -0.0542159    0.0472799    0.0424296
   0.0486859    0.0890827   -0.0183442   -0.0722631
  -0.0169839    0.0644338   -0.0309244  -0.00960634
   0.0567162    0.0278626   -0.0101113   0.00901106
   0.0350257    0.0134597   -0.0100818 -0.000247372
  -0.0844589   -0.0130228   0.00549505    0.0778651
   0.0371032    0.0460459   -0.0117385    0.0223887
  -0.0615098   -0.0377447    0.0163176    0.0807474
  -0.0263071  -0.00246163   0.00932906    0.0172312
   0.0282554    0.0896595    0.0257168   0.00325453
   0.0167412    0.0319053    0.0480487   -0.0171381
   -0.166919   0.00109863   0.00876721    0.0694347
  -0.0793146   -0.0453657    0.0344095    0.0587524
    0.045135     0.113984   -0.0838503   -0.0855933
    0.066983     0.066296   -0.0722516   -0.0272731
    0.168585     0.142856   -0.0296614   -0.0903353
      0.0454    0.0862616   -0.0224577   -0.0238118
    0.119805     0.130204   -0.0347692   -0.0254136
   0.0879194     0.167077   -0.0353103    -0.074596
    0.041154   -0.0322307     0.128405    0.0107179
   0.0421008   -0.0232049    0.0608689  -0.00889099
  -0.0889795   -0.0994623    0.0358354   0.00370147
  -0.0781774   -0.0561868   -0.0305312    0.0450307
   0.0652909    0.0711258    -0.074698   -0.0512305
  -0.0898432    0.0432907   -0.0459975    0.0598699
  -0.0331656    0.0393193   -0.0602813    0.0884861
   0.0587198    0.0412362    0.0349163    -0.024887
  -0.0105979    0.0508051 -0.000625172    0.0174747
   0.0195044   -0.0539386     0.046592   -0.0377235
  -0.0951781    0.0289377  -0.00172195    0.0639125
  -0.0336408   0.00370543   -0.0210462    0.0379754
  -0.0646797    -0.098964    0.0295287    0.0513309
  -0.0149321   -0.0231708    0.0482337    0.0906761
  0.00796778    0.0680412   -0.0870006    0.0077253
  -0.0695042   -0.0598375    0.0692121    -0.027942
  -0.0770946    -0.127492    0.0740916    0.0555983
  -0.0373238  -0.00947484    0.0114548    0.0402509
   0.0588182   -0.0531831   -0.0227412    0.0251847
  -0.0526252   -0.0558046    0.0050481    0.0345292
  -0.0319011    0.0238196   -0.0665429     0.013691
  -0.0654337   0.00681142   -0.0369382    0.0393701
   0.0381286    0.0395252   -0.0548415   -0.0536036
  -0.0555811   -0.0170795    0.0398417    0.0133832
   -0.037096    0.0415922    0.0785386    0.0147031
  -0.0217963  -0.00827239   -0.0046056  0.000925921
  -0.0517391     0.047248   -0.0226799     0.086116
  -0.0442889   -0.0163074   -0.0244361   -0.0109385
  -0.0889748   -0.0549293     0.050803      0.08273
  -0.0640259  -0.00514967    0.0243209    0.0371578
   0.0198717   -0.0522958   -0.0172842     0.013574
  -0.0620179    0.0849187    0.0378006    0.0459198
  -0.0289472    0.0285313    0.0182273    0.0429555
   0.0227424   -0.0580625   -0.0263241    0.0155678
   0.0145841   -0.0567313    0.0730735    0.0790786
   0.0121387   -0.0607342   -0.0774335    0.0100482
   -0.123427    -0.132062    0.0127614    0.0739619
   0.0485889    0.0774213   -0.0811859    0.0515095
 0.000406549    0.0353868   -0.0603684   0.00413478
  0.00723696    0.0865812   -0.0141421   -0.0925818
  -0.0137678     0.048931    0.0277719    0.0514495
  -0.0257838   -0.0358138    0.0114948    0.0462133
  -0.0351626   -0.0526484    0.0102084    0.0304545
   0.0284587     0.124564   -0.0745319   -0.0412117
  -0.0303867    0.0804056   -0.0460859  -0.00443234
  -0.0960305    0.0444335    0.0501461   -0.0279162
  -0.0312357    0.0261043   0.00792019   -0.0273735
   0.0413869    0.0867579   -0.0672529     0.044669
  0.00468672   -0.0246355    -0.022027    0.0490584
  -0.0555012   -0.0267498   -0.0400301   -0.0283773
   0.0811498    0.0373638  -0.00230732    0.0120889
  -0.0939787  -0.00481706    0.0468443    0.0825587
   0.0307813    0.0321787   -0.0628071   0.00754093
  -0.0669089    0.0118642    0.0409261  -0.00356294
  -0.0236068    0.0312669   0.00243658   -0.0524415
  -0.0778091     -0.15128   -0.0159227     0.127012
   0.0547478     0.151051   -0.0814608  -0.00904711
  -0.0191067   -0.0436764    0.0155668   -0.0594226
  -0.0990902   -0.0535307    0.0602684    0.0642215
 0.000750091      0.12667   -0.0687279    0.0422887
   0.0163824    0.0609101   -0.0429251   0.00107993
  -0.0128987   -0.0412332  -0.00336268    0.0937047
 -0.00401813     0.074466    0.0534389   -0.0298233
   0.0395658    0.0255802     0.055332  -0.00332312
  0.00182364   -0.0114352   -0.0277514   0.00668535
   0.0263878   -0.0717395    0.0539873   -0.0125435
  -0.0571169    0.0633449   -0.0673571     0.098753
  -0.0181698   -0.0101152    0.0301718     0.104391
  -0.0315484    0.0237572    0.0270263   -0.0494179
   0.0324459    0.0302469   -0.0582997    0.0103527
   0.0434871    0.0563081    0.0218446   -0.0665874
  -0.0473177    0.0300673    0.0328783    0.0392731
   0.0140586    0.0906076   0.00143518   -0.0675707
   0.0427518     0.093436   -0.0273473   -0.0233977
   0.0475746    0.0137662   0.00963097   -0.0346853
 -0.00969312   0.00930159    0.0310336    0.0252137
   0.0484624    0.0317605    0.0224831    0.0113684
  -0.0594228    0.0901693  -0.00143666    0.0502235
    0.030431    0.0460215    0.0664887    0.0854625
  -0.0715521    0.0655555    -0.042134   0.00770347
  -0.0953813   -0.0652266    0.0347969     0.075135
  -0.0997669    -0.147551    0.0456471     0.139872
  -0.0227654    0.0454013    0.0346846   0.00300292
   0.0654861    0.0745172    0.0312018   0.00708718
 0.000212325    -0.098204   0.00346963    0.0595511
  -0.0403402   -0.0955647    0.0206681   0.00823737
 -0.00328525    0.0573005    0.0626427    0.0237294
 -0.00667104   -0.0377389   -0.0112098    0.0523328
   0.0933473   0.00338717    0.0306148  -0.00338454
 -0.00786053    0.0769126    0.0270385    0.0481108
  0.00043199   -0.0867564    0.0856293    0.0746936
 -0.00952101  -0.00481311   -0.0551142    -0.044346
   -0.106943   -0.0728371    0.0867365    0.0973982
  -0.0392875    -0.059528 -0.000942423    0.0426312
  -0.0994368   -0.0519663  -0.00219643    0.0590137
   0.0391706    0.0639763   -0.0479768   0.00285071
  -0.0715116   -0.0531694  -0.00181093    0.0583849
  -0.0126304   -0.0549697   -0.0411309   0.00931121
   0.0376917   -0.0286852     0.033846   -0.0470342
   0.0381184     0.104573  -0.00586927   -0.0728868
   -0.038654    0.0181603  -0.00736161    0.0618168
  -0.0426498   -0.0265645    0.0258867  -0.00983299
   0.0554082    0.0434609   -0.0528148    0.0363337
   0.0475016    0.0644998    -0.017285    0.0123052
   0.0679987    0.0482771   -0.0712867     0.020817
  0.00357444   -0.0341654    0.0473175   -0.0514191
 -0.00269119   -0.0714572    0.0103333   -0.0176954
   0.0101133    0.0742685    0.0239064    0.0140966
  0.00777755   -0.0364715  -0.00563669    0.0580095
   0.0613651   0.00243473  -0.00196365   -0.0617668
   0.0896364     0.116871   -0.0835721   -0.0993232
   0.0160338   0.00587166    0.0311187    0.0345574
  -0.0358734   -0.0254952   -0.0312136    0.0752463
   0.0782969   0.00779134    0.0341208   -0.0625821
  -0.0627643   -0.0623472    0.0238607   -0.0272696
   0.0352644    0.0730183   -0.0505131   -0.0767198
  0.00341084   0.00973674   -0.0318205   0.00934689
  -0.0402765    0.0130473   0.00146147     0.121377
   0.0236477    0.0878921    0.0294118    0.0614729
  -0.0761471    0.0747844    -0.039155   0.00895353
   0.0775436     0.105915   -0.0832609    0.0106812
  -0.0214017    0.0599617   -0.0325001    0.0295031
 -0.00370552    0.0157769    0.0158383    0.0564801
    0.108951     0.111383   -0.0687961   -0.0262642
  -0.0465141    0.0261531   -0.0592293   -0.0192663
    0.090305    0.0295602   -0.0300662  -0.00483535
  -0.0285797  -0.00464129   0.00387365    0.0836111
  -0.0532807     0.070516   0.00852552   -0.0389295
  -0.0483711   0.00381965     0.063822   -0.0234243
 -0.00696044    0.0942529    -0.108474  -0.00806357
   0.0335164    0.0509569   -0.0447045    -0.020166
   0.0290093    0.0059256   -0.0801084    0.0799712
  -0.0541329   -0.0353255     0.067182    0.0486214
  -0.0125959   0.00185317  -0.00559863    -0.051273
   0.0309462    0.0639791   -0.0747869    0.0775847
  -0.0637811    0.0329207   -0.0509463   0.00299525
  -0.0680885    0.0354542    0.0565578   -0.0181323
   0.0426808   -0.0115045    0.0295733   -0.0295013
   0.0242355    0.0751008    0.0420157    0.0361182
    0.049999     0.064418   -0.0570514    0.0664928
   0.0872896    0.0911666   -0.0451109   -0.0363335
  -0.0245448   0.00602829    0.0478891   -0.0523002
   0.0187594    0.0552888   -0.0685384     0.026693
  -0.0939584  -0.00764154   -0.0271108   -0.0057359
   0.0153833    0.0846672    0.0197916   -0.0670739
   0.0750093  0.000762422    0.0591113     0.007729
   -0.023035    0.0459743    0.0560242     0.016236
  -0.0115579   -0.0506361   -0.0468453   -0.0361019
  -0.0352116   -0.0795913    0.0146928    0.0204306
 -0.00146226    0.0542015    0.0286101   -0.0403182
   0.0748138     0.130414   -0.0394777   -0.0801709
  -0.0441462   -0.0814666    0.0804225   -0.0234882
  -0.0587158   -0.0575052    0.0337672    0.0701622
   0.0925252    0.0493751   -0.0831891   -0.0476994
  -0.0825346   -0.0587125   -0.0821008     0.097888
   -0.122551    -0.135435    0.0801816     0.131294
  -0.0351835    0.0770415    0.0429437  -0.00934791
  -0.0231405    0.0621705 -4.25275e-05     0.048029
  -0.0404502   -0.0606271  -0.00329502   -0.0145106
    0.153534     0.118837   -0.0144931    -0.107072
   0.0028987  -0.00172397     0.017051     0.121264
  -0.0183116    -0.022946   -0.0340451    -0.045426
   0.0485279    0.0640462    0.0512697   -0.0551704
  -0.0332027  -0.00940336   0.00917845  -0.00501743
   -0.054731   -0.0042644    0.0308077  -0.00940765
  0.00754936     0.038413   -0.0648704   -0.0178942
   0.0123869     0.137887   -0.0458576    0.0330607
  -0.0595899    0.0316034   -0.0588251  -0.00676675
  -0.0535299   -0.0719312     0.035735    0.0265719
   0.0101179     0.135937   -0.0778016    0.0424787
  -0.0403202    0.0154121   0.00416844   -0.0302731
   -0.126852   -0.0301333   -0.0236591     0.088651
  -0.0274507   -0.0746033  -0.00999282     0.105893
   0.0331338    0.0640391    0.0223892    0.0240092
  -0.0282073    0.0143795   0.00520531   -0.0499345
   0.0568018    0.0418325  -0.00679924  -0.00241296
   0.0741863    0.0406212     0.016065   -0.0602507
   0.0548144    0.0353844   -0.0140244    0.0154572
   0.0348369     0.181049   -0.0574581   -0.0522903
  0.00059632    0.0448798   -0.0343195  -0.00311412
  -0.0769359   -0.0527714   -0.0270328    0.0854979
   0.0672684     0.148713   -0.0837967    -0.059397
   0.0258617    0.0503901   -0.0474389    0.0210669
 -0.00603818    0.0387322    0.0212159    0.0446773
  -0.0749662   -0.0342386   -0.0503034   -0.0332557
  -0.0779987  -0.00837053    0.0122515    0.0350468
    0.018946   -0.0451324   -0.0648062    0.0468807
   0.0686201    0.0782381   -0.0526993    -0.051971
  -0.0388198   0.00923586    0.0535168   -0.0159956
   0.0183126    0.0144605   -0.0240166    0.0355749
  -0.0144464    0.0535491    0.0470542    0.0323222
   0.0439402     0.106381   -0.0302917   -0.0503787
   -0.150663   -0.0929812     0.104726    0.0693047
  -0.0292531    -0.094781    0.0426355  -0.00411379
  -0.0209793   -0.0310253   -0.0300633    0.0496212
  -0.0905741   -0.0616856     0.105067    0.0952772
  -0.0379329       0.0367    0.0489839   -0.0138039
   0.0491226    0.0706401    0.0146056   0.00600931
  -0.0486343     0.014066   -0.0745877   -0.0163875
   -0.120966    0.0046948    0.0449569     0.157131
  -0.0442312   -0.0976629     -0.04575    0.0296019
   0.0412036    0.0697922    0.0139311   -0.0382793
  -0.0108183   -0.0075708    0.0337868    0.0359418
  -0.0263626   -0.0236869  -0.00514728    0.0131147
  0.00526076     0.016792   -0.0228322    0.0645978
  0.00259585   -0.0644185   0.00404438    0.0582101
  -0.0479533   -0.0685451    0.0606335    0.0307394
   -0.036258    0.0317675     -0.04439    0.0416485
   0.0181317    0.0449211    0.0406063   -0.0308237
  -0.0180706   -0.0343351   -0.0465825   -0.0287848
   0.0312492    0.0022397    -0.036851   0.00570461
  -0.0548048  -0.00597494    -0.042994   -0.0613106
    -0.02358   -0.0025573    0.0274554    0.0620651
   0.0880857    0.0553287   -0.0423452     0.014344
   0.0498151     0.148261   -0.0025735   0.00510843
    -0.06231    0.0166909    0.0633273    0.0640713
   -0.126575  -0.00174108   -0.0124075    0.0418501
   0.0380701    0.0725322    0.0077424    -0.059478
  0.00596139    0.0249769    0.0591052    0.0926294
   0.0210669   -0.0382829   -0.0056629    0.0130833
  -0.0557944   0.00518616  -0.00472123    0.0600654
 -0.00838557    -0.110415    0.0818975    0.0648269
   0.0794893    0.0486803   -0.0508826  -0.00270605
   0.0756432    0.0563449   -0.0903914   -0.0931573
 -0.00252692   -0.0203229  -0.00272688    0.0475584
  -0.0400483   -0.0898549    -0.019673    0.0150827
  -0.0454465     -0.11436  0.000451659    0.0339684
  0.00822253   -0.0658285   0.00654404  -0.00594722
   -0.084606    -0.101056     0.100495    0.0979344
   0.0290104   -0.0186366   -0.0362076    0.0209184
  -0.0257318    0.0697025   -0.0379131    0.0340123
    0.024053    0.0350456   -0.0747266    -0.052976
  -0.0350339    -0.044394    0.0642706      0.10242
   0.0119727   -0.0377633   -0.0403329    0.0203692
   0.0605104     0.018761    0.0108145   0.00846775
  -0.0748367    -0.012968    0.0128504     0.016382
   0.0689399    0.0984212   0.00789854   -0.0722329
    -0.15282    -0.029244   0.00188878    0.0481873
    0.190442     0.216511    -0.112573    -0.153317
  -0.0329769    0.0173787    -0.036749    0.0251866
  -0.0237128   -0.0811751  -0.00274461   -0.0127701
   0.0751394    0.0402856  -0.00522775   -0.0752403
  -0.0503652    0.0304144   -0.0309561    0.0125378
  -0.0426481     0.055196    0.0398341    0.0732086
  -0.0346836   -0.0394457    0.0405691   -0.0423797
  -0.0235504    0.0398191   -0.0248365    0.0677887
  -0.0296164   -0.0496448    0.0344985    0.0185138
   0.0252926    0.0912153   -0.0718436    -0.049086
   0.0439133     0.015994  -0.00650198   -0.0168754
  -0.0289066    0.0418741   -0.0156644   0.00939235
  -0.0527517    0.0782857   0.00784735    0.0306697
  -0.0856486   -0.0178617     0.038386    0.0961803
   0.0572397    0.0546378   -0.0471049    0.0211436
  -0.0173426    0.0582176    0.0595049   -0.0572382
  -0.0208488    0.0698142    0.0287267   -0.0409699
    0.011133   -0.0349749   0.00173383    0.0588497
  -0.0265365    0.0490869   -0.0461894   -0.0259803
     0.02731     0.081697   0.00602905    0.0226082
  -0.0385396   -0.0490308   -0.0168626   -0.0187424
   0.0741309    0.0260072   -0.0629611   -0.0854192
   0.0959868    0.0411769   -0.0807957    0.0290161
   0.0102103   0.00946486   -0.0142958    0.0427177
    -0.01698   -0.0258689   -0.0468035   -0.0438931
  -0.0506739   -0.0315797   -0.0764595    0.0450456
  -0.0422589     0.021191    0.0247626    0.0493164
  -0.0401789   0.00498204    0.0117743    0.0540982
  -0.0670825   -0.0562249  -0.00480631   -0.0181307
   0.0100934    0.0905262   -0.0638104   0.00864992
  -0.0861369   -0.0630947    0.0850913    0.0517883
  -0.0219265    -0.052929    0.0845822  -0.00322627
   0.0510418    0.0435247    0.0283684    0.0230881
  0.00436035   -0.0283703   -0.0108514    0.0383634
  -0.0282327   -0.0415251  -0.00611941  -0.00639076
   0.0490995    0.0770384   -0.0606862    0.0433602
   0.0399786   0.00819097   -0.0632947  -0.00751911
  0.00295056   -0.0821341    0.0016013    0.0017043
   0.0438774    -0.051822    0.0384021    0.0473214
  -0.0778471    0.0830719     0.034574   -0.0517256
  -0.0114481    0.0353997   0.00533606    0.0527176
  0.00273235    0.0283381   -0.0397479   -0.0365816
  -0.0706811   0.00537061   -0.0696083    0.0329299
  0.00181617    0.0438201   -0.0246164   -0.0142265
  -0.0281794   0.00689155   -0.0273983    0.0709498
  -0.0524858    -0.013257   -0.0848429    0.0503053
   0.0182107    0.0207674   -0.0341459    0.0201365
 -0.00164023   -0.0379703   -0.0187115   -0.0920746
   0.0358334    0.0770429    0.0261556     0.058813
   -0.108691   -0.0787265   -0.0309314    0.0930564
  -0.0743555    0.0715347   -0.0215826    0.0413853
  -0.0387651    0.0758047    0.0495996    0.0659377
    0.120569    0.0459252   -0.0268956    0.0301039
   0.0664802  -0.00833455   -0.0406835    0.0186675
   0.0654496     0.103146   -0.0511261    0.0371751
   0.0241951    0.0109529   -0.0349143    -0.019964
   -0.115781   -0.0486956   -0.0256284    0.0464708
   0.0534499    0.0330451    0.0494414   -0.0726601
  -0.0522181    -0.047064    0.0446419   -0.0359214
   0.0693021     0.115853    0.0119998   -0.0761065
  -0.0694071  -0.00117862   -0.0419602    0.0115493
  -0.0902029    0.0621746    0.0049704   -0.0200269
  -0.0264582    0.0242262     0.033879  -0.00314058
   0.0473393   -0.0138715    0.0498717   -0.0575339
  0.00983371    -0.015768    0.0558691    0.0691105
   0.0194539    0.0815734   -0.0250232    0.0216555
   -0.023328    0.0529826   -0.0417806   -0.0270008
    0.028761     0.125975   -0.0761791   -0.0343263
 0.000675966   -0.0535222   -0.0106294    0.0832751
   -0.057791    0.0556368    0.0220031   -0.0413779
   0.0696828    0.0354381    0.0044685   -0.0417852
  -0.0862828   -0.0831939   -0.0783272    0.0559948
   0.0462614    0.0593851    0.0208769   -0.0342007
   0.0774782    0.0806806  -0.00202507    0.0665882
   0.0127912   -0.0693993   -0.0276671    0.0641056
   0.0786882     0.126228   -0.0140607    0.0257536
   0.0495493    0.0235424    0.0384662    0.0670941
  0.00390614    0.0552727   -0.0285516   -0.0433438
  -0.0289172    0.0034117    -0.040501   -0.0147602
   0.0154379  -0.00140106    0.0101009    0.0458789
    0.077912      0.11532   -0.0250589   -0.0500733
 -0.00393278     0.029096    0.0187887    0.0340855
    0.080138     0.023793   -0.0109532   0.00421321
   0.0201605   -0.0360903     0.055401  -0.00999761
   0.0460542   -0.0183654    0.0456668   -0.0622561
    0.018715    0.0127207    0.0484192  0.000223878
  -0.0225412  -0.00487512 -0.000524347   -0.0521844
   0.0251177     0.054378   -0.0202973   -0.0152864
  -0.0663278   -0.0377292    0.0227487    0.0035974
   0.0174364    0.0203822   -0.0385424   -0.0199723
  -0.0820559  -0.00797768    0.0112852    0.0186539
   0.0625833   -0.0155323    0.0517847    0.0500165
   0.0594288    0.0612602    0.0429668  -0.00528087
  -0.0408606   -0.0149086   -0.0143779    0.0739449
  -0.0553959    0.0126085    0.0269701     -0.01687
  0.00626114   -0.0591542    0.0326775   -0.0054642
   0.0565363    0.0778711   0.00250066   -0.0289477
  -0.0192336   -0.0737034    0.0619267     0.014624
  -0.0448695   0.00913516    0.0546342    0.0290963
  -0.0841447   0.00919717    0.0468213    0.0193476
   0.0567247    0.0192567  2.61759e-05   -0.0234685
    0.024584    0.0840934    -0.011605   -0.0062071
   0.0112759    0.0560753    0.0307375     0.038427
  0.00669069   -0.0722482  -0.00404214    0.0165589
  0.00057108    0.0413254   0.00428073    0.0218448
   -0.020146    0.0254578   -0.0382849    0.0284613
  -0.0801316   -0.0549767    0.0353557    0.0307147
  -0.0816254   -0.0268708   -0.0337257    0.0256798
   0.0255482   -0.0677306    0.0493674    0.0980593
  -0.0761897   -0.0303848    0.0199535    0.0246248
   0.0664103    0.0926861   -0.0343324   -0.0583103
   0.0387287    0.0299725   -0.0728541   -0.0435391
   0.0582104   -0.0235596   -0.0218214   -0.0604382
-0.000680561   -0.0251675   -0.0613606    0.0469159
  -0.0410576    -0.063641    0.0345789 -2.94861e-05
  -0.0705404   -0.0748147  -0.00734403     0.059992
  -0.0361919    0.0688428    0.0411039    0.0919176
 -0.00282654   0.00956162    0.0284794    0.0017848
  -0.0573799  -0.00257615   0.00102016    0.0277292
   0.0169407    0.0143594    0.0284905    0.0304057
  -0.0205982   -0.0371703   -0.0326244    0.0243552
   -0.031684   -0.0557152   -0.0579367     0.129306
   -0.137262   -0.0397704    0.0244915    0.0300616
 -0.00881929   -0.0312078     0.029087   -0.0526258
 -0.00168436    0.0560403   -0.0200657    0.0891655
  -0.0151376    -0.012585   -0.0647299    0.0376665
  -0.0063846   -0.0115339    0.0356918    -0.057864
  -0.0582675   -0.0496756    0.0346148    -0.016319
  -0.0266775    0.0298046   -0.0517292    0.0675447
  0.00566508   -0.0276239   -0.0123803    0.0393032
  -0.0424258 -0.000893252    0.0242946    0.0201444
  -0.0261697   -0.0457045    0.0178395  -0.00228406
   0.0573247  -0.00158976    0.0519408   -0.0186834
  -0.0101341   -0.0499937    0.0276532    0.0537623
    0.105984    0.0223795    0.0405295 -0.000262229
  -0.0945255    0.0171585   -0.0322684  -0.00134191
  -0.0290146    -0.061994    0.0847735   -0.0622309
  -0.0433647    0.0318475    0.0408533   -0.0385699
  -0.0223991   -0.0361296  -0.00237415  -0.00788112
   -0.048334    0.0244171   0.00873789    0.0521129
  0.00235767    0.0574097   -0.0373252  0.000963734
  -0.0100624   -0.0216486   -0.0419134    0.0782287
   -0.105553   -0.0466085   -0.0413248    0.0568429
    -0.22166   -0.0781392    0.0538927    0.0922742
  -0.0176954    0.0715111   -0.0186458   -0.0292039
 0.000832203      0.16393   -0.0656972    -0.087482