  -0.0387573    0.0240057     0.024065   -0.0592677    0.0173418   -0.0564215   -0.0328263   -0.0574053
  -0.0544741     -0.01458      0.14731    0.0924427   -0.0937534    0.0163211    -0.159041   0.00558815
   0.0149722     0.020176    0.0132336   -0.0501101    0.0867109  -0.00598406    0.0171508   -0.0810013
  -0.0325569    0.0214987    0.0640888   0.00451866   -0.0714823    0.0447857    -0.106973   -0.0116168
   0.0290949   0.00197063    0.0931612   -0.0298248   -0.0628623   -0.0728333   -0.0805386   0.00648891
 0.000603964    0.0544135    -0.047281  -0.00176963   -0.0457615   -0.0557404    0.0447547    0.0197213
  -0.0917834   -0.0399276    0.0126542   -0.0527716   -0.0645063      0.05674  -0.00658283    0.0141906
   0.0650193    0.0899947   -0.0133405    -0.037949    0.0454514  -0.00423648    0.0313061   -0.0298783
   0.0726081     0.128329     0.012101   -0.0217955    0.0751197    0.0431707    -0.102729   -0.0319398
    0.084982    0.0946798    -0.016155    0.0124931    0.0399929    0.0135812    0.0539876   -0.0468655
   0.0660899 -0.000159448   0.00527009      0.11116   -0.0369289    0.0382349    -0.112855   -0.0366234
  0.00281076    -0.064914    0.0505094   0.00187044  -0.00847416     0.031642     0.059229   0.00776175
  -0.0452559   -0.0532427   -0.0171903   -0.0271116   -0.0113704   -0.0658557    0.0789842   -0.0372337
   0.0940189   -0.0144258 -5.30346e-05    0.0103738    0.0331495    -0.022962    0.0415508   -0.0778473
   -0.024747   -0.0241075   -0.0391778   -0.0390233 -0.000631477  -0.00286185  -0.00672132   -0.0188006
  -0.0276671   0.00425241    0.0746261    0.0438302    0.0517845   0.00592745   0.00335072    0.0675892
  -0.0161789   -0.0884957    0.0136319    0.0873371    0.0078081   -0.0806538    0.0148276    0.0658625
  -0.0143203    0.0640972    0.0270315    0.0126521  -0.00495637   -0.0388475   -0.0171722   -0.0291302
    -0.10359    -0.080638 -0.000363506  -0.00850593    0.0426256    0.0206575     0.038031    0.0277399
  -0.0213722   -0.0289313   -0.0150599    0.0173476    0.0500591   -0.0201076    0.0743001    0.0135886
  -0.0631245   -0.0432644   -0.0366914   0.00917352    0.0430605  -0.00320651    0.0374696   0.00468558
  -0.0310469   -0.0353416   -0.0203382   -0.0136516   -0.0338607   -0.0314832  -0.00243047    0.0180346
   0.0572268    0.0576866     0.115961     0.012038    0.0491171    0.0123531   -0.0537203   -0.0496763
  -0.0606624   -0.0371607   -0.0670114   -0.0329365   -0.0456306    0.0253467    0.0935792    0.0426732
    0.110312  -0.00987629    0.0275634    0.0327107    0.0748279     0.016243    0.0106221    0.0410414
  -0.0369552   -0.0301105   -0.0449284  -0.00968888   -0.0109544     0.102791   -0.0424475   -0.0244301
  -0.0310117    -0.058218   -0.0592599   -0.0452112   -0.0460977    0.0265683     0.105579  -0.00863141
   0.0786188    0.0455046   0.00947849   -0.0359679    0.0116605   -0.0113591    0.0162868    0.0225938
    0.107767    0.0545184     0.120158     0.108055    0.0270391   0.00282867   -0.0848619   -0.0864474
   0.0815542   -0.0105561    0.0341568   0.00409925    0.0322017   -0.0468122    0.0258392   -0.0643167
   0.0461422    -0.102535   0.00573386    0.0979746   -0.0239727   -0.0302526    0.0712623    0.0655554
  -0.0653025   -0.0350557    0.0241795   -0.0685502    0.0573513    0.0316981  -0.00877262   0.00802474
  -0.0637308   -0.0026099  1.51276e-06   -0.0623909     0.026169    0.0187908    0.0616302   -0.0489885
  -0.0707935  -0.00173074    -0.073553   -0.0247474  0.000402277   0.00740191    0.0664857   -0.0281392
   0.0630252    0.0403746   0.00965723    0.0839464    -0.076848    -0.043132   -0.0653958    0.0910471
    0.096763    0.0553228     0.120855   0.00568005    0.0369302  -0.00858064   -0.0484351   -0.0528642
   0.0270021    0.0300737   -0.0261956     -0.01032    0.0293255  -0.00208307    0.0653561   -0.0246903
   0.0494446     0.010604     0.105986    0.0662577   -0.0730333   -0.0467449   -0.0389891   -0.0126575
 -0.00132786    0.0858863    0.0439552    0.0276486    0.0109947    -0.009132    -0.116205    0.0525553
   0.0345799    0.0757426   0.00417675    -0.029639   -0.0257803    -0.034965     -0.03213   -0.0546699
   0.0620822   -0.0247135    0.0119385    0.0248029   0.00756872    0.0322882    -0.050223    0.0291533
    0.127112    0.0602085    0.0272614      0.08125    0.0335591   -0.0585597  -0.00458176    -0.034842
   0.0360351   -0.0616186    0.0294129    0.0219572    0.0325191   -0.0512744   -0.0512116    0.0579753
    0.027564    -0.032589   0.00862316    0.0291267     0.044437   -0.0646258    0.0969935  -0.00395661
   0.0849736    0.0148349    0.0812129    0.0625627   0.00389798    0.0366208    -0.056331   -0.0814947
   0.0185234   -0.0144279   -0.0694849   -0.0434339   -0.0204692   -0.0400473    0.0695396   -0.0224155
  -0.0603118    0.0501257  -0.00864695   -0.0589491    0.0659858   0.00853041      0.11968   -0.0884409
   0.0784881    0.0241945    0.0254197    0.0466081   -0.0377857   -0.0333288   -0.0263736    0.0578799
  0.00545957   -0.0486497   -0.0384604    0.0795733   -0.0589395   -0.0747099     0.058718    0.0981793
   0.0714697   -0.0293199    0.0807327    0.0581954    0.0106803   -0.0121383    0.0189165   -0.0212497
  -0.0440215   -0.0358864     0.115193    0.0424936   -0.0455681    0.0375055   -0.0739016    0.0209755
   0.0871892    0.0863767    0.0743169     0.113826     0.039575   -0.0862466   -0.0313571     0.033003
  -0.0820595    0.0333656   -0.0690793    -0.053792     0.058484    0.0495945   -0.0110535    0.0349656
  -0.0124739    0.0139291    0.0965521    0.0184229    0.0303629    0.0106896    -0.121816    0.0157074
  0.00263997    -0.079338     0.129458     0.126011    0.0414568   -0.0897592     -0.10328    0.0282275
   0.0016699  -0.00767948   -0.0287406   -0.0312556    0.0318479    0.0603805    0.0711223    0.0581206
   0.0378616    0.0211895   -0.0525435    0.0460507   -0.0334054   -0.0703113  -0.00605341   -0.0171057
   0.0163336   -0.0048114    0.0200816   -0.0410684    0.0729331    0.0749003   -0.0929516   0.00701174
  -0.0607535    -0.163386    -0.124724  -0.00070132   -0.0630066   -0.0624495    0.0745553    0.0663259
   -0.026977   -0.0434141    0.0586834    0.0145934  -0.00412329     0.011731   -0.0400014  -0.00702323
  -0.0436043   -0.0128416   -0.0585568   -0.0235792    0.0346612   -0.0215852    0.0121722    0.0378214
   -0.040952     0.035208    0.0725609   -0.0109611     0.051295   -0.0451618   -0.0304346   -0.0632551
   0.0270187   -0.0178577  -0.00332932    0.0676191    0.0152416   -0.0631458    0.0572915    0.0685638
  -0.0529195   -0.0377384    0.0490037   -0.0773368   -0.0438481    0.0611749    0.0308228   -0.0526937
   0.0331667   0.00364375   0.00812332  -0.00210024   -0.0342029   -0.0232783   -0.0623719    0.0429703
  -0.0630124    0.0583004  -0.00797179   -0.0182021     0.027237  -0.00277357    0.0274966   -0.0308494
   0.0540363   0.00168922    0.0120578   -0.0139502   -0.0188254   -0.0455025    0.0767971   -0.0203607
   0.0769948     0.108053  -0.00483901   0.00856692    0.0619107   -0.0495097   -0.0350287   -0.0671266
   0.0236898  -0.00336099  -0.00630411   -0.0552504    0.0592842    0.0454437   -0.0112783   -0.0284139
    0.046517    -0.016874   0.00470592   0.00393911    0.0216591   0.00568715    -0.022757    0.0100411
   0.0363625    0.0201793     0.055797   -0.0104569   -0.0816443   -0.0269875   -0.0594941    0.0261471
 -0.00312218  -0.00640266    0.0545197    0.0298106   -0.0224448    0.0128092    0.0316898    0.0121087
   0.0241195    -0.035292  -0.00247293     0.066434    0.0173167    -0.111813     0.126044   -0.0141727
 -0.00955209    0.0299393   -0.0124759   0.00658442     0.094733   -0.0594541   -0.0130427   -0.0156347
   0.0199769    0.0273599  -0.00785051  -0.00381764  -0.00441247   -0.0124567    0.0914174    0.0172152
   0.0552554    0.0320534 -0.000213994   -0.0151233     0.055954   -0.0622869    0.0351627   -0.0162178
  -0.0180283   -0.0162218    -0.017715   -0.0200234  -0.00524958   0.00379714    0.0785075  -0.00726217
    0.107132    0.0590868     0.099255    0.0200674    0.0699437   -0.0871662   -0.0459425  -0.00874836
    0.062533    0.0733505   0.00104805   -0.0203881    0.0833799   -0.0711471    0.0752301   -0.0300766
   0.0633454   -0.0439315   0.00254271   -0.0126278    0.0121542    0.0212142    0.0477872   -0.0224843
   0.0321464    0.0554695    0.0533008    0.0424906    0.0457154    0.0152716  -0.00984026   -0.0569553
   0.0685876  -0.00434057    0.0064454    0.0362482   -0.0202087    0.0173625    0.0511812   0.00756471
   0.0739005    0.0475813   -0.0659805    0.0285781    0.0134101   -0.0634105   0.00524988  -0.00576047
  -0.0416353    0.0648023     0.029649  -0.00153799   -0.0172745    0.0405144    0.0527458    -0.047769
  -0.0346718     0.063905    0.0389633    0.0277329    0.0167747   -0.0259726    -0.133568    0.0205181
  -0.0167649    0.0471167  -0.00218532     0.055385  -0.00901318   0.00701062    0.0155145   -0.0542473
  -0.0238219    0.0896717  0.000832709   -0.0642483 -4.95398e-05 -0.000583447    0.0386292   -0.0823926
  -0.0905793   -0.0319864   -0.0803058    -0.145191   -0.0566382    0.0441322    0.0156061   -0.0297418
    0.164588     0.166345    0.0791277    0.0441213    0.0493728    -0.105388    0.0300328     -0.10683
   0.0111454    0.0766052   -0.0125318   -0.0302682    0.0497125    0.0329063    0.0312658   -0.0451389
   0.0479236    -0.016447    0.0336223    0.0811978    0.0753127   -0.0880706    0.0180952    0.0193766
  -0.0664456   -0.0449888    -0.106841     0.031099    -0.042571    -0.016626    0.0434692   -0.0798903
 -0.00852619     0.048852   0.00629796    0.0276726   -0.0510635   -0.0555099    -0.073513   -0.0828392
   0.0657464   -0.0261822   -0.0702851   -0.0306522    0.0633953   -0.0168118    0.0807894    0.0498236
 -0.00350298    0.0677645   -0.0415191     0.021946    0.0126713   -0.0030931  -0.00426506    -0.110042
   0.0667161    0.0573663      0.04124     0.113717  -0.00563375   0.00383288   -0.0490396   -0.0333719
  -0.0324219    0.0169117    0.0832573   -0.0207584  -0.00983527   -0.0151931    -0.146606   -0.0590898
   0.0935063    0.0429381     0.109818    0.0328426    0.0477443    -0.016314   0.00180882    0.0608023
  -0.0275614    0.0862854   -0.0265963   -0.0418597   -0.0010013   0.00190161     0.135915   -0.0672787
  -0.0715767   -0.0381379    -0.099892   -0.0595491  0.000209644    0.0507218     0.102269    0.0089946
    -0.01777    0.0891175     0.105921    0.0270829   -0.0292302   -0.0372511   0.00491063   -0.0634733
    0.053924   -0.0789223    0.0104822     0.053102   -0.0420206  -0.00509783   -0.0640787    0.0360796
   0.0478052     0.017148    0.0252357   -0.0711996    0.0440168    0.0162958     0.062911   -0.0997371
   -0.089775    0.0188472   -0.0164082    0.0292023    0.0398919   -0.0108664    0.0532844    0.0209415
   0.0444809    0.0709268    0.0442149    0.0740289   -0.0318041   -0.0550743   -0.0637363    0.0325872
  -0.0647906    0.0729575    0.0583319  -0.00910868   -0.0518888   -0.0297999    0.0336263   -0.0731853
   0.0668722    -0.030567    0.0235246    -0.013365    0.0397299   -0.0173538    0.0214291   -0.0159069
   0.0478854    0.0295574    -0.015775    0.0376852    0.0406521    -0.020236   -0.0334231   -0.0421795
   -0.155037  -0.00919223    -0.125159    -0.109035    0.0701654    0.0298726     0.149206   -0.0337373
   0.0376307    0.0748273    0.0204932    0.0202603  -0.00857699    0.0130289    -0.117286   -0.0425205
   -0.024694 -0.000555314    0.0737092    0.0445749   -0.0447016  0.000661807     0.027164    0.0190302
   0.0852658    -0.140121   -0.0892805     0.039144  -0.00939744     -0.13436     0.116178    0.0702529
  -0.0454072   -0.0192435   -0.0301753   -0.0170194    0.0225301    -0.067789    0.0564215    0.0862485
    0.102278    0.0311965      0.12627    0.0322822     0.020871    0.0446976    -0.130974    -0.034669
 -0.00408785   -0.0454544   -0.0575445   -0.0355952    0.0538174    0.0147935    0.0636503   -0.0425424
   0.0223483   -0.0341074  -0.00967962    0.0620929   -0.0169487   -0.0125586   -0.0624719      0.04252
   -0.100414    0.0978823    -0.115742   -0.0807576     0.102642   -0.0450274      0.13576   -0.0826355
   0.0574094    0.0200606    0.0180735 -0.000925649     0.053265   -0.0597614    -0.010835    0.0132155
   0.0470112    0.0224952    0.0315015    0.0460105     0.049244    0.0460542  -0.00410383    0.0193555
    0.111976    0.0723348    0.0147033    0.0510346  -0.00324208   -0.0475629   -0.0132191   -0.0245586
   0.0260859     0.022055    -0.040843    -0.061116   -0.0592303   -0.0585566   -0.0113023 -0.000190265
    0.119559     0.197776    0.0329392   -0.0381304    0.0635967  -0.00344328   -0.0932057    -0.160108
   -0.043673    0.0352531    0.0479616    0.0367902   -0.0221655    0.0159855    0.0652634    0.0300332
  -0.0672017  0.000589414   -0.0151194    0.0482997   -0.0393522  -0.00958505    -0.019227    0.0214947
  -0.0588068   -0.0555337   -0.0269701   -0.0118789   -0.0204096    0.0305587    0.0173174    0.0690104
   0.0508243    0.0254938    0.0543122     0.058889   -0.0102178    0.0321374   -0.0555022    0.0797709
  -0.0445565   -0.0837781   -0.0147156    0.0108417    0.0157904    0.0594181   -0.0169609     0.059783
   0.0246336   -0.0619078     0.065048      0.11019   -0.0543366   -0.0274932    0.0172331     -0.01928
   0.0591888    0.0441034    0.0532179   -0.0544751    0.0119422   -0.0449112     0.163909   -0.0690771
   0.0146302  -0.00955409  -0.00417687   -0.0229844    0.0459074    0.0147562    -0.074937   -0.0393555
 -0.00996979   -0.0119787    0.0134962    -0.027623   0.00261974   -0.0337196    0.0675085    0.0719514
    0.113671    0.0221561     0.110108    0.0730548   -0.0312145   -0.0245584    -0.121615     0.105413
    0.105012    0.0846442     0.124396    0.0887215    0.0868776   -0.0476723    -0.101617   -0.0141558
    0.102359   -0.0113321    0.0192451   0.00803351    0.0108223    -0.011481     0.039668    0.0262778
    0.180127    0.0615564     0.015341     0.068565    -0.018718   -0.0221811 -0.000690054  -0.00538696
  -0.0294704    0.0183755   0.00882353    0.0530424   -0.0268753    0.0253565   -0.0683201   -0.0437595
    0.101784     0.110586    0.0913377     0.106011  -0.00428574    0.0331736   -0.0866905   -0.0644834
    0.105869    0.0636232    0.0619297    0.0707531    0.0369578   -0.0659638    0.0538064   -0.0407694
  0.00013094   0.00522277  -0.00333532   -0.0121593    0.0460666   -0.0725181    0.0390709    0.0355836
   0.0138548    0.0233023    0.0373777    0.0618914   -0.0341602  0.000830198   -0.0736713    0.0336148
   0.0339787    0.0617524   0.00351357 -0.000809915    -0.041055    0.0055669   -0.0959069   -0.0250981
  -0.0424411   -0.0117598   0.00933926    0.0695707    0.0246121    0.0223326     -0.10628    -0.029812
   0.0504098     0.102785    0.0405403      0.10031    0.0529269   -0.0791926    0.0797488   -0.0563359
 -0.00312485   -0.0537211  -0.00565662    0.0102011    0.0293455   -0.0678653    0.0476835  0.000640792
  -0.0205328   -0.0436031   -0.0247249    0.0111217   -0.0288669    0.0067673   -0.0396533    0.0372506
   0.0387864   -0.0584321    0.0771322    -0.031084   -0.0170603    0.0536622   -0.0168996    0.0186524
   0.0853675   -0.0552108   -0.0853283   0.00517586   -0.0530894  -0.00110042    0.0179251    0.0280485
 -0.00988264  -0.00350548   -0.0454553    0.0300301    0.0068513   -0.0185956  -0.00752626    -0.101771
  0.00904606    0.0754797  -0.00697557   -0.0233061    -0.010684   -0.0501998    0.0692368    0.0304518
   -0.120414     0.010807   -0.0159902 -0.000105759   -0.0520875    0.0529122  -0.00288564   -0.0304824
    0.024506     0.140113    0.0402863   0.00906656    0.0664883  -0.00474956    0.0238604   -0.0215971
  0.00703074    0.0894336    0.0758913   0.00995018    0.0106461   0.00422194    -0.109038    -0.015844
  -0.0626839    0.0964603   -0.0474676   -0.0880727    0.0410689    0.0735172     -0.05421   -0.0282755
  -0.0325065  -0.00759145   -0.0690623   -0.0464154    -0.078483   -0.0354629    0.0098779    0.0471002
   0.0759131    0.0344517    0.0232683    0.0530435    0.0339768 -0.000151034   -0.0702525   -0.0301536
   0.0749499    0.0217868    0.0153797    0.0388829   -0.0310503   -0.0605586    0.0830338    0.0118718
  -0.0133104    -0.033172   0.00560875     0.072313    0.0213938   0.00643098    -0.020957  -0.00786021
    0.041751   -0.0878193    0.0154427   -0.0368804    0.0356366   -0.0628542    0.0917481    0.0553001
  -0.0325402   -0.0881339   -0.0360789    0.0274754   -0.0219309  -0.00205335     0.080331    0.0448384
   0.0355294     0.046065    0.0513729    0.0888196  -0.00430198   -0.0480703    -0.141557    0.0592191
   0.0502052   -0.0895053   0.00769992     0.106596   -0.0421557  -0.00895589   -0.0120555    0.0472524
  -0.0633858    0.0903106   -0.0156524   -0.0780142     0.038487    0.0796035     0.017775   -0.0263466
   0.0020648   -0.0581515   -0.0609886   -0.0308212   -0.0365483   -0.0387269    0.0649127    0.0512485
  -0.0315699   -0.0159396    0.0344609   0.00765749  -0.00269381   -0.0369551   -0.0378633    0.0604834
 -0.00493327    -0.223032   -0.0921774    0.0820403   -0.0580375   -0.0311386   0.00879279    0.0774896
  -0.0733313    -0.119892   -0.0860768    0.0200003   -0.0421543   -0.0216671    0.0974096    0.0317691
   0.0372629      0.10454     0.101658   -0.0256217      0.05505    0.0124815   -0.0211439   -0.0847815
 -0.00787213     0.127071    0.0548386   0.00871655   -0.0344303    0.0208136   -0.0559166   -0.0406141
  -0.0994373   -0.0675291   -0.0379596   -0.0140875    0.0228649    0.0551349   -0.0287642    0.0409709
  -0.0186202    -0.119478   -0.0663604    0.0519479    -0.035696   -0.0342577   0.00774326   -0.0064504
    0.125781     0.113479  0.000413259    -0.050559    0.0408651   -0.0191576    0.0995382   -0.0867423
  -0.0955456   -0.0224231   -0.0473948   0.00274765    0.0344991    0.0603737   0.00607688  -0.00662892
 -0.00746076  -0.00558932   -0.0164588   -0.0127438   -0.0322637     0.018511  0.000788259   -0.0523668
   0.0865199    0.0831985    0.0928199    0.0666992   -0.0106029   -0.0190309    -0.101898    0.0473353
   -0.041475   -0.0416563   -0.0240456   -0.0077101   -0.0234579    0.0535181    0.0509617    0.0220159
   0.0114738    0.0489634    0.0627978    0.0873542    0.0432156    0.0142421   -0.0612392    0.0230061
  -0.0181846     0.023012   0.00735725  -0.00582439    0.0572705  -0.00682365   -0.0633678   -0.0436837
   -0.019459   -0.0444114   -0.0752017   -0.0114438   0.00998464    0.0237878     0.049528   -0.0123277
  -0.0309954   -0.0780681   -0.0334848   0.00454306   -0.0414436   -0.0714366     0.035139    0.0282241
   0.0179389    0.0247051    0.0307545      0.01098    0.0731439     0.010756    0.0353523   -0.0652442
  -0.0258494    -0.035945    0.0568256    0.0115104    0.0484993   -0.0691019    0.0177095    0.0557364
   -0.047003   -0.0431475  -0.00602729   -0.0577138    0.0629475    0.0279215    0.0611148   -0.0155844
    -0.13264   -0.0232108   -0.0229436   -0.0896354  -0.00064502    0.0701598  -0.00335812    0.0107709
  -0.0463785  -0.00941225    -0.105245    -0.056881    0.0571048     0.082191    0.0933945    -0.103701
  -0.0484189    -0.068579    0.0187934   -0.0155956    0.0746425    0.0329637    0.0136127    0.0351892
  -0.0402803    -0.020073     0.106263    0.0402929   -0.0103525   -0.0163238    -0.128306    0.0375095
   0.0515835    0.0762078     0.133325     0.067304    0.0240119   -0.0883322    -0.126509    0.0792999
  -0.0160596   -0.0242925    -0.045399   -0.0189474   0.00545318   -0.0222291    0.0258547   -0.0344534
  -0.0781965   -0.0266415    0.0367975    0.0541722    -0.034213    0.0460509    0.0376264   -0.0279538
    0.020177     0.056432     0.015102   -0.0607124  -0.00596212    0.0528059    0.0864711   -0.0942361
 -0.00458546    0.0529322   -0.0447096   -0.0794925   0.00558578    0.0343866    0.0733851    0.0569757
   0.0550024   0.00951089    0.0530758    0.0280568    0.0485672   -0.0217416    0.0449184  -0.00754273
   0.0244394   -0.0181493     0.030691    0.0180548   -0.0431265   -0.0147398   -0.0621216    0.0265138
  -0.0233638   0.00516543     0.056598  -0.00353807   -0.0274807   -0.0492616    -0.065149    0.0435936
   0.0296511   -0.0021744   0.00083193    0.0314964 -0.000855101    -0.104922     0.111731    0.0015743
   0.0785329   -0.0474174   -0.0141703      0.11268   -0.0527482   -0.0650183    0.0232586    0.0945622
   0.0384813    0.0605635    0.0873532   -0.0328373    0.0103428   -0.0189613   -0.0949748   -0.0213779
   0.0415527 -0.000144034     0.014499    0.0434523   -0.0573037    0.0205408    0.0234016    0.0276809
  -0.0939793   -0.0289291     0.102029  -0.00426851   -0.0476231    0.0575104   -0.0704376    0.0227037
   0.0330175    0.0930118     -0.04461   -0.0314969     0.014645    0.0121585     0.019778   -0.0973505
   0.0210417      0.11786    0.0984537   -0.0199639    0.0172405  -0.00096717   -0.0136738   -0.0149081
 -0.00532883      0.09061    0.0837949   0.00425476   -0.0363388   -0.0068881   -0.0986906    -0.118973
  0.00342387   -0.0135571    0.0367116     0.068334   -0.0512238   -0.0520702    -0.074924  -0.00844823
   0.0158053   -0.0439971   -0.0110274    0.0674626    0.0398125  -0.00159836   -0.0309371     0.052995
   0.0358458    0.0429538   -0.0774301    0.0262622    0.0345664    0.0326563    0.0792682   0.00780959
   0.0682411     0.102738    0.0740435    0.0718332     0.053734   -0.0506698   -0.0156234    0.0285753
    0.101438     0.128886     0.118381     0.102165    0.0368265   -0.0493009   -0.0529174   -0.0202022
   0.0224244   -0.0513076 -0.000635794   -0.0554017   -0.0126969   -0.0225343    0.0636671   -0.0376916
  0.00212804  -0.00488031    0.0743065  -0.00245161  -0.00609544    0.0430454   -0.0884946   -0.0438044
  -0.0536949   -0.0612325   -0.0178439   0.00307626    0.0375933   -0.0648076     0.118526   -0.0444773
  -0.0195061    0.0682151    -0.007477    0.0210273   -0.0263361   -0.0066944    0.0406472   -0.0143872
    0.120556      0.18931    0.0388741   -0.0760106    0.0428117    0.0301582     0.116044    -0.171034
   0.0578051   -0.0338405     0.126155    0.0844242    0.0298442   -0.0828075   -0.0248706    0.0416427
   0.0799471    0.0831187   -0.0112687   -0.0552738    0.0915779    0.0523619     -0.03893    -0.142659
  0.00808273     0.105856    0.0870675    0.0679167    0.0553639    0.0470894   -0.0187723   -0.0322651
   0.0789174   -0.0324279    0.0143316   -0.0413725    0.0150682    0.0309506   -0.0576306   0.00361233
   0.0719509   -0.0139002   -0.0136502     0.069543  -0.00687503   -0.0706519   -0.0307218    0.0289383
   0.0248484    0.0947108   -0.0133001   -0.0875238    0.0732097   -0.0505346    0.0138359    -0.101543
   -0.143553   -0.0555797   -0.0418788   -0.0669844   -0.0710374  -0.00102549    0.0581813    0.0488736
   0.0409904    -0.022389     0.063942    0.0494388   0.00227621     0.013889   -0.0467198   -0.0464756
    0.016173   -0.0415297   -0.0240022   -0.0214684    -0.054502    0.0201899    0.0451659  -0.00864016
 -0.00877634  -0.00405818   -0.0386603   0.00120032    0.0239081   -0.0860645    0.0207762    0.0242373
   -0.135114   -0.0174729   -0.0527168   -0.0785573   -0.0415565   -0.0227494    0.0814087    0.0463272
 -0.00329283    0.0827119    0.0804808   -0.0372382   -0.0256362    0.0296749   -0.0758424   -0.0898882
   -0.131955    -0.114736    -0.037458   -0.0449897   -0.0828721     0.012348    0.0911801  6.98942e-05
   0.0749851   -0.0138428   -0.0608951    0.0643824  -0.00405603   -0.0338285    0.0967184     0.100978
   0.0242946   0.00481386    0.0295055   -0.0126833   -0.0380182    0.0441919   -0.0278963    -0.015285
   0.0057348     0.174036     0.036781  -0.00734174    0.0552057    0.0811371    0.0724318   -0.0714573
 -0.00353174   -0.0725764    -0.010959  -0.00716951  -0.00634606   -0.0301051  -0.00418007    0.0747476
   0.0473353     0.137351    0.0390672    0.0192215    0.0516554  -0.00294305   -0.0916454   -0.0488269
  0.00857899  -0.00325179   -0.0790657   -0.0537964   -0.0476194    0.0169812   -0.0361279    0.0380758
    0.043077   -0.0329086   -0.0479443    0.0208568   -0.0444714    0.0540435   -0.0311346    0.0819295
  -0.0611912    0.0282054    0.0688192  0.000157325    -0.077352     0.035166   -0.0747172    0.0215589
  -0.0291091   0.00735439    0.0152497    0.0278922   0.00437797    0.0305428   0.00292099    0.0331864
  -0.0621208  0.000617356    0.0185939      0.05174    0.0139357   -0.0135444    0.0197604    0.0246455
   0.0407628   0.00733485   -0.0407483   -0.0618859    0.0117216    0.0220104    0.0230939   -0.0416376
  -0.0493716   -0.0719369   -0.0817197    -0.032001   -0.0181792    0.0524558    0.0857379   0.00767304
   0.0101501    0.0781331    0.0306333  0.000342013   -0.0299643    0.0501025   -0.0677244   -0.0737346
  -0.0520065   -0.0119853  -0.00300598   -0.0611259     0.039457   -0.0307184     0.005335     0.027433
  -0.0260769   -0.0679497   -0.0583452   -0.0109759     0.033855    -0.045658    0.0738173     0.097549
  -0.0220034    0.0251628    0.0161557   -0.0777952   -0.0273353   -0.0557019  -0.00434518   -0.0401475
   0.0346193   -0.0761784    0.0655553   -0.0275674    -0.019797   -0.0393562    0.0644044   -0.0358473
  -0.0175185    0.0230746   0.00648401     0.016978   -0.0535423   0.00883695    -0.047629    0.0583508
  -0.0164848    0.0645125    0.0477189    0.0397645    0.0466629   -0.0847543     -0.06692   -0.0768542
    0.041706   -0.0445865    -0.102718   -0.0733851    -0.037715   -0.0580149    0.0147031   -0.0434161
 -0.00355168   -0.0678526   -0.0619017     0.101411   -0.0535786   -0.0578513  0.000318435  -0.00739504
  -0.0051353   -0.0425845   -0.0553829    0.0817207    0.0162564    0.0207827  -0.00150193  -0.00535344
  -0.0223722    0.0470505    0.0237296    0.0694662  -0.00524532   -0.0346192    -0.100262    0.0480543
  0.00664538   -0.0589674    0.0570244    0.0261723    0.0604781   -0.0330124   -0.0423332    0.0364723
   0.0132442      0.04696     0.110303   -0.0391987   0.00795969  -0.00117654   -0.0324933   -0.0451702
  -0.0309828   -0.0234916     0.142425    0.0539483    0.0385338   -0.0469243    -0.112848   -0.0113388
  -0.0245421   -0.0180823     0.093442   -0.0574908    0.0305998  -0.00914714   -0.0446566    0.0615322
    0.161615    0.0178615    0.0192831     0.098497   -0.0566987   -0.0283753   -0.0835991    0.0805503
    0.012943    0.0660462   -0.0181545    0.0164516   -0.0180618  -0.00557012     0.033839   -0.0134481
    0.100267    0.0266527    0.0510992    0.0417617   -0.0718774    0.0216065    0.0106705   -0.0315707
  -0.0225473    0.0583645    0.0589073   -0.0471015   -0.0401407    0.0237613    0.0438653   -0.0832056
 -0.00220967    0.0510476   0.00046367   -0.0086528    0.0602248    0.0498328    0.0162967    0.0232458
  -0.0773671   -0.0376814   -0.0425436    0.0184035    -0.053681    0.0304423   -0.0572246   0.00708006
  -0.0645427   -0.0119702    0.0284133   -0.0889049    0.0156665    0.0613477    0.0411075    0.0170921
    0.102163    0.0457655   -0.0328083   -0.0274214    0.0149563   -0.0455135    0.0581899   -0.0038348
    0.144031     0.113146   0.00747966     0.077906   -0.0262261   -0.0571043   -0.0207631    -0.065008
   0.0410123    0.0652745    0.0335512   -0.0480457     0.108298   -0.0236436  -0.00923692    -0.126303
  -0.0161654   -0.0199611  -0.00329879    0.0195703   0.00924738   -0.0370886   -0.0350884    0.0552115
   -0.127067   -0.0100595   -0.0608101   -0.0803782       -0.069    0.0951989  -0.00875639   -0.0763219
   0.0423654    0.0777993  -0.00397074   -0.0340079  -0.00247131     0.023396    0.0812823    -0.115681
   0.0786893     0.045837   -0.0577334   -0.0189031    0.0343405   -0.0246065  -0.00595103   -0.0662587
    0.107075     0.119807  -0.00557008   -0.0057039    0.0673604   0.00878487    0.0082446   -0.0559024
  -0.0237981   -0.0650579   0.00686093    -0.073869   -0.0115851   0.00825262   0.00613298     0.061773
  -0.0837361   -0.0833293   -0.0537304    0.0113427    0.0552078   -0.0184169    0.0727056   -0.0380265
  0.00711234   -0.0711207     0.090716    0.0501238  -0.00176835   0.00152506    -0.111917      0.12335
  -0.0593741   -0.0774101   -0.0852547  -0.00427638   -0.0037359    0.0235388      0.02994    0.0351782
  -0.0320449    0.0630915   -0.0855102    0.0102364    0.0597498   -0.0411039    0.0260049   -0.0475413
  0.00670029    -0.046544    0.0158933    0.0412344    0.0466596    0.0222947   -0.0609242   -0.0146456
  -0.0369185     0.070903   -0.0105867   -0.0290457    0.0190577   0.00840215   -0.0153975   -0.0587124
   -0.197312    -0.032205   -0.0323339   -0.0283249  0.000424255   0.00175392    0.0470414    0.0120474
    0.126669    0.0812734    0.0356275    0.0487442    0.0942569   -0.0137693   0.00873545    -0.075428
    0.041432   -0.0292163    0.0564863     0.058753    0.0246755    0.0021885    -0.106015    0.0290308
    0.170625     0.118074     0.188086     0.141805   -0.0439337   -0.0994037    -0.128504    -0.051832
  -0.0273278   -0.0529101    -0.033848    0.0232296    0.0193506   -0.0922696    0.0877719   -0.0432516
   0.0626982     0.066934     0.135297    0.0471275    0.0314087    0.0819137   -0.0289972    0.0247803
  -0.0695084   -0.0387512   0.00628129  -0.00621351   -0.0422327    0.0425971   -0.0915433  0.000259271
  -0.0847981   -0.0726812      0.02085    0.0534856   -0.0492486  -0.00607128   -0.0344715    0.0187401
  -0.0356777    -0.023276    0.0654882    0.0760574   -0.0119299   -0.0221291   -0.0680677    0.0969972
    0.124719   0.00665101     0.131096    0.0508023    0.0339726    0.0571701   -0.0728757     0.016378
   0.0767442    0.0635715     0.134314     0.135636   0.00831165    0.0310824    -0.100293  -0.00392852
   0.0935315    0.0574902    0.0604248    0.0257257    0.0321687    -0.119442    0.0518293    0.0300481
  -0.0316392     0.117061     0.112886    0.0203191    0.0476828    0.0134375   -0.0877635    -0.095795
   -0.128343    0.0471524    0.0179563   -0.0912334   -0.0471194      0.10749   -0.0404417  -0.00219228
  -0.0962123   -0.0826909    0.0142713    0.0173295   0.00811699    0.0689321   -0.0832374    -0.033612
   0.0342198   -0.0447356    0.0217583     0.046239  -0.00486398   -0.0612253   -0.0542531    0.0163258
   -0.012228   -0.0097586    0.0781348    0.0304287    0.0230756    0.0553584   -0.0615412   0.00683938
   0.0559245     0.036402    -0.015504    0.0683196    0.0731642   0.00956533  0.000552997    0.0189848
     0.01959   -0.0337789   0.00808676    0.0198084   -0.0133876    -0.053839   -0.0646154   -0.0281108
   0.0171346    -0.051163   -0.0738871    -0.060416    0.0298236   -0.0443598    0.0853034    -0.066744
  -0.0581512   -0.0802405   -0.0270918    0.0102775    -0.083448    0.0748894    -0.068624    0.0365312
    0.020164    0.0653462   -0.0593848    0.0403343    0.0203736    0.0197147   -0.0194944   -0.0701699
   0.0285106    0.0222349   0.00702905    0.0814401   -0.0654611  -0.00949642    -0.100834   -0.0105476
  -0.0547913   -0.0243048   -0.0171731    -0.039409    0.0181286   -0.0460863    0.0124408   0.00287721
  -0.0127358    0.0508508     0.105001    0.0473362   -0.0402512   -0.0309456   -0.0466091    0.0353865
  -0.0119054    0.0441128    0.0199773     0.008273    0.0383769    0.0419637    0.0324995    0.0153221
 -0.00740825    0.0629765   -0.0407849  -0.00465451   -0.0187951    0.0490594   -0.0705317    -0.024572
   -0.034721    0.0159958  -0.00409844    0.0181646   -0.0141198     -0.09872    0.0325836    0.0197221
     0.03973    0.0590764    0.0976297    0.0534659   0.00514115    0.0576676    -0.069346   -0.0110214
   0.0611545   -0.0398957    0.0571323     0.139758   -0.0452845  -0.00534783   -0.0623824   -0.0183346
    0.012006    0.0433029   -0.0193748    0.0171847  -0.00554765    -0.017523    0.0585344   -0.0225465
   0.0680823    0.0933986    0.0966669  0.000141203   0.00979579   -0.0394866    -0.105376   0.00947708
   0.0529941  -0.00885478   -0.0405508    0.0599254   -0.0239641   -0.0357381    0.0133389    0.0414503
  -0.0474408    0.0175478   -0.0474458   -0.0437519   -0.0602761    0.0942334  0.000577392   -0.0188118
   0.0740092    0.0430179 -0.000513407    0.0570952 -0.000516654    0.0203268   -0.0342804   0.00501582
    0.010412    0.0653116    0.0287592   -0.0793398     0.027496    0.0165857     0.111526  -0.00470852
   -0.076593   -0.0326179    -0.073011   -0.0540853    0.0339525    0.0724032    0.0229308   -0.0379046
 0.000264646  -0.00786613   -0.0596046   -0.0493924   -0.0519707   -0.0163792    0.0160837    0.0239674
   0.0198105    0.0726571   -0.0604884   -0.0827308    0.0590912   -0.0910026     0.141665   -0.0913545
   0.0748961    0.0323436     0.110984    0.0567092    0.0249765   -0.0463202   -0.0708701    0.0213425
   0.0368078  -0.00698237    0.0286942     0.124356    0.0283842   -0.0880186  -0.00639415    0.0517526
   -0.047556    0.0692908  0.000694081    0.0288257   -0.0454603    0.0779221    -0.109494   -0.0282945
  -0.0657084    0.0469495    0.0320511   -0.0516851     -0.04515   -0.0507528   -0.0306051    0.0545024
   0.0883619    0.0756309    0.0260411     0.116889  -0.00614773   -0.0398395    -0.107212   -0.0504808
  -0.0169508    0.0236854    0.0549914  -0.00974653    0.0273081   0.00328008    0.0086673   -0.0541164
   0.0228503    -0.133597    -0.068226    0.0156804   -0.0218404  -0.00191748    0.0874595    0.0392083
 0.000489499    0.0130922   0.00251933    0.0417871     0.024576   -0.0186622   -0.0380756    0.0577828
  -0.0597647    0.0147731   0.00626274   -0.0587778   -0.0183379  -0.00749611    -0.028651   0.00542026
   0.0942917    0.0280445    0.0288163    0.0643223   -0.0462798   -0.0724492  -0.00194163   -0.0172548
    0.068116    -0.109666    -0.045668     -0.01106     -0.05517  -0.00159038   -0.0112224    0.0944724
  -0.0211329    -0.125417    0.0210113   -0.0180439    0.0655189   -0.0212321   -0.0500873    0.0109268
   0.0189772     0.119072    0.0453573   -0.0605568    -0.008711   0.00249255   -0.0132847    -0.124542
  -0.0086755    0.0743342   -0.0526973    0.0422575    0.0250182   0.00538489    0.0602705    0.0376491
   0.0952744    -0.051392   -0.0145932   0.00819951   -0.0624109   -0.0888131    -0.068749     0.105482
   0.0166898    0.0214884   -0.0446965   0.00598565    0.0543403  -0.00892913   -0.0601143   -0.0395835
   0.0781422    0.0436949    0.0736672     0.087926    0.0416708    0.0561282    -0.151667    0.0189592
   0.0500675    0.0410806    0.0643412    0.0104342    0.0621477    0.0507459    0.0264528   -0.0339832
   0.0576629    0.0143178   -0.0341848    0.0471273   -0.0227146    0.0125561   -0.0378946   -0.0455629
   -0.206936    -0.112879   -0.0930152   -0.0516832   -0.0142254   -0.0178843     0.122135    0.0480598
 -0.00075504    -0.014708    0.0238191   -0.0144021    0.0318875    0.0139318    0.0170219    0.0316549
   0.0726062     0.111229    0.0529119    0.0481307    0.0296799   -0.0338911   0.00122565   -0.0665797
   0.0744506    0.0464619  -0.00446271    0.0118117    0.0193812   -0.0205755   -0.0155632    0.0331658
   0.0145721   -0.0378108    0.0640098   -0.0688463   -0.0459211   -0.0265295    0.0270798   -0.0299783
  0.00324601   0.00749144    0.0194722    0.0118952    0.0521237  -0.00416049   -0.0366122    0.0510211
  -0.0164027    0.0129428    0.0309345    0.0891981    0.0225554   -0.0380766     -0.02087    0.0543719
   0.0636467    0.0196096   -0.0608009    0.0656923    0.0327192  -0.00884117     0.036139   -0.0503519
  -0.0606892   0.00182768   -0.0221633   -0.0317023  -0.00382334    0.0220169  -0.00995456  -0.00184633
 -0.00982825  -0.00642891    0.0117024   -0.0373297    0.0365832   -0.0407544   -0.0571459    0.0370367
  -0.0330857   -0.0686505   -0.0591859    0.0139362   -0.0349974    0.0253984    0.0700667    0.0653252
   0.0170656   -0.0404325   -0.0288788    0.0329021   -0.0812302    -0.016453   0.00394863    0.0824119
  0.00934891    -0.088496   -0.0283231     0.127765   -0.0288795    -0.101545    0.0254019      0.10047
   0.0317911    -0.110686   -0.0692397   -0.0382514   -0.0110463 -0.000916263     0.143876   -0.0735803
   0.0389368   0.00594195    0.0735175    0.0791201    0.0287571   -0.0560114  -0.00470927   -0.0690574
    0.118413    0.0705822     0.064275     0.047869  -0.00236139   -0.0553164   -0.0853681   -0.0317441
  0.00154617    0.0125966   -0.0533398    0.0738543   0.00653581   -0.0508231    0.0892992   -0.0319324
   -0.028868    0.0691144   -0.0378254   -0.0803152   -0.0321615    0.0544384     0.048273   -0.0842421
  -0.0662566   -0.0367033    0.0026572    0.0435084   -0.0172311   -0.0153002   -0.0665035   -0.0333228
   0.0201265    0.0492229   -0.0530711   -0.0443852   -0.0283768   -0.0279364    0.0429371    0.0493397
  -0.0912409 -0.000650865    0.0639022   -0.0780688  -0.00407719  -0.00724606    0.0319221    0.0128747
   0.0225428   -0.0271366   -0.0480812   0.00525686    0.0358402    0.0198076     -0.04936 -0.000771453
   -0.023878   -0.0746708   -0.0319152   -0.0126478  -0.00793654    0.0485438  -0.00252402    0.0231537
   0.0511807    0.0154551    0.0762752    0.0476867   -0.0225185    0.0142648     0.052074  -0.00978165
  -0.0686002    0.0405649  -0.00778565    0.0225518    0.0220097   -0.0256334    0.0328372    0.0152879
  -0.0305345   -0.0323854     0.063672    0.0107486    0.0476618    0.0101002  -0.00954071  -0.00698898
    0.051195   0.00759426   -0.0125575    0.0597185    0.0104381    0.0209909   -0.0846598   -0.0532322
   -0.057032    -0.124726   -0.0489367     -0.05481   -0.0143882    0.0132237    0.0815825    0.0979917
   -0.113055    -0.050788   0.00227444    0.0168033   0.00826007    0.0285783     0.108835   -0.0328462
    0.102733    0.0821885    0.0946457   -0.0200152   0.00524031    0.0373254    -0.019627   0.00517958
    0.137324    0.0867916    0.0752101  0.000170376    0.0554014   -0.0885895    0.0822524   -0.0625018
    0.112701    0.0872563    0.0294524    0.0737439  -0.00470956  -0.00591082    0.0168951    -0.098175
  -0.0496283   -0.0143043   -0.0337388   -0.0789293    -0.036973   0.00589666    0.0692722   -0.0432069
   0.0205254    0.0293757    0.0258552   0.00710364   -0.0145776   -0.0479964   -0.0203195   0.00928739
   0.0167718   -0.0191412    0.0301781   -0.0187317    0.0174815    0.0536575   -0.0575706    0.0386271
    0.134858   -0.0159701     0.013289   0.00404314   -0.0010694  -0.00815545  -0.00521016    0.0354576
   -0.128456    -0.143565    -0.101448   -0.0133396   -0.0355568    0.0703326    0.0428909    0.0405398
  0.00488038   -0.0299446    0.0392702   -0.0165324    0.0345759   -0.0609371   -0.0341545   0.00708654
  0.00924398    0.0157514    -0.034264     0.076529    0.0708274   -0.0122808    -0.020465     0.033789
  -0.0521765    0.0102054    -0.020879   -0.0281308    0.0238253    -0.023629   -0.0508764    0.0955145
  -0.0753723    0.0382496   -0.0144608   -0.0183278   -0.0263904    0.0184465   -0.0310805    -0.056396
   0.0419846     0.110787     0.094991    0.0213345    0.0372947   -0.0239129    -0.115126   -0.0171795
  -0.0366923      -0.1183   -0.0749469   0.00177458    0.0134069    0.0220367   0.00567538    0.0428458
  -0.0324787   -0.0874797   -0.0157749   -0.0526451  0.000377233    0.0338044   -0.0273211    0.0484754
    0.106709    0.0261212    0.0573937    0.0366834    0.0392224   -0.0468294    0.0214925    0.0451458
   0.0100745   -0.0605559  -0.00143265   0.00554357   -0.0211741    0.0515379   -0.0200895    0.0703785
   0.0540576    0.0237985   -0.0090019   -0.0430409   -0.0145115    0.0565949    0.0403314   -0.0907663
  -0.0809975  -0.00594524   -0.0307561   -0.0254111   -0.0336456     0.060323   0.00363499    0.0607766
 -0.00280405  -0.00498437    0.0748294     0.021561    0.0213286   -0.0109193    -0.123078   -0.0201838
   0.0276727     0.208134      0.13015      -0.0334    0.0816898   -0.0471175    0.0584463    -0.186752
  -0.0737047    0.0406835   -0.0425799    0.0120135    0.0480487    0.0611398     0.017221   -0.0415412
   0.0479959    0.0526256    0.0780319    0.0759174   -0.0557263    0.0156803    0.0275888    0.0375991
  -0.0388713    0.0101743   -0.0674865    0.0249686   -0.0462656     0.048077    0.0659062    0.0191312
  -0.0377567   0.00954397    -0.044218    -0.059115   -0.0304421     0.100371    0.0372814   -0.0539886
  -0.0549841   0.00454827  -0.00628382    -0.114726    0.0262252     0.078199    0.0680772    0.0204608
  -0.0645181   -0.0423045   0.00842673  -0.00184566    0.0453703    0.0508811    0.0261624   -0.0236686
   0.0446894    0.0955603     0.031593    0.0184061   -0.0827308    0.0446837    -0.113245   0.00450384
   -0.191918    -0.147335    -0.042693   -0.0354725   -0.0592306    0.0863754    0.0935181   -0.0216359
   -0.177015    -0.123351    -0.056802   -0.0427506  -0.00383314    0.0287665   0.00368079    0.0852433
   0.0593827    0.0523101    0.0237312    0.0422333    0.0107432    0.0924279   -0.0966389    0.0256268
  -0.0789219    0.0750509     0.070546   -0.0111203    0.0289694    0.0205325    0.0449879  -0.00339817
    0.096365   -0.0549771   0.00636027    0.0756006   -0.0383808   -0.0178704    -0.055824    0.0586439
   -0.015399   -0.0426781  -0.00779311    0.0256527    0.0452225   -0.0266484   0.00847973    0.0151572
  -0.0794992   -0.0223246   -0.0411993   -0.0130731     0.024303   -0.0219014  -0.00193126    0.0470879
   0.0387503    0.0709759     0.089184   -0.0419313    0.0345303    0.0184716   -0.0763691   -0.0338209
   0.0627508    0.0520495    0.0509517    0.0399994     0.041943   -0.0353014    0.0849582   -0.0496574
   -0.044668   -0.0667715   -0.0201029    0.0740961   -0.0489663   0.00639346   -0.0238351    0.0175272
    0.121625    0.0414963   -0.0194917    0.0433799    0.0911791   -0.0101058    -0.028579   -0.0444629
   0.0829166    -0.048231  -0.00453783   -0.0330641   -0.0228639   -0.0222162   -0.0320684    0.0113246
   0.0313719    0.0122651   -0.0301531    0.0304438   -0.0674434   -0.0335557    0.0675177   -0.0169508
   0.0943968  -0.00620713   -0.0101502   -0.0218361   -0.0117261  -0.00452392    0.0435368    0.0515261
  -0.0420864    0.0588589    0.0434694   -0.0369122      0.03029   -0.0318702   0.00282604 -0.000400448
   0.0849625    0.0297722    0.0361186    0.0488497     0.054567   -0.0260573    0.0887231     -0.01787
    0.137845     0.101535    0.0208627   -0.0145299  -0.00403239   -0.0427072   -0.0562224   -0.0250801
    0.109787     0.176516    0.0107383    0.0356664   0.00313523    0.0226904   -0.0186141   -0.0920623
   0.0445828   -0.0250631    0.0158874  -0.00817641    0.0314916    0.0258782    0.0494409   -0.0348611
   0.0527759   -0.0411765      0.07286     0.033236     0.034719   -0.0485684  -0.00745339   -0.0180468
   0.0505333    0.0099158    0.0674927   -0.0323308   -0.0106773    0.0452141   -0.0856728   0.00540835
  -0.0509809    0.0237954    0.0678071    0.0359285    0.0515131  -0.00753008   0.00276463   -0.0695049
    -0.12877   -0.0701937   -0.0806457    -0.114089   -0.0367151    0.0702479     0.107883  -0.00180689
  -0.0498573   -0.0635594   -0.0107064   -0.0945417   -0.0572201    0.0821598   -0.0217911   0.00516375
   0.0338146  -0.00669513    -0.010558    0.0611189    0.0199575   -0.0385439   -0.0536999   0.00822984
    0.102463   -0.0477051   -0.0429047     0.075071    0.0264933   -0.0651484     0.161188    0.0261857
   -0.133012    -0.189398    -0.100752    -0.157371   -0.0298159    0.0568128    0.0532049   -0.0219956
  -0.0428631    -0.096619    0.0229514   -0.0200641    0.0217868   -0.0746347    0.0668424    0.0700015
  -0.0104676   -0.0360837   -0.0130491    0.0633595    0.0727405    -0.016627    0.0135138    0.0185528
   0.0624595    0.0200098    0.0140043    0.0286326   -0.0234655   -0.0403685  -0.00990878    -0.013062
   -0.131163   -0.0754324    0.0340442   0.00746133   0.00566878    0.0794614   -0.0195438  -0.00272056
   -0.004559   -0.0768436    0.0400718    0.0530215   -0.0897826    -0.024486    -0.129312    0.0959991
   0.0123159   -0.0531883    -0.117383   -0.0348551    0.0477162   0.00409357     0.109001  -0.00244095
   0.0363665   0.00629419    0.0862181   0.00775232  -0.00492875   0.00388875   -0.0914459    0.0485373
  -0.0487397     0.065872   -0.0849354   -0.0895088    0.0404202    0.0318634   -0.0226473   -0.0327574
   0.0890296     0.171078   0.00843145   -0.0457998    0.0199332    0.0010479    0.0623564     -0.12627
   0.0958511    0.0288021   -0.0324092   -0.0480019    -0.011414    -0.043326    0.0688304   -0.0202926
  0.00529724   0.00570601    -0.102208    0.0128164  -0.00534957    0.0193191     0.103816  -0.00674227
   0.0593826    0.0541822   -0.0280661   0.00604769   -0.0140447   -0.0688459     0.031561   -0.0352767
   0.0347064    -0.106522   -0.0310029     0.110319    0.0372023   0.00192937    0.0400447    0.0689868
  -0.0102209   -0.0879802    -0.109266    -0.051026   0.00379685   -0.0219039     0.111665  -0.00347589
-0.000770564    0.0424911   0.00214682    -0.014443    0.0714831    0.0172561    0.0304307   -0.0307458
  -0.0373964     -0.05733    0.0234255    -0.057915    -0.064118  -0.00550332    0.0741996    0.0194736
  -0.0177356   -0.0851256   -0.0110198   -0.0599349      0.02601    0.0178027   -0.0469932    0.0629639
  -0.0487986   -0.0294842    0.0224173    0.0209485    0.0150325   0.00987151   -0.0655725    0.0817009
  -0.0376125   -0.0135007  -0.00172983  0.000211561    0.0763679  -0.00230566    0.0172308   -0.0834318
 -0.00489404   -0.0332623   -0.0193895   -0.0146177   -0.0108718   -0.0781818    0.0707318    0.0275862
  -0.0456608   -0.0954064   -0.0838546    0.0287908   -0.0518342    0.0404969    -0.042973    0.0421511
  -0.0471557   -0.0923458    0.0117587   -0.0726593   -0.0305774   0.00693129    0.0490337    0.0281178
   0.0109554   -0.0164261    -0.132771   -0.0273793     0.097353   -0.0174376      0.13746    0.0272727
   -0.101587   -0.0021993   -0.0880444   -0.0807718    0.0518381   -0.0534906     0.124781  0.000390606
   0.0745169    -0.037293    0.0208572    0.0081515    0.0432861   -0.0860094   -0.0265008    0.0803943
    -0.10715   -0.0841555   0.00994223   -0.0711288    0.0286195    0.0140413   -0.0286388    0.0648149
   0.0528892   -0.0117181     0.116632    0.0526361   -0.0595393   0.00719771   -0.0502758    0.0644153
  -0.0048842   0.00946413   -0.0462428    0.0327308    0.0641783     0.026355    0.0222339    0.0015252
  -0.0832517    0.0103888   -0.0894823   0.00313686   -0.0133052    0.0392486    0.0169554   -0.0118771
   0.0215143   -0.0213922    -0.015865   -0.0325515  -0.00161435  -0.00834907   -0.0707541    0.0322892
  -0.0548693   0.00272074    0.0331634     0.045834   -0.0270536   -0.0258991    0.0276297    0.0459827
  -0.0943457     0.131289    0.0242221   -0.0478937   -0.0163243    0.0528583   -0.0464662   -0.0980635
  -0.0529423    0.0174346    0.0384718   -0.0716694   -0.0198908    0.0454252    0.0226353   -0.0365532
  -0.0233429   0.00750547     0.041164    0.0185461     0.013281    0.0601741    -0.120846   -0.0246718
 -0.00992645    0.0422424    0.0146824    0.0193527    0.0302586   -0.0530849    0.0361998   -0.0325677
  -0.0147636  -0.00227641   -0.0580551    0.0265442  -0.00888792    0.0641161     0.049361   -0.0412712
  -0.0104654   0.00429195    0.0136221    0.0694156   -0.0220279    0.0126446   -0.0498232    0.0236242
  -0.0164851   -0.0301969   0.00431515   -0.0145832   -0.0325239   -0.0645285   -0.0623286    -0.037351
    -0.07824  0.000852997   -0.0938913    0.0183522   -0.0343982  0.000593586    0.0245944  0.000668567
    0.121909    0.0822907     0.052557   -0.0622532    0.0891987   -0.0381848    0.0471078   -0.0608584
  -0.0596128    -0.110332    0.0271733  -0.00153507      0.01547    -0.041458    0.0264818    0.0440506
    0.016182  -0.00993275   -0.0487307    0.0130725    0.0620836   -0.0853975   -0.0112495    0.0570242
  -0.0579389   0.00803791   -0.0569662    -0.008151    0.0133276    0.0186337    0.0381596   0.00664555
  -0.0860255    0.0247281   -0.0653488   -0.0882106  -0.00240805    0.0405416   -0.0202749   -0.0735388
   -0.140442    0.0165478  -0.00246041  -0.00384425   0.00176676    0.0182359    0.0382822  0.000388131
    0.102897    0.0778885    0.0714196    0.0497686     0.060505   -0.0425373   -0.0388027  -0.00605935
   0.0705706     0.025802   -0.0371872    0.0271221    0.0111188    0.0113891   -0.0144339    0.0460326
  -0.0454658 -0.000620289    0.0287217    0.0453371  -0.00954026   -0.0639825    0.0479088  -0.00491053
  -0.0183894   -0.0698401   -0.0386153   -0.0113253    -0.036225  -0.00252442    0.0638676     0.019068
   0.0307693   -0.0501165    0.0543387    0.0717513    0.0231564   -0.0275239    -0.014857    0.0580319
   -0.100752  -0.00946283    -0.041579   -0.0872625     0.051274   -0.0471642    0.0240462    0.0434722
   0.0826858     0.218105   0.00745615   -0.0214434    0.0752181   -0.0224584     0.162024    -0.273451
   -0.018492  -0.00293636  -0.00588315   -0.0425017     0.077193   0.00471841    0.0401653   -0.0501292
  -0.0741137  -0.00114366   -0.0303728     0.014066    0.0242266    0.0716884   -0.0453822    0.0675013
     0.17841     0.069218     0.124377    0.0271477  -0.00412684   -0.0543748   -0.0515789   -0.0280631
  0.00710482    0.0938254   0.00359215    0.0343313    0.0264245    0.0129169    0.0108248   -0.0112078
  -0.0609951   -0.0410107   -0.0394894   0.00195267    0.0337676  -0.00123159    0.0209856    0.0093722
    0.021953   -0.0132139   -0.0116154  -0.00725822    -0.031058   -0.0284759    0.0088514   -0.0540585
  -0.0282827    0.0481715    0.0197869   0.00287004    0.0177275   -0.0133638   -0.0503834    0.0558596
  -0.0251379     0.031506   -0.0383331    -0.054958  -0.00687704   -0.0229871     0.113325    -0.069171
   0.0141101    -0.106789   -0.0516037    0.0472763    0.0492321    0.0268145   -0.0329381    0.0555666
   -0.087769   -0.0485138    0.0158312    0.0723804   -0.0895729     0.085663   -0.0126733    0.0577448
   -0.150833    0.0117739   -0.0641638   -0.0390793   -0.0363922    0.0655506   -0.0395779    -0.017411
   0.0574492     0.127484    0.0867414    0.0433781    -0.076217    0.0377236   -0.0430816   -0.0533994
   0.0424319   -0.0723691   -0.0620006    0.0181146    0.0313805   0.00446533    0.0747065    0.0405561
    0.040118    0.0354461    -0.111974   -0.0308694    0.0207662   -0.0358836     0.183349   -0.0253145
   -0.100819   -0.0472157     0.032926   -0.0787828     -0.01988    0.0664691  -0.00542187   -0.0024709
 -0.00909409    0.0397079   -0.0231613    -0.100282   -0.0242558    0.0368226     0.058039   -0.0959815
    0.103245   -0.0556653    0.0186439    0.0570407    0.0266924   0.00238985   -0.0512002     0.023459
  -0.0870883   -0.0702543    -0.102459   -0.0820839    0.0403756   -0.0443361     0.112259     0.044868
  -0.0108463   0.00769311   0.00372892    0.0192605    0.0276435    0.0206672    0.0503946     0.083172
   -0.159815   -0.0817657   -0.0950658   0.00240016   -0.0287998   -0.0395817     0.180378   -0.0203266
  0.00777321     0.078984    0.0245581    0.0410923    0.0331012   -0.0238424    -0.107723   0.00148364
   0.0561897   -0.0448762    0.0659046    0.0474854   -0.0112494  -0.00892814   -0.0301004    0.0107644
   0.0354012   -0.0382667    0.0495754    0.0307094   0.00831809  -0.00613008   -0.0484364    0.0575715
   -0.049835   -0.0612066   -0.0210316   -0.0286179   -0.0249309   0.00669163    0.0990643   -0.0150994
 -0.00884541   -0.0265707   -0.0189747    0.0114443   -0.0409564   0.00724928    0.0528248   -0.0117897
   0.0124206   -0.0250972    0.0296907    0.0483908  -0.00635283   -0.0578938    0.0231798   -0.0149582
   -0.107906    -0.022182    0.0205499   -0.0191165    0.0112833    0.0393639  -0.00434235    0.0184996
   -0.103909    0.0392757   -0.0281629   -0.0516386  -0.00564175    0.0102098   -0.0770049   -0.0520491
  0.00655674   -0.0562231  -0.00994478    0.0608995   -0.0582969   -0.0345611   0.00401555   0.00761992
   -0.124469    -0.035242   -0.0125807   -0.0626004  -0.00348601    0.0416086   -0.0279479   0.00383607
   0.0446635    0.0599211    0.0166405     -0.10555     0.108377    0.0544533     0.129481    -0.143522
   0.0356215   0.00203341   0.00342045      0.11579   -0.0518149    0.0757655    0.0164812    0.0475778
  -0.0864949     -0.10133     0.011268     0.022908   -0.0343756    0.0580057    0.0864461     0.033409
   0.0939666   0.00913186    0.0213825   -0.0337334    0.0739015  -0.00710656     0.010642    0.0310415
     0.15067     0.268042   0.00653457   -0.0172547     0.151891   -0.0464105      0.19331    -0.139325
     0.16383     0.102085    0.0959034     0.111594   -0.0238103   -0.0748625   -0.0521994   -0.0773444
   0.0739427    0.0747569  -0.00140457    0.0310107   -0.0514947   -0.0753797   -0.0200691   -0.0452862
   -0.168926    -0.102705    -0.122852  -0.00959047    0.0106318   -0.0340836    0.0275691    0.0501279
 -0.00144049   -0.0998637  -0.00597895  -0.00584598   -0.0155397  -0.00552247    0.0663005    0.0541396
   0.0206453    0.0430836    0.0133649     0.102925    0.0089612    0.0408452   -0.0313595    0.0229438
  0.00113763   -0.0377255    0.0276021    0.0635178    0.0538429     -0.10298    0.0477901   -0.0292187
  0.00444096    0.0479748   -0.0552964   -0.0494143   0.00872162    0.0674617  -0.00711213   -0.0540905
  -0.0323673     0.104623     0.076607    -0.028687     0.055117      0.03054    0.0690925    -0.101834
   0.0922331      -0.1162   -0.0105066    0.0901001   -0.0481438    0.0121023       0.1012     0.017245