  -0.0578267    0.0187536   -0.0135823   0.00577535
  -0.0544453    0.0282217    0.0625504   -0.0622244
  -0.0400178    0.0525708    0.0594556     -0.02653
  -0.0388511   -0.0510874    -0.025678   -0.0469017
 -0.00491416   -0.0320323   -0.0103341    0.0488962
   0.0182122   -0.0391262    0.0154318    0.0553897
   0.0813188    0.0360546    0.0208163   -0.0303888
  -0.0303697     0.029304     0.014718    0.0425016
  -0.0424527   -0.0413242    0.0255137    0.0558179
   0.0765885   -0.0464535    0.0178725    0.0558474
    0.047217    -0.045591   -0.0345434    0.0100545
   0.0914464   -0.0657521   0.00282153    0.0203467
   0.0304598    0.0415419    0.0161789   -0.0679992
  -0.0599827    0.0221944   -0.0274605   -0.0419206
  -0.0151484   0.00455451    -0.024687    0.0110564
   0.0202896   -0.0257037   -0.0128631    -0.033331
   0.0359494    0.0119884    0.0400089    0.0393551
  -0.0202626   0.00993765   -0.0146426    0.0557817
    0.037203   -0.0206613    0.0119064    0.0317951
   0.0103171 -0.000260134   -0.0092673    0.0230363
    0.060886   -0.0591501   -0.0448975   -0.0097079
 0.000874539   -0.0633795   -0.0693481    0.0727145
  -0.0440248    0.0518706  -0.00559378     0.014508
   0.0274079   -0.0215947     0.039019   -0.0400881
    0.041931    0.0215683   -0.0140874   -0.0133204
  -0.0405404   -0.0261677    0.0223978     -0.03471
 -0.00708925   -0.0343729   0.00119854    0.0126979
   0.0123824   -0.0443054    0.0596335   -0.0155527
  -0.0417493    0.0359708    0.0276449    0.0230952
   0.0289196   -0.0455085    -0.042441     0.092747
   0.0381461    -0.057965   -0.0563336  -0.00200241
  0.00939757  -0.00349046    0.0255657   0.00769335
   0.0352442    0.0140899   -0.0417737   -0.0833492
   0.0243148    0.0472134    0.0466933    -0.061604
    0.049364   -0.0556522   -0.0292944    0.0389176
   0.0118238    0.0235835     0.042175    0.0458163
   -0.061086     0.078316    0.0155098   -0.0944072
  -0.0372806   -0.0221737    0.0607597   -0.0889354
 -0.00225026    0.0254713   -0.0485585   0.00407254
   -0.032248   0.00821732   0.00314452   0.00685462
  -0.0208946   -0.0239785    0.0170809   -0.0144845
   0.0368221    0.0308611  0.000202945  -0.00916071
   -0.027757  -0.00776682    0.0791346   -0.0110231
  -0.0413127   -0.0563498    0.0531191  -0.00721829
  -0.0276688  -0.00625063    0.0462168   -0.0256411
   0.0285228    0.0335305   -0.0379441   -0.0295472
   -0.027713   -0.0415748  -0.00904593    0.0580456
-0.000303775   -0.0407874   0.00584672   -0.0260663
   0.0673086   0.00533716    0.0168567    0.0770982
   0.0504736    0.0159577   -0.0525786    0.0516947
  -0.0373497    0.0312081   -0.0609622    0.0467538
   0.0505906    0.0136601      0.03265   -0.0383706
    -0.04671     0.026527   -0.0348319   0.00862313
 0.000344233    0.0385756    0.0147645   -0.0291149
   0.0136021   -0.0592509  0.000279958   -0.0608748
   0.0379663  -0.00772666    0.0166533    -0.081269
  -0.0236099    0.0613662   -0.0335939   0.00470855
 -0.00779264   -0.0011557   -0.0569368    0.0251272
   0.0367198  -0.00519127   0.00439151      0.04159
  -0.0855182    0.0411106    0.0665876   -0.0421361
  -0.0703331    0.0291542   -0.0218934    0.0242106
  -0.0260719    0.0427152    0.0360026   -0.0859602
   0.0223491   -0.0441167     0.028004    0.0750979
   0.0373697   -0.0165219   -0.0260302    0.0292744
    0.050038  -0.00890471   0.00379433   -0.0220319
  -0.0505905    0.0269454   -0.0641859  -0.00617297
  -0.0658027   -0.0190621    0.0683381   0.00119268
  -0.0472796   -0.0204124   -0.0556903    0.0160762
   0.0201446    0.0621977    0.0374257   -0.0143477
   0.0110165   -0.0527214    0.0703903   -0.0762251
  0.00682687    0.0302195    0.0218043   -0.0102304
   0.0274906   -0.0355395   -0.0114883     0.041515
  -0.0253759    0.0279535   -0.0364876   0.00958224
     0.07265   -0.0377379   -0.0261966   -0.0479748
  -0.0622842   -0.0178232   -0.0202716   -0.0498522
   0.0244654  -0.00584015   -0.0607462    0.0737471
   0.0308813   -0.0508578    0.0234307   -0.0433967
  -0.0541486   0.00229162    0.0553191   -0.0375005
  -0.0521662    0.0133272   0.00347151   -0.0477468
   0.0324813     0.026729   -0.0101695   -0.0483749
    0.049107   -0.0185379    0.0504089   -0.0705774
   -0.047222   -0.0152048    0.0492257   -0.0823713
  0.00189891   -0.0256642   -0.0388408   -0.0346905
  -0.0827287    0.0502595   -0.0389438   0.00545389
  -0.0821006    0.0484441    0.0122799    0.0200269
  -0.0849829   -0.0213876  -0.00487672   0.00803965
    0.110783   -0.0411671   0.00524874    0.0326424
   0.0570146    0.0444328  0.000215282  -0.00542901
   0.0647297    0.0116381   -0.0135498    0.0640018
   0.0141971    0.0256748   -0.0643443   -0.0225645
   0.0548232     0.040813   -0.0164451    0.0495477
   0.0514085   -0.0117869    0.0458526   -0.0241665
   0.0129861    0.0204629     0.069046    -0.031332
  -0.0471307   -0.0219071   -0.0100548   -0.0340837
    0.067898     0.012861   -0.0400725   -0.0238152
   0.0700603   -0.0458515   -0.0235854   0.00834319
   0.0182886    0.0414527   -0.0450722   -0.0717463
   0.0738405   -0.0310836   -0.0640355    0.0521939
   0.0519351   -0.0392549   -0.0446449    0.0059734
  -0.0693734   0.00500501   -0.0574217  -0.00469153
 -0.00453745    0.0048032   -0.0604994    0.0316167
   0.0257527   -0.0184935   -0.0739874   -0.0128728
   -0.105251    0.0824501    0.0129841    -0.047397
 -0.00436362   -0.0191897      -0.0081     -0.05713
    0.057677  -0.00284422   0.00189482   0.00141696
  -0.0306907    -0.047329   0.00774264     0.040496
  -0.0439166    0.0137793  -0.00959812    -0.029038
  -0.0289375    0.0107731   -0.0215044  -0.00231306
  -0.0466922    0.0330109     0.040616   -0.0878955
  -0.0321546   -0.0258699   -0.0283784   -0.0140559
   0.0342574   -0.0311741    0.0199311    0.0325893
  0.00718189    0.0200133   -0.0283876    0.0071896
   0.0207149   0.00118577    0.0329258    0.0402608
  0.00392979    0.0311241    0.0232278   -0.0346789
  -0.0389131    0.0494992  -0.00739664   -0.0719462
   0.0202468   0.00165595   -0.0538941   -0.0190685
   0.0844324   -0.0794264   -0.0655021     0.101983
  -0.0228615    0.0687294    0.0636583    0.0242334
   0.0412468    -0.039412   0.00824878     0.118256
  -0.0389506    0.0907992    0.0329549   -0.0227357
   0.0389068    0.0433948   -0.0537463    0.0882959
   -0.036045    -0.023134   -0.0484697    0.0602369
  -0.0282062  -0.00052664   0.00209571    0.0710074
 -0.00675327  -0.00692009   -0.0494337  -0.00838467
  0.00614847   0.00655631   0.00722288   -0.0594699
   0.0352142      0.01995    0.0174321   -0.0472289
   0.0107825    0.0295251    0.0255643    0.0500936
  -0.0654392  -0.00112606    0.0250343   -0.0205108
 -0.00741802    0.0357449    0.0710006   0.00996044
   0.0363671   -0.0660577   -0.0605771    0.0391104
  -0.0280423    0.0539921     0.034917   0.00910703
  -0.0284418     -0.04706    0.0604176    0.0466892
  -0.0803133  0.000510365  -0.00491514   -0.0273651
  -0.0133883   0.00484864   -0.0182237    -0.057493
   0.0694726 -0.000977683   -0.0347649    -0.039552
   0.0772964   -0.0786158    0.0649771    0.0669312
   0.0210657    0.0183509    0.0494698    0.0410504
   0.0415286   -0.0567419    0.0495543  -0.00971498
  -0.0461711    0.0135784   -0.0227711   -0.0343495
  0.00399952   -0.0138735   -0.0104617   -0.0375263
  -0.0480649   -0.0355871   -0.0337921   -0.0529973
   0.0877164    0.0611651     0.037132    0.0025019
  -0.0419732   -0.0533065    0.0272619   -0.0518161
   0.0191171    0.0388276    0.0661687    0.0315098
  -0.0269519   0.00653717    0.0190163    0.0283935
   0.0774234   0.00633678    0.0511126   0.00609283
  -0.0766244    0.0107605   -0.0552093   -0.0173208
   0.0475717    0.0473754     0.028735   -0.0112039
  -0.0115164   -0.0107354    0.0347375   -0.0420297
   0.0433478    0.0597945    0.0459039   -0.0205555
  -0.0693592    0.0479407   -0.0074679    -0.086001
   -0.019497   -0.0170961   -0.0725388   0.00296654
    -0.07352   -0.0370914    0.0783943     0.034541
  -0.0158363   -0.0443399    0.0383473   -0.0433799
  0.00957471    0.0699594   -0.0266398  -0.00891479
   0.0331438    0.0286116   0.00950689   -0.0318195
 -0.00795366  -0.00653893  -0.00937668   -0.0098961
  -0.0363591   0.00828988    0.0525981    -0.030833
  -0.0679524    0.0515762   -0.0365688   -0.0107819
   -0.022032   -0.0402547    -0.023059   -0.0303132
  0.00880871  -0.00616138     0.048439   -0.0303062
  -0.0496062    0.0174683   -0.0530463   -0.0892884
   0.0192035   0.00928156   -0.0181978   -0.0526225
   0.0820551    0.0585133   -0.0348004   0.00966748
   0.0256815   -0.0397485  -0.00512405   -0.0393885
  -0.0478698    0.0247836    0.0391348    -0.030535
  -0.0223664     0.071914   -0.0283884    -0.068893
  -0.0622791    0.0758871   -0.0336176   -0.0442187
   0.0527871    0.0412055    0.0371202    0.0513868
  -0.0185315    0.0160638    0.0128888   -0.0136999
   0.0495641   -0.0503273     -0.01931    0.0382414
   0.0729512   -0.0322185    0.0340751   -0.0755066
   0.0148797    0.0218317   -0.0615079   -0.0538473
  0.00709245  -0.00898899   -0.0480988    0.0261297
   0.0416742   -0.0719454   -0.0159767   -0.0129871
  -0.0392854   0.00141631    0.0295715    0.0284351
 -0.00296574     0.048073   -0.0414503   -0.0275693
   0.0426394    0.0171917    0.0190025    0.0145578
   0.0558871   -0.0392706   -0.0289439   -0.0227066
    0.034996   0.00268704    0.0525404    -0.012804
   0.0119232    0.0367991    0.0091862  0.000194313
   0.0437564     0.080696   -0.0199389    0.0179789
   0.0500546   -0.0636803   -0.0583346    0.0143004
  -0.0394227    0.0549241  -0.00622699  -0.00111137
   0.0527832    -0.039361   -0.0288995     0.030789
  -0.0101904    0.0573444   -0.0313018   -0.0533725
  0.00504766  -0.00276651    0.0401857    -0.048713
  -0.0244204    0.0410018    0.0286227   -0.0638558
   0.0163259   -0.0121798    -0.034416 -0.000575445
 -0.00125699   -0.0188775   -0.0465732   -0.0108908
   0.0380303   -0.0628246   -0.0734546    0.0163052
  0.00344665     0.038287   -0.0552604    0.0198451
   0.0454704   -0.0738896   -0.0352976   -0.0133068
  0.00571834  -0.00911534   0.00416213   -0.0018523
  0.00737077    0.0277734   -0.0168357   -0.0280118
 -0.00640288   0.00326254    0.0207262   0.00945114
  -0.0557336   -0.0208581   -0.0511523    0.0453334
    0.068339    0.0322324   -0.0038259    0.0235567
  -0.0436241   -0.0169103    0.0333862    0.0373299
  -0.0524125   -0.0744982    0.0145599     0.107019
   0.0187446  -0.00015496     0.017663    0.0326657
  -0.0684341    0.0241767  -0.00196636    -0.098198
  -0.0593434   -0.0177217   0.00637798    0.0490861
   -0.036778   -0.0229347    0.0354768    0.0354918
   0.0628204    0.0456946   -0.0202259    0.0583015
   0.0484153   0.00732791   -0.0555931   -0.0694144
  -0.0135196   -0.0265506  -0.00920006     0.030908
  -0.0211355    0.0526276   -0.0242353   -0.0314454
   0.0276683   -0.0591308   0.00634039    0.0165803
  -0.0227804   0.00311571    0.0145581   -0.0495818
   0.0190481    0.0189844  -0.00308868    0.0242586
    0.101273  -0.00226009   -0.0504502    0.0197392
 -0.00191349   0.00706146    0.0630738  -0.00759164
  -0.0229833    0.0405964      0.00807   -0.0744769
   0.0223581   0.00856882    0.0281391   -0.0344497
  -0.0282559     0.017993    -0.034219   -0.0129427
  -0.0488723    0.0252046    0.0298642   -0.0538365
   0.0489413    -0.027182    0.0253433   -0.0393646
   0.0444587   0.00516299     0.047028    0.0197638
   0.0483808    0.0455175    0.0545675   0.00715334
-8.58693e-05    0.0493977    0.0352729  -0.00205962
  -0.0559843   -0.0012763    0.0571639   -0.0674814
   0.0405528    0.0384008   -0.0581982  -0.00251776
  -0.0757758    0.0355766   -0.0342729    -0.104482
  -0.0688286    0.0801009   -0.0122459   -0.0158861
   0.0392395    0.0102317   -0.0200828    0.0391482
  -0.0261534    -0.040041    0.0130585    0.0212919
 -0.00726697   -0.0661224   -0.0096508    0.0425819
    0.089155   -0.0115163    0.0375951    0.0220542
  0.00515615    0.0106852   -0.0368162   -0.0124367
  -0.0576281   -0.0383176   -0.0326935  -0.00465562
  -0.0562287    0.0453314    0.0547681   -0.0269156
   0.0113657    -0.060327   0.00758001    0.0748871
  -0.0396691    0.0133566    0.0508006   -0.0448398
 -0.00053852    0.0746145   -0.0160953     0.022375
   0.0456645   -0.0710269   -0.0614314    0.0211971
  -0.0368998   -0.0654117    0.0472971   -0.0132348
  -0.0561803  -0.00371766    0.0327119   -0.0605948
   0.0431952   -0.0536722    0.0254957     0.028435
  -0.0187839   -0.0190397    0.0499578    0.0385168
   0.0149136    0.0379433   -0.0263754   -0.0255312
   0.0369019    0.0118702    0.0480374   -0.0185772
  -0.0233505   -0.0555928    0.0565778  -0.00994044
    0.073952   -0.0214009   -0.0393378     0.069974
  -0.0583739   -0.0191265   0.00243269   -0.0021302
  -0.0505482    0.0117952    0.0147541    0.0354704
   0.0127541    0.0136832   -0.0423199   -0.0112908
   0.0199449    0.0389561   -0.0485236    0.0435651
  -0.0805552    0.0274195   -0.0301172    0.0347422
   0.0516024   -0.0215339   -0.0152991    0.0224551
  -0.0150191    0.0201491   -0.0522989    0.0145176
 -0.00460407   -0.0256224   -0.0646619    0.0157751
   0.0320753    0.0422839   0.00258692    0.0643858
   0.0301322    0.0172103   -0.0532144    -0.076605
   0.0107602    -0.044316   -0.0483865    0.0272954
   0.0806825    0.0387522    0.0138912    0.0376361
 -0.00486832   -0.0307887     0.017959    -0.111951
  -0.0092874   -0.0538034  -0.00321942    0.0533741
  -0.0453984    0.0642201   -0.0514518   -0.0587585
  -0.0273752    0.0188736   0.00791613   -0.0115398
    0.104416   0.00562039    0.0636572   -0.0175448
  0.00858985   -0.0443897  -0.00992843   0.00233548
  -0.0156952   -0.0325707    0.0339786   -0.0355604
  -0.0758283    0.0451235       0.0383    0.0269507
   0.0681767    0.0145654   -0.0191888    0.0441307
    -0.12472    0.0222635  -0.00598953   -0.0615321
  -0.0372973    0.0193142    0.0181658     0.029923
   0.0590135    0.0400851   -0.0261913   -0.0561386
   -0.033202    0.0367619    0.0548233    0.0246847
  -0.0509861   0.00479076   -0.0317511    0.0114891
  0.00751902   -0.0599699   -0.0807274    0.0886896
  -0.0214431    0.0169281   -0.0213078  -0.00310039
  -0.0014936  0.000504635  -0.00761026      0.05923
    0.042616   -0.0389465    0.0735595   -0.0648609
   0.0064109    0.0575458   0.00985207    0.0110464
   0.0712231  -0.00609347    0.0273279   -0.0126051
    0.083456    0.0308439    0.0114262    0.0268325
  -0.0268594    0.0733989    -0.037542    0.0432494
   0.0174299   -0.0371715    0.0470247  0.000645167
   0.0449917    0.0215883     0.064404   -0.0218456
   0.0184956   -0.0429701    0.0153168    0.0877162
   0.0246532   -0.0320228   -0.0455752   -0.0809851
   -0.023516    0.0749004    0.0456361  -0.00848998
    0.022774   -0.0837645   0.00823525    0.0425267
   0.0168656    0.0217129    -0.042594     -0.05978
  -0.0832175   -0.0460663    0.0756708   -0.0944563
   -0.040746    0.0561848    0.0495556   -0.0878238
  -0.0340181    0.0366553    0.0325002   -0.0510538
  0.00867495     -0.03797  -0.00765557    0.0293275
  -0.0164676    0.0415484    0.0642468   -0.0245018
  -0.0301232   -0.0380367    0.0434503   -0.0614415
  0.00411615    0.0137477   0.00943841   -0.0660806
   0.0212563    0.0709081  -0.00770337     0.047651
    0.012796 -0.000651476    0.0276982   -0.0220847
  -0.0256156   0.00425848   -0.0426819     0.054151
   0.0377799    0.0302355    0.0362247   0.00827826
   0.0135228    0.0351946   0.00725598    0.0823576
-0.000992924   -0.0807394    0.0466664    0.0295718
  -0.0246186     0.014269   -0.0368403   -0.0222236
   0.0202369    0.0203138     0.030227    0.0255426
 -0.00379198    0.0286317   -0.0466187   -0.0515436
   0.0446554    0.0217375   -0.0330808   -0.0563488
  -0.0438732   -0.0203246   -0.0527528  -0.00356296
  -0.0415812   -0.0460855    -0.018704    0.0456889
   0.0379401   0.00814482    -0.070271    0.0358425
  -0.0358146   -0.0308066   0.00749386   -0.0518307
  -0.0312055    0.0448515   -0.0436323   -0.0111045
   0.0310459   -0.0201733     0.013287    0.0226664
  -0.0398721   -0.0489928    0.0452832   -0.0660053
  -0.0273873   -0.0374968   -0.0392791  -0.00255708
   0.0182182   -0.0744476  -0.00705259   -0.0456451
   0.0296577   -0.0157313   -0.0567611     0.102624
  -0.0410914   -0.0201848   -0.0315391   -0.0155035
   -0.101755    0.0731885   -0.0159592   -0.0465819
   0.0799881  -0.00988196   -0.0576146    0.0368995
   -0.062319    0.0543182   -0.0184716    0.0493678
  -0.0374814   -0.0502178   -0.0428176    0.0492599
  -0.0163971   -0.0259493    0.0213909   -0.0477232
   0.0704837   -0.0139249    0.0366865   -0.0413798
   0.0361413   -0.0418889    0.0187639   -0.0337875
    -0.04074   -0.0540271     0.064453     -0.10267
  -0.0583763  -0.00295675     0.025145   -0.0396994
   0.0274082    0.0623497   -0.0376387    -0.010102
   0.0109485   -0.0689184    0.0612021   -0.0120352
   0.0107011   -0.0409281   -0.0225606   -0.0205775
    0.041437   -0.0303368   -0.0267747   0.00318951
  -0.0282692    0.0305946    0.0400369    -0.062621
  -0.0200726   -0.0581753   -0.0651278    0.0339844
    0.045051  0.000232845   -0.0438028   -0.0700091
   0.0465303   0.00135808     0.036367    0.0536483
 -0.00764604    0.0564485    0.0662509   -0.0932665
  -0.0790763    0.0260135   -0.0024899   -0.0807111
   0.0398305   -0.0638862    0.0438123   -0.0101793
   0.0112558   -0.0501559    0.0715243   -0.0421999
   0.0268077    0.0231242    0.0287583   -0.0230127
 -0.00720504    0.0238504    0.0302038   -0.0360908
  -0.0351034   -0.0134854    0.0279809    0.0240078
   0.0138546   0.00197249   -0.0420762   -0.0169524
   -0.082644   -0.0216201    0.0247242    -0.012392
  -0.0101875    0.0215819   -0.0140103  0.000243225
  -0.0793526    0.0610889   -0.0389892   -0.0685609
   0.0150609  -0.00358129   -0.0470594    0.0238992
   0.0382969   -0.0905171  0.000564113    0.0563808
  -0.0122064   -0.0665365   0.00540324    0.0359959
   0.0984567   -0.0464666   0.00149869    0.0132018
   -0.010379    0.0141282    0.0395277   -0.0341209
   0.0415852    0.0219152   0.00873341    0.0344848
  -0.0515748  -0.00154205    0.0313225   -0.0739969
   0.0643443    0.0470322   -0.0227242  0.000624267
   0.0254048   -0.0186385    0.0078673    0.0333067
   0.0752344  -0.00592443   0.00678842   0.00447432
 0.000217863    0.0889614    -0.018338   -0.0886542
   0.0791006    0.0510028   -0.0438271    0.0701957
  0.00735477    0.0181588     0.029103   0.00259328
  -0.0833818   -0.0366215   -0.0467012   -0.0228539
  -0.0962481   -0.0230655    0.0275328   -0.0321629
  -0.0383798    0.0394923   -0.0651062   -0.0268989
  -0.0256338    0.0464583    0.0471076    0.0587859
   0.0132402   -0.0282253    0.0116062    0.0576208
   0.0551487    0.0115093   -0.0230005    -0.039767
  -0.0639796   -0.0245077    0.0175405    0.0254792
  -0.0408286   -0.0624656    0.0216725    0.0542101
  -0.0598288    0.0758546    0.0373097   -0.0160036
  -0.0340499   0.00896651    0.0538854     -0.10237
   0.0724176   -0.0687533   -0.0119742   0.00939343
 0.000596434 -0.000772081    0.0449887   -0.0351013
  -0.0632479   -0.0570954     0.025422    -0.017391
  -0.0417579    0.0126675   -0.0202323    0.0334551
   0.0707299   -0.0445891    0.0446443    0.0156909
  -0.0157429   -0.0170463   -0.0372807    0.0432105
  0.00572599   -0.0310427    0.0211382  -0.00497077
  0.00682376    0.0217494   -0.0464804    0.0492057
 -0.00248194  0.000157586    -0.044442    0.0393344
  -0.0283459   -0.0231184   -0.0556464  -0.00687345
  -0.0110111    0.0421223    0.0134855   0.00359854
  -0.0261478    0.0463448    0.0208957   -0.0485818
 -0.00511403    0.0637089    0.0691139   -0.0196468
    0.032916    0.0338651  -0.00497699   -0.0173807
  -0.0531649   -0.0101595    0.0242672   -0.0710888
   0.0502504     0.024747   -0.0271446   -0.0317355
  -0.0285288   -0.0626492    0.0341634   -0.0299093
   0.0192552    0.0228997    0.0598404  -0.00416423
 -0.00945457    0.0291788   -0.0209517   -0.0107031
   0.0320833   -0.0535002   -0.0415138   -0.0330381
   0.0200758   -0.0595861    0.0233787    0.0235876
  -0.0377439    0.0587399    0.0266775   -0.0609775
  -0.0514202   -0.0308235    0.0293906    0.0154779
 -0.00337042   -0.0675147    0.0316764    0.0233757
   0.0230371    0.0326303     -0.02401    0.0703369
   0.0247958   -0.0188495   -0.0333088    0.0198652
  -0.0366855    0.0165722   -0.0599402    0.0712064
  -0.0256576   -0.0573688   -0.0394537  -0.00625457
-0.000388323   -0.0075089   -0.0637742  -0.00654636
  -0.0385768 -0.000214412    0.0476775   -0.0149521
    0.013569   -0.0255082   0.00239145    0.0628155
  -0.0507743    0.0161597    0.0349559  -0.00634169
   0.0224024   -0.0494289  0.000456749     0.032301
   0.0155557    0.0123696   -0.0589937   -0.0247083
   0.0167742   -0.0332502    0.0580254    0.0304946
  -0.0138885   -0.0273949   0.00308827   -0.0191861
  -0.0468072    0.0613946   -0.0427042   0.00126003
   0.0179308    0.0151073    0.0264312   -0.0574066
   0.0476542    0.0748377    0.0287032  -0.00918897
    -0.02813    0.0180591      0.03035   -0.0907371
  -0.0366124    0.0397763    0.0156238    0.0471601
 -0.00138905    0.0375559   -0.0233624   -0.0768058
 -0.00509676   0.00904052   0.00372399   -0.0559988
   0.0550119     0.062567    0.0342092   -0.0340128
  -0.0342681   -0.0071497   0.00154113    0.0140856
  -0.0334457     0.015116    0.0304438   -0.0181083
 -0.00635178    0.0280733   -0.0458263    0.0101412
  -0.0502314 -0.000563487  -0.00738979    0.0364851
   0.0529706   -0.0308714    0.0154865   -0.0551297
 -0.00971103   -0.0013937    0.0177109   -0.0805047
  -0.0260854    0.0294346    0.0287628   -0.0687865
  -0.0176551    0.0164923  -0.00876723    0.0233163
   0.0626152   -0.0279047   -0.0480079   -0.0252505
 -0.00491085    0.0400291   -0.0185236    0.0281888
   0.0380204   0.00948196   -0.0682636   -0.0287299
  -0.0301432   -0.0480946  -0.00918431   -0.0607725
  -0.0305711   -0.0820756   0.00644467    0.0246845
   0.0389342   -0.0565653   -0.0577628   -0.0407133
  -0.0769546   -0.0587984   0.00136961    0.0464302
    0.013305    0.0270089    0.0623743   0.00329541
  0.00513155   -0.0156869   -0.0631645    0.0509234
  0.00158265   0.00477182   -0.0330025    0.0325323
  -0.0891492   -0.0094669   0.00180571   -0.0187614
   0.0478398    0.0288709    0.0396629    -0.068699
   0.0103212   -0.0671379   -0.0248142   -0.0109701
   0.0238224    0.0284897   -0.0266442   -0.0285468
 -0.00547226    0.0272195    -0.011917   -0.0166991
   0.0255128    0.0394371    0.0399201  -0.00906332
  0.00714704   -0.0181536   -0.0534389    -0.021409
 -0.00767531    0.0187758   -0.0575394    0.0443081
   0.0140844    0.0220607   -0.0314339   -0.0138929
  -0.0021719   -0.0213677    0.0454489   -0.0294926
   -0.068326   0.00550091   -0.0388216   -0.0757915
   0.0261169   -0.0600378   -0.0219086    0.0362268
  -0.0694581  0.000328528    0.0196792   -0.0251502
  -0.0053715    0.0726093    0.0251726   -0.0113736
   0.0478967    0.0400944   -0.0202251   -0.0405621
   0.0137032    0.0636598    0.0439332   -0.0179916
   0.0567224   -0.0130472   -0.0286703   -0.0164892
 -0.00326108   -0.0481389    0.0548477  -0.00754446
  -0.0133397  -0.00634102  -0.00826833   -0.0190959
   0.0744296   -0.0645025    0.0560946   0.00133689
   0.0211978 -1.18714e-05   -0.0325597    0.0532174
  -0.0275159    0.0312694    0.0162655  -0.00480197
  0.00466336    0.0489295   -0.0242542   -0.0412406
  -0.0633874   -0.0478175   -0.0145283   -0.0622354
 -0.00554116    0.0199934    0.0667661    0.0349168
  0.00314142   -0.0502441   -0.0595631   -0.0284655
   0.0463602    -0.020622   0.00942638   -0.0354711
   0.0761104  -0.00258465   -0.0245505    0.0840869
   -0.129129     0.049874    0.0351621   -0.0642044
   0.0255734    0.0712769    0.0542971    0.0226359
  -0.0192143   -0.0520104    0.0056995    0.0570755
  -0.0265204  -0.00936844   -0.0277098   -0.0289992
   0.0283549    0.0108899    0.0164635    -0.048454
    0.013331   -0.0555489    0.0405916    0.0627607
   0.0293146    0.0657726    0.0256221    0.0186742
   0.0221142   -0.0401199    0.0624135    0.0275247
  -0.0592688   -0.0763081   -0.0117235   0.00135087
  -0.0151838   -0.0417501    0.0368686   -0.0412285
   0.0269205   -0.0910648   -0.0633827    0.0637335
  -0.0383791    0.0304686    0.0339014    0.0575558
   0.0373955   -0.0150643    0.0258898   -0.0262354
   0.0594751   -0.0266019   -0.0178244    0.0575908
    0.015434    0.0287239   -0.0415999    0.0825543
  -0.0382599     0.059273    0.0082424   -0.0924336
  -0.0892385    0.0125215   -0.0231964   -0.0602537
  0.00993379   0.00730056   -0.0174281    -0.055689
   0.0307282    0.0178608   -0.0545937    0.0464509
    0.047702    0.0733083   0.00813168    -0.025062
   -0.104602    0.0495339   0.00611984   -0.0501477
   0.0252903   -0.0555356    0.0242874   -0.0178831
   0.0611114   -0.0410782   0.00625137    0.0769688
 -0.00321097   -0.0351076   0.00696047   -0.0182496
  -0.0386582    0.0525303   -0.0404997   -0.0117782
  -0.0162791    0.0414896    0.0293436   -0.0661338
   0.0171336 -0.000667953    0.0688429    0.0145178
    0.078325   -0.0510906   -0.0933095    0.0331015
   0.0118812   -0.0451257    0.0327264   -0.0144378
   0.0547784    0.0253881   -0.0338062     0.108891
  0.00194019   -0.0561634  -0.00269341   -0.0119269
   0.0274517    0.0361599    0.0121539    0.0159273
  -0.0111004    0.0246393   -0.0412314    0.0243131
   0.0674999   -0.0255089   -0.0562873   -0.0461459
   0.0367381    0.0576247   -0.0544374   -0.0427996
  -0.0257918    -0.027635     0.035793    0.0508959
 -0.00847616   -0.0265973   -0.0497055   -0.0625723
  -0.0294965    0.0525535    0.0356026    0.0391881
   0.0214862    0.0126006     0.048259    -0.019469
 -0.00801775  -0.00297765     0.003893    0.0108048
   0.0229455   -0.0612909    0.0163559   -0.0337529
 -0.00348126     0.015112    0.0390861   -0.0427543
   0.0298363   -0.0399973   -0.0364718  -0.00295194
  -0.0625406    0.0339431  -0.00489699   -0.0254446
  -0.0351021   -0.0220077   -0.0395566  -0.00386059
  -0.0231113   -0.0637687   -0.0120064   -0.0237758
   0.0419008   0.00506722     0.040691   -0.0129754
   0.0160113   0.00341318   -0.0197019     0.045071
   0.0582176  -0.00126243   -0.0169094   -0.0428806
   0.0263566   -0.0445519    0.0620055    0.0509494
  -0.0155099    0.0098661    0.0505925  -0.00269649
   0.0672456   -0.0286863   -0.0161059      0.04913
  -0.0326789   -0.0318788  -0.00386782    0.0342191
   0.0343433    0.0578578   0.00161429   -0.0294137
    0.014516   0.00838807   -0.0500089   -0.0288122
  -0.0388019    0.0736644    0.0282905    -0.066278
  -0.0624527    0.0207128    -0.033355   -0.0084639
  -0.0375708   -0.0757727   -0.0679711    0.0581034