   0.0289789    0.0274507    0.0748859   -0.0872345
   0.0842591   -0.0453808   -0.0489592    0.0490635
   0.0255438   -0.0395941   -0.0316608   0.00502166
  -0.0256177   -0.0320795    -0.045862   -0.0204678
   0.0367271   -0.0013547   -0.0452806    0.0233917
 -0.00660519   -0.0236923    0.0293044   0.00452212
   0.0165483   -0.0664759   -0.0062319    0.0511645
   0.0367471   -0.0366968    0.0126102   -0.0600731
  -0.0155306   -0.0265731    0.0224613  -0.00261263
  -0.0832071    0.0441859     0.004345   -0.0686101
   0.0421512   0.00901189     0.022734   -0.0318885
  -0.0259909   0.00456335   -0.0777527   0.00405886
   -0.100748   -0.0119347    0.0113429   -0.0521096
   0.0715046    0.0437817   -0.0433644   -0.0285133
  -0.0581299      0.06451   -0.0219648    0.0444506
   0.0126664    0.0644394   -0.0605125    0.0414517
  -0.0123825   0.00181901    0.0348782   -0.0117167
   -0.024108     0.044148     0.064256   -0.0107823
   0.0937379    0.0458605    0.0361138  -0.00576521
 -0.00244143    0.0463559   -0.0488368   -0.0389806
   0.0764117   -0.0275101   -0.0132577     0.103917
   0.0111261   -0.0364221   -0.0119834   0.00208261
   0.0399471    -0.057711    0.0497778  0.000215003
  -0.0484622   0.00404048   -0.0122802    0.0470668
  -0.0244578    0.0242311   0.00748599    0.0390066
   0.0442174    0.0323862  -0.00982189    0.0342756
  0.00248733   -0.0565647   -0.0043102     0.042365
  -0.0110827   -0.0281355   -0.0467346    0.0420316
   0.0992826   -0.0861456   -0.0250688   -0.0546731
   0.0313532   -0.0206301    0.0300457   -0.0333536
   0.0559545   -0.0681076   -0.0708524   -0.0167761
   0.0801056   0.00681856   -0.0790719   -0.0227453
  0.00985822   -0.0225245    0.0456404    0.0278934
  0.00542303  -0.00855368   -0.0290824    0.0178817
    0.129879    -0.011652   -0.0249277    0.0481007
  -0.0307404    0.0432576   -0.0124671   -0.0538574
  -0.0863897    0.0293333   -0.0548894   -0.0206838
  -0.0177976     0.046048    0.0439001 -0.000611006
  -0.0627614   -0.0454733   0.00667795   -0.0107626
   0.0441434    0.0660328    0.0315285   -0.0396962
   0.0407405   -0.0120585   -0.0565945    0.0165777
   0.0469897    0.0245244   -0.0354403    0.0854597
   0.0845185   -0.0165211    0.0262876    0.0468675
   0.0182291    0.0148194    -0.013695    0.0548821
 0.000550768   0.00794431  -0.00484185   -0.0558461
   0.0730568   -0.0296004    0.0345789    0.0706354
  -0.0486891    0.0154782    0.0482513   -0.0155219
  -0.0110189   -0.0302031   -0.0346356   -0.0101437
   0.0443696   -0.0610246    0.0043676     0.048184
  -0.0137499  -0.00292021   0.00168914   0.00621893
 0.000270973   -0.0561979   -0.0147245     0.025683
  -0.0381811    0.0429745   -0.0193956   -0.0616807
   0.0206066    0.0473933    -0.051632    0.0332338
   0.0888192   -0.0123479    -0.014697      0.06757
   0.0745513   -0.0524839  0.000387849    0.0735327
   0.0842845  -0.00378484   0.00791306    0.0198167
   -0.044425   -0.0531134     0.033072    0.0441147
   0.0144632  -0.00341347   -0.0523115    0.0362287
    0.054598    0.0153492    0.0231767     0.067757
  0.00839066   -0.0682744   -0.0581922    0.0744936
  0.00201345      0.05018    0.0313469    0.0781809
 -0.00588246   -0.0611885     0.065245   0.00879572
  -0.0134214    0.0302327   -0.0412359   -0.0270923
   -0.065396   -0.0251219   0.00611493     0.021857
  0.00168093   -0.0126972    -0.018386   -0.0149568
  -0.0463514    0.0182735    0.0236032   -0.0134358
  -0.0561106   -0.0211227    0.0354624    0.0419705
  -0.0794261   -0.0364348  -0.00373127   -0.0528313
  -0.0480881    0.0379898  -0.00107524   0.00809184
  -0.0134096  -0.00035066   -0.0573363    0.0100305
  -0.0168519    0.0485545     0.064357    0.0565303
   0.0660807    0.0358991   -0.0207087    0.0394015
  -0.0461792   -0.0257733   -0.0217041   -0.0572469
  -0.0478836   0.00222813   -0.0107352    0.0141755
   0.0182696    0.0139968      0.05883   -0.0389484
  -0.0941072    0.0781624    0.0322629  -0.00857448
  -0.0468716    0.0601652  -0.00421291   -0.0278027
   0.0387308   -0.0617884    0.0314987    0.0810045
  -0.0744398   -0.0300079    -0.069124    0.0412345
   0.0329063   -0.0367704   -0.0284109    0.0173996
  -0.0644736    0.0409973   -0.0287406   -0.0411154
  -0.0382304   0.00299643    0.0330286   -0.0671495
  -0.0305976    0.0371239  -0.00301986    0.0282929
   0.0228458   0.00862917  -0.00218765   -0.0709733
  -0.0180813     0.017908   -0.0267106   -0.0179022
 -0.00651106   -0.0392991   -0.0592553   0.00970462
   0.0460566   -0.0485774    0.0761589   -0.0240708
   0.0154019   -0.0695273   -0.0654505      0.05132
  -0.0245043    0.0301761   -0.0276511   -0.0156314
   -0.136614    0.0786975    0.0632214    -0.139667
  -0.0329964   -0.0393013    -0.065907    0.0558656
  -0.0302456    0.0148796    -0.051957   -0.0274178
  -0.0241383    0.0620506    0.0183899   -0.0300555
  -0.0201965   -0.0340685   -0.0206094    0.0196566
  -0.0874701   -0.0557954    0.0479464    -0.101732
    -0.02089   -0.0241567    0.0257776     0.045897
   0.0305449    0.0192194    0.0191163    0.0108857
   0.0329274   -0.0159067   -0.0553221   0.00725942
   0.0151022   0.00687088   -0.0314371   -0.0262528
  0.00525683   -0.0346943   -0.0272002   -0.0385766
  -0.0557202   -0.0508602   -0.0217922  7.11294e-05
  0.00490501   -0.0380252    -0.107296    0.0989289
  -0.0171519  -0.00338265    0.0510025    0.0126991
  -0.0332386   -0.0307029    0.0132826    0.0623468
    0.012721    0.0461061    0.0169391   -0.0155963
  -0.0263711    0.0431628   0.00742959   -0.0282674
  -0.0451007   -0.0472055   -0.0144706   -0.0125218
 0.000280845    0.0344349   -0.0472174    0.0162814
  -0.0465698    0.0649682    0.0126321   -0.0600578
   0.0391333   -0.0172011    0.0140572   -0.0528408
  -0.0255839    0.0465963   -0.0326908   0.00607125
   0.0122392 -0.000971218    0.0139376    0.0466793
   0.0914795    0.0371273   -0.0442571   -0.0513955
     0.01186    0.0628772    0.0402405   -0.0456627
  -0.0714634   -0.0220914     0.057723    0.0659265
  -0.0107141   0.00707701   -0.0485046    0.0350959
  -0.0551082   -0.0174448    0.0669655    -0.133063
    0.075857   -0.0396334    0.0282354    0.0583151
  -0.0122072    0.0417855  -0.00180834   -0.0340772
  -0.0573507    0.0732759    0.0662473    -0.011862
   0.0103628   -0.0637947   -0.0138494   -0.0245343
  -0.0915381   0.00384879    0.0404075    -0.131653
   0.0192282 -0.000279457   -0.0669337    0.0830618
   0.0634221    0.0498425   -0.0519199   0.00478339
  -0.0396755   -0.0197645    0.0417854    0.0355572
   0.0801724    0.0175214  -0.00430079   -0.0140758
   0.0993377   -0.0122107   -0.0501966    0.0638148
    0.030409   -0.0394528  -0.00967012    0.0337358
  -0.0769984    0.0916173    -0.037062    -0.102617
   0.0710885    0.0128147   -0.0529744    0.0513139
  -0.0121145   -0.0211524    0.0319106     0.030557
   0.0617011    0.0524063   -0.0189223    0.0529847
   0.0230751    -0.045883    0.0118257   -0.0195938
   0.0325419   0.00750216    0.0507636   -0.0363014
   0.0894058  -0.00641364    -0.065708   0.00165901
  -0.0322264    0.0698242   -0.0322732     0.045393
 -0.00744698   -0.0406098   -0.0342907    0.0133678
   -0.048008   0.00268657    0.0102078    0.0401956
   0.0780473    0.0217196    -0.030666   0.00679319
  -0.0538666    -0.050983    0.0143864  -0.00197644
   0.0275146    -0.093082   -0.0291434   -0.0335407
  -0.0120477    0.0327097   0.00952094   -0.0382225
   0.0462074    0.0434638   -0.0455256    0.0088193
   0.0172806    0.0230882   -0.0361798    0.0361499
   0.0303284    0.0069546   -0.0148941    0.0117761
  -0.0239009    0.0368556    0.0555384    0.0495536
   -0.043437    0.0400879    0.0265491   -0.0502697
  -0.0641225    0.0462266   -0.0428163   -0.0339083
   -0.062844   -0.0651398    0.0276887   -0.0272942
  -0.0456485     0.010095    0.0733675   -0.0010146
  -0.0783591    0.0362298   -0.0424181    -0.102883
  -0.0433864   -0.0420227   -0.0402242    0.0631625
   0.0577483    0.0174669    0.0163995   -0.0272809
   0.0576453   -0.0500495   -0.0564128    0.0614081
  -0.0247841   -0.0439321  -0.00518366    0.0661662
  -0.0363278   -0.0765229   -0.0225138    0.0165122
   0.0479794    0.0190986    0.0208024    0.0864485
  -0.0599583    0.0192016    0.0258496  -0.00198672
  -0.0115574   -0.0559126   -0.0758691    0.0487388
   0.0450194   0.00998292    0.0365309   -0.0645545
   0.0566669   -0.0702322    0.0145299    0.0372712
   0.0237585   -0.0220465   -0.0518331    -0.108647
    0.115405     0.056919   -0.0320084    0.0458157
   0.0839974   -0.0351332   -0.0361151    0.0482095
    0.100068   0.00215645   0.00442352     0.101805
   0.0842399    -0.075541  -0.00979889   -0.0106023
  -0.0755284   -0.0257526   -0.0139655   -0.0106636
   0.0299291   -0.0149499    0.0627152   -0.0143901
   0.0657746    0.0113839   -0.0399468   -0.0381092
   0.0812977    -0.104966   -0.0202191    0.0395713
  -0.0856948    0.0230872    0.0462415    -0.089359
   0.0789489   0.00288464    -0.051627    0.0161898
   0.0352472    0.0626859    0.0532633   -0.0055535
  -0.0323288    -0.040189     0.013333   -0.0290956
  -0.0506681  -0.00035979  -0.00785768   -0.0362408
   0.0425971    0.0409578   -0.0107367    0.0326391
  -0.0536952   -0.0634962     0.042433    0.0547938
   0.0527456   -0.0503544   -0.0552718   0.00354862
   0.0154572     0.013911   -0.0148548   -0.0567209
  -0.0662314   -0.0273959   -0.0150256    -0.029668
   0.0773961    0.0521321   -0.0476807    0.0343503
     0.16848   -0.0214029   -0.0491885   -0.0180422
 -0.00151236  -0.00750449    0.0338295    0.0563944
  -0.0117167    0.0122548     0.020017   -0.0655614
   0.0405978    0.0100846   -0.0154794   -0.0391243
-0.000643459    0.0145742   -0.0348391    0.0327903
    0.125951   -0.0195546     0.027992    0.0667663
  0.00875096   -0.0189121   -0.0595668   -0.0311274
 -0.00254621   -0.0379797    0.0826942    -0.047228
   -0.078826    0.0413062    0.0841356    -0.066372
   0.0625347   -0.0384744    0.0626362   -0.0377335
-0.000629583   -0.0269824    0.0526916    -0.018655
   0.0539668   -0.0531781    0.0598799   -0.0144457
   0.0603439    0.0321802   -0.0226306    0.0475239
  0.00228849   0.00187528    -0.048466   -0.0166023
 -0.00427416   -0.0441502    0.0230123    -0.037991
   0.0406737   -0.0403772     0.031017    0.0642145
 -0.00169484   -0.0877247   -0.0142092   -0.0464157
    0.114348   -0.0507606  -0.00735052      0.03007
  -0.0347411    0.0422871    0.0656439   -0.0696791
  -0.0827012   -0.0318383    0.0617023   -0.0344203
  -0.0567158    0.0153777   -0.0493687    0.0476871
 -0.00584562   -0.0107921   -0.0511161    0.0509835
   0.0633456   -0.0242811    0.0447842    0.0207561
  -0.0678219    0.0545775    0.0532369    -0.102387
  0.00442125    -0.048949    0.0256438    0.0277569
 -0.00429929    0.0317553   -0.0262444   -0.0269712
   0.0124793      0.05738   -0.0291715   -0.0506622
   0.0770796   -0.0225229    0.0227976    0.0906277
  -0.0118473   -0.0298372  -0.00722551    0.0189439
   0.0435212   -0.0376511     0.052083   -0.0191254
  -0.0998593    0.0256463  -0.00631327   -0.0924159
  -0.0269373   -0.0163712  0.000251434    0.0775801
   -0.117613    0.0628088    0.0313442    -0.078755
  0.00546678    0.0429523    0.0341165   -0.0684415
   0.0370268   -0.0593768   -0.0478017    0.0518776
   0.0221348   -0.0107124    0.0229972   -0.0451231
  -0.0822625    0.0154281    0.0458092  -0.00348908
   0.0488758  -0.00932892   -0.0352024   -0.0594385
    0.015181   -0.0265288    0.0297492   -0.0209929
   0.0244383   -0.0250571    0.0137476   -0.0662221
  -0.0300175   0.00756054   -0.0542422   -0.0156513
    0.112892    0.0434372    0.0321037    0.0378755
  0.00230798   -0.0493542    0.0149776    0.0103309
  -0.0227831    0.0140785   -0.0277239   -0.0193027
   0.0640561   -0.0100429    0.0514937    0.0735136
   0.0396318   -0.0166025   -0.0560844    0.0476021
  -0.0431027    0.0640742    0.0131872    -0.128079
  -0.0212322    0.0151269   -0.0150388   -0.0335531
  -0.0445279    0.0198539    0.0217248   -0.0562453
-0.000621231   -0.0218013   -0.0592299   0.00179996
  -0.0488451    0.0111644     0.012852    0.0195467
    0.076044   -0.0339099     0.050148   -0.0262399
   0.0230045       0.0617  -0.00390555    0.0277539
  -0.0410732    0.0542308   -0.0387228    0.0303778
   0.0380215   -0.0459478    0.0348111   -0.0808037
  -0.0133827   -0.0644922   -0.0469458   -0.0123954
   0.0257835    0.0169227   -0.0014877    0.0296941
  -0.0437964   -0.0404509    -0.039819   -0.0426539
  -0.0172155  -0.00681521   -0.0625453    0.0361715
   0.0812689    0.0279567    0.0560174  -0.00711899
   0.0667105   -0.0265034    0.0407196     0.027394
   0.0428896    0.0359896    -0.064068   0.00496234
  -0.0476094   -0.0207044    0.0102079   -0.0161548
 -0.00648638   -0.0251184      0.01737    0.0449352
  -0.0114325  -0.00134451     0.052216   -0.0077386
   0.0355035    -0.042967    0.0189481   -0.0838525
   0.0570462    -0.016779   -0.0579588   -0.0123933
    0.036106      0.02736   -0.0183458     0.112977
  -0.0150322    0.0284845    0.0442442   -0.0427017
   0.0604907   -0.0748766   -0.0422295   -0.0117423
  -0.0457674   -0.0754605   -0.0766564   0.00398319
  -0.0238097   -0.0145016   -0.0345797    0.0168099
  -0.0492737    0.0800958    0.0656096    0.0112891
 -0.00394834   -0.0249967    0.0175037    0.0510265
  -0.0714728   -0.0288968    0.0328141   -0.0330804
  -0.0121698    0.0103754    0.0647986    0.0466987
  -0.0383875    0.0122628    0.0177645    0.0718595
  -0.0669956    0.0463376    0.0279484    0.0427516
 -0.00795504   -0.0551769   0.00103053    0.0730044
  -0.0187498     -0.01106     0.034849    0.0122799
  -0.0749135    0.0133328   -0.0229715    -0.151301
   0.0186436  -0.00210828    0.0205434  -0.00423691
  -0.0174299    0.0148309  0.000150618    0.0602358
  -0.0685115   -0.0137532    0.0172278  -0.00386678
  -0.0398926    0.0298206   -0.0446875  -0.00748099
  -0.0504989    0.0352332   -0.0135845    -0.117809
  0.00431745   -0.0187216     0.012205    -0.018668
  -0.0163154    -0.053483   -0.0138653     0.028487
   0.0450473   0.00507666   -0.0335627    0.0146229
 0.000601693    0.0570043 -0.000442678    0.0741412
  -0.0522993    0.0483937   -0.0107593   -0.0928478
  -0.0379504   -0.0159633  -0.00134606    0.0541446
  -0.0249777    0.0384232      0.05374    0.0476461
 -0.00414524   -0.0476128    -0.071133   -0.0196488
   0.0398783   -0.0119358    0.0585852   -0.0267666
   0.0443767   -0.0362913    0.0301541   -0.0830236
   0.0476837     0.032782    0.0374261   0.00536622
  -0.0186016    0.0479981   -0.0215563    0.0131218
  -0.0504364   -0.0192926   -0.0232622    0.0576074
   0.0906948   -0.0128733    0.0371947     0.074237
  -0.0167863    0.0747099   0.00340336    0.0578119
  -0.0285602   -0.0248114    -0.034155    0.0231301
  -0.0416775    0.0492781    0.0243239   -0.0534188
   0.0651515    0.0403465   -0.0225851     0.104148
 -0.00996771    0.0310816   -0.0478376   -0.0898282
-0.000889747    0.0593178   0.00481332    0.0231081
  -0.0827862  -0.00266264    0.0075727    0.0145903
   0.0833992   -0.0345353   0.00809297    0.0776945
  0.00553274    0.0374617   -0.0180465   0.00586859
  -0.0296545  -0.00908527    0.0276498    0.0461565
   0.0253186   -0.0176319   -0.0102421    0.0113768
   0.0379742   -0.0607442   -0.0472393      0.08307
  -0.0506915   -0.0387996    0.0323824   -0.0673934
   0.0869003   -0.0690208    0.0337874    0.0351634
  -0.0535561   -0.0042768    0.0439772    -0.036573
   0.0304696    0.0306351  -0.00340707    -0.061918
    0.115901  -0.00114506   -0.0547146    0.0178275
 -0.00511681    0.0482134  -0.00396101    0.0142958
   0.0341532    0.0426403    -0.074338    0.0585045
  -0.0406707   -0.0028448  -0.00532826    0.0459629
   0.0878154    0.0127007   -0.0819267    0.0331192
   0.0715409    0.0352178    -0.017716    0.0854149
   0.0317926    0.0308219    0.0234988    0.0131488
   0.0248511 -0.000638647    0.0509026   -0.0332581
   0.0333061   -0.0646285   -0.0402108 -0.000557373
   0.0456931   -0.0220672    0.0266869   -0.0344344
-0.000840184    0.0283459  -0.00189214     0.053227
 -0.00539146    0.0333299   -0.0200367  -0.00531788
   0.0235764   -0.0160022   -0.0435658  -0.00595778
   0.0275038   -0.0583137   -0.0836272  -0.00446506
  -0.0171916   -0.0137736    0.0725981   -0.0806307
  -0.0584473   -0.0216711    0.0161474    -0.014259
-0.000714413    0.0196857   -0.0132543   -0.0397517
   0.0989445   -0.0733637   0.00947691    0.0296353
   0.0443999    -0.034289   -0.0465648 -0.000114779
  -0.0165913   -0.0163159   -0.0204737    0.0520987
   0.0352248   -0.0574978   -0.0561069   -0.0211571
  -0.0150624   0.00346437   0.00793659   -0.0504921
    0.102429   0.00868535   -0.0552373   -0.0485647
   0.0311446    0.0219739   -0.0045445    0.0588314
   0.0442672     0.012412   -0.0383766      0.11112
  -0.0375306   -0.0485736  -0.00438816    0.0636696
   0.0719217   -0.0803772    0.0257424     0.012992
   0.0881715   -0.0639144    0.0510238    -0.058876
   0.0750708   -0.0252857    0.0161905   -0.0787864
   0.0716036  -0.00915919    0.0163104    0.0440885
   0.0174918    0.0420969    -0.027709      0.02472
   0.0795386   -0.0774601   -0.0170083    0.0655218
 -0.00381777   0.00810635    0.0564467    0.0327015
   0.0175265    0.0588325    0.0194748    0.0255651
  -0.0583808    0.0415513   -0.0714379    0.0212556
  -0.0238589   -0.0328588   -0.0838411   -0.0124583
     0.02059    0.0161567   -0.0653711  0.000954454
 -0.00787734     0.042517    0.0737314    -0.089178
   0.0745395    0.0383012    0.0200445    0.0398847
  -0.0296852    0.0510876    0.0253018    0.0275964
  -0.0103421    0.0626664    0.0416028   -0.0551318
   0.0334601    0.0282558   -0.0142185     0.124455
   0.0705462    0.0264095    0.0530543   -0.0731794
  -0.0862333  -0.00375884    0.0294884    0.0404902
   0.0410627   -0.0366571   0.00950094    -0.020377
   0.0306919    0.0045489  -0.00636973    0.0732275
 -0.00172427  -0.00530884   -0.0014739   0.00825018
   0.0917957   0.00983223   -0.0546515    0.0601948
  -0.0137265   -0.0718439  -0.00266748    0.0385052
  -0.0122393    0.0139247  -0.00330962    0.0502332
   0.0494897   -0.0391194  -0.00759371   -0.0191932
   0.0449112   -0.0534481  -0.00187845   -0.0166691
   0.0177761   -0.0216088   -0.0501857   -0.0526814
   0.0829395    0.0169439    0.0435022    0.0163439
   0.0339677   -0.0431217   -0.0207172    0.0464749
   0.0176395   -0.0445671  -0.00983822   -0.0582409
  -0.0303629    0.0493962   -0.0424399   -0.0298358
   0.0182916   -0.0645286     0.038673    0.0427148
   0.0171691   -0.0138646   -0.0190879   -0.0294046
   -0.100976   -0.0414281    0.0286396    0.0413988
 -0.00529223    0.0114564    0.0134765     0.013479
  -0.0478365   -0.0255223    0.0398153   -0.0134925
  -0.0207391   -0.0446854   -0.0545212    0.0476372
   0.0636528   -0.0588102   -0.0108881   -0.0109084
   0.0984649   -0.0586812   -0.0100786   0.00434732
  -0.0534435    0.0637337   -0.0262219   -0.0327606
   0.0336267    -0.011346    0.0287685   -0.0163581
  -0.0335301     0.050541  -0.00604954    0.0446389
  -0.0206925   -0.0365347   -0.0300995    -0.022139
   0.0649391   -0.0559736    -0.012635    0.0181608
   0.0706537    0.0274297   -0.0432827    -0.015811
    0.024973   -0.0215762   -0.0693581   -0.0249756
  -0.0271967   -0.0554953   -0.0473562   -0.0668491
   0.0848655   -0.0235409    0.0502162    0.0252079
    0.101415  -0.00980418    0.0428664   -0.0136027
     0.01377   -0.0642021    0.0235523   -0.0355753
  -0.0293717   -0.0137631    0.0237702   -0.0713124
   0.0649061   -0.0354415  -0.00883123  -0.00510016
   0.0846495    0.0415903    0.0300798    0.0639531
   0.0223199   -0.0244292   -0.0453718    0.0385113
   0.0154085   -0.0477143   -0.0447349    0.0218967
  0.00159312    0.0941007    0.0151125   -0.0867907
   0.0577896   -0.0265428    0.0359593    0.0714453
   0.0732654   -0.0238482   -0.0865975    0.0921679
  -0.0581812    0.0690797  -0.00183968    -0.116221
 -0.00970609    0.0055992   -0.0590682     0.031963
   0.0681711    0.0352641    0.0201739    0.0582614
    0.100496  -0.00379383   0.00455061    0.0744844
   0.0428304     0.027104   -0.0344197   -0.0108337
   0.0430628   -0.0476012     0.072464   -0.0698975
  -0.0507765    0.0201203   -0.0538825    0.0449204
  -0.0160781   -0.0268962     0.017365    0.0682667
   0.0767498   -0.0455705    0.0159217    0.0611248
  0.00383669    0.0545926  -0.00312777    -0.070361
   0.0372388   -0.0249395   -0.0354605   -0.0195613
   0.0537097   -0.0265702   -0.0280597    0.0402938
  -0.0356145     0.040653    0.0301069   0.00802014
   0.0492185    0.0347104    0.0352679    0.0348927
  -0.0486712   -0.0376222    0.0395167    0.0351822
 -0.00312664   -0.0419119   -0.0895342    0.0744206
 -0.00166811   -0.0255044   -0.0147829    0.0136305
 -0.00645632   -0.0645104    0.0527841   -0.0033979
  -0.0170818    0.0327902   -0.0421189   -0.0845418
  -0.0695287   -0.0239084   -0.0130547    0.0664283
  -0.0342527   -0.0150473    0.0476524   -0.0376524
 -0.00607959   -0.0253452   -0.0491743 -0.000339559
 -0.00991234    -0.012116   -0.0323398   -0.0494111
  -0.0277842    0.0475482    0.0139495    -0.066082
  -0.0603108     0.011302    0.0101621    0.0417302
    -0.10377    0.0136429   -0.0164737    -0.109408
   -0.017404   -0.0207926    0.0519848    0.0390471
 -0.00891579    0.0321015    0.0111085   0.00357735
   0.0813398     -0.03072  -0.00419574   -0.0548289
    0.026842    0.0373814      0.03828     0.062243
  -0.0654486   -0.0423349    0.0452795   -0.0508529
   0.0219359   -0.0586514    0.0188687     0.016606
   0.0306121   -0.0184612    0.0415512    0.0440402
  -0.0795438   -0.0413687     0.013978    -0.067737
   -0.022976    0.0607744   -0.0190229  -0.00665953
   0.0797226    -0.081487   -0.0820047    0.0291395
   0.0590574   -0.0479727   0.00233612   -0.0498668
   0.0461777  -0.00538019    -0.028951   -0.0415373
   0.0561575   -0.0292801   0.00674388   -0.0304188
    0.104095   -0.0647201   -0.0657501      0.12993
   0.0379671   -0.0122529    0.0331516   -0.0179022
   0.0538431    0.0196342    0.0397392   0.00114756
   0.0170791    0.0478414     0.037023     0.016283
   -0.117997  -0.00914975    0.0721708   -0.0444013
 -0.00649534    0.0166245    0.0588574   -0.0770806
    0.032053   -0.0255377  -0.00126182   -0.0149212
  0.00190547   0.00208053    0.0469079   -0.0573084
   0.0569671  0.000558366   -0.0536793  -0.00340187
  -0.0844515    0.0109722   0.00245057   -0.0171086
  -0.0132747    0.0375899   -0.0649036   -0.0251809
   0.0558701    0.0105224    0.0145156     0.107713
 -0.00209752   -0.0740987   -0.0149497    0.0410593
   0.0676495   -0.0740253   -0.0753095    0.0706963
  0.00855223  -0.00465922    0.0605414   -0.0802977
   0.0288471    0.0575359   -0.0551377    0.0595106
   0.0730204    0.0323141   -0.0044422    0.0464385
 -0.00225987     0.011256    0.0417108   -0.0622765
  0.00304438  -0.00246763    0.0643481    0.0166946
  0.00139397    0.0185411   -0.0505264    0.0544751
   -0.035698   -0.0536727  -0.00381069   -0.0184841
   0.0137318    -0.056344    0.0557083    0.0135811
   0.0302126    0.0407095   -0.0508992   -0.0248288
   0.0240158   -0.0414178    -0.068918   -0.0227535
   0.0049137 -0.000363426     0.027138    0.0129489
   0.0126468    0.0509807    0.0299161   -0.0296684
  -0.0336436    0.0383233   -0.0440832    0.0266897
  -0.0738065   0.00703826    0.0430743    0.0268862
 -0.00808525   -0.0532556   -0.0243095    -0.032897
   0.0394657   -0.0255927    0.0172422    0.0228123
   0.0116777    0.0269086   -0.0120247    0.0859723
    0.104983  -0.00393712   0.00474588   -0.0399129
 -0.00826416    0.0532932   0.00407856    0.0573927
  0.00773567   -0.0167335  -0.00979952  -0.00431804
  -0.0470198   0.00685658   -0.0302631  -0.00073306
    -0.13236   0.00255046    0.0277183   -0.0854062
  -0.0297853    0.0464766   -0.0505423    0.0459923
   0.0139244    0.0573856    0.0347234    0.0497098
   0.0541058   0.00206376    -0.044566    0.0937629
  0.00140833  -0.00867607    -0.024758    0.0124502
   0.0351411   -0.0297601   -0.0418894    0.0456957
  -0.0789579   0.00887812   -0.0221618   -0.0372739
  -0.0474456   -0.0427014    0.0457326    0.0236465
   0.0905764   -0.0462669    0.0386881   -0.0367377
  0.00844171   0.00550942  -0.00386231   -0.0231065
  -0.0153434    0.0273135      0.04066    0.0288156
   0.0619126   -0.0703839    0.0495325   -0.0452284
   -0.134457     0.072727    0.0349077    -0.181899
  -0.0812123   0.00693717    0.0537131    0.0312817
  -0.0293423  -0.00109258    0.0618462    0.0758842
 -0.00513864   -0.0247003    0.0147281   -0.0383502
  0.00757808   0.00875533   -0.0677065   -0.0130731
   0.0177992    0.0106988    0.0546017    0.0172437
  -0.0383662   -0.0449196    0.0278893   -0.0173647
  -0.0697464    0.0526679   -0.0333847   -0.0361933
 -0.00524868    0.0340122 -0.000781747   -0.0790253
   0.0460145   -0.0417372    0.0161568   0.00946839
   0.0200176  -0.00362641   -0.0560524     0.134658
    0.014366  -0.00444251   -0.0164668    0.0350566
   0.0937331   -0.0564425    0.0196692    0.0687023
    0.022646   -0.0363518   -0.0493274    0.0167732
  -0.0392167    0.0592264     0.024895   0.00846483
   0.0681991    0.0542401   -0.0153276    0.0545147
   0.0149567   -0.0131481    0.0220886   -0.0431452
   0.0138213  -0.00274045   -0.0371762    -0.030994
  -0.0127163   -0.0303488    0.0351995   -0.0205277
  -0.0213104   -0.0329246    0.0300158   -0.0332271
   0.0874942  -0.00793165   -0.0192038     0.035468
   0.0527549   -0.0525222     0.038158   -0.0308598
   -0.041683    0.0557544   -0.0665172   -0.0327376
   0.0350693    0.0180837    0.0180646    0.0512493
     0.02544   -0.0364657   -0.0735103    0.0703055
  0.00259286   -0.0280454   -0.0331478    0.0257083
  0.00357239   -0.0475575     0.019497   -0.0240012
  0.00497114   0.00217636    0.0509374  -0.00191926
  -0.0208881    -0.069282   0.00796202    0.0500956
   0.0508875    0.0501213   -0.0155188    0.0653367
   0.0700415    0.0357597    0.0481718   -0.0182435
 -0.00300214    0.0630386    0.0489338    -0.105742
  -0.0256238   -0.0343171    -0.063775    0.0881173
   0.0153344   -0.0430457    0.0355723   -0.0152157
   0.0559479    0.0198526   -0.0501723    0.0412634
   -0.169723     0.132313    0.0972896    -0.262682
  -0.0400046     0.045615    0.0363263    -0.118326
   0.0737887    0.0394565    0.0380379     0.010303
   0.0269002    0.0363362  0.000844972   -0.0227933
  0.00241842   0.00820019   -0.0648539   -0.0289388
   0.0210342   -0.0595782   -0.0185054   -0.0352985
    0.055434    0.0175613   -0.0458935   -0.0559098
  -0.0439665    0.0415267   -0.0227621   -0.0329288
  -0.0943559   -0.0234624   -0.0199995  -0.00129724
   -0.012234    0.0330653   -0.0864879    0.0913682