    0.134253   -0.0172348     0.152359     0.145124
  -0.0870413   -0.0279808     -0.04124   -0.0668902
    0.180688   -0.0691536     0.239657     0.171504
    -0.10767  -0.00403532   -0.0539556   -0.0828965
    0.169298 -0.000254388    0.0201928     0.171371
   -0.212726    0.0342517    -0.134263    -0.164646
  -0.0274042    -0.122957    0.0588362     0.052008
  -0.0389338   -0.0572948    0.0324875    -0.043049
   0.0798516    0.0563788    0.0147894   -0.0685823
    0.019492     0.078684   -0.0461159    0.0614441
  -0.0618527   -0.0525322    0.0680888    0.0339827
    0.123231    0.0968098   -0.0885851    0.0930043
  -0.0989861   0.00615632   -0.0197106    -0.107761
    0.122003    0.0113029      0.11022     0.121282
    0.230422    -0.156622     0.177543     0.200591
    0.113464   -0.0774075    0.0776582    0.0521013
  -0.0664708      0.01043   -0.0321148   -0.0169591
   -0.180166   -0.0271718   -0.0566497    -0.177245
  -0.0780122    -0.051692  -0.00416076   0.00726648
   0.0822643    0.0649894    0.0172986   -0.0503874
   -0.080351   -0.0107098   -0.0793936       -0.152
   -0.100654   -0.0612163    0.0921198   -0.0584027
   0.0972228    0.0561535    0.0711058    0.0265355
   0.0220518    0.0510984    0.0022318  -0.00137476
    0.122498    0.0042928   0.00925472     0.081606
   0.0177364    -0.228135    0.0998765    0.0262547
    0.079891    0.0888418    0.0122083     0.112775
   0.0267041   -0.0764941     0.073422    0.0329766
    0.118423    -0.109266    0.0223591    0.0575171
   0.0693078   -0.0548706     0.153763     0.143149
   -0.128966  -0.00266641    0.0189187   -0.0462164
  -0.0420979    -0.115883    0.0453641   -0.0115049
   0.0286499    -0.016106    -0.014515    0.0252314
  -0.0605639     0.104145    -0.133676    -0.195059
   0.0232186   0.00269874    0.0667612   -0.0228102
   -0.189922   -0.0563599   -0.0345473    -0.145417
-0.000697302   -0.0273661   -0.0144618   -0.0363921
   0.0411861    -0.126605    0.0539157     0.159836
    0.156154      0.14947   0.00904474     0.138786
   0.0308564  -0.00660758    0.0422857    0.0408591
    0.139148    -0.135688     0.141955     0.191186
    0.188894     0.145802    -0.018643     0.140346
    0.185129    0.0937151    0.0954887     0.230718
  0.00646442     0.132466    -0.116654   -0.0036157
   -0.223878   0.00998724     -0.14653    -0.225631
    0.141251    0.0626779    0.0900253     0.152899
   0.0635388    0.0811495    0.0242144    0.0874906
    0.255166   -0.0279392     0.149858     0.118528
  0.00486967    0.0190322   -0.0156361   -0.0513246
    0.140612      0.05205    0.0539571    0.0960744
   0.0274707   -0.0985205     0.103472   0.00285393
   -0.106583   -0.0948111   -0.0342518    -0.111569
   0.0321789   -0.0556803    0.0736868     0.107007
    0.125586    0.0286172    0.0667435     0.172742
    0.148273     0.039864     -0.02461    0.0155712
   -0.104699      0.19768    -0.107919    -0.143298
    0.338521  -0.00208884     0.216944     0.302043
  -0.0265074    0.0535214   -0.0169157    -0.125138
   0.0871929     0.136615   -0.0705102    0.0877687
    0.146597    0.0299268       0.1216     0.138559
 -0.00293386    0.0469015   -0.0839801   -0.0357166
  -0.0444273    0.0572149   -0.0231613  -0.00500861
  -0.0687968   -0.0988553      0.14186    0.0623147
   -0.126264    -0.098043    0.0737941   -0.0983127
  -0.0266158   0.00910178  -0.00978616    0.0533408
    0.132575   0.00554039    0.0318994     0.127858
   -0.052578   -0.0124732  -0.00157771    0.0781744
  -0.0382502    -0.129323     0.156421     0.103825
   0.0776555    0.0430375    0.0876161     0.159353
   0.0542237   -0.0970655     0.104216    0.0829163
   -0.175398   -0.0921644     0.018983    -0.158361
    0.152251   -0.0077663     0.110044      0.12497
   0.0902415   -0.0942802    0.0423649    0.0941228
  -0.0531169   -0.0351108   -0.0598513   -0.0202663
   -0.148899     0.091576    -0.191148    -0.237282
  -0.0737482  0.000216407   -0.0247926   -0.0863822
   0.0171879    0.0836001    0.0551611    0.0877677
   0.0261489    0.0579063    0.0507657    0.0262882
    0.223411    0.0850303     0.108465      0.19789
  -0.0530517    0.0204825   -0.0981911  -0.00774859
  -0.0327772    0.0743921   -0.0904885   -0.0209304
  -0.0318829    0.0185829   -0.0594613   -0.0558742
-0.000497977   -0.0326726    0.0782939   0.00508584
   0.0130425    0.0865469    -0.147228   -0.0810452
    0.119192   -0.0160536     0.133322     0.138004
   0.0857553    0.0444262   -0.0923923  -0.00942147
   0.0200978    0.0567536    -0.138425   -0.0643413
   0.0624248   0.00480035    0.0311199    0.0043432
  -0.0190734     0.043387   -0.0975809    -0.139274
  -0.0861611   -0.0971657     0.034384   -0.0942583
    0.123791    0.0479187    0.0527498    0.0108667
    0.148006   0.00245374    0.0885381    0.0182727
    0.203958     0.071241   -0.0230697    0.0860563
 -0.00590202   -0.0365928   0.00713456     0.114493
  -0.0520448   -0.0927346    0.0295699   -0.0577296
   0.0472979   -0.0348679    0.0073376    0.0444887
   -0.126987    0.0457051    -0.133924    -0.132675
 -0.00787821    0.0461596    0.0599759   -0.0511192
   0.0780946     0.119977    0.0366542    0.0878807
   -0.118331    -0.164601     0.070421    -0.100108
  -0.0965155   0.00734515   -0.0519409   -0.0983292
  -0.0390345    -0.105734    0.0622321  -0.00247421
   -0.034656   -0.0645902     0.141204   -0.0275541
   0.0634308    0.0064587    0.0591655    0.0169785
    0.182317   -0.0624503    0.0675267     0.161281
    0.113706   -0.0465887    0.0512455     0.139784
  -0.0907823    -0.191694    0.0974079    -0.052959
   0.0381041   -0.0548471      0.10797    0.0784836
    0.183079    0.0279078    0.0624289     0.159281
   -0.138878     0.217964    -0.255586    -0.186409
   0.0227489     0.113871   0.00626943   -0.0250308
  -0.0264171    0.0268044    0.0403819    -0.120887
   0.0649211    0.0765209   -0.0440763   -0.0480784
   0.0161125  -0.00220604   -0.0187305   0.00308378
   -0.120763     0.175468    -0.177721     -0.17464
   0.0169896   -0.0811498    0.0294964     0.119727
   0.0610624   -0.0783293    0.0134517    0.0656392
    0.030533  0.000178693    0.0990019     0.040844
  0.00940026    -0.136237     0.143287    0.0355501
  -0.0332663    -0.103948    0.0398672   0.00900684
    0.048467   -0.0469032    0.0875391    0.0204712
    0.171577   0.00280321     0.070987     0.188711
    0.138983    0.0738961  -0.00245929     0.143588
   0.0324078   -0.0134365   0.00262298    0.0345617
   0.0126094   0.00454521    0.0336793    0.0687661
    0.130745    0.0822238    0.0326943  -0.00290753
   -0.026487    0.0301415   -0.0134021   0.00769561
   0.0806338     0.147596   -0.0158824    0.0268083
  -0.0346193   -0.0153999    0.0511455    0.0218086
   -0.035477   -0.0689554    0.0575801    0.0879211
   -0.187854   -0.0182349   -0.0656603   -0.0737807
   0.0418285    0.0546546   -0.0236015    0.0820923
    0.243724     -0.05961     0.127808     0.212381
   -0.109612    0.0715919    -0.249944    -0.219892
   0.0973597    0.0532135    0.0334387    0.0230877
   -0.132095    -0.206076  -0.00440836    -0.117185
    0.043872    -0.106302    0.0267873    0.0857193
  -0.0293167   -0.0923921   -0.0285604    0.0477335
   -0.325097    -0.257352    -0.126513    -0.239076
  0.00981259    0.0367558    0.0120603   -0.0958266
    0.117429   -0.0123985      0.11249     0.221927
   0.0320414    0.0272638    0.0238377   -0.0358987
  -0.0443733    -0.065522    0.0245465   -0.0300541
  -0.0807399     0.042117    -0.133158    -0.194862
  0.00353878    0.0931062   -0.0417814   0.00355515
 -0.00162704    0.0712375    0.0510514  -0.00476135
 0.000255586    0.0687653    0.0322767   -0.0892392
  -0.0180054   -0.0373119  -0.00523772   0.00548727
   -0.100057    0.0144785   -0.0114079    -0.102833
   -0.128579    0.0892342   -0.0631957    -0.116254
   -0.121926    0.0236036   -0.0840855     -0.20239
   0.0273331    0.0471978    0.0360816    0.0241815
    0.112439   -0.0357625    0.0846377   0.00833647
   0.0163143    0.0505825    -0.016881   -0.0321885
    -0.22241    -0.217977    0.0851494    -0.114709
   -0.183115    0.0128647   -0.0722744    -0.129848
   0.0859029   -0.0558442    0.0513581     0.113376
    0.130408    0.0442528    0.0385729    0.0448917
  -0.0351662    0.0691427   0.00164793   0.00478292
  -0.0479433   -0.0360023    0.0473824   -0.0410359
   0.0643702   -0.0543807     0.147076     0.116967
  -0.0722871    -0.051623   -0.0882238   -0.0309779
    0.217425    0.0657626    0.0693249     0.118034
  -0.0229434     0.114607   -0.0616251    -0.111961
    0.197676     0.182987    -0.111363     0.100575
  0.00509978    0.0581175   -0.0776013   -0.0478483
   0.0208313   -0.0100926    -0.102061   -0.0473349
   0.0231755    0.0531114   0.00594267    0.0740085
   -0.181618    0.0763343    -0.215914     -0.25457
 -0.00790991   -0.0216681    0.0250562   -0.0205339
    0.141516    -0.168457    0.0941505     0.111265
 -0.00380589    0.0621435   -0.0837025    -0.132476
   0.0298714   -0.0860562    0.0278813     0.081601
  -0.0759547    -0.123208    0.0614021   -0.0960379
    0.104473    0.0501542   0.00139896    0.0464726
   -0.217792   -0.0474246   0.00394763    -0.132977
    0.138863    0.0179465     0.030875    0.0867886
   -0.201203   -0.0538643    -0.100516    -0.133429
    0.114554    0.0876129    0.0747478     0.174847
   0.0152634   -0.0449645    0.0301759  -0.00902473
   -0.184784    -0.010906    -0.111087    -0.190253
 0.000246548  0.000533801   -0.0128415    -0.143932
  -0.0375058    0.0894507    -0.131869   -0.0913733
    0.097578    0.0596802    0.0533246   -0.0221216
    0.096042     0.137948   -0.0429095   -0.0586034
   0.0958288    0.0507006   -0.0953453    0.0281542
   -0.068566    -0.171188    0.0560646  -0.00117845
   0.0431382    -0.109451     0.104173   -0.0163292
    0.122232    0.0498098    0.0198102     0.128883
    0.113094   -0.0877298     0.102284     0.117567
   -0.133573    0.0585137   0.00406844   -0.0711565
     0.12064   -0.0201028    0.0194437     0.131711
   0.0110589   -0.0545694    0.0834056   -0.0299701
    0.102545   0.00293652    0.0995824    0.0928151
   0.0584342   -0.0841945    0.0957517     0.111979
    0.224014   0.00433874     0.100062     0.084468
    0.075587    0.0103709   -0.0206443    0.0972559
    0.100347   -0.0503086   -0.0203932  0.000220673
    0.108937    0.0408138    0.0259854     0.116413
   0.0737023    0.0434479   -0.0144317     0.082451
    0.219325    -0.128724     0.164889     0.259271
    0.245443   -0.0259795   -0.0279088     0.162828
     0.06469    -0.127624     0.135762    0.0228644
    0.121935      0.03098    0.0205694     0.088914
   0.0262215   -0.0810227   -0.0141963   -0.0206811
   0.0778111     0.120747   -0.0109271    0.0914198
    0.182307    0.0551663     0.110856    0.0882524
   0.0601865   0.00431401    0.0475708    0.0905963
   0.0166371    0.0779754    -0.101849    -0.040885
   -0.058742   0.00542736    0.0266752   -0.0111674
  -0.0126861   -0.0333035    0.0190572  -0.00905287
  -0.0588849   -0.0106921   -0.0357028    -0.029901
   -0.414371    0.0336035    -0.310683    -0.537363
    0.144834    -0.086611     0.103341     0.148362
  -0.0726668   -0.0950738    0.0262691   0.00364474
   0.0455518   -0.0644236     0.091308   -0.0101843
   -0.102916   -0.0874638  0.000275707    0.0368681
  -0.0204712     0.046371   -0.0342449   -0.0639126
   0.0386112   -0.0274429    0.0553119    0.0154933
    0.111177     0.124224   -0.0657604    0.0236988
   0.0761485    -0.186564      0.22256     0.118577
   0.0784406  -0.00121397    0.0263993     0.146289
  -0.0705217   -0.0416806   -0.0422208   -0.0518953
    0.191025    0.0882751  -0.00178803    0.0362145
    0.234034    0.0709058   0.00236965     0.104012
    0.187207  -0.00516838    0.0819403     0.184289
   0.0217619     0.102145    -0.115912    0.0052298
   0.0325659   -0.0943775    0.0368278     0.120051
   0.0872585     0.195134   -0.0573685   -0.0295431
  -0.0209051    0.0551511   -0.0985184     -0.05415
-0.000801418    -0.146611    0.0608857    0.0111966
   0.0753992    0.0797251    0.0446793   0.00877762
  0.00512481    0.0747252   -0.0156469   -0.0270513
  -0.0564697   0.00180376   -0.0950042    -0.184559
    0.101496   0.00617075    0.0463465     0.115499
    0.113816   0.00407111    0.0682532      0.06088
  -0.0617642   -0.0545139   0.00570315   -0.0832851
  -0.0706886   -0.0697288     0.104891    0.0132035
     0.07562   -0.0180036   -0.0153576     0.136889
    0.146003   0.00288592     0.133136     0.155301
  -0.0696764   -0.0782863    0.0476335    0.0605236
  -0.0705671    -0.072015   -0.0202409  -0.00899363
   0.0252885    0.0178207 -0.000662944    0.0250678
    0.201284   0.00525368    0.0361728     0.091134
   0.0650315   -0.0142977    0.0461223   0.00538436
   0.0684925     0.064088     -0.07615    0.0488734
   0.0337516      0.12838    0.0365037   -0.0573529
    0.140573     0.128331   -0.0321691 -0.000777658
   0.0846381   -0.0119198     0.109096    0.0760213
  0.00120141   -0.0111698   -0.0322229    -0.037552
    0.178176    0.0312837    0.0301134     0.245322
    0.116019    0.0608466 -0.000501422    0.0715146
  -0.0882681    0.0597079   -0.0500044    -0.134354
   -0.103467   -0.0920074   0.00717426   -0.0515842
  -0.0362843   -0.0163992    0.0981691   -0.0619432
   0.0919295   0.00638237    0.0715307     0.115876
   -0.040157    0.0611634   -0.0373589    -0.113923
    0.323941    0.0947503     0.133304      0.21435
  -0.0692102    0.0196334   -0.0102145   -0.0457885
    0.129677     0.105411   -0.0416254     0.108461
   0.0447215    0.0053081    0.0695013    0.0515523
   -0.147927   -0.0238017   -0.0929542    -0.160131
    0.114657    0.0180702    0.0496456    0.0531167
  -0.0104359    -0.156116   0.00507675   -0.0712038
   0.0422076   -0.0268199     0.077621    0.0333308
    0.249645    -0.101123     0.262995     0.304849
   0.0831859    0.0698532    0.0708551    0.0303666
   -0.185093   -0.0322116    -0.121779    -0.257122
   0.0483905    0.0797542    -0.101641   -0.0516737
   0.0250396    0.0224656    0.0593712   -0.0334287
   -0.167518    -0.113159  -0.00230983    -0.148721
   -0.073111  -0.00414206    0.0140086    -0.121173
   0.0617778   -0.0114367   -0.0348392    0.0490582
   0.0838402    -0.201743     0.114036     0.109925
    0.148833    0.0395502    0.0687221     0.117104
    0.130714    0.0420499    0.0852494    0.0533363
  -0.0109282    0.0398797   0.00537952   -0.0290767
    0.161972     0.121527  -0.00960342    0.0557943
   0.0584948    -0.132299      0.10693     0.152578
  -0.0853441  -0.00175812   -0.0302826   -0.0686641
  -0.0464934    0.0273801    0.0544193    0.0154446
    0.071746   -0.0653785    0.0767361     0.179919
  0.00689959  -0.00614033    0.0999569     0.044279
   -0.104544   -0.0370776   -0.0165137   -0.0164828
   -0.089491   -0.0768365    0.0448722    -0.129072
    0.188768   -0.0717784     0.158251     0.142414
    0.125893    0.0719105   -0.0479956    0.0458559
   0.0267322     0.066492   -0.0906815    0.0335797
  -0.0670251    -0.104324   -0.0124616   0.00428698
    0.145214     -0.14724     0.173078     0.152856
   -0.252465    -0.284903    0.0757104   -0.0364472
  -0.0774241   -0.0342881     0.017648   0.00894252
   -0.130727   -0.0912283    0.0608377    0.0266396
   0.0732719   -0.0118764     0.138822    0.0230451
   0.0849776   -0.0216552      0.06631    0.0686994
    0.113868   -0.0834361     0.140417    0.0731582
    0.267501    0.0386656     0.131982     0.271469
     0.34151     0.213718   -0.0183602     0.160926
  -0.0508378   -0.0772336   -0.0473754   -0.0934332
    0.103784   -0.0585495   -0.0101113     0.106456
    0.127311   -0.0734711     0.147801    0.0671798
  -0.0164965    -0.348171     0.282791    0.0840634
   0.0431423    0.0331194    0.0653355  -0.00950483
    0.130816   -0.0298664    0.0274417     0.113791
   0.0345505    0.0164699    0.0312912     0.109161
    -0.02666     -0.20102     0.122206   -0.0408678
    0.105705    0.0613114    0.0774191    0.0970258
    0.115979    0.0210697    0.0269622    0.0592476
   0.0776549     0.128572   -0.0523036    0.0745086
   0.0320383     0.131229   -0.0625299    0.0676404
    -0.13479     0.156383    -0.107617    -0.196664
   0.0722361    -0.117092     0.107414    0.0853329
   0.0964651   -0.0515878    0.0894437     0.115393
   0.0601058    -0.128785     0.158123      0.10843
   0.0467093   0.00777442    0.0505958   -0.0277066
   0.0578352    -0.104727     0.164859     0.094949
   -0.163237    -0.127569    0.0600924   -0.0207021
   -0.065909   -0.0258506    0.0484968   -0.0320803
    0.040389    -0.067454     0.130113   -0.0133148
  -0.0645609   -0.0305718     0.032316  -0.00586195
  -0.0373803   -0.0427299    0.0990486    0.0243264
      0.2292    0.0177103    0.0922787     0.147298
   -0.042627    0.0734375   -0.0912311   -0.0557978
    0.095612   0.00203059    0.0351708    0.0235475
   0.0682527    0.0363821    0.0185385    0.0468627
   -0.349373   -0.0569744   -0.0740045    -0.314536
   0.0268518    0.0459988    0.0446908    0.0597848
    0.151626    0.0460875   -0.0197093    0.0899283
    0.139687     0.127881   -0.0481125     0.104338
    0.213181   -0.0799055     0.278955     0.284983
   0.0783705   -0.0805428    0.0440786     0.110499
   -0.159211    -0.123713   -0.0809725    -0.132822
  -0.0233018     0.114754    -0.150897    -0.180697
    0.081628     0.105341   -0.0567079    0.0206634
   0.0897975    -0.190964     0.143154     0.155675
 -0.00405989    0.0459658    -0.117374   -0.0999881
  -0.0145312   -0.0279192   -0.0219152     0.034996
   -0.243091   -0.0551712   -0.0845524    -0.182971
  -0.0889615    0.0746506    -0.110656   -0.0541976
   0.0648284      0.11275   -0.0753529   -0.0551527
   -0.301051   -0.0171831    -0.166786    -0.318875
    0.105372    0.0146269   -0.0440786    0.0913797
   -0.032002    -0.157883     0.178606    -0.041345
    0.114425    0.0617319    0.0935976     0.103439
  -0.0792812   -0.0564672    0.0416811    -0.175477
    0.226033  -0.00946723     0.119584     0.191606
    0.101705    -0.137241      0.16497     0.105864
   -0.173684   -0.0899009   -0.0553515    -0.149772
  -0.0433373   -0.0310808    0.0933744   -0.0148073
 -0.00124577  -0.00727894   0.00652883     0.010993
  -0.0356898    0.0878495   -0.0953013   -0.0123952
   -0.110895   -0.0744689   -0.0330591   -0.0625802
    0.119483  -0.00191179     0.106566     0.142266
   0.0365333   -0.0928562     0.025227   0.00972218
   0.0725774   -0.0804907    0.0491259    0.0455748
    0.138134     0.141612    0.0396331     0.111281
   -0.134329    -0.192227    0.0809434    -0.107665
  -0.0722388   -0.0535789    0.0460691    -0.125841
  0.00336722     0.102725   -0.0213511   -0.0316197
 -0.00403043    0.0252138    0.0381971     0.049545
    -0.11086    -0.135761    0.0856854    0.0165285
  -0.0710482    0.0660792    -0.100556   -0.0838443
   -0.077275     0.105265    -0.130948    -0.164966
   0.0413235     0.051204   -0.0600393     0.037786
   0.0829376    0.0379173   -0.0105073    0.0794413
   0.0177234    0.0516513    0.0669263   -0.0344045
   0.0908788   -0.0386849   0.00903941   -0.0168527
   0.0112553   -0.0685719    0.0164816    0.0136342
  -0.0522977    0.0488305   -0.0207823   -0.0417743
     0.04168   0.00525167   0.00715889  -0.00335031
    0.192057     0.056934    0.0591646      0.14842
   0.0475462    0.0938629   -0.0247405    0.0190908
   -0.126306     0.076088   -0.0575176    -0.171581
   -0.155172     0.111261    -0.167353    -0.234985
   -0.143942    -0.188298     0.127717    0.0298725
   0.0113898  -0.00302553     0.042502    0.0012435
  -0.0218459   -0.0287363    0.0821178    0.0373471
   0.0695467    -0.121998    0.0750183    0.0136513
  -0.0218103     0.045331   -0.0282645   -0.0296044
   0.0496997   -0.0544053     0.108763     0.168129
    0.108834   -0.0561059     0.132801    0.0932038
   0.0289026   -0.0716849    0.0303728  -0.00950645
  -0.0943075   -0.0680465    0.0318317    0.0164312
  -0.0347635    0.0642523   -0.0581873    -0.152954
  -0.0873216   -0.0959851    0.0171691    -0.061766
   -0.132114   -0.0138169    -0.031429    -0.185649
   0.0360194   -0.0514775   -0.0130035    0.0788211
    0.151433    0.0708898    0.0520536    0.0808297
   0.0260805   -0.0769909    0.0597216  0.000768095
    0.101988   -0.0118129   -0.0238463     0.097938
    0.198247     0.101964    0.0680935     0.153499
    0.124233   -0.0991425     0.112719     0.107293
  -0.0549629    -0.158423    0.0497214    0.0284367
   0.0899751   -0.0584598    0.0743686    0.0517231
  -0.0503915    0.0728022    -0.011902    0.0420148
   -0.123429    0.0869755    -0.074711   -0.0627195
   0.0473393   -0.0241547    0.0587776    0.0986697
  -0.0522449    -0.195535     0.079762    -0.104878
  -0.0541271    0.0641323   -0.0110417    -0.111874
    0.141212    -0.093804     0.098417     0.127357
   0.0485628   -0.0706191   0.00606031    0.0314228
   0.0475213    0.0152293   -0.0937481   -0.0637606
     0.27589     0.100449    -0.016535     0.196334
  -0.0875863    0.0389123   -0.0561221    0.0170864
    0.113676    -0.115462     0.169032     0.157749
   -0.059551     0.121671    -0.133556   -0.0826023
   0.0834784    0.0594945   -0.0157145    0.0192492
  -0.0697363   -0.0783249    0.0684739     0.014415
   -0.128507    0.0456203    -0.099085    -0.145528
   0.0407613    0.0824855   -0.0433547   -0.0127942
   0.0880494     0.123867  -0.00801897    0.0116488
    0.157765   -0.0101042    0.0229793     0.109004
   -0.237918     0.055602    -0.169524    -0.165998
    -0.10943   -0.0621961   -0.0836966    -0.142467
   0.0267267   -0.0338969    0.0853472    0.0130105
    0.216075    -0.014971      0.10528     0.266443
   0.0670248    0.0111132    0.0350909    0.0674519
   -0.134446     0.125066     -0.18486    -0.150905
   0.0225007     0.120197    0.0222544   -0.0206696
  -0.0249209    0.0393093    -0.167732   -0.0684352
   -0.120435   -0.0901247    0.0897421  -0.00729461
  -0.0367629   0.00745268  -0.00630104    -0.105381
  -0.0949126   -0.0636993    0.0275179   -0.0141085
  -0.0787529    0.0843751   -0.0652857   -0.0429783
  -0.0241166   -0.0979616    0.0411742   -0.0252378
   -0.187512    0.0241616    -0.111066     -0.16516
   -0.200138    0.0844735    -0.120037    -0.268007
  -0.0207427   -0.0513211    0.0117365    0.0661394
  -0.0416871    0.0799019   -0.0756102   -0.0124309
   0.0921507    -0.175302     0.215798     0.169081
   0.0699806  -0.00702234    0.0450021    -0.028748
 -0.00180581    -0.062903     0.100298    0.0501224
   0.0715012   -0.0257294      0.07802     0.125627
    0.197242     0.126207   -0.0377498    0.0822613
   0.0789379     0.177745   -0.0613554   0.00469992
   0.0575858    -0.137293     0.112793    0.0259166
   0.0399317    -0.112602     0.066889    0.0403811
   0.0693427    0.0589626  -0.00494427    0.0221651
   0.0280312    0.0578962   -0.0557131    0.0508452
    0.172984    0.0431522     0.142859     0.208221
   -0.134881   -0.0280791   0.00125896   -0.0184828
   0.0254855    0.0124092    0.0526858   0.00750117
  -0.0199581   -0.0664701     0.014396    -0.180582
    0.135424    0.0110327     0.120834     0.178011
    0.266228   -0.0734604     0.175251     0.166102
  -0.0634731    0.0825979   -0.0165956   -0.0796991
 -0.00949346    0.0562615   -0.0482896    0.0334505
  -0.0362356     0.187958    -0.203955    -0.102185
   0.0444226    0.0705585   -0.0798811    0.0643595
    0.011234   -0.0451384     0.118196    0.0944011
   0.0900274  -0.00437884     0.046258   0.00902419
   0.0516614  -0.00866542   0.00464473     0.059205
   -0.112388    0.0720368   -0.0540691    -0.179824
    0.314934     0.107802    0.0611245     0.231896
    0.049932    0.0474383   -0.0248412   -0.0389437
    0.170525     -0.15433     0.237167     0.167929
  -0.0572191   -0.0620659    0.0391941   -0.0217614
   0.0150608  -0.00127473   0.00824978  -0.00547282
    0.037645   -0.0195264    0.0240565   -0.0837577
  0.00640355   -0.0849684      0.10816    0.0646007
  -0.0668705    0.0648065   -0.0180101   -0.0448831
   0.0053136    0.0502256    -0.042822   -0.0686286
   -0.134101   0.00861067   -0.0227761    -0.224944
   0.0535482 -0.000570189  -0.00872057  -0.00169985
  -0.0315573     0.144505   -0.0746321   -0.0303023
  0.00234663    0.0208829    -0.050703   -0.0779078
   0.0557004   0.00658143   -0.0147821    -0.069046
  -0.0523641     0.101273   -0.0663789   -0.0444399
   0.0250396    -0.140696     0.174863     0.130383
   0.0964625     0.039486    0.0226087    0.0757628
    0.101578    0.0188823     0.130619     0.108004
  -0.0129844   -0.0231479   -0.0160146    -0.102888
   0.0517401    0.0389586   -0.0281109   -0.0276221
  0.00410397      0.02283     0.112249    0.0640004
   -0.119167   0.00517865    0.0277055   -0.0996686
  -0.0208957    -0.123602    0.0185905    0.0115617
   -0.157021     0.082733   -0.0689414    -0.107369
    0.101006   -0.0404545   0.00351758     0.137419
   0.0226949   -0.0571881    0.0588003   -0.0194586
   0.0628391    -0.026864     0.104177    0.0381069
   0.0707455   -0.0667833    0.0606783     0.164554
    0.175116   0.00237113     0.210751     0.168547
  -0.0218223     0.131073    -0.125842   -0.0563428
   0.0276545     0.039628   0.00545126   -0.0801109
  0.00150741   -0.0100289   -0.0298757   -0.0851445
    -0.28129   -0.0212204    -0.152868    -0.199065
    0.264123     0.136056    0.0711495     0.209956
    0.165124   -0.0140302    0.0275306    0.0412944
   0.0901583     0.131119   -0.0542587   0.00737697
  -0.0507843 -0.000589811   -0.0703505   -0.0508686
 -0.00722521     0.026257  0.000740298   -0.0549164
   -0.184893   -0.0207405    -0.101046    -0.236535
   0.0121777    -0.134283     0.064691   -0.0169521
   0.0427981    0.0504679    0.0530577   -0.0578721
   -0.239128    -0.131885   0.00434576    -0.163894
  -0.0187195    0.0819671    -0.035927   -0.0241262
     0.14356    0.0742068   -0.0499796     0.052531
   -0.191225     0.190929    -0.169992    -0.154695
   0.0648475   -0.0322731    0.0132196     0.094844
    0.127622    0.0461293    0.0388899     0.109328
   -0.149208    -0.121934   -0.0800575    -0.160307
    0.111079   -0.0870209     0.206496    0.0295313
  -0.0259454     0.101312  -0.00771525   -0.0440977
   0.0612679   0.00738229    0.0199355     0.054318
   0.0365193    0.0699349   -0.0196424   -0.0443592
   -0.130541    -0.152798    0.0797976   -0.0610533
   0.0936369   -0.0252378    0.0226918    0.0330929
    0.232607     0.140109  -0.00252087     0.203758
    0.194135    0.0338839    0.0984798     0.123177
       0.125    -0.115607     0.130725     0.091528
    0.147665   -0.0833545    0.0978916    0.0639434
    0.209081   -0.0426774     0.220236     0.257822