 -0.00475396   -0.0507938    -0.100249   -0.0456437
  -0.0479384    0.0514209     0.124907    0.0714102
  -0.0768804   -0.0787959   -0.0131753    0.0094174
   0.0362459   -0.0644231     0.195724  -0.00559378
  -0.0685211    0.0400097   -0.0539683   -0.0439279
   0.0238026   -0.0179968   -0.0703144    -0.021784
   0.0599655  -0.00129235   -0.0276978   -0.0826241
  -0.0953795   -0.0193596    0.0849177   0.00458167
  -0.0119721     0.035775    0.0242837    0.0366531
   -0.076884   0.00300952   -0.0464194   0.00621269
 0.000634812   -0.0108251    0.0142503   -0.0499962
  0.00565848    0.0200186    0.0178461   -0.0389929
   0.0580553   -0.0726433   -0.0416231    0.0608308
  -0.0329305   -0.0523799   0.00970289   0.00632891
   -0.107977   -0.0143562    0.0857498    0.0406023
    0.240233    0.0549773  0.000192301    -0.034283
   -0.136361   -0.0454857     0.104329     0.050261
  0.00668793  -0.00253536   -0.0500449   -0.0905445
  -0.0652553   -0.0204438    0.0133557   0.00330907
  -0.0998214  -0.00989457    -0.104558   -0.0749862
   -0.114991   -0.0171786   -0.0331784   -0.0400342
    0.156446     0.017618   -0.0344397    0.0534986
    0.193759  -0.00540248   -0.0429617   -0.0576006
  -0.0242153   -0.0540399   -0.0601905 -7.76657e-05
   -0.145851   -0.0535086    0.0132441   -0.0382988
   0.0504666   -0.0351242     0.186345    0.0795535
    0.049876   -0.0233375    -0.087554    0.0104679
 0.000328589    0.0154047   -0.0303134   -0.0516219
  -0.0850169 -0.000267111   -0.0691023   -0.0630061
   -0.108241   -0.0409235   -0.0180018   -0.0389934
  -0.0172223    0.0759549     -0.14327   -0.0605002
  -0.0690928    0.0243225    0.0379995   -0.0478834
  -0.0314762    -0.074248   -0.0156003     -0.04774
  0.00347728    0.0471225    0.0351497     0.052505
   -0.019199    0.0465264    0.0836938   -0.0150809
  -0.0378603  -0.00889539    0.0738258    0.0133328
 -0.00924524   -0.0459657     0.065371     0.065282
   0.0600847    0.0559142    0.0804372    0.0139447
   0.0984377   -0.0518145    0.0738172    0.0816766
  -0.0610222   -0.0191106     0.182135    0.0471336
   0.0856995    0.0499221    -0.134692    0.0189968
   -0.206333   -0.0145544    0.0631572   -0.0361635
   0.0710773   -0.0243037   -0.0624986    0.0213541
    0.038623    -0.020677    0.0588215    0.0736531
   -0.060785   -0.0314421     0.102851   0.00783785
   -0.117871    0.0133318   -0.0964797    0.0225304
   0.0568178   -0.0414608   -0.0542171   -0.0252089
   0.0870499    0.0171946    0.0169176   -0.0037393
    -0.12546     0.105219   -0.0346599    0.0113158
  -0.0145457   -0.0252495   -0.0824256  -0.00700318
   0.0751449    0.0327321    0.0821429    0.0209704
     0.03042   -0.0254368   -0.0240325   -0.0204861
    -0.10508   -0.0106677     0.152837    0.0467948
   0.0497076    0.0960334    0.0531201   -0.0696006
   0.0564881    0.0152915   -0.0589515   -0.0896753
  0.00946408   -0.0586624    0.0836409    0.0010679
  -0.0423291    0.0341828   -0.0804575    0.0152451
   0.0394489    -0.055309    0.0783508    0.0300419
   0.0745437    0.0537332   -0.0883379  -0.00679414
   -0.143284    0.0449889     0.135904     0.081911
   0.0274743   -0.0263939     0.147981    0.0776213
-0.000445055   -0.0197724    0.0254782   -0.0444936
  -0.0408826    0.0335895   -0.0965486   -0.0738227
   0.0963023  0.000619989    0.0661972    0.0652145
   0.0167949   -0.0359794    0.0166355    0.0277995
    0.121588    -0.072642   -0.0362815   -0.0306005
  -0.0845186   -0.0429436   -0.0973269   -0.0386524
  -0.0405124   -0.0172864     0.172671    0.0905893
  -0.0320892     0.033933   -0.0252388    0.0523312
  -0.0601868   -0.0381942     0.169543  -0.00704529
   -0.190486   -0.0541114     0.179752    0.0300843
   -0.114859  -0.00180269     0.172665    0.0866615
  -0.0530966    0.0184664    -0.141514   -0.0633687
  -0.0366931   -0.0273035    0.0391266   -0.0112844
  -0.0654412   -0.0319308     -0.14581    0.0166522
    0.142261   -0.0716073    -0.037059    0.0858894
  -0.0712196    0.0229987     0.143541     0.008675
    0.116828    0.0551328   -0.0457125    0.0348196
   -0.114743   -0.0207439   -0.0620054   -0.0138268
   0.0979999    0.0560967    -0.177862    -0.100469
  -0.0775048    0.0247436    0.0347663   0.00207398
   0.0243283     -0.03191  -0.00829241   -0.0293466
  -0.0314496   0.00624804  -0.00372634    0.0347347
   -0.020885 -0.000825925    0.0563007    0.0789916
    0.114199   -0.0238869   -0.0205577   -0.0513305
   0.0846212     0.018661     0.153205    0.0721461
   -0.067157    0.0166872  -0.00592548   0.00869323
   0.0538651    0.0252786     0.023096   -0.0364153
    0.158808   -0.0562596     -0.10246   -0.0457026
   0.0550296   -0.0814448   -0.0988108   -0.0177984
   -0.151849   0.00906567   -0.0383774   -0.0299954
  -0.0146551   0.00731542   -0.0868657   -0.0556319
   -0.181721  -0.00754219     0.222159   0.00589364
    0.128882    0.0532177    -0.149946   -0.0639656
 -0.00364899    -0.044509  -0.00891485    0.0447842
    0.177431    0.0661627    -0.106002   -0.0964774
   -0.133718    0.0328601     0.132507    0.0726526
   0.0743867    -0.025759      0.21856    0.0224169
   -0.119421   -0.0482859    0.0184319    0.0610095
    0.104292    0.0247216   -0.0667303    -0.022429
   0.0189254    0.0239759   -0.0159984   -0.0224996
  0.00928493    0.0375359   -0.0219855   -0.0485601
  -0.0850004   -0.0374964     0.112664   -0.0163897
    0.183364    0.0178973    0.0818253   0.00348382
  0.00906157    0.0786211    0.0339704     0.038802
  -0.0883423   0.00760547      0.11491    0.0678735
  0.00123706    0.0240133   0.00743017   -0.0546546
   -0.199396    0.0184009    0.0208215   -0.0307314
 0.000926452   0.00615397      0.10623    0.0451953
    0.066293    0.0652945   -0.0385546   0.00477264
   0.0212177    0.0182609     0.026499   -0.0396711
   -0.367815    0.0436829    -0.110205    -0.118103
  0.00860641    -0.024946    -0.154438    0.0184889
   0.0586581  -0.00926257    0.0598087    0.0443571
   0.0368448   -0.0210425   -0.0564955   -0.0821085
  -0.0251178   0.00600471    0.0223478   -0.0550357
   -0.182223   -0.0898828     0.124726    0.0216791
 -0.00207109   -0.0463375     0.117926   -0.0160051
  -0.0360166    -0.053763  -0.00129377   -0.0111206
   0.0186725   -0.0289579   -0.0632077     0.021261
   -0.003356   0.00676997   -0.0429273    0.0396055
   0.0446938   -0.0263254    0.0415315  -0.00374785
    0.088482   -0.0114102   -0.0294121   -0.0177581
  -0.0508572   -0.0294671     0.133002    0.0539722
  -0.0152079   -0.0104284    0.0606978    0.0713249
   0.0753841    0.0360323     0.116574    0.0376381
  -0.0361821   -0.0669176    0.0972025    0.0861693
   0.0156854   -0.0224282   -0.0145563    0.0299475
 -0.00962149   -0.0793423   -0.0326221    0.0428424
   0.0559934   -0.0261479    0.0607537    0.0406313
   -0.004314   -0.0486531   -0.0600878     0.057288
   0.0353204   0.00366214   -0.0396715  -0.00752379
-0.000132742   -0.0482653   -0.0498258    0.0114856
  -0.0737171   -0.0083908   0.00584077   -0.0372498
    -0.17594    0.0222627   -0.0813023   -0.0291257
    -0.13697   -0.0889819     0.145593    0.0415976
  -0.0489038   0.00474117    0.0420927   -0.0237784
   -0.109986    0.0398738   0.00262943   -0.0334656
  -0.0998893   -0.0539781   0.00393673    0.0226401
     0.14122  -0.00211159    0.0725593    0.0218212
 -0.00470485   -0.0186213   -0.0465443    0.0511893
   -0.188428    0.0129321     0.096285    0.0679787
   0.0206701    0.0178042    -0.077125    0.0270891
   -0.112809   -0.0286144    0.0215661    0.0475672
  -0.0558756   -0.0202672 -0.000647011    0.0173392
  -0.0480888   -0.0460262    0.0497121    0.0662349
  -0.0180547    0.0683601   -0.0997848   -0.0885739
  -0.0488603   -0.0200353    0.0313179   -0.0440971
   0.0163654   -0.0480063   -0.0726663   -0.0515086
  -0.0309454    0.0253178   -0.0257857    0.0168294
  -0.0132816    -0.090024    -0.117291    0.0401457
  0.00949481  -0.00619554     0.184509    0.0687477
    0.165581   -0.0115651   -0.0301021   -0.0206061
  -0.0812043   0.00949325    0.0356576   -0.0320085
   0.0418308    0.0645897   -0.0111052   -0.0145261
  -0.0541788    0.0571641   -0.0899682   -0.0692546
   -0.114837   -0.0590192  0.000966236    0.0260698
  0.00803699    0.0493699   -0.0388164   -0.0432359
  -0.0673235   -0.0214635   0.00222859   0.00419941
   0.0330041    0.0271389    0.0497174    0.0100112
   0.0758066     0.040483    0.0358934     0.024894
  0.00910948    0.0284177   -0.0421229   0.00275745
  -0.0503094   -0.0154814   -0.0656631   -0.0238102
   0.0133732     0.025835      0.06894    0.0267104
   0.0461403    0.0639669   -0.0846471  -0.00315161
  -0.0980275   -0.0116088   -0.0278996   -0.0012489
    0.102865    -0.100219    0.0221841   -0.0221932
  -0.0805421    0.0232716    0.0869954    0.0692969
  0.00352114   -0.0476648   0.00930365    0.0630146
   0.0121009    -0.033183  -0.00142662    0.0565398
   -0.195056    -0.010145   -0.0664516    0.0319852
    0.076015    0.0415978    0.0999758     0.035592
  0.00346636    0.0498937     0.059362    0.0468923
   0.0645561    0.0146548   -0.0777246   -0.0048758
  -0.0439777   -0.0417325    0.0626277   -0.0112384
    0.136784    0.0617168   -0.0422092    0.0023716
  -0.0147786    0.0364219    0.0170099   0.00437025
  -0.0651828    0.0156029     0.161548    0.0425978
 -0.00621825   -0.0160295     0.102932    0.0428231
  -0.0275611   -0.0641913   -0.0716918    0.0355606
   -0.165299    0.0099411  -0.00791341    0.0589608
    -0.01139   0.00894214     0.170058    0.0628382
   0.0991172    0.0488279   0.00915483    0.0276658
   0.0881597    -0.103017   -0.0213369   -0.0478642
  -0.0562801    0.0410003    0.0505772    0.0670477
  -0.0249965    0.0302169    0.0614663   -0.0210682
  -0.0668597    0.0252004    0.0481022   -0.0241079
   -0.131973    0.0736962    0.0205169    0.0392332
   -0.138062   0.00937681    0.0970303    0.0408486
    0.172425   -0.0610899   -0.0752133  -0.00688177
   0.0621356   -0.0260763   0.00870939   -0.0193668
 0.000575905   -0.0412261   -0.0150573   -0.0013581
  0.00260319    0.0106068    -0.138761   -0.0687509
   0.0427626    0.0820976     0.075421   0.00959366
   -0.131977    -0.043513   -0.0659928   -0.0339329
   -0.138069   -0.0488874    0.0245349   -0.0232124
   0.0775805   0.00179442   -0.0818763   -0.0723745
  -0.0413305   -0.0279033  -0.00187226   -0.0251192
   0.0822915    0.0641803    0.0608754    0.0617023
  -0.0469345   -0.0298537    0.0368914    0.0474252
  -0.0425882   -0.0528579   -0.0120054  -0.00117815
  -0.0680114   0.00875642     0.201799    0.0674276
  -0.0384596   -0.0287922     0.101841   0.00985928
  -0.0555784    -0.064099    0.0399286   -0.0394422
 -0.00390928   -0.0377477    -0.048043    -0.035179
   0.0494421   -0.0452286    0.0401052    0.0695098
  -0.0547076    0.0823337   -0.0761483    0.0357203
    0.044341   -0.0283246    -0.020899     0.048242
    0.169062   -0.0142806    0.0535289   -0.0232176
   -0.203819   -0.0406451   -0.0625914    0.0311712
  -0.0303784  -0.00247521    0.0580497     0.024244
   -0.142629   -0.0481489    -0.108898   0.00327705
   0.0763646   0.00252947   -0.0591786   0.00600756
  0.00454938   -0.0660239   0.00441387   -0.0449434
-0.000885464    0.0277767  -0.00781273  -0.00344771
  0.00464788    0.0312051   -0.0568064   -0.0420979
  -0.0392488   -0.0763578    0.0469292  -0.00559357
   0.0420725    0.0213327   -0.0965047   -0.0236098
   0.0292468    0.0575959   -0.0334258    0.0501811
 -0.00768964    0.0177882   -0.0269752     0.028996
  -0.0729931    0.0511893   -0.0471995   -0.0240914
 -0.00172665    0.0559611   -0.0783522   -0.0596924
   0.0769535    0.0613795   -0.0477886   -0.0457885
    0.124014   0.00574448   -0.0260749    0.0176118
   0.0700478     0.027351     0.146353    0.0452381
  -0.0650117       0.1079    -0.125439   -0.0261351
  -0.0526118    0.0242785    0.0183961    0.0449284
  -0.0435465   -0.0138338   -0.0517533    0.0565817
  -0.0327045   -0.0451625    0.0690142    0.0160736
   0.0513971   -0.0176205    0.0402302    0.0363959
     0.12744   0.00409886   -0.0944099   -0.0113504
  -0.0250889    0.0195314   -0.0689067   -0.0851796
  -0.0385273   -0.0100763    0.0786208   -0.0198023
  -0.0619823   -0.0410639  -0.00776452   -0.0438721
 -0.00401019   -0.0153598    0.0763625     0.024657
 -0.00869044    0.0570298    0.0199926   -0.0213551
   0.0236704   0.00997269   -0.0776966   -0.0597076
   0.0732294   -0.0356165   -0.0197936    0.0286213
  -0.0210441   0.00406264    0.0505913   -0.0592582
  -0.0307036    0.0196153    -0.100807    0.0163736
  -0.0156201   0.00433604   -0.0504788  -0.00473043
   0.0558104    0.0335892     0.144634    0.0155823
    0.155685   -0.0178777   0.00832306   -0.0654239
  0.00182556   -0.0279941     0.020095    0.0555438
   0.0368394   -0.0546035   -0.0366609  -0.00803576
  -0.0947374    0.0782943   -0.0439229   0.00447601
 0.000599546   -0.0103249  -0.00521345   -0.0527186
   0.0531576   -0.0810424    0.0860421     0.096488
  -0.0674854    0.0157781     0.083431   -0.0209535
    0.140444    0.0366074    0.0919655  -0.00241752
   0.0405307    0.0304228    0.0333949    0.0242623
 -0.00757925   -0.0595765    0.0994026    0.0688715
   -0.141107    0.0488506    0.0782865   -0.0338936
  -0.0537208   0.00252807    0.0520319   -0.0130757
  -0.0202912    0.0324072   -0.0033958   -0.0230711
    0.075012    -0.011335    0.0872906    -0.025341
    0.095201    0.0304449   -0.0715734  -0.00979067
   0.0168856   -0.0380768    -0.088669   -0.0684368
    0.071388   -0.0606663     0.166746    0.0881917
   -0.022294    0.0341093   -0.0768207   -0.0339122
  -0.0549881   -0.0511513    0.0987935    0.0682857
   0.0773332   -0.0489674    -0.105791    0.0240023
  -0.0172843   -0.0241782   -0.0592412    0.0292016
  -0.0946118    0.0413333    0.0354579    0.0630053
   0.0909477   0.00434126   -0.0101217    0.0310625
  -0.0694028   -0.0386583    0.0711383  -0.00222104
   0.0123414    0.0236468  -0.00306915   -0.0271722
   -0.151417   -0.0219697    0.0972728    0.0339441
  -0.0532732   -0.0136434    0.0534913    -0.027215
  -0.0411707  -0.00128495    0.0439137   -0.0194627
     0.12186    0.0220695    -0.061276   -0.0308338
   0.0105907   -0.0600155   -0.0123375  -0.00102274
  -0.0112251     0.061184   -0.0607206     0.033103
    0.155116     0.042594    0.0268222    0.0211874
   -0.050564    0.0371302   -0.0356272  -0.00285735
  -0.0434173   -0.0676442    -0.171326   -0.0382742
     0.02025    0.0307473     0.134191  0.000505372
  -0.0326122    0.0227195      0.03883    0.0316118
   -0.181793   -0.0449624    -0.149684   -0.0131226
    0.063015   -0.0757705    0.0232579  0.000446317
   0.0745044    0.0515822    0.0663298    0.0456685
   0.0227402   -0.0383599     0.045912   0.00241673
   0.0437116    0.0218492   -0.0616952   -0.0324966
   0.0512252   -0.0225229    0.0101983  -0.00725854
   0.0583854    0.0640049     0.042834   -0.0415815
  -0.0822493    0.0604638   -0.0302832    0.0213856
   0.0543777   0.00153641   -0.0126104    0.0133686
    0.108377   0.00354946     0.179376    0.0716146
    0.111755   0.00449702    0.0568535    0.0424437
   0.0199737   -0.0614068    0.0372508   -0.0068709
   -0.120413  -0.00693031    0.0476314  0.000238667
  -0.0294967    0.0548793    -0.081764   0.00929814
   0.0488173    0.0327085     0.063096    0.0996334
  -0.0779563   -0.0125116   -0.0625852   -0.0362679
   0.0696904    0.0490511     0.154297    0.0325438
  -0.0251151  -0.00712034    0.0274144    0.0219094
  -0.0231101    0.0777061   -0.0994645   -0.0166684
  -0.0812378    0.0896679   0.00791969   -0.0917206
  -0.0973486    0.0406107     0.020378   0.00914786
     0.11383   -0.0231469   -0.0157723    0.0362379
     0.09438    0.0691346   -0.0594277   -0.0354031
   0.0112432    0.0460238  -0.00963398    0.0259928
   0.0166988    0.0132865    0.0843409    0.0209584
   0.0347111    0.0408303     0.089885    0.0167315
  -0.0259492    -0.035664     0.016105  -0.00891671
    0.178707    0.0352891     0.055354   -0.0207833
   -0.167254     0.059754    -0.041941   -0.0781201
    0.184061   -0.0359558    0.0337788     0.041483
    0.152192    0.0171951  -0.00654285    0.0198898
   0.0430258   -0.0486128   -0.0881405   -0.0089991
   0.0279203   -0.0211304   -0.0223731   -0.0676245
  -0.0224017     -0.03117    0.0349947    0.0389654
  -0.0516116   -0.0908272    -0.154355    0.0346974
  -0.0785693   -0.0428271     0.104979    0.0670498
    0.233077    0.0837032    -0.182179     0.013687
    0.163304   -0.0480051   0.00930503   -0.0325402
  -0.0722441  -0.00615997     0.183596    0.0209344
   0.0527818    0.0494847    -0.106618   -0.0384666
  -0.0348677   0.00708405    0.0151182   -0.0220772
  -0.0067042     0.034709    0.0201409    0.0165164
   -0.176081    0.0877382   -0.0114424    0.0137719
  -0.0628474   -0.0672453     0.201247    0.0668299
  -0.0544046    -0.019546    -0.161017   -0.0393068
  -0.0184427    0.0438293    -0.115523  -0.00912917
   -0.276659    0.0325489    0.0552865    0.0545149
   0.0334648   -0.0641898  -0.00663464    0.0674541
  -0.0230908   -0.0197815    0.0105818   -0.0480286
  -0.0117765    0.0071247   -0.0125856  -0.00709764
   0.0166804    0.0604622    0.0215969    0.0326821
  0.00893341   -0.0406515   -0.0839621  -0.00366781
  -0.0614412   -0.0360723    0.0427843     0.046088
  -0.0187499    0.0348065  -0.00548898    -0.012241
   0.0440423    0.0605768   -0.0698187   0.00273354
   0.0585551    0.0277977   -0.0175912   -0.0399511
   0.0367893   -0.0190738   -0.0127615    0.0575617
    0.145183   -0.0268643     0.048523    0.0779422
   0.0583575    0.0399035   -0.0332211   -0.0369335
   0.0512807   0.00814445   -0.0765112    0.0190643
    0.220345    0.0592664   0.00709217    0.0203088
  -0.0398245  -0.00713576    0.0182719    0.0635047
   -0.095067   -0.0313493    0.0405602    0.0466457
     -0.0367    0.0386522    0.0712841   -0.0455652
   0.0172454    0.0262534    0.0308983  -0.00118867
   0.0116233    0.0586417     0.112272   0.00815477
   -0.156345   0.00655364   -0.0933455   0.00155456
   -0.160383    0.0488873    0.0122544   0.00103301
   0.0374575    0.0188655    0.0329339    0.0110797
   0.0710369    0.0315391   -0.0350079   -0.0341757
   -0.109258    0.0376255   0.00261082    0.0401269
  -0.0220844   -0.0366385     -0.01242    0.0628788
  -0.0676342   0.00767934    0.0113934    0.0186071
    0.166274   0.00427172    0.0121069   0.00358648
  -0.0157688   -0.0212513    0.0639888   0.00729754
   0.0667613    0.0290896    0.0522486    0.0738051
   0.0858305   -0.0110619    0.0704262   -0.0462564
  -0.0657451    0.0842788   -0.0218732  -0.00799566
   -0.139373   -0.0303408     0.106614    0.0663822
  0.00991747    0.0281063    0.0426225   -0.0271354
   0.0183482   -0.0255036   -0.0882563   -0.0316016
  -0.0102025  -0.00694264    0.0129917   0.00391704
    0.125004    0.0616689    0.0686602   -0.0352475
  -0.0856383    0.0363072    0.0778305   -0.0477278
  -0.0624766    0.0482773   -0.0376842    -0.057976
   -0.191852   -0.0442949     0.191009    0.0604401
   0.0555379    0.0195093    -0.091373   -0.0153679
  -0.0826154    0.0286035   -0.0102012     0.036559
  -0.0806843   -0.0222618      0.13142    0.0433299
  -0.0233676  -0.00976244    0.0654418  -0.00433548
   0.0407876   0.00564621   -0.0442599   0.00795237
  -0.0431442    0.0280269   -0.0215728   -0.0289393
   0.0593615   -0.0519476   -0.0536579   -0.0247341
   0.0100128     0.066781    0.0296385   -0.0484897
   0.0220232    0.0277431    0.0603975   -0.0367587
   -0.070043   -0.0610375    0.0879254     0.074021
  0.00121288    0.0379121    0.0565002   -0.0165558
    0.065698    0.0638629   0.00581673    0.0764953
 0.000236467   -0.0313629   -0.0117618    -0.013808
   0.0496341   -0.0189279    0.0583989   -0.0312688
  0.00113973  -0.00697928   -0.0331503    -0.072047
   0.0919822    0.0570595   -0.0986836   -0.0499381
    0.261044    0.0144083   -0.0566849   -0.0334835
  -0.0545561    -0.154789   -0.0187379   0.00716921
   0.0860092   -0.0250313   -0.0373843    0.0949958
   -0.112233    0.0834591    0.0838003    0.0081302
   0.0626628    0.0638002    0.0264957   -0.0557784
    0.061994    0.0327987    0.0361855     -0.09033
     0.07283    0.0253425    0.0502895   -0.0195018
     0.12415    0.0519508   0.00587377    0.0173645
   0.0766033   -0.0171458     0.151602    0.0411849
  -0.0459138    0.0038636    0.0675801   0.00344656
   0.0604619   -0.0332206   -0.0593617   -0.0172456
    0.171485   -0.0458706    0.0465522    0.0457757
  -0.0343727    0.0153887    0.0779051    0.0345095
  -0.0420022    0.0697729    0.0821531    0.0340662
   0.0575931    0.0548108   -0.0827559   -0.0586331
    0.223155   -0.0411643     0.132156    0.0886158
    0.111279    0.0217131   -0.0092248    0.0345004
   -0.101475   -0.0806866    0.0895919    0.0485201
  0.00749002   -0.0582436    0.0458613   -0.0347771
  -0.0897814  -0.00315618    -0.108192    -0.010355
  -0.0469723   0.00955134   -0.0262174    0.0407808
   -0.045747   -0.0409633   -0.0706901    0.0183806
    0.100875    0.0380797   -0.0960683    -0.048424
   -0.111086   -0.0624341      0.08541   -0.0145688
  -0.0650957   -0.0261977   -0.0889185    0.0193044
   0.0868716     0.051034   -0.0483313   -0.0645331
    0.105201    0.0404193   -0.0907869   -0.0578044
  -0.0403578   0.00889833   -0.0994762   -0.0464732
     0.10729   -0.0485202   -0.0723645   -0.0261468
  -0.0230577    0.0348231    0.0817704   -0.0326672
  -0.0379757   -0.0537925     0.113918    0.0459986
   0.0429238    0.0280808   -0.0121478   0.00845904
    0.154863    0.0210254   0.00902954   -0.0261039
 -0.00364431    0.0169938    0.0401566    0.0182409
  -0.0229668   -0.0132286     -0.19599    -0.090192
   -0.112149    0.0188441   -0.0333517   -0.0552348
    0.120357    0.0351996   -0.0466123    0.0236352
  -0.0167793  -0.00384797    0.0098782   -0.0364503
  -0.0473872    -0.012121   -0.0292898   -0.0293243
    0.100322    0.0549397   -0.0126704  -0.00110174
   0.0736088    0.0442754     0.169856    0.0610949
   0.0331767   0.00852185   -0.0609897    0.0345362
   0.0716729    0.0727032   0.00808611   -0.0413945
  -0.0589378  -0.00963089    0.0363222   0.00384307
    0.063197   -0.0476457    -0.121291   -0.0135293
 -0.00473507    0.0328601    0.0280631   -0.0241884
  -0.0522656   -0.0520854    0.0710676   -0.0395915
  -0.0483055    0.0310189   -0.0222303    -0.052798
    -0.17679    0.0913799   -0.0431663    -0.103064
   -0.182872   -0.0837871     0.100029    0.0292485
 -0.00759058    0.0118965   -0.0103427   -0.0081968
   -0.150721    0.0299362    0.0756677    0.0740802
   0.0311027    -0.020506    0.0169591   -0.0589584
    0.108504  7.19242e-06   -0.0405127   -0.0732187
    0.129891    0.0166484    -0.137441   -0.0820022
  -0.0456095    0.0403128    0.0286522    0.0287398
  -0.0319391    0.0637581   -0.0357666   -0.0253431
  -0.0798028    0.0386395     0.081986   -0.0130894
   -0.077117   -0.0838749   -0.0972153   -0.0718182
 -0.00433456     0.045035   -0.0771366   0.00117664
  -0.0183814   -0.0177255    0.0436705   -0.0237781
     0.10133    0.0544225     0.029575   -0.0056478
   -0.198078    0.0226063   0.00162984   -0.0434579
   0.0929754    0.0577378    0.0108185  -0.00701586
   -0.152256   -0.0452616      0.11296   0.00774393
    0.083587   -0.0104039   -0.0494879   -0.0268919
   -0.152181   -0.0260831    0.0398751    -0.041162
    0.235738   -0.0148929   -0.0411342    0.0505726
   0.0948994   0.00562239  -0.00863341    0.0314259
   0.0782434    0.0595906    -0.112226   -0.0655853
   0.0928768    0.0266783   -0.0415668   -0.0304431
    0.130531   0.00198713    0.0045245   -0.0299047
   0.0856754   -0.0110884   0.00831554    -0.072671
   -0.088657   0.00156431   -0.0261697   -0.0154997
    0.031086    0.0500412    -0.077173 -0.000971164
 0.000686402   -0.0436347    -0.136803    0.0154796
  0.00209908   -0.0107999    0.0200241     0.022609
 -0.00931084    0.0688443  -0.00607249    0.0264533
   0.0311899    0.0264382    0.0837146    0.0156231
    0.120766   -0.0603413     0.100633    0.0426763
    0.120329   -0.0648288   -0.0515693   -0.0329545
   0.0930335   -0.0453002   0.00304851   -0.0187871
  -0.0214691    0.0626961   -0.0221728    0.0108689
    0.103388   -0.0141593    0.0796307    0.0241255
  -0.0361209  -0.00856258   -0.0457283  -0.00735689
   0.0338388   -0.0025368    0.0122892    0.0331262
  -0.0170107    0.0690561     0.028744  -0.00437815
   -0.165826    -0.135022    -0.116221    0.0134132
   0.0235048   -0.0411387   -0.0639872    0.0446218
  0.00289918   -0.0254715    -0.031945   -0.0371563
  -0.0745172   -0.0597787   -0.0124132    0.0142716
  -0.0706259   -0.0249754    0.0980968   -0.0371312
    0.112117   -0.0092069    0.0382695    -0.058631
   -0.108856     0.028463   -0.0978036    0.0226406
  -0.0522514   -0.0519441     0.033556    0.0553057
  -0.0231293    0.0453628   -0.0385504   -0.0529193
   -0.114749    -0.068346    -0.041039    0.0314914
  -0.0600229    0.0163313    0.0682131    0.0565784
 -0.00399638   0.00796001     0.122845     -0.02731
    0.276542    0.0347596    0.0530457   0.00635924
   -0.151384   -0.0220236   -0.0765288   -0.0882263
    -0.16796    -0.105932    0.0445663   0.00023901
   0.0731141    0.0667498    0.0762668    0.0753725
   0.0207182   -0.0364029   -0.0323413   -0.0187155
  -0.0345384    0.0236908    -0.168164    -0.011774
    0.132479    0.0235076   -0.0959835    0.0266924
   0.0314857   -0.0542445    0.0332718    0.0577964
   -0.121869    0.0266824    0.0898816    0.0188327
    0.114095    0.0339624     0.023369  -0.00427017
    0.131657    0.0379487   -0.0875905   -0.0295048
   -0.142831   -0.0347731     0.102038   -0.0189188
   -0.114166    0.0428512    0.0523455    0.0273832
   0.0152252    0.0406516    0.0754115    0.0690084
  -0.0322378   -0.0672112  -0.00829786    0.0629131
   0.0203554   -0.0511633    0.0328238  -0.00706217
   0.0999022    -0.020151    0.0674293   -0.0113341
  0.00624347     0.013103   -0.0667697  -0.00444676
  -0.0115611    -0.073805    0.0735549    0.0378256
   -0.095238   -0.0633097    -0.162919   -0.0767689
   -0.179758    0.0259412    0.0859288   0.00820112
   -0.131448   -0.0254908  -0.00226026    0.0530691
   0.0654504    0.0531427    -0.113987   -0.0293626
   -0.199145   -0.0617767    -0.160585    0.0291223
   -0.036503    0.0176066    -0.146353    0.0327021
   0.0319163    0.0249223   -0.0347336   -0.0522046
    0.102798   -0.0308367   -0.0218521     0.028381
   -0.152762  -0.00967734    0.0155395   -0.0392126
   0.0474113    0.0544597    0.0185177   -0.0788027
  -0.0362063   0.00329133   -0.0607502    0.0191049
   -0.179205   -0.0453323     0.107408 -0.000937779
   -0.101251   -0.0830365    0.0406361    0.0578862
  -0.0157943    0.0692823   -0.0731101  -0.00158745