    0.117265    0.0409277   -0.0782963   -0.0698561
   0.0245721     0.126102    -0.195543    0.0743717
  -0.0284725     0.108327    -0.150857   -0.0453744
  -0.0305235     0.160953   -0.0364346      0.17582
   0.0572363    -0.064712    0.0742791   -0.0304615
   0.0414605     0.024456   -0.0553536    0.0712833
  0.00368867    -0.140304    0.0387394    -0.235586
  -0.0867939    0.0375641   -0.0794353   -0.0514537
   0.0605897   0.00408202    -0.125112   -0.0264998
   0.0351621   -0.0357452   -0.0943261   0.00275719
    0.132608    0.0289727 -0.000113761    0.0526342
  -0.0242504   -0.0389777   -0.0257716   -0.0689978
   -0.143032   -0.0281563    0.0521692    0.0611603
    0.013648    0.0514975    0.0803022   -0.0463987
    0.069778   -0.0908622     0.129031    -0.116414
  -0.0423404    0.0173886     0.107832    0.0665242
  -0.0976809    -0.133334     0.205772    -0.321004
   0.0153396   -0.0576518    0.0754251   -0.0368123
   0.0271836   0.00846919     0.120336     0.177079
   0.0648259   -0.0403193    -0.141047    -0.101123
    0.119237     0.064834    -0.170837     0.136123
   0.0105435      0.14499   -0.0816169     0.133894
   0.0109005   0.00894892   -0.0978517     0.153471
   0.0218627   -0.0503538   -0.0916419  0.000996891
  -0.0231567  -0.00315029   -0.0521089      0.06295
    0.150836     0.149863     -0.17485     0.193696
  -0.0960436    0.0635823    0.0085856     0.075816
    0.028376    0.0682092   -0.0256529  -0.00243026
   -0.050295    0.0901696    0.0690831     0.128446
    0.030368    -0.155895     0.102538    -0.124205
  -0.0163703    -0.046643   -0.0535386    0.0123308
    0.148502    0.0227064    0.0548116    0.0935807
 -0.00629515    0.0141782   -0.0226425   -0.0577989
   -0.113555    0.0352309      0.05121     0.146465
   -0.111579    0.0338045    0.0506897    0.0510786
   0.0617435     0.231984    -0.186387     0.406557
   -0.029614    0.0653744   -0.0055026    0.0491392
   0.0592057     0.101628    -0.109217   -0.0230827
  -0.0748768    0.0216746    0.0628741    0.0728475
  -0.0426196    -0.102507    0.0369921     0.041749
   0.0565895    0.0162916   -0.0936778      0.14766
  -0.0633436   -0.0355116     0.123477     0.165009
   0.0769942    0.0418511    -0.164076    0.0870211
   -0.105951  -0.00746385   -0.0573588    0.0196362
    0.120635   -0.0724267   -0.0773349    -0.113681
  -0.0447822    -0.137706     0.170835    -0.101615
 -0.00590358    0.0503872   -0.0507287   -0.0553257
  -0.0491918    0.0656387   -0.0324836     0.058477
  -0.0956549   0.00733206    0.0202596   -0.0123272
   0.0619342   0.00779678   -0.0716816   -0.0510314
  -0.0178776     0.178367    0.0415297     0.146674
   -0.112323    0.0638865    0.0734212    0.0743712
    0.128357     0.108089    -0.136204    0.0552276
    0.139951   -0.0162539    0.0809537    0.0880835
   0.0183261     0.116775    -0.136937     0.183434
   -0.024237   -0.0369609    0.0545828   -0.0353762
   0.0537149    -0.102874     0.181037    -0.198662
  0.00491952    0.0291789    0.0385041   0.00455967
   0.0469326   -0.0965027     0.272623   -0.0865795
   -0.038788     0.135148    0.0107922     0.218506
  -0.0127643    -0.120377    0.0846111   -0.0702168
  -0.0593165    0.0859536  -0.00551734    0.0511131
 -0.00256916    -0.023381    0.0849243   -0.0745728
  -0.0712479     0.201142     0.159196     0.336527
  0.00623312   -0.0762353   -0.0212384   -0.0686554
-0.000359611    0.0138538    -0.127512    0.0136892
   0.0107658    0.0146285     -0.14114      0.10472
   -0.117397    0.0847342     0.111369     0.188321
  -0.0961353    -0.122672     0.116874    -0.078375
  -0.0741958    0.0406517    -0.070177    -0.099411
     0.12737    0.0102968   0.00125721     0.118203
   0.0113936     0.062878    -0.013875     0.200312
    0.127451    -0.016941   -0.0318571    -0.101364
   0.0122434   -0.0743539   -0.0108938   0.00756412
  -0.0828199     0.156722    -0.128091     0.162839
   0.0157536   -0.0219467     0.116168   -0.0170676
 -0.00974991    0.0280203    0.0399393    0.0765563
  -0.0698618     0.106259   -0.0678919     0.118559
    0.045581     0.105454    -0.133237     0.170858
  0.00730344   -0.0376777   -0.0602919    0.0502505
  -0.0222212    -0.150696    0.0682082    -0.190206
  -0.0863818   0.00400902   -0.0865491  -0.00780434
   0.0764173   -0.0448597     0.131908  -0.00878692
   0.0187592     0.213731    -0.158268    0.0906218
  -0.0151107    0.0868747   -0.0834472    0.0387548
  -0.0222942    0.0603326  -0.00883743     0.136396
  -0.0197057   -0.0187027  -0.00481534    0.0992246
   -0.172472     0.014083     0.119012    0.0123059
  -0.0383892    0.0747054    0.0854988    0.0639113
  -0.0191851   -0.0160731    0.0911093 -0.000602752
   0.0363546   -0.0635405    0.0437732      0.11078
  -0.0722131     0.103865    0.0157974     0.218462
  -0.0193919   -0.0588991     0.156528     0.072733
   0.0793527    0.0674387   -0.0290514    0.0473956
    0.087291    -0.197924     0.291702    -0.258062
  -0.0825376    0.0977847    0.0100714     0.115428
   -0.204783  -0.00938472    0.0957647     0.163664
   0.0444911    0.0548738    0.0295428     0.242316
 -0.00313508    -0.115704     0.144477    -0.133987
  -0.0416479   -0.0804563    0.0850889      -0.1093
   0.0354353    0.0424751   -0.0212522     0.119613
   0.0900445    -0.097132   -0.0203396   -0.0493209
  -0.0610744    -0.115773     0.244411     0.035776
   0.0457765    0.0117571     -0.09193     0.089372
  1.8477e-05  -0.00723598  -0.00976648   -0.0328506
 -0.00108379   0.00372075    0.0740649   0.00644492
   -0.147347   -0.0303603    0.0126041     0.047756
  -0.0247585    0.0776155   0.00280092   -0.0675596
   0.0228858     0.123556    -0.146485     0.358051
  -0.0376755     0.158861   -0.0661215     0.202588
  -0.0576797  -0.00826558   -0.0131999    -0.112494
  -0.0482186    -0.209702     0.399805    -0.159321
    0.144207    0.0918496   -0.0817359     0.258177
  -0.0335548    0.0683599   -0.0374195   0.00437064
   -0.105573  -0.00298951    0.0130891  0.000314777
   -0.192996    0.0852657   0.00578089   -0.0204351
   0.0624324    -0.303834     0.396348    -0.289826
   0.0343818   -0.0168606    -0.206014    0.0734371
   0.0415773   -0.0511396      0.12099   -0.0142013
  -0.0512894    -0.165214    0.0759035    -0.125684
   0.0344614    0.0351536    0.0168216   -0.0582304
    0.107483    -0.104096    0.0614222   -0.0817759
  -0.0488751   -0.0281946     0.216489   -0.0859427
   0.0399707  -0.00133097     -0.09748   0.00738109
  -0.0108058   -0.0216569   -0.0329963    0.0411431
 -0.00911678     0.083519    -0.100626    0.0286405
  -0.0558035    0.0312377   0.00670539   -0.0149313
   0.0237809     0.117229    -0.274138     0.184231
  -0.0759859     0.139067     0.252683     0.485971
    0.194377    0.0369026     0.124351    0.0976085
   0.0360199     0.091606    0.0446564     0.154954
  -0.0149373     0.113421   -0.0285776    0.0311379
    0.198761   -0.0993647  -0.00906196    0.0419297
  -0.0402031    0.0376577   -0.0228966   -0.0698492
 -0.00198485    0.0261062    0.0164599   -0.0291194
   0.0807013   -0.0406626    0.0195075     0.025645
  0.00254923   -0.0119415   -0.0546607    0.0116795
  -0.0609727   -0.0823635 -0.000746179   -0.0179688
    0.084756    0.0326698      0.01477   -0.0135123
   0.0640551     0.137954   -0.0799333    0.0966988
   0.0687838      0.15626    -0.084798     0.130747
  -0.0180888    0.0328464     0.139122     0.147244
   0.0112797   0.00439989   -0.0187156  -0.00196295
  -0.0537469   -0.0676856   -0.0725826   -0.0670493
   -0.081636    -0.132972     0.102206    -0.206075
  0.00595844 -0.000403167    0.0619534   -0.0225538
  -0.0818609    0.0660163    0.0504586   -0.0195341
   -0.108585    0.0401837  -0.00561218    0.0645204
 -0.00620057   -0.0994292   -0.0362597    -0.163641
  -0.0752015     0.137494     0.019198     0.203703
   -0.131852    0.0422342    -0.103664   -0.0474917
    0.101595   -0.0873976    0.0744054   -0.0555135
   -0.070419    0.0173325    0.0319943     0.104991
  -0.0638878    0.0314576    0.0898888    0.0428402
   -0.132668     0.147821    -0.152614    0.0613504
   0.0312405   -0.0785524    0.0395239   -0.0542195
   0.0477749    0.0930864    0.0810153    0.0499131
  -0.0208593    0.0564021   -0.0100709    0.0907808
    0.102068   -0.0200557    0.0077574    0.0948765
   0.0104485   -0.0404015     0.264842     0.180397
   0.0826914    0.0830835   -0.0872896     0.140998
  -0.0669016   0.00812739   -0.0423886    0.0866997
   0.0452678   0.00633527   -0.0114878     0.119125
  0.00224355   -0.0963433      0.18576   -0.0583645
   0.0580499    0.0544677     0.241391     0.535362
   0.0344226    0.0150571    -0.046081     0.143313
   -0.020646    0.0344097    -0.032959    0.0168679
   -0.122051     0.161032    -0.123636    0.0959312
  -0.0941693   -0.0521571    0.0139822    0.0170459
  -0.0639384    0.0666957   -0.0062133    -0.157373
    0.184729    -0.137908    0.0610359    -0.164884
   -0.012321   0.00410254    0.0415548    0.0892819
  -0.0405216   -0.0355442    -0.111205   -0.0835765
   -0.030838    0.0442586    0.0253169   -0.0530903
 -0.00715345   -0.0870396    0.0260057    -0.139069
  -0.0164657   -0.0647207     0.105183    -0.190097
   -0.133462    0.0893977    0.0368674      0.11507
   0.0935316    0.0110054    0.0829126    0.0423298
    0.030409   -0.0448938    0.0998315    0.0559954
   -0.152901    0.0112418    0.0620625   -0.0535884
   0.0392042    0.0876918    -0.159718    0.0525734
  -0.0144538     0.126552    -0.102132     0.145078
   0.0885496  -0.00521205    0.0491601    0.0373088
  -0.0510224    0.0838915    -0.192976     0.214223
  -0.0544621    0.0458928  -0.00282433    0.0770821
    0.062282    0.0060617   -0.0410908   -0.0981602
   -0.034376    0.0312951     0.115529      0.20202
    0.121318  -0.00317805    0.0364053   -0.0121401
  -0.0832397    0.0273291     -0.10612     0.189487
   0.0577851   -0.0403471    0.0470154    0.0270446
  0.00766235    0.0370305   -0.0167684   -0.0171165
  0.00672672   -0.0136238    0.0223782    0.0370561
  -0.0740473      0.19572   -0.0206518    0.0511341
  -0.0444554    0.0317482   -0.0612682    0.0379143
  -0.0230237   -0.0821528   0.00321555   -0.0914347
    0.054539    0.0345878    -0.248223    0.0879545
  -0.0223453    0.0413432   -0.0229187    -0.032864
   -0.050389     0.131577   -0.0423148     0.204444
    0.325944    0.0963147   -0.0187994    0.0544408
  -0.0838444   -0.0166913     0.099091     0.162807
 -0.00397211    0.0132879  -0.00400839    0.0840556
   0.0562114   -0.0156705     0.018879   -0.0646168
   0.0378994    0.0626254     -0.10965     0.112957
 -0.00377825   -0.0194639    0.0724721   -0.0965247
   -0.039442   -0.0710221     0.132092  -0.00579301
  -0.0255338   -0.0254355    0.0846182   -0.0520053
   0.0875146    0.0933999    0.0757126     0.124292
   0.0519197   -0.0582196   0.00140003    -0.101877
  0.00633915   -0.0267508    0.0353726   -0.0187384
   0.0358044     0.253221    -0.416315     0.231346
   0.0971929     0.151742    -0.038897     0.215145
   -0.134622    -0.119583     0.427624    -0.068499
    0.122183     0.136384    -0.163339    0.0820951
    0.022887    0.0255937   -0.0739678    0.0923722
 -0.00689998    0.0764159     0.129309    0.0793375
   0.0455583    0.0713369   -0.0995005    0.0520624
  -0.0460556    0.0989749    0.0093756     0.169197
   0.0325257    -0.118497     0.010735    -0.141346
   0.0686838    0.0917282    -0.107059     0.303501
  -0.0282047    0.0630521     0.033452     0.143115
  -0.0754386    0.0453045   -0.0513165     0.149655
   0.0141326    0.0046906   -0.0916703    0.0663829
   -0.035273     0.145724   -0.0975508     0.216621
   -0.107205    0.0644711   -0.0489283     0.153713
     0.17647     0.123044    -0.131246     0.165368
  -0.0204541    0.0650675   -0.0451906    0.0479597
   0.0265856    0.0893632    -0.158722     0.154893
  -0.0452002   -0.0931946     0.105222    -0.167563
   -0.147163   -0.0568037     0.010958   -0.0452297
 -0.00341099   -0.0781025   0.00449083     0.087172
   0.0680229    0.0741827     0.022996     0.232775
 -0.00879905    0.0650514    0.0379523   -0.0346009
    0.150982    -0.140823     0.119621   -0.0291744
    0.127557    0.0258128    -0.154247    0.0803496
   -0.102759   -0.0358603     0.164884    -0.167988
   -0.040018    -0.050836    0.0492507   -0.0595605
  -0.0449319    0.0027864   -0.0519157   0.00374846
    -0.01315   -0.0189181   0.00653534   -0.0547101
    -0.13978   -0.0254205   -0.0679632   0.00593449
  0.00224411    0.0114085   -0.0781926   -0.0140678
   -0.105795     0.106118     -0.02551   -0.0340281
  -0.0226343    0.0542728   -0.0963544    0.0885024
  0.00934059    0.0331826    0.0676689   -0.0627496
  -0.0431153    0.0827112    0.0326482  -0.00381079
  0.00339778   -0.0304034   -0.0583644  -0.00711331
    0.162354    0.0748693    -0.107005     0.247955
   0.0726868    0.0315995   -0.0458209     0.181772
  -0.0062305    -0.148936    0.0405603    -0.261167
   0.0151714      0.11825     -0.13357    0.0313127
   0.0530128   -0.0672879   -0.0457782   -0.0930467
  -0.0139987   0.00525663  -0.00607439     0.281862
   0.0664117   -0.0880854   -0.0173483   -0.0780481
 -0.00485601    -0.126505    0.0930761    -0.219177
   -0.054281   -0.0170433    0.0976957      0.12716
  -0.0321257   -0.0596775    0.0337395    -0.174056
   -0.087271    0.0564665    -0.142343     0.036006
  -0.0208555    0.0791052     0.035995    0.0434351
  -0.0224197    0.0799914     0.206648     0.220771
    0.121545   -0.0097323   -0.0386625     0.029681
   0.0545125     0.107883    -0.091638     0.103073
   0.0452708     0.103662    -0.162951    0.0848911
  -0.0154857    -0.158727    0.0761808    -0.181816
  -0.0584978      0.12025    -0.271792     0.176607
  -0.0809717    0.0229741     0.111148     0.115401
   -0.147978   -0.0391903     0.136984   -0.0219646
  -0.0687966      0.11815      -0.1394   -0.0174504
  0.00581209    0.0493065   -0.0971129    -0.004602
   -0.160876    0.0683622    -0.103632   -0.0136299
  0.00308171    -0.025604   -0.0654608     0.033589
   0.0587399   -0.0875953    0.0208791   -0.0424269
  -0.0522875  -0.00750199    0.0522394    0.0165793
   0.0617414    0.0907877    -0.166392   0.00223329
  -0.0949022   -0.0705612     0.172094   -0.0628394
   -0.117411    0.0978382     -0.17432     0.104294
    0.210554    0.0871164   -0.0458544     0.269484
   0.0596414    -0.168864    0.0845593    -0.222189
    0.009134      0.38438    -0.128717     0.344208
   0.0329699    0.0639771     0.097758     0.031737
  -0.0411812   -0.0690968    0.0111684   -0.0996082
  -0.0675169    0.0756921   -0.0346296    0.0213023
   0.0546352    0.0885938     -0.22539    0.0503917
   -0.113957   -0.0208895      0.10604    0.0237623
   0.0419297      0.10573    0.0354308     0.205574
  0.00145566    -0.180496     0.171365    -0.126202
  -0.0607944   -0.0155951     0.119456    -0.181628
   0.0773907   -0.0157454   0.00499043    -0.029426
  -0.0755102    0.0473905    0.0302256    0.0594125
    0.110797    0.0880798    -0.025333     0.125271
   0.0172345    0.0614067     0.110635    0.0216023
  -0.0105031    0.0441132  -0.00978548   -0.0172786
  -0.0101377  -0.00104884    -0.072348    0.0143966
  -0.0188077    0.0649777   -0.0746677     0.183029
   0.0337628   -0.0348099     0.064998    0.0879652
 -0.00344222   -0.0896677     0.147993    -0.125747
  0.00863248   -0.0770025     0.047499    -0.228805
  -0.0872992  0.000864412   -0.0225795    0.0226283
   -0.051764   -0.0239897    0.0646994    0.0717682
   -0.104047     0.124032   -0.0384103     0.222304
  0.00466183   0.00998388   -0.0708371   0.00172669
   0.0798553   -0.0139967     0.127998    0.0552393
  -0.0103397   0.00442475   -0.0566803   -0.0165505
    0.158339  -0.00843889    -0.019053    -0.014299
  0.00374405   -0.0526152    0.0992169    0.0967487
   -0.157085   -0.0170793    0.0252107    -0.119747
  -0.0887227     -0.11037    0.0234265    -0.209141
   0.0278664     0.100738   -0.0795609    0.0290387
   0.0544719      0.11115    -0.130978    0.0782117
   0.0168831     0.110096   -0.0834271    0.0885465
   0.0737952   -0.0334975   -0.0493734   -0.0644904
   0.0847787     0.070592    -0.208014    0.0378148
   0.0111627    0.0654742    0.0397794     0.132868
  0.00211962   -0.0014695    0.0286012   -0.0620272
   -0.119275     0.047389    0.0374269   -0.0617325
  -0.0567368     0.144397    -0.113473     0.116251
    0.127771    0.0949144    -0.106308    0.0935196
  -0.0203279   -0.0394121   -0.0682821    0.0503833
   -0.011963    0.0259934   0.00405912    0.0862439
 -0.00914722   -0.0401179  -0.00886276   0.00875404
  0.00514385    -0.040476      0.03372    0.0440786
  -0.0225819    0.0405868   -0.0348019     0.110693
  0.00112282    -0.119111     0.294785    -0.395044
    -0.12543    0.0148845    0.0109374    -0.140004
   0.0908807    0.0750325    -0.166024     0.039177
   0.0277962     -0.01013    0.0528548    -0.118659
  -0.0442597     0.111557    0.0221921    0.0711995
   0.0287305   -0.0322531     0.149353    0.0624086
   0.0302139    -0.101121   -0.0200259    -0.243229
  -0.0836182    -0.125706     0.140823   -0.0915477
  -0.0566871   -0.0319362    0.0550991   -0.0488664
  -0.0541612   -0.0358517   -0.0275312   -0.0291094
    0.011862   -0.0244426    0.0271507   -0.0127348
  -0.0561838    -0.080013    0.0621512   -0.0278844
  -0.0320886     0.123418      -0.1319     0.160236
  -0.0478781    0.0328576    0.0697308  -0.00129394
  -0.0666162    0.0421884     0.110753   -0.0288808
   -0.175174     0.061635   -0.0122058   -0.0123387
   0.0304517  -0.00572818   0.00324358    0.0122997
   0.0549166     0.171639    -0.089375     0.187484
   -0.148074     0.137006    -0.198757     0.123784
  -0.0247898  0.000836986    0.0557681   -0.0501633
     0.12583     0.151835    -0.224656     0.127587
   0.0364057   -0.0241554    -0.111426     0.104532
   0.0254978   -0.0844794     0.166955    -0.115573
  -0.0593297  -0.00241709     0.182893   -0.0618411
   0.0333184    -0.107642     0.122973 -0.000886508
  -0.0787049     -0.12515     0.138524    -0.198569
   0.0629634   -0.0643613   -0.0123355    -0.171542
  -0.0121703     0.123784   -0.0215772     0.142012
  -0.0360085  -0.00724785     0.128669    0.0618533
   -0.036986    0.0244362    0.0165734     0.207306
    0.102928     0.026672   0.00638065     0.140514
  -0.0250438    0.0535437   -0.0968941     0.102063
    0.067285   -0.0863403    0.0341648    -0.173672
   0.0094081   -0.0322998   -0.0833557    -0.171868
    -0.15843    0.0569875   -0.0629959     0.154042
   0.0161478    0.0576147    0.0524162    0.0789288
   -0.061721  -0.00176074   -0.0857994     0.123109
   0.0102305  0.000119447     0.154365   -0.0975936
   0.0847506   -0.0184191   -0.0898177    -0.130439
   0.0272747   -0.0274076    0.0641021    0.0879909
   0.0662163   -0.0415294      0.02448    -0.043123
  -0.0155903     0.014287   0.00150503    0.0981002
   0.0244818    -0.114423    0.0955926    0.0541614
  -0.0256135     0.151432    0.0143995     0.180512
    0.117611   -0.0642214     0.215798  -0.00204956
   0.0597287   -0.0560924     0.103818    -0.019759
   0.0761633   -0.0109247   -0.0637894    -0.174194
   0.0575653   -0.0717849    0.0486545    -0.123145
   -0.161698    0.0725658   -0.0602916     0.214986
   0.0393971  -0.00720949   -0.0813595   -0.0217322
  -0.0173573   -0.0212863     0.044058   -0.0274488
   0.0192292    -0.154067    0.0312147   -0.0228805
   -0.145952     0.015571    0.0150768   -0.0213391
  -0.0754112    0.0123782    0.0627423      0.03599
  -0.0328322    0.0299046     0.022233    0.0908335
  -0.0758759   -0.0567101   -0.0135368    -0.235044
  -0.0176827   -0.0281961    0.0411916   -0.0188252
   0.0462654    0.0653246    0.0657657     0.131852
   0.0288782    0.0696217    -0.166681     0.154353
   0.0325202     0.189764   -0.0566408     0.208146
   0.0412559     0.154671    -0.141711     0.226157
   0.0475806    0.0246986   -0.0602968   -0.0739485
    0.038656    0.0635311    0.0187949    0.0628085
    0.117836    -0.102622     0.097608      0.02385
   -0.039752    -0.110962     0.160359    -0.153292
    0.169099    0.0118426    -0.119508    0.0682546
  -0.0278141   -0.0074142   -0.0124339    -0.087064
  -0.0205511   -0.0416366     0.134376    -0.138175
   0.0518099     0.177543   -0.0645786     0.240024
   -0.083086     0.207563     0.117122     0.161028
 -0.00568445     0.123795   -0.0704967    0.0745477
   -0.292406     0.143224     0.011014     0.166311
    0.131714    -0.122641    0.0841306    -0.124875
 -0.00236321    -0.079193     0.105894    0.0156934
 -0.00425354   -0.0179504   0.00860888     0.115354
   0.0322209   -0.0299572   -0.0521775    -0.207451
  -0.0363676   -0.0580379      0.10997     0.103864
  -0.0911611    0.0180176    0.0208541    -0.171424
   0.0227134   -0.0657158     0.130016   -0.0506492
 -0.00195111    0.0387978    0.0651831    0.0406944
    0.151389    -0.130026    0.0926318     -0.14348
  -0.0619703  -0.00258115     0.115035    0.0264649
  -0.0798203     0.219634    0.0170841     0.308863
  -0.0469912     0.104035   -0.0391375    0.0144291
  -0.0293894   -0.0541396    0.0917418    -0.101563
   0.0208933    0.0329861    0.0853551    0.0985675
   -0.155387     0.149535    0.0885887     0.214131
   0.0540011    0.0282327     -0.17372  0.000160251
  -0.0940918    0.0332446   -0.0357729    0.0350745
   0.0312757     0.099902    -0.119582     0.169514
   0.0863136    -0.107621   -0.0998306   -0.0240157
   -0.110268      0.10924     0.157231     0.165713
  -0.0101461    0.0939778   -0.0683042   -0.0258534
   0.0621168    0.0808019    -0.145745   -0.0368836
 -0.00220236   -0.0384005    -0.105024   -0.0108991
  -0.0852069   0.00359167    0.0889752     0.105522
    0.128332    -0.118001   -0.0520149    -0.119785
   0.0957659    0.0239458    0.0185135   -0.0788202
  -0.0586949     0.038949   -0.0223168    0.0623934
   -0.167128    0.0291911   0.00559665     0.128982
    0.144602    -0.091284     0.126647     -0.17223
   -0.156208   -0.0299377   -0.0262504    -0.121461
  -0.0334621     0.179369    -0.270133   -0.0388295
   -0.104406   0.00295181   -0.0113951    0.0860296
   -0.102557    0.0774761     0.211105     0.198748
 -0.00635297    0.0859254    -0.138459    0.0190427
   -0.144017    0.0692538    -0.137287   0.00154965
  -0.0272657   -0.0526861    0.0242903   -0.0089774
   0.0914244    0.0354829    0.0430931    0.0320115
   0.0704665   -0.0111467  -0.00627197    0.0663535
  -0.0619929   -0.0525065    0.0386175    0.0156548
  -0.0595858    0.0325044   -0.0301177    0.0599773
   0.0555837     0.116926    -0.121323     0.173043
   0.0688828     0.169598   -0.0516959        0.105
  0.00555826     0.176055    0.0587558     0.049862
  -0.0939346   -0.0829767    0.0815272   -0.0805367
  -0.0456169  -0.00568807    0.0273956    0.0111845
  0.00308693    0.0474485    0.0828589     0.024629
   0.0526684     0.155747     -0.35247     0.124716
    -0.19946  -0.00342407    0.0376069    -0.173479
   0.0621016   -0.0747376     -0.02041  -0.00692506
   0.0194712     0.047922  -0.00949056   0.00921955
   -0.113409    0.0167255    0.0312437    0.0848233
  -0.0446371   -0.0528465     0.131537   -0.0719113
  -0.0376971    0.0889978   -0.0233142     0.150486
  -0.0939603   0.00836748    0.0646998  -0.00831743
  -0.0100742    -0.120047    0.0230147    -0.117949
  -0.0967294     0.141077   -0.0746726    0.0979084
  -0.0341826    0.0370413   -0.0973561     0.155004
   0.0365067   -0.0985394    0.0432796     -0.26962
  -0.0600984    0.0281367   -0.0196926    0.0562084
   0.0783823     0.125622   0.00087222     0.250456
  -0.0739662    0.0162813    0.0200386    0.0160933
  -0.0506836    0.0131424    0.0193214   0.00115995
   -0.146421    0.0604004      0.01223       0.1213
  -0.0707572   -0.0421755   -0.0174974    0.0452775
    0.135969    0.0189369    -0.288418    -0.021179
  -0.0431703    0.0969463    -0.153991     0.213635
  -0.0728748    0.0472734     0.116099     0.121449
  -0.0530661    0.0589657      0.11534    0.0983709
   -0.107188   -0.0129077   -0.0385212    0.0443321
-0.000379225   -0.0514983    0.0720055    -0.139027
     0.04362    -0.051366    0.0912916    -0.144241
    0.149003    0.0379726  -0.00587989     0.281477
   0.0189166   -0.0143455    0.0766802     0.057279
   0.0156873   -0.0246562    0.0700296   -0.0421076
 -0.00690664   -0.0495806    0.0401467    -0.047477
  -0.0184787    -0.116839     0.121273    -0.173638
  -0.0905097    -0.152413     0.150022    -0.224413
   0.0207183   -0.0373705   -0.0218322   -0.0666778
   0.0631331    -0.026022   -0.0851093   -0.0459443
   0.0698928    -0.122661     0.162979   -0.0838784
   0.0981821    -0.108554      0.10308    0.0587625
   0.0362543   -0.0348476    0.0981209   -0.0867998
  -0.0700428   -0.0757587    0.0945049    -0.153488
  -0.0377037     0.256337    -0.115228     0.357437
    0.040765    -0.132989     0.032006    -0.134868
    0.070514     0.010823    -0.249993    -0.100225
  -0.0371451   0.00395951    0.0527223   -0.0762632
    0.132308    0.0852189    -0.151919     0.158558
   0.0155853   -0.0157788    -0.122419     0.135503
    0.176051   -0.0851951   -0.0136778   -0.0964887
   0.0834444    0.0171977   -0.0244294     0.194482
   0.0143289   -0.0617953    0.0776093   -0.0722638
  0.00991091    -0.126413    0.0637445   -0.0646657
   0.0215693   0.00181527    0.0104691      0.12614
   0.0354816      0.10207   -0.0185188    0.0845958
   0.0145788     0.149554    -0.184556    0.0538005
  -0.0942801     0.097293    -0.234256     0.015979
   0.0318564   -0.0885749   -0.0678544     -0.12073
   0.0287518   -0.0354795    -0.113041     0.259048
  -0.0781332    0.0275089   -0.0544234    0.0567914
   -0.131371    0.0745079    0.0938905   -0.0720437
   0.0697265    0.0515912    0.0241161    0.0353919
  -0.0709371     0.106352    0.0659928     0.111975
  -0.0623593    0.0343556   -0.0148312    0.0703503
  -0.0449756   -0.0390975    0.0579216    -0.117896
  -0.0944039    0.0333534    0.0144824    -0.135116
   -0.105659    0.0295809    0.0513189   -0.0536983
    0.194324   -0.0194454    0.0972799     0.192884
  -0.0656212    0.0999011    -0.181459     0.190444
    0.112047    0.0507529    0.0238826    0.0770847
   -0.328682     0.247668     0.404277     0.401338
   0.0867763     0.131391  -0.00211221    0.0967904
   0.0482095   -0.0129893    0.0953452    0.0134264
   0.0570367    -0.122797     0.136239    -0.174647
   0.0183298   -0.0708518  0.000114351    -0.159466
    0.173344    0.0246265   -0.0888182   -0.0945743
    0.107926     0.173503    -0.480241    0.0218592
   -0.268598     0.159233    -0.185368    0.0579496
    0.170735    0.0365056    -0.261657     0.165905
   -0.250769     0.192586     0.229822     0.460084