   0.0275794    0.0351611    0.0143872    0.0377649
   0.0215655   -0.0396272   -0.0648122  -0.00773274
   0.0393545    0.0736263  -0.00399267    0.0152313
 -0.00705411   -0.0585918   -0.0248567     0.017957
 -0.00613114    0.0103136   -0.0050859    0.0316211
  -0.0296051    0.0483866   0.00470205    -0.091792
  -0.0236657    0.0303712     0.087072   -0.0343061
  -0.0491584   -0.0073866    0.0216579   -0.0198765
  -0.0285847    -0.016703    0.0402386    0.0046152
 -0.00152279    0.0306632   0.00724252     0.031456
   0.0319832   0.00885229    0.0654313   -0.0253403
   0.0323156    0.0213085    0.0206468    0.0200467
  -0.0785236  -0.00289599   0.00417918    0.0317915
  -0.0546465    0.0455126   -0.0372946    -0.020585
  -0.0170282    0.0450033   -0.0121983  -0.00314299
  -0.0817095    0.0356781    0.0106773    0.0133953
  -0.0563574    0.0448239    0.0752895  -0.00998896
  -0.0635486   -0.0771134   -0.0367663   0.00202822
  -0.0412373    0.0173242    0.0162412    0.0241581
   0.0385412    0.0376257     0.030217   -0.0124161
  0.00491615    0.0453023   -0.0146579   -0.0193869
  0.00846271    0.0362446   0.00893049    0.0472308
  0.00588279    0.0519914    0.0273927    0.0398341
   0.0590403    0.0631335    0.0403112    -0.149995
    0.024347    0.0641815    0.0697884    0.0266367
  -0.0518653    0.0222032    0.0319332    0.0776611
   0.0178052    0.0890177   -0.0307411    0.0230137
  -0.0447706    0.0355477   -0.0285429   -0.0196947
  -0.0522418  -0.00990188    0.0193676    0.0423365
  -0.0695479     0.036467    0.0796551   -0.0312515
  0.00630673    0.0648606  -0.00102976   0.00681597
  -0.0742124     0.015084     0.036644   -0.0651308
  -0.0329722    0.0329482   -0.0483907 -8.67668e-05
  0.00493683    0.0397425     0.071731    -0.115616
 -0.00238993    0.0320479     0.107519   -0.0806068
   0.0180336    0.0268551    0.0449419    -0.041859
  0.00604598   -0.0231578    0.0596137   -0.0330302
   0.0137388    0.0391975    0.0161171      0.01911
  -0.0602212   0.00390171   -0.0416068   0.00867476
   0.0302987    0.0041947   -0.0075412  -0.00820136
   0.0327687    0.0123017   -0.0230999   -0.0782732
   0.0133487   -0.0483037   -0.0738315    0.0727419
  -0.0203067   0.00625191     0.017222   -0.0476549
  0.00764851    0.0518153    0.0717826    0.0388259
  -0.0747837    0.0629313   -0.0522002    0.0117567
  -0.0233943    0.0605383   -0.0375286    0.0760121
   0.0194648    0.0162776    0.0317064    0.0483736
   -0.108476    0.0415304   -0.0479938    0.0975449
  -0.0208206    0.0781878    0.0256112   -0.0143129
  -0.0480333    0.0145914    0.0176006   -0.0285341
   0.0520457    0.0872396    0.0850013   -0.0107045
   0.0823378    0.0515169    0.0149646    0.0393368
   0.0116077  -0.00920332    0.0581557  9.07158e-05
   0.0121819    0.0245257   -0.0233566   -0.0150284
   0.0335955      0.10567   0.00756032   -0.0229045
  -0.0418877    0.0648995    0.0638319   -0.0843708
  -0.0591229    0.0503856  -0.00608282    0.0963254
  -0.0386192    0.0311915  -0.00571361  -0.00847803
  -0.0959143    0.0403365    0.0692158    0.0331233
  -0.0158077    0.0695705   -0.0320987    0.0285966
   0.0130717   0.00479775   -0.0326837    0.0408255
  -0.0797827  -0.00749858   -0.0637781    0.0535331
   0.0234606   -0.0286383    0.0203997    0.0533032
   0.0525327     0.120532   0.00552515   -0.0349445
   0.0044797    0.0496536    0.0403015    0.0226983
    -0.04459    0.0494008   -0.0145292   -0.0712115
   0.0129073    -0.017138    0.0372904  -0.00650815
  -0.0211886   0.00775285    0.0390051   -0.0173864
  -0.0954354     0.033937   -0.0191977    0.0176269
   0.0275964     0.061379    0.0561684   -0.0370918
     0.02622    0.0249147   -0.0282929    0.0410748
   0.0056357   -0.0258686   -0.0279191    0.0667624
   0.0094859    0.0584646    0.0625178    0.0704545
  -0.0836537   -0.0202056    0.0788991   -0.0889257
  0.00837681    0.0785928   -0.0535032   0.00628908
   0.0407243    0.0415555   -0.0786531   -0.0400256
  0.00732079  -0.00246042   -0.0397127   -0.0619774
  -0.0137781    0.0762837    0.0174266   -0.0283689
   0.0439765    0.0461371 -0.000320045   -0.0899426
  -0.0717838   0.00434539    0.0382306   -0.0333086
   0.0333218    0.0266767   -0.0348067    0.0356096
  -0.0185319   -0.0154046    -0.052118    0.0392101
    0.016145   -0.0242496   -0.0127353    0.0880382
  -0.0658462    0.0318768    0.0301754   -0.0116584
  -0.0492918   -0.0192328    0.0279075    0.0392233
  -0.0255323 -6.53786e-05    0.0328968    0.0355008
   -0.014643    0.0627138    0.0485218    -0.036843
 -0.00844969    0.0490504    0.0763242 -0.000139027
    0.129186     0.116792    0.0746969   -0.0747118
   0.0247797    0.0322891    0.0390821    0.0632774
   0.0233634    0.0075612    0.0725358  -0.00491715
  -0.0193942   -0.0240208    0.0626211     0.056179
   0.0298398     0.037098   0.00957882    0.0611978
  -0.0216123    0.0574733    0.0461554   -0.0201638
 0.000248897    0.0201955    0.0218708    -0.100049
  -0.0127636    0.0602633     0.102409   -0.0801716
 -0.00957976    0.0460686    -0.032574   0.00701242
  -0.0557603     0.050878    0.0645236   0.00788958
  -0.0153312    0.0999129    0.0500851  -0.00700279
   0.0380313   -0.0224479   0.00339584    -0.067862
  -0.0647983    0.0184862  -0.00991293   -0.0495291
  -0.0624501    0.0585396   0.00659537   -0.0350503
   0.0119141   -0.0547197    -0.020074    0.0593747
   0.0256523   -0.0205773  -0.00397777    0.0793047
  -0.0272563    0.0316629    0.0508648   -0.0470898
  -0.0340026    0.0489325     0.109534   -0.0199382
  -0.0120308    0.0766863   -0.0290328    0.0111992
   0.0643173    0.0964574    0.0640814   -0.0595089
  -0.0129567  -0.00516914   -0.0195817   -0.0371069
  -0.0125673    0.0266616   0.00720042   -0.0232021
   0.0331258   -0.0185016   -0.0267783    0.0611937
   0.0548535    0.0183178    0.0291545   -0.0479299
   0.0715026   -0.0123214    0.0270996     0.020624
   0.0522302      0.02255    0.0267002  9.72495e-05
     0.02557   -0.0507006 -0.000481894    0.0386417
 -0.00736827   -0.0342907    0.0889822   -0.0582188
   -0.053087    0.0482978   -0.0244815    0.0268591
  -0.0515891    0.0527497   -0.0249133    0.0138864
  0.00439669     0.066969    0.0520759   0.00810783
  -0.0532394    0.0629735    0.0824743   -0.0377677
  -0.0411887    -0.022627    0.0319237   -0.0067197
  -0.0598411   -0.0246196    0.0355424    0.0979727
   0.0646497     -0.04062   0.00400787   -0.0151751
  -0.0526472   -0.0432045    0.0220888     0.053901
  -0.0135763   -0.0241462    0.0237332   -0.0394381
  -0.0403666   -0.0244559    0.0467436  -0.00735388
  -0.0205514    0.0290465  -0.00163063   -0.0268772
  -0.0497427    0.0277797    0.0435525   -0.0245814
 -0.00924917    0.0727322     0.042334   -0.0285152
  -0.0922368    0.0577152    0.0884077    0.0501134
  -0.0752805    0.0160042  -0.00962878    0.0188833
 -0.00203416   -0.0532021    0.0722553    -0.024055
  -0.0222255   -0.0436367    0.0129739    0.0422065
   0.0119724    0.0575624    0.0674663  -0.00383515
  -0.0474961    0.0135714     0.109771   -0.0847033
  -0.0160136    0.0271263   -0.0501019   -0.0253495
  -0.0803953   0.00313721   0.00822975     0.101035
   0.0221306   -0.0334042   -0.0151875   -0.0461596
  -0.0590401    0.0627585    0.0849543    0.0194013
  -0.0520571    0.0656328   -0.0302677    0.0200687
     0.03455    0.0308103    0.0378901   -0.0297534
  -0.0901391    0.0560691   -0.0524364   -0.0208947
   0.0332443   -0.0292036    0.0386643    0.0529127
  -0.0419569    0.0076098   0.00917199     0.114599
   0.0275336   -0.0270728    0.0274066    0.0338796
  -0.0413027   -0.0127541   -0.0484339    0.0695597
   0.0641797     0.093952    0.0280834  -0.00985168
   -0.047862   -0.0295521   -0.0416187    0.0520118
   0.0250787   -0.0377049  -0.00621594   -0.0354458
  -0.0605835    0.0365749  -0.00188637   -0.0237157
 -0.00720808   -0.0491515    0.0178579   -0.0065682
   -0.045292  -0.00501131  -0.00954011  -0.00984383
  -0.0320601   -0.0266476  -0.00861913   -0.0301598
  -0.0308626   -0.0434887    0.0167322   -0.0296794
   -0.031003    0.0104445      0.04686     0.062804
  -0.0655347   -0.0121816    0.0387297  -0.00761264
   0.0381023   -0.0228373  -0.00193951   -0.0270363
   0.0606344   -0.0328253   0.00554071   -0.0878689
  -0.0262633   -0.0120976   0.00642631    0.0395804
  -0.0220899    -0.023099    0.0301277  -0.00112056
   -0.056606    0.0469483    0.0214542    0.0223458
 -0.00962276    0.0317674     0.010814   -0.0307137
  -0.0372566   -0.0121618    0.0288422  -0.00230577
  -0.0696083   -0.0378668    0.0752043    0.0445111
  -0.0742218    0.0439807   -0.0249791   0.00580019
  0.00856488    0.0110985    0.0656698   -0.0140755
   0.0496255    0.0150196   -0.0435027   0.00716315
  -0.0710381    0.0336646    0.0229163   -0.0168409
  -0.0449525   -0.0283547   0.00572224   -0.0213292
  -0.0302789   -0.0303673     0.116497   -0.0787439
 -0.00613377    0.0697685   -0.0319574  -0.00464405
  -0.0578009   -0.0318057   -0.0545296    0.0926526
  -0.0368049   -0.0280336   -0.0382216   0.00533491
   -0.060554   -0.0600984    0.0248239   -0.0103161
  -0.0679041    0.0541275    0.0533047  -0.00494734
   -0.104274    0.0186659    0.0713344    0.0144427
  -0.0634143   -0.0156495    0.0537458   -0.0361212
  -0.0828573    0.0498833    0.0221012     0.102372
 -0.00784049    0.0446304    0.0741676   -0.0290043
   0.0339531   0.00294821  -0.00266656   0.00566607
  -0.0426346    0.0273953    -0.035141   -0.0478008
  -0.0711591    0.0185685      0.10051   -0.0184314
   0.0911538    0.0651266    0.0197701   -0.0535778
   0.0693659    0.0516483    0.0400858   -0.0820298
    0.023333    -0.037652  -0.00614202  -0.00353411
  -0.0284472   -0.0321643    0.0301091   -0.0728534
   0.0260111   -0.0527839   -0.0410299   -0.0390888
  -0.0115286     0.049345    0.0569761    0.0810026
  -0.0778183  -0.00579175    0.0386314   -0.0165286
  -0.0738544    0.0244219   0.00436974  -0.00286049
  -0.0591066    0.0529621  -0.00989133    0.0315891
  -0.0681971   -0.0635487  -0.00890526   -0.0636032
     0.02906     0.116016    0.0947612    -0.117369
  -0.0657776   -0.0625459   -0.0451196   -0.0215699
 -0.00552906    0.0299692   0.00861547    0.0232431
  0.00974472    0.0450382     0.107111   -0.0273658
    0.077257  -0.00136618    0.0708501    0.0231156
  -0.0208877     0.048815   0.00848961 -4.60161e-05
   0.0101307    0.0488033    0.0741064    0.0517202
   -0.040496     0.068952    0.0415642    0.0573707
   0.0287783    0.0799255     0.012676   -0.0872562
  -0.0207097   -0.0284904    0.0411062   -0.0408193
 -0.00255684      0.07855    0.0342989    0.0259574
   0.0208418   -0.0688866   -0.0135099    0.0554602
   0.0061281  0.000811817     0.052362    0.0296494
 -0.00844651   0.00543444    0.0272475  -0.00155835
  -0.0516716    0.0150542    0.0196322     0.046038
 -0.00738545    0.0507376    0.0324222    0.0579455
   0.0116802  -0.00300053    0.0214158    -0.112031
   0.0197093   -0.0238562    0.0163384   -0.0560131
  -0.0450317   -0.0254282    0.0146363    0.0303723
  -0.0869273     0.046162    0.0537358   -0.0457311
  -0.0900401    0.0289094    0.0198955    0.0104511
  0.00360839   -0.0440613  -0.00244754    0.0243675
   0.0426194     0.018907    0.0617162   -0.0274953
   0.0462762    0.0612343    0.0533935  -0.00285791
  0.00847775   -0.0328378    0.0658308    0.0116756
   0.0517471  -0.00307487   -0.0589011     0.022406
   -0.026836    0.0569137    0.0235688    0.0380515
   0.0455855      0.04313    0.0852679    0.0583407
   -0.052384    0.0699183    0.0174793    0.0444264
  -0.0320247   0.00552406   -0.0603298    0.0162498
  -0.0710105    0.0535609   -0.0454622    0.0581007
  -0.0203839    0.0703663 -3.80509e-05    0.0487079
   -0.050651    0.0322959   -0.0161698    0.0287333
  0.00906275    0.0638693    0.0238442    0.0206345
   0.0092754     0.024331   -0.0408583    0.0202052
    0.018266    0.0606481   -0.0473507   0.00372906
  -0.0546921     0.073251      0.10905   0.00294899
   0.0146033   0.00138892   -0.0230325    0.0145465
  -0.0129326    0.0435194    0.0322722   -0.0196109
   0.0729771  -0.00532081  -0.00394395  -0.00836262
   0.0298047   -0.0199591   -0.0303051   -0.0452414
   0.0299659    0.0251894   -0.0108087   -0.0927309
  -0.0533142       0.0129  -0.00852673    0.0377813
 -0.00670929    0.0118825     0.038146     0.026009
  -0.0361754   -0.0615549   -0.0386392   -0.0685709
   0.0178541   -0.0275061   -0.0498938    0.0256447
  -0.0577489     -0.04229    -0.054743    0.0333317
  -0.0625469  -0.00330129   -0.0189984   -0.0410074
  -0.0122752    0.0484972    0.0940142  -0.00290147
   0.0570533    0.0574543   -0.0317962   -0.0471271
  -0.0307802   -0.0364942    0.0176367   -0.0628051
 -0.00444987    0.0187328    0.0245844   0.00126478
  -0.0411455    0.0539541   -0.0128582    0.0527214
  -0.0820988    0.0751979    0.0364403   0.00142219
  -0.0232558    0.0521503   0.00503838  -0.00751534
  -0.0546886   -0.0248818    0.0443813   -0.0419743
   0.0142905    0.0479094    0.0322033     0.119438
   0.0170765   -0.0447415    0.0365471   -0.0285749
   -0.079365    0.0699238   0.00905226    -0.033564
   0.0363648   -0.0188229   -0.0338581    0.0453986
  -0.0683896   -0.0276851    0.0135823    0.0525775
  -0.0328602   -0.0159772    0.0769879   -0.0261818
  -0.0527458   -0.0204623    0.0257672     0.018884
 -0.00328183    0.0702402    0.0634237   -0.0482468
   0.0177808   -0.0232524    0.0077732    0.0458312
  -0.0526669    0.0386483     0.104004     0.029269
 1.51855e-05    0.0647576   -0.0497557  -0.00123954
   0.0648475    0.0491032    0.0217997   -0.0505948
 0.000224669    0.0871114    0.0111776    0.0503739
   -0.015329    0.0447649    0.0136287    0.0560101
 -0.00136641   0.00550128    0.0529481   -0.0431525
  -0.0311719    0.0475472   -0.0714486    0.0893078
  -0.0436539    0.0215804 -0.000377137     0.036905
  -0.0331802    0.0290141    0.0121624   -0.0417869
  -0.0528641   0.00874245    0.0533458    0.0327519
   0.0388891    0.0192468   -0.0150641    0.0205339
   0.0213411   -0.0483985    -0.060714     0.102409
  -0.0217487    0.0717017 -0.000561474    -0.035509
   0.0428163    0.0024008    0.0739816   -0.0819971
  0.00725693   -0.0194166   -0.0060749   -0.0763815
   0.0127708   0.00520195     0.026689    0.0287072
   0.0140633    0.0407419    0.0308248    0.0305508
  -0.0713422    0.0380343   0.00969677    0.0676584
  -0.0692325   -0.0455659    -0.040301    -0.101254
   0.0466268    0.0408641   0.00924944    0.0115223
   -0.036602   -0.0537081    -0.030742    0.0365969
 -0.00755341   -0.0307386    0.0740077   -0.0423974
   0.0264601   -0.0104883   -0.0293189    0.0354561
  -0.0205462   -0.0589093   -0.0335393   -0.0325698
   0.0205231   0.00597977   -0.0213675   -0.0585827
    0.013651    0.0470734   -0.0406787   0.00281516
   0.0177981    0.0358835    0.0682208   -0.0414422
  -0.0516988   -0.0164514    -0.021652   -0.0119676
   -0.097578  0.000476112    0.0846508  -0.00229548
  -0.0323193  -0.00153666    0.0384872   -0.0687007
  -0.0525387   -0.0279758   0.00472047    0.0355311
  -0.0439916    -0.044134    0.0628657   -0.0595999
   0.0509122    0.0248763    0.0644623  -0.00783668
   0.0457164   -0.0622324   -0.0402168   -0.0418869
  0.00602589    0.0621031   -0.0500151   -0.0219057
   0.0382681   -0.0260262    0.0135874   0.00115275
  -0.0240533   -0.0264064    0.0624708   -0.0219729
  0.00261226    0.0555687   -0.0241809     0.100078
  -0.0609104    0.0725725    0.0607945   -0.0323195
  -0.0245222     0.014216    0.0559392    0.0272605
   0.0194482   -0.0560323  -0.00806491   -0.0021213
   0.0259285   -0.0144123   -0.0694543   -0.0305962
  -0.0690521   0.00324446    0.0203511    0.0712906
   0.0160245     0.053331   1.2583e-05    0.0471974
  -0.0023586    0.0522489    0.0889602   -0.0370945
   0.0195975   0.00565483    0.0452401   -0.0609295
  0.00784335   -0.0248188    0.0868995   -0.0638273
  0.00193593      0.03525    0.0455598     0.024214
  0.00654085   -0.0313604  -0.00770966   -0.0743753
   0.0207204    0.0170385       0.1223   -0.0715094
 -0.00534299    -0.067299     0.014766    0.0177556
  0.00685039   -0.0088219    0.0604706   -0.0717451
   0.0613659    -0.019246    0.0463969    0.0214551
  -0.0243275   0.00445021   -0.0202357    0.0223434
 -0.00504946   -0.0107167    0.0274018    0.0850239
  -0.0159337   -0.0437874   0.00502266   -0.0869431
  -0.0273658  -0.00867394    0.0806182    0.0199868
   0.0130266    0.0671247    0.0670448    0.0156225
   0.0330834   -0.0186647   0.00231291    0.0233842
  -0.0323885    0.0202858     0.101828   -0.0233215
  -0.0608697    0.0257151   -0.0106991   -0.0311882
   0.0161634    0.0413982   -0.0129507   -0.0144688
  -0.0236055    0.0314018    0.0797261   -0.0390499
  -0.0934825    -0.067897    0.0120461   0.00875713
   0.0258131    0.0824674    0.0128296  -0.00593994
  -0.0251033   0.00113875    0.0269416    0.0144471
   0.0335282  -0.00279541    0.0645233    -0.101604
   0.0661729   -0.0378601    0.0159018   -0.0293983
 -0.00479159   -0.0013822   -0.0215609    0.0475864
  -0.0159466   -0.0272757    0.0257117   0.00601506
   0.0445953    0.0389722    0.0102911    -0.122729
  -0.0152855    -0.015522   -0.0336574    0.0554451
  -0.0451698    0.0239957    0.0249808    0.0566299
 -0.00771573    0.0342657     0.034962   -0.0182849
   -0.019792   -0.0603007    0.0031812   0.00743057
  -0.0777311   0.00649219   0.00773759  -0.00902193
  -0.0202603  -0.00326848    0.0314401   -0.0337603
 -0.00676097 -0.000112219    0.0138164   -0.0354887
   0.0819181    0.0897446     0.085061   -0.0832898
  -0.0461315    0.0141112    0.0377327  -0.00409433
  -0.0692355    0.0161649    -0.010445    0.0556783
  -0.0449509   -0.0643556   -0.0141668    0.0503972
  -0.0332962    0.0973334    0.0174696    0.0430761
  -0.0618659     0.089134  -0.00244776    -0.034634
   0.0386351   -0.0286324   -0.0639805   -0.0360727
  -0.0381106   -0.0171558   -0.0504471    0.0439859
  -0.0268733   -0.0169627   -0.0209465    0.0247664
   0.0899805    0.0729309    0.0761033   -0.0752856
  -0.0654471   -0.0197001    -0.048528    0.0707589
  -0.0577997    0.0566273    0.0456647    0.0103652
  -0.0635247   0.00550769    0.0522024    0.0559962
  -0.0469809    0.0518269    0.0401658    0.0841535
   0.0134507   -0.0138007   -0.0075207  -0.00032907
   0.0223248    0.0193765   0.00430859    0.0801109
   0.0163907    0.0553692    0.0155405    0.0165425
  -0.0138537   -0.0197024    0.0467896     0.067471
  -0.0511261   -0.0131134  0.000631885   -0.0169017
   -0.079476   -0.0215249    0.0343266    0.0531257
  -0.0202531   -0.0305226   -0.0299774   0.00299929
  -0.0880872    -0.010704   -0.0354423     0.105138
   0.0724135    -0.067452    -0.023571    0.0293409
   0.0709959    0.0393488  -0.00190593   -0.0715194
   0.0219126    0.0196364   -0.0129284    0.0526481
 -0.00363843    0.0317136   -0.0264986     0.004209
  -0.0545766    0.0676278   -0.0212876     0.026606
   0.0547935    0.0195977   -0.0349376   -0.0272519
  -0.0193777    0.0452161   -0.0188837    0.0748506
  -0.0388566   -0.0251372    0.0737602    0.0201081
  -0.0206612     0.012933    -0.030955    0.0450845
  0.00715209     0.076645   -0.0129774    0.0607198
  -0.0127519    0.0531601  -0.00381145    0.0232254
   0.0460798   0.00438157    0.0648816   -0.0289308
   0.0125835    0.0392852    0.0023375    0.0793497
  -0.0529751    0.0638885   -0.0456523   -0.0015598
  -0.0775468  -0.00422976   -0.0617002    0.0699572
   0.0310933  -0.00932524    0.0773477    -0.113055
   0.0486543   -0.0792038   -0.0153339    0.0555975
  -0.0272757   -0.0355255   0.00273823   0.00258806
  -0.0193318    0.0729601    0.0124096    -0.020779
  -0.0391015    -0.027589   -0.0199847    0.0173537
  0.00231555   -0.0583783 -0.000249394    -0.061645
   0.0203318   -0.0420666    0.0362367    0.0011563
   0.0503772    -0.019361    0.0576486    -0.062031
 -0.00807286    0.0229925    0.0462537    0.0587165
  -0.0395879    0.0572558     -0.03389    0.0607188
  -0.0340808    0.0567834    0.0262531    0.0327936
  -0.0400417  -0.00255983  -0.00499284    0.0439979
  -0.0167216   -0.0174267    0.0648515   -0.0874385
   0.0247197    0.0409122   -0.0361391    0.0816634
   0.0170366    0.0557803    0.0668448   -0.0300744
   0.0229728    0.0551502    0.0712327    0.0290314
   0.0671837    0.0690495    0.0504182  -0.00284749
  -0.0133107    0.0283136   -0.0391873    0.0107721
  -0.0636713     0.052255  -0.00209984    0.0338745
  0.00174536   -0.0238737    0.0311709   -0.0777655
   0.0267788   -0.0314287  -0.00766885    0.0290591
   0.0468606    0.0249049    0.0528724   -0.0412861
   0.0305513   0.00334559   -0.0317328   -0.0237696
 -0.00307169    -0.005068   -0.0337471    0.0464908
  -0.0782659   -0.0222779   -0.0354968    0.0166026
  -0.0180423   -0.0474888  -0.00653805   -0.0568726
  -0.0196841   -0.0145826    0.0492925   -0.0227594
   0.0439729     0.043202    0.0353563   -0.0492332
   0.0555239    0.0703345   -0.0175944    0.0509015
  -0.0065536    0.0441201    0.0602712   -0.0252884
  -0.0813307    0.0534404    0.0171111   -0.0810564
  -0.0409863    0.0718914    0.0413553   -0.0480556
  -0.0518988    0.0693291   -0.0204165    0.0507327
  -0.0116678   -0.0274053   -0.0613796   -0.0200848
   0.0238407    0.0533219 -0.000250107  -0.00905455
   0.0207414   -0.0143883    0.0231249   -0.0571376
  -0.0280064   0.00118603    0.0191516   -0.0437157
  -0.0428745    0.0422357    0.0577368   -0.0284023
   0.0118771    0.0257897    0.0390983   -0.0703718
     0.03299    0.0287786    0.0110705    0.0331627
  -0.0328848    0.0557395    0.0756605   -0.0224904
  -0.0317099   -0.0481349    0.0463243   0.00956954
  -0.0562173   -0.0503667   -0.0387097   -0.0522096
  0.00541541    0.0695526   -0.0141247    0.0316117
   -0.095607   -0.0517719   -0.0150227   0.00264217
 -0.00702429   -0.0440087    0.0535586    0.0783454
  -0.0720149    0.0116857    0.0182879   -0.0485938
   0.0425441    0.0830361    0.0842529   -0.0322127
  -0.0223181    0.0594461   0.00943724    0.0166276
  -0.0870679   0.00638334    0.0760724    0.0404686
  -0.0589731  -0.00508813     0.049241   0.00699264
   -0.058775   -0.0381879    0.0265767    0.0821357
  0.00452042    0.0844777    0.0197574   0.00475403
   0.0600219    0.0496754    0.0112716    0.0294494
   0.0726033    0.0188947    0.0582855    0.0456411
  -0.0795835  -0.00574605   -0.0468618   0.00327692
  -0.0477273    0.0521335    -0.088983   -0.0634511
  -0.0243205    0.0916666    0.0584743  -0.00255665
  -0.0438889    0.0545373    0.0138991     0.025623
   0.0590802    0.0447284   -0.0465374    -0.116349
   0.0134232    0.0706416      0.02207    0.0699262
  -0.0640285    0.0858884    0.0815423   -0.0548536
  -0.0432824    0.0209826     0.042032   -0.0445832
 -0.00562462     0.050624    0.0316618   -0.0068904
  0.00636782    0.0808176    0.0427093   -0.0461565
   0.0179957  0.000303904   -0.0282373    0.0408533
  -0.0176033   -0.0413842   -0.0111453   0.00680325
    0.055045  -0.00706041    0.0467699    -0.072086
   -0.062053    0.0194173   -0.0372027    0.0769875
   0.0401063   -0.0212847    -0.021594    0.0396935
   0.0190478     0.084095    0.0700968    -0.040312
  -0.0149401   -0.0373948   -0.0651626   -0.0187243
     -0.0677    0.0129233     0.021134  -0.00557774
  0.00671551    0.0914245     0.100244   -0.0144734
  -0.0973036       -0.038    0.0172863   -0.0064916
  -0.0590553    0.0569691    0.0514718     0.108021
  0.00114308   -0.0474132    0.0559833   0.00729145
  -0.0744684    0.0151223     0.065608    0.0234314
   0.0638094  -0.00644434     0.025417   -0.0220325
   0.0761771    0.0422556    -0.020793   -0.0179092
  -0.0565964   -0.0522583    0.0713595   -0.0370594
  -0.0590207   -0.0510357   -0.0124919    0.0524274
  0.00777153    0.0385129     0.094469   -0.0930339
  -0.0726209    0.0841639    0.0061912    0.0149471
  -0.0490531     0.061792    0.0691795    0.0197498
   -0.063876    -0.011443    0.0297379    0.0107479
  -0.0623707   -0.0188804    0.0577455    0.0369817
  -0.0523234    0.0692104    0.0577116    0.0620846
  -0.0157519   -0.0105961     0.030633    0.0155667
   -0.079929    0.0715707    0.0592037    0.0808408
  -0.0455632    0.0693365   -0.0318393    0.0454062
  -0.0399848    0.0133359    0.0231782  -0.00522865
  -0.0471256     0.027794    0.0323414    -0.062512
  -0.0135836    0.0170104    0.0646631   -0.0575784
   0.0165325   -0.0358359   -0.0497892     0.033482
   0.0339268   0.00993878      0.07928   -0.0436562
  0.00634898   -0.0503796  -0.00435809   -0.0430356
   0.0595656   -0.0189753   -0.0563871    0.0181152
  -0.0305644    0.0142694   -0.0537796   0.00803106
  -0.0156564     0.033956    0.0177422   -0.0688458
   0.0391459    0.0541701    0.0659189    0.0825103
  -0.0498811   0.00623854     0.054196  -0.00919476
   0.0581446   -0.0478052    0.0434395      -0.1048
   0.0334438    0.0348518     0.034862  -0.00433199
  -0.0387378   -0.0349577    0.0198597    0.0765263
 -0.00199552    -0.026706    0.0684895    0.0219469
  -0.0667968    0.0857746   -0.0649665   -0.0527782
 -0.00018227    0.0341934    0.0765424  -0.00647837
 -0.00428637   -0.0284643    0.0549772    0.0498471
  -0.0687512    0.0467573    0.0481863   -0.0162048
  -0.0517362   -0.0137759    0.0185124    0.0625459
   0.0334444   -0.0149487    0.0757873    0.0560508
  -0.0565314    0.0362722    0.0860293   -0.0150294
   0.0174812    0.0059962    0.0478567  -0.00773905
   -0.067765   -0.0436427    0.0279898     0.027555
  -0.0351606    0.0581108     0.131988    -0.129617
   0.0130033     0.016282   0.00461203    0.0440912
  -0.0516054   -0.0132778   -0.0351781   -0.0192634
  -0.0292286    0.0102281    0.0363196    0.0380201
  -0.0780147   -0.0635457    0.0647214    -0.007624
  -0.0134782   -0.0402041   -0.0349524    -0.024857
   0.0242111   -0.0498857    0.0583829    0.0345522
  -0.0169298 -0.000183833   -0.0139995    0.0475984
  0.00870934    0.0429442   -0.0430342   -0.0280468
  -0.0521807    0.0660324    0.0534689    0.0370186
  -0.0791798   0.00934576   0.00520465    0.0172043
  0.00607536   -0.0359423     0.048778   -0.0191582
  -0.0167858    0.0913376   -0.0341519   0.00801742
   -0.046551    0.0779683    0.0186803   -0.0559724
   0.0450778     0.106905    0.0908489    0.0462256
  0.00869604    0.0423944    0.0200987    0.0881169
    0.020749     0.055967    0.0313649   -0.0364324
  -0.0895775   -0.0474693    0.0422341  -0.00490459
  0.00374302     0.088329    0.0667772    0.0148156
 -0.00139541   -0.0747105    0.0264596    0.0173432
  -0.0792284    0.0377115    0.0461795    0.0152759
  -0.0432651    0.0190319    0.0964132   -0.0888748
   0.0348222   -0.0370072    0.0876753   -0.0132165
  0.00889243    0.0851219   0.00462847    0.0792409
 -0.00442369  -0.00903979    0.0721263   0.00173106