   0.0860889    0.0247694   -0.0305493   0.00670144
  -0.0853064   -0.0196957     0.034813    0.0913631
   0.0131434   -0.0576081    0.0354333   -0.0445678
   -0.136953   -0.0643916    0.0943673    0.0478722
  -0.0613486   -0.0884911   -0.0632254     0.072008
 -0.00271802     0.061671   -0.0359618    0.0023697
    0.034594     0.155993   -0.0621585    0.0287985
  -0.0548358   -0.0691987    -0.028168     0.101216
   0.0692982    0.0569948    0.0211826   -0.0533121
    0.050603   -0.0545751    0.0545617    0.0249784
  -0.0489241   0.00435733   -0.0279216    0.0255884
   0.0164812    0.0789105    0.0126005   -0.0121799
  -0.0171673     0.028508   -0.0394093  -0.00586696
    0.041388   0.00432703    0.0445654   -0.0522979
  -0.0669358   -0.0781554    0.0504606    0.0368761
   -0.108959   -0.0822917     0.101461     0.119416
  -0.0672983    0.0204325  -0.00209285    0.0205191
   0.0298737    0.0206231    0.0064947   -0.0585995
   0.0138457    0.0459222   -0.0206098   -0.0494927
  -0.0114293   -0.0563844   -0.0342493    0.0616589
   0.0494005    0.0425795   -0.0261626    0.0144975
  -0.0613373    0.0234126    0.0439635    0.0340608
   0.0206954  -0.00423446    0.0543343  -0.00611816
   0.0259661     0.084925   -0.0606914   -0.0659718
  -0.0755966    0.0168647   -0.0157082    0.0223011
  -0.0293309    0.0194595    0.0270406    0.0043507
   0.0799327   -0.0109858  -0.00285208    0.0150239
  -0.0438695    0.0161456    0.0123302    -0.046865
   0.0103561   -0.0865904   -0.0303985    0.0298579
   -0.036334    0.0318048   -0.0508763  -0.00720788
  -0.0411066    0.0165936   -0.0643623    0.0848954
  -0.0356031   -0.0154903    0.0143505    0.0408022
   -0.112706   -0.0489313    0.0483659   0.00741046
  -0.0218979    0.0495602   -0.0528885   -0.0702308
   0.0800539     0.109442   -0.0492771    0.0346383
   0.0366432     0.048725    0.0611787    0.0458155
   -0.035169    0.0296941     0.019839    0.0544727
   0.0913334    0.0942867  -0.00923583    0.0197924
    -0.11757    -0.044467    0.0636823    0.0985217
   0.0244985    0.0542589   -0.0434313   -0.0130435
   0.0793068     0.078479   -0.0369486   -0.0423157
  -0.0112053  -0.00455116   -0.0674648    -0.038166
   -0.105493   0.00441068    0.0165629    0.0593413
  -0.0903261    0.0110395 -8.86587e-05    0.0565006
   -0.138165   -0.0990173   -0.0242991    0.0924375
   0.0893196     0.172959    0.0122057    0.0155942
   0.0890763   0.00243178   -0.0355604   -0.0504898
-0.000873255     0.073798    0.0568718   -0.0336339
    0.018845    0.0687868  -0.00352765    -0.070661
  -0.0724861   0.00931085    0.0402345    0.0138633
  -0.0172246   -0.0946721    0.0956957    0.0831867
  -0.0318371    -0.036069    0.0695213    0.0523098
  -0.0853824   -0.0954101    0.0502258   -0.0244809
   0.0109222    0.0445566    0.0140548   -0.0317962
   0.0885838     0.164914   -0.0570976   -0.0250259
  -0.0386218    0.0598377   -0.0692299    0.0187964
  -0.0418762   -0.0440801    0.0856641     0.116528
   0.0432039   -0.0146627    0.0532755    0.0157113
   0.0348367     0.106982   -0.0235241  -0.00474403
  0.00073062    0.0456036   -0.0588341     0.034975
   0.0262867    0.0238951   -0.0430087   -0.0356815
   0.0742846    0.0758929    0.0449001    0.0263772
  -0.0196525    0.0439672   -0.0205376   -0.0472891
   0.0667617     0.103046    0.0308044   -0.0353036
  -0.0349221   -0.0171698   -0.0642183    0.0194388
   -0.056387    0.0467424    0.0358602    0.0769794
   0.0211146    0.0677105    0.0250219   -0.0654076
   0.0989582    0.0612895    0.0519386   -0.0412301
    0.126499    0.0521345  -0.00714959   -0.0107546
 -0.00818957    0.0864283     0.027765   -0.0422971
  -0.0735295   -0.0356277    0.0549127    0.0612133
  -0.0145868   -0.0572928     0.011268  -0.00837453
  0.00538505    0.0715257   -0.0429664   -0.0032248
    0.028914 -0.000656438    0.0590604    0.0898267
  -0.0565151    0.0372745      0.00069    0.0256934
    0.048764   -0.0532128    -0.031414   -0.0538948
  -0.0029036  -0.00200551   0.00160088    0.0612687
    0.137948     0.102665   -0.0361155  0.000300079
    0.078379    0.0403939   -0.0162775   0.00810122
  -0.0752193    0.0178434    0.0394619    0.0721996
   0.0539045   -0.0321359   -0.0322484  -0.00711969
   0.0447597    0.0288931  -0.00539056  -0.00934944
    0.130842     0.249186   -0.0427703   -0.0679183
  -0.0341922   -0.0411622   -0.0571041   -0.0109599
  -0.0145508    0.0290477   -0.0702876   -0.0158939
 0.000944102     0.117907   -0.0446232   -0.0798933
  -0.0409508   -0.0631401   -0.0289738    0.0854285
   -0.146248     0.074161    0.0334872    0.0452364
    0.103793     0.163306   -0.0728012   -0.0244574
   0.0411731   -0.0576834    0.0711423     0.049794
  -0.0146974     0.027448    0.0739232    0.0697014
  -0.0369513   -0.0185941    0.0152613   -0.0420197
  -0.0527315    -0.172649    0.0432415    0.0637902
   0.0350978  -0.00278255  -0.00559176     0.055251
   0.0477384    0.0867156   -0.0184249   -0.0495449
    -0.01981    0.0397852    0.0354259    0.0480075
  -0.0770053   -0.0330758  -0.00527876    0.0808695
   0.0559001    0.0617304  0.000240395    0.0271457
   0.0319855    -0.013193    0.0103524   -0.0132635
  -0.0628334   0.00526839    0.0814109    0.0186887
  -0.0432765    0.0164555  -0.00367719    0.0668996
   0.0407057     0.054333    -0.017985   -0.0591694
   0.0925105   -0.0377687    0.0626752  -0.00467458
  -0.0203346    0.0219894   -0.0244076   -0.0072345
   0.0224356    0.0205897   -0.0282469    0.0586775
   0.0581527   -0.0387013   -0.0336756   -0.0242238
   0.0268231   -0.0148375    0.0726597     0.050611
   0.0343124    0.0868577    0.0186503    0.0324223
   0.0912236    0.0603661    0.0139471    -0.107429
  -0.0179992    -0.050648   -0.0337461   -0.0292689
 -0.00619589   -0.0568098    0.0708911    0.0540274
 -0.00983544    0.0567015    -0.126673    0.0294301
   0.0403024   0.00450135   0.00157248   -0.0325712
  -0.0454049    0.0533932    0.0272775    0.0114896
   0.0376364   -0.0614765   -0.0334026    0.0424194
  -0.0422176   -0.0556397    0.0733832    0.0260089
  -0.0436855   -0.0367311   -0.0369194    0.0250688
  -0.0390931     0.016081   0.00293994    0.0407393
   0.0464731  -0.00318798   -0.0104313   -0.0224848
   0.0957561    0.0341516   -0.0325644   0.00999047
  -0.0732138   0.00514038  -0.00592235   0.00986506
   0.0181627   -0.0922907  -0.00585596   -0.0280214
  -0.0629025    0.0187218    0.0206813    0.0282353
 -0.00078583   -0.0221061    0.0321931   -0.0148953
   0.0169576    0.0413235   -0.0899498    -0.036305
  -0.0147438   -0.0351158   -0.0741939    0.0411551
  -0.0828185   -0.0750962    0.0529957   0.00761645
   0.0990584     0.144842   -0.0549743    0.0351602
   0.0440902    0.0391115    0.0243953   -0.0155271
   0.0255692     0.011408   -0.0294892    0.0621884
 -0.00461076   -0.0270028    0.0112785     0.043907
   0.0391848    0.0808691   0.00676191   -0.0274352
   0.0139548   -0.0671889    0.0251455    0.0837272
  -0.0450264   -0.0912421   -0.0199795   -0.0386687
   -0.068619    0.0520111   -0.0387476     0.103362
  0.00115206     0.045989    0.0107599    0.0625675
  -0.0678566   -0.0238203  -0.00837259    0.0156444
   0.0209984     0.046793    -0.049126    -0.029292
  -0.0761931     0.035846    0.0114023     0.036988
  -0.0266033   -0.0356721    0.0753692     0.025426
  -0.0276276    0.0861706  -0.00835224   -0.0155337
  -0.0206472    0.0455078   -0.0288779   -0.0018223
  -0.0423463  -0.00333824   -0.0620743     0.037919
    0.104582   0.00978505   -0.0391742   0.00681521
   0.0409699     0.031248    0.0220686    0.0380936
  -0.0167826    0.0827112   -0.0506612   -0.0298337
    0.102515    0.0565224    0.0426896    0.0315432
  0.00262875    0.0423434    0.0256865   -0.0458352
  -0.0648577   0.00604393   -0.0145275     0.103173
 -0.00578493    0.0325982  -0.00890666   -0.0168517
  -0.0899497   -0.0423643   0.00543233    0.0928999
   0.0496453   0.00593602    0.0161231    0.0485627
   0.0774927    0.0741231   -0.0625059   -0.0587044
  -0.0399615   -0.0169192   -0.0619391    0.0305827
  -0.0458959   -0.0155907    0.0319505  0.000150976
  -0.0677302    0.0624873   -0.0485502   -0.0108327
  -0.0867735    0.0291863   -0.0382559   0.00919571
  -0.0442383    0.0360268   -0.0361049    0.0546638
    0.172154     0.166704   -0.0290454   -0.0957315
    0.059636     0.024962    0.0157362    0.0566739
   0.0492123    0.0338164     -0.04591   -0.0608323
   0.0981776    0.0550876   -0.0363777  -0.00620887
   0.0425698      0.04642     0.017456   -0.0358976
  -0.0617149    0.0626586     0.023951    0.0209713
   0.0882068     0.147588   -0.0599007   -0.0372701
    0.088892    0.0620749   -0.0731017   -0.0517233
  -0.0555766    0.0802256   -0.0154991   -0.0929048
 -0.00559535    0.0318783   0.00663782   -0.0305884
  -0.0241924    -0.042763   -0.0361132    -0.004384
  -0.0729217    0.0439367   -0.0911909    0.0589128
   0.0340834     0.088658    0.0043767    -0.022587
   -0.113191    -0.107316    0.0543003     0.137732
  -0.0766688   -0.0132291   -0.0206131    0.0761416
 0.000314518   0.00860008 -0.000403377    0.0658724
  -0.0870709   -0.0711937    0.0407371     0.103814
   0.0125127    0.0454134   -0.0299367     0.067887
  -0.0658683   -0.0856942   -0.0651126   0.00325158
   0.0387298    0.0560582    0.0145582    0.0180366
  -0.0240077   -0.0232068   -0.0413219   -0.0786114
  -0.0166561   -0.0538552    0.0241332    0.0870268
    -0.03989    0.0254554   -0.0494617    0.0717567
  -0.0310077    0.0358886    0.0119319    0.0634206
  0.00405007    0.0462654   -0.0502339    0.0710288
   0.0505774    0.0828658   -0.0473386   -0.0506918
   0.0102692    0.0651284  -0.00844948   -0.0781994
   0.0342713   -0.0375618   0.00425783    -0.035459
  -0.0721055   0.00385844    -0.016064     0.135069
  -0.0545558    0.0455048   -0.0435367    0.0759074
 -0.00107765   -0.0591789    0.0667878     0.054376
  -0.0280622   -0.0586511  -0.00147317    0.0227348
  -0.0211355   -0.0195254   -0.0543207    0.0716179
    0.149155    0.0939496   -0.0759369    -0.105922
   0.0623548     0.162086   -0.0798372  -0.00610933
  -0.0380573    0.0265854    -0.018999   -0.0447962
   0.0196976    0.0875465    0.0401999   -0.0142816
  0.00459744   -0.0169949    0.0179717    0.0308945
   -0.021134   -0.0515316    0.0374813   0.00608689
   0.0079019    0.0540094   -0.0195234   -0.0413912
   -0.033443    0.0330803    0.0189152    0.0784473
  -0.0586966  -0.00693283   -0.0531082    0.0500846
   -0.048125    0.0460643    0.0117101    0.0921178
  -0.0503374    0.0351783   -0.0246953   -0.0188159
  -0.0698789     0.018562    0.0229959    0.0144356
   0.0580205    0.0513385   0.00633713   -0.0286746
  -0.0353499   -0.0306999    0.0561307   -0.0667053
  -0.0523647    0.0226265    0.0194305    0.0344194
   0.0409305    0.0442076   -0.0619756   -0.0406356
  -0.0599393   -0.0756729    0.0927724    0.0122485
  -0.0186741    0.0106348     -0.01416    0.0433028
   0.0170939   0.00787536   -0.0361619  -0.00410499
  -0.0405111    0.0833942   -0.0161677    0.0179907
   0.0145043   -0.0363301   -0.0312464    0.0520576
   0.0880481     0.148186  -0.00744035    -0.103858
   0.0744107    0.0263951    0.0091538   -0.0791374
  -0.0680673   -0.0646778    0.0309048  -0.00611198
  -0.0212943    0.0229681   0.00693509  -0.00128661
     0.11632    0.0600329   -0.0380002   -0.0712598
  -0.0484655    0.0417851   -0.0414369    0.0434428
   -0.103364    0.0248587    0.0896451    0.0555504
  -0.0341472    0.0611115   -0.0435954    0.0489021
  -0.0678542 -0.000871887   -0.0399896   -0.0379749
  -0.0477616   0.00864618    0.0451657    0.0622265
    0.018827    0.0511516   -0.0307383     0.027267
  -0.0418213   -0.0386799   0.00197562     0.093593
  -0.0600314   -0.0146488    0.0541453    -0.022512
   0.0567635    0.0919572   -0.0154911   -0.0500664
  -0.0837619   -0.0872656   -0.0176481    0.0725992
  -0.0227039     0.023407  -0.00530001   -0.0325201
   0.0324089    0.0106922    0.0107801   -0.0190642
   0.0709499    0.0022941   -0.0315018   -0.0164991
   0.0166301    0.0486708    0.0191507    0.0487902
   0.0499422    0.0396942   -0.0101227  -0.00261639
  -0.0844397   -0.0460893    0.0197503    0.0446425
 -0.00532674    0.0439882   -0.0406546   -0.0227229
   -0.104162   -0.0838621    0.0107222   -0.0132273
  -0.0412376   -0.0645932   0.00644065    0.0453305
  0.00617689    0.0388659    0.0421546   -0.0141805
  -0.0374341   -0.0699031    0.0505725    0.0473613
  -0.0407178   -0.0273983   0.00184184    0.0103905
   0.0422068    0.0933962   -0.0837888   0.00218658
 -0.00301855    0.0449207   -0.0743229    0.0116953
   0.0298999      0.01701   -0.0424089   -0.0199683
   -0.110861    -0.060231  -0.00145151   -0.0139315
   0.0571801     0.118071   0.00561965    -0.121297
   -0.118306    -0.026725    0.0802888    0.0683001
   -0.044711   -0.0593022     0.062324    0.0357758
   0.0502537   0.00776448    0.0323551    0.0225834
  -0.0370827     0.071602   -0.0379912    0.0323416
  -0.0540603    -0.029566    0.0315538    0.0147874
   -0.101907   -0.0299976   -0.0184045    0.0977081
   0.0450372    0.0419101 -0.000421277    0.0332342
   0.0438673   0.00852808   -0.0286235   -0.0437735
   -0.070526    0.0269515   -0.0212432    0.0583713
  -0.0150881   -0.0388264   -0.0520952    0.0368216
  -0.0701888    0.0329396    0.0193523   -0.0249391
  -0.0230802   -0.0433077   -0.0303657    0.0716907
  -0.0214915    0.0133946   0.00652572    0.0615366
  -0.0385765   -0.0447344    0.0478555     0.086887
  -0.0195646    0.0086137    0.0034928   -0.0214424
   0.0369427    0.0211553   -0.0105112   -0.0314149
  -0.0290535    0.0307293   -0.0369742  -0.00889985
  -0.0867647   -0.0390878    0.0101857    0.0937679
  -0.0382913    -0.106669   -0.0154459   0.00608466
  -0.0409882    0.0598008    0.0313199    0.0570785
 -0.00850185  0.000407904    0.0361049    0.0426276
   -0.117018   -0.0345749    0.0162897    0.0178622
  -0.0779949   -0.0330432    0.0308243    0.0712823
  -0.0747114   -0.0133438   -0.0469402    0.0661072
   0.0504298    0.0585029    -0.046761    0.0341102
   0.0878058    0.0945306    0.0526215    0.0183897
  -0.0355204   -0.0156581   -0.0456839    0.0204585
  -0.0533597    0.0543162   -0.0388173   0.00848035
   0.0353272     0.007834   -0.0535708   -0.0442718
   0.0884089    0.0357259    0.0284815   -0.0384444
 -0.00685241    -0.017859   -0.0251347    0.0594867
  0.00203579     0.013368    0.0893624    0.0848944
   0.0238444     0.064868  0.000853654   -0.0143686
  -0.0437729    0.0214858   -0.0635565   -0.0117395
  -0.0352855   -0.0953184    -0.011842    0.0527571
 -0.00453053    0.0496418   0.00440365   -0.0303282
    0.107277     0.149605   -0.0456363   -0.0045661
   0.0927617    0.0802118    0.0150408   -0.0991174
    -0.05756  -0.00357563    0.0197454    0.0707486
  -0.0275778     0.079371   -0.0534496    0.0207361
  -0.0737884    0.0421978    -0.101463    0.0433152
   0.0289785    0.0176401   -0.0476077    0.0468467
     0.10063     0.066452   -0.0754519   -0.0701897
  -0.0918431    -0.109936    0.0494271    0.0678377
   0.0473125    0.0349966   -0.0815557    0.0284295
   0.0107527    0.0779854    0.0116523   -0.0239535
  -0.0314005   -0.0639502    -0.018151   -0.0140128
    0.018505    0.0703808   -0.0121678    0.0948195
   -0.010794     -0.10185    0.0897652    0.0573452
 -0.00063779      0.01662    -0.010263   -0.0322443
  -0.0957462   -0.0192524   -0.0398282     0.102874
  0.00135005    -0.014155   -0.0315214      0.04314
  -0.0124297   -0.0472722    0.0559232    0.0175533
  -0.0554531   -0.0208299   0.00513896    0.0539232
   0.0161277    0.0106635    0.0294447    0.0226438
  -0.0153808   -0.0556753   -0.0257172    0.0807444
  -0.0335656   -0.0343596    0.0332431    0.0148579
   -0.109853   0.00911792   -0.0422597     0.114652
   0.0120392   -0.0140929   -0.0211532  3.40009e-05
   0.0975923     0.127412   0.00628827  -0.00185856
  -0.0159268    0.0387573    0.0345573   -0.0471143
   0.0687256     0.121701    0.0124906   -0.0709183
   -0.027458    0.0483149   -0.0173582   -0.0200998
  -0.0318519   -0.0839538    0.0424879    0.0690129
   -0.046301    0.0398247    0.0322076   -0.0486896
 -0.00355785    0.0554601     0.080794    0.0270333
  0.00865981     0.060073   -0.0324561   -0.0497018
  -0.0654139     0.035019   -0.0135619   -0.0227634
  -0.0334962  -0.00667325    0.0284743    0.0188822
   -0.086395     -0.05551   -0.0226802    0.0235035
  -0.0264138    0.0399625   -0.0221613    0.0458456
   0.0381055   -0.0554015     0.073257   -0.0168416
   0.0158934    0.0141813    0.0134193   -0.0174221
    0.055238    0.0514813  -0.00291599    -0.058002
  -0.0530344    0.0365887    0.0110571    0.0656418
   0.0411616    0.0542831   0.00822881    0.0388682
   0.0781937     0.111368   -0.0283517   -0.0550972
 -0.00794789   -0.0662618    0.0156487     0.105457
  -0.0228229   -0.0703144   -0.0210113    0.0458068
 -0.00182028    0.0928472   -0.0212815     -0.08736
   0.0119688    0.0886286   -0.0906601    0.0617366
   -0.090817   -0.0315926    0.0191513    0.0855975
   0.0223416     0.106166     0.045725    0.0527012
   0.0434302      0.10532   -0.0728867   -0.0553097
    0.021914    0.0347345    0.0536799   -0.0316117
  -0.0863153   -0.0555619    0.0390217    0.0147204
   0.0197177   -0.0114559   -0.0566626   -0.0104595
   0.0619601   0.00910977    0.0129172   -0.0277204
  -0.0225188   -0.0765309    0.0645039    0.0196088
  0.00512361    0.0580519    0.0214154    0.0260397
    0.100779     0.125298   -0.0477178    0.0314362
    0.113836    0.0439483    0.0256098    -0.079205
  -0.0463671    0.0476228   -0.0126611     0.043065
  -0.0119703    0.0369991    0.0253519   -0.0131511
  -0.0939178   -0.0620231    0.0160901     0.117971
  -0.0179996    0.0383788    -0.020133     0.063321
   0.0398263   -0.0680196    0.0865988    0.0728624
    0.044754    0.0178521   -0.0465088   -0.0170904
   0.0199984    0.0526291   -0.0125874    0.0594069
  0.00833909   -0.0240918     0.062068    0.0334027
   0.0101169    0.0514713   -0.0438055    0.0222748
   0.0243484    0.0786951   -0.0678961   0.00259422
 -0.00421959    0.0296569    0.0357105    0.0353013
 -0.00887653   -0.0090244     0.017929   0.00611639
   0.0995704     0.128593    -0.019633   -0.0588147
   0.0663368     0.168329   -0.0431667   -0.0482891
    0.053836  -0.00868304    0.0376388   -0.0303147
   -0.115957   -0.0405827   -0.0353893    0.0503297
   0.0209447    -0.018286   -0.0527551  -0.00795901
  -0.0749127   -0.0425971    0.0400372     0.110034
  -0.0472712   0.00319721    0.0278661    0.0420506
   0.0899522   0.00231926   -0.0431456   -0.0106311
   0.0100743    -0.139757     0.108019    0.0156439
 -0.00955837    0.0342681   -0.0245306   -0.0320755
  -0.0761218   -0.0466279   -0.0108352    0.0381018
   0.0352253    0.0301087    0.0475962    -0.011408
    0.053055     0.146597   -0.0832279    0.0225288
  -0.0176792    0.0931702  -0.00162436    0.0194333
   0.0282515   -0.0299345   -0.0126735   -0.0318121
  -0.0512008    -0.105064   -0.0572222    0.0254246
  0.00284384   -0.0203161    0.0337288    0.0460688
  -0.0975841    0.0691324    0.0131894    0.0476003
  -0.0496791   -0.0345266    0.0431257    0.0331704
  -0.0344915   -0.0565165    0.0383758    0.0380009
  -0.0147729    0.0237605   -0.0179664    0.0567905
  0.00556751    0.0248878    0.0113998  -0.00399407
  -0.0565813   0.00901862   -0.0356669  -0.00385182
  -0.0494501     0.026568    0.0105204    0.0798966
   0.0428784    0.0632801   -0.0221211  -0.00611984
  -0.0126073    0.0324491    0.0464074   -0.0135223
   0.0627542     0.113435   -0.0676153    -0.026602
   0.0986114     0.109435    0.0118755   -0.0453675
  -0.0542953    0.0344567    0.0173615    0.0387911
   0.0140008  -0.00551551   -0.0636463   0.00131505
   0.0537043    0.0252659  -0.00190344   -0.0115922
   -0.113888   -0.0951742   0.00626856    0.0903671
   -0.101909   -0.0328673   -0.0015091    0.0314605
  -0.0415957   -0.0329939    0.0128461    0.0579232
  -0.0931281    0.0401775     0.038116    0.0719991
  -0.0171166   -0.0291363    0.0182831    0.0248013
   0.0305382    -0.020382   -0.0635753   0.00653603
  -0.0577157   -0.0484214   -0.0427762     0.063157
  -0.0325434   -0.0201349    0.0634619   -0.0419245
  -0.0117141    0.0275342   -0.0918696     0.051683
  -0.0894896   -0.0495111   0.00579274     0.027519
 -0.00753422    0.0113842    0.0115712    0.0232731
 -0.00323222    0.0201852     0.065446   -0.0369276
 0.000497863   -0.0662359    0.0287388   -0.0283439
  -0.0160509    0.0469263   -0.0804572    0.0238466
   0.0215979    0.0671472   -0.0260156    0.0469394
  -0.0864195   -0.0406029    0.0322192    0.0444035
  0.00896478     0.105229  -0.00985582   -0.0629738
 -0.00619532     0.134747    -0.028123    0.0244968
   0.0212799    0.0222373   0.00730308   -0.0844131
  -0.0461456    0.0548666  -0.00827928   -0.0342606
  -0.0555406    0.0629486   -0.0402889   -0.0140116
   0.0688324     0.083656   -0.0474857    0.0102991
    0.092676     0.121064   -0.0110061   -0.0736218
  -0.0797729    0.0191831     0.103531    0.0646563
   -0.020739   0.00883275    0.0341712   -0.0250584
  -0.0340355    0.0191107   -0.0014266   -0.0138866
-0.000719243    0.0512698  -0.00563268    0.0816881
  0.00206476   -0.0450142    0.0186578    0.0541157
  -0.0169791   -0.0143569   -0.0269555   -0.0330202
  -0.0134916   -0.0646876   0.00867712   0.00805829
 -0.00143753   -0.0313492   -0.0228551   -0.0017498
   0.0838344    0.0917351    -0.033194   0.00748816
   0.0736503   0.00230794    0.0434513    -0.017425
  0.00422418    0.0179329    0.0419193    0.0380754
   -0.059282   -0.0376947   -0.0184865   0.00554244
  -0.0400105    0.0983795  -0.00211045    0.0677631
   0.0443323    0.0470175   0.00512192   -0.0890217
  0.00915205    0.0691577   -0.0198202    0.0889938
-0.000681908   -0.0610279    0.0176052    0.0904048
  -0.0578766    0.0425436    0.0506171    0.0843515
   0.0778568   -0.0465294    0.0254301  -0.00634769
 -0.00823763     0.124726   -0.0834867  -0.00660799
   0.0306566    0.0986477 -0.000891534    0.0074141
  0.00207063   -0.0555111    0.0041549    0.0390334
  -0.0384132    -0.105794   -0.0256907    0.0178971
   0.0208175   -0.0188667    0.0823803   -0.0225322
   0.0270574  -0.00181792   -0.0445175   -0.0487842
  -0.0577338  -0.00387135    0.0284271   -0.0312933
  -0.0284968    0.0256356    0.0201522    0.0639885
   0.0439154    0.0953854    0.0236228   -0.0157172
  -0.0304503   0.00399274   -0.0420412   -0.0197551
 -0.00964177    0.0998314   -0.0487524 -0.000782515
 -0.00932828    0.0846435   -0.0424189   -0.0455936
  -0.0054947   -0.0649551    0.0488978    0.0975717
  -0.0572057   0.00701168   0.00592693     0.134237
  -0.0320897   -0.0161534   -0.0725192  -0.00291497
   0.0252009   -0.0218373   -0.0252669     0.010548
   0.0052625     0.111318    -0.030477    0.0294589
   0.0602679    -0.027375    0.0367892   -0.0171016
 -0.00185517    0.0298153   0.00622615    0.0116022
  -0.0305572     0.160984    0.0297491   -0.0254446
   -0.129409    -0.120364  -0.00270791     0.112358
 0.000638599    0.0308591    0.0025406   -0.0666966
   0.0171943  -0.00149414    0.0239944    0.0540479
   -0.134426  -0.00805934   -0.0334952    0.0385006
  -0.0753447     0.031405    0.0409527    0.0323949
   0.0224903    0.0467221   -0.0077751   -0.0138129
  0.00184262    0.0132856    0.0305324    0.0109347
   0.0209222    0.0285692   -0.0417926   0.00567703
-0.000956392   -0.0254096    -0.048219    0.0465606
   0.0402874   0.00162459  0.000898186   0.00556627
  -0.0175567   -0.0414501   -0.0153392    0.0929213
    0.117804     0.156495   -0.0761117   -0.0645089
  -0.0535991   -0.0392979   0.00465607    0.0165843
  -0.0357791    0.0550051    0.0284676   -0.0116392
    0.064447     0.108075   -0.0666777   -0.0447385
  -0.0761982   -0.0291439   -0.0220357    0.0377146
   0.0334664   -0.0341487   -0.0581515    -0.016394
  -0.0120285   -0.0382983    0.0339912    0.0752965
   0.0527592     0.034442    0.0304062   -0.0214808
  0.00434972   -0.0485497   -0.0338422    0.0495837
   -0.171376    -0.117266    0.0896993    0.0322215
   -0.116348   -0.0931911   -0.0226987     0.095218
  -0.0800316    -0.101633  -0.00680465    0.0985968
  -0.0960004   -0.0605889    0.0325291    0.0772784
   0.0232669   -0.0429358    0.0115821    0.0656929
 -0.00231285   -0.0569566  -0.00952559    0.0075719
    -0.11334    0.0346897    0.0795361   -0.0198901
    0.031221    0.0745736   -0.0222253    0.0222478
   0.0618032    0.0691909   -0.0576845   -0.0541078
  -0.0433866   -0.0140071    0.0255794    0.0484242
    0.010934    0.0491425   -0.0285201   -0.0292576
   0.0678963    0.0755651   0.00118589   -0.0525142
  -0.0498771   -0.0357577    0.0598283    0.0924624
   0.0203276   -0.0723867    0.0796997    0.0940997
   0.0578162    0.0754395   -0.0430193    -0.026558
  0.00947371    0.0435722   -0.0187139    0.0145758
  -0.0988575   -0.0456813   0.00393538    0.0327927
  -0.0777922    0.0327716    0.0191449   0.00510969
   -0.049069    -0.044857    0.0228299   -0.0179175
  -0.0142378   -0.0186906    0.0233095    0.0195569
    0.138879    0.0814547   -0.0613348   -0.0564181
     -0.1012    0.0404347    0.0643267  -0.00566142
   -0.100071   -0.0480202    0.0470481    0.0763813
  -0.0797131   -0.0470687   -0.0130976    0.0746831
  -0.0902607    0.0298645  -0.00553764    0.0653309
  -0.0478877  -0.00534077   -0.0562376     0.107623
  -0.0422117     0.041126    0.0509297  -0.00419529
  -0.0324355    0.0191802  -0.00720937    0.0690065
  -0.0702678    0.0578786    0.0673452   0.00790219
  0.00342225    0.0325288    0.0136834   -0.0257392
   -0.150373   -0.0055107    0.0037033     0.094956
  -0.0441282   -0.0157848    0.0396244    0.0449677
 -0.00158358    -0.081338    0.0792191     0.096478
   0.0389218   0.00695979    0.0438024   -0.0132951
 0.000463731    0.0552446   -0.0016395    0.0156812
  -0.0659631   -0.0587647   -0.0181973    0.0977063
  -0.0300807   -0.0361715   -0.0265123    0.0593207
   0.0228989    0.0659576   -0.0212031    0.0423025
 -0.00616948    0.0561006   -0.0436102    0.0461544
   0.0300253    0.0506978  -0.00504715  -0.00341509
   0.0371301    0.0335963    0.0335095    0.0116132
   0.0585109    0.0624186    0.0372439   -0.0359932
  -0.0209551   -0.0668323   0.00289869      0.01817
  -0.0224854     0.052986      0.05676   -0.0018669
  -0.0186599    0.0152631    0.0546257   -0.0316767
   0.0135066    -0.019458   -0.0511114    0.0176563
   0.0212078   -0.0723333   -0.0226099    0.0873756
  -0.0608908    -0.116366   -0.0398249     0.101486
   0.0978606    0.0971548 -0.000343348   -0.0100472
   0.0596026   0.00161173     -0.06791    -0.054607
  -0.0879575   -0.0374132    0.0900743    0.0997774
   0.0924668    0.0911824    -0.015955    0.0183995