    0.218843    -0.167816     0.264355     0.295737
  -0.0325139   -0.0731116   -0.0491741   -0.0059949
   -0.160795   -0.0613931   -0.0356104    -0.209599
   0.0260643   -0.0151111    0.0387751   -0.0270534
  -0.0653572   -0.0253983    0.0514548    -0.124095
    0.106958     0.100907    -0.122018   -0.0767433
    0.190966    0.0237079  -0.00361036     0.127954
   0.0985644  -0.00802191    0.0913621    0.0985628
    0.164493  -0.00689069    0.0572377     0.139999
    0.129089     -0.13835     0.127386    0.0982837
  -0.0263427   -0.0328785     0.126291    0.0336327
  -0.0786262      0.02444    -0.171171    -0.111841
    0.142019   0.00759796    0.0394698     0.176798
   -0.188763   -0.0653118   -0.0704738    -0.230311
   -0.126291  -0.00267006   -0.0527696     -0.14706
 -0.00634395     0.067536    0.0536282    0.0236652
  -0.0252179    -0.103821    0.0781008     -0.01817
   0.0310387     0.116311    -0.106699    0.0223327
  -0.0650969    0.0826013  0.000688123  -0.00714509
 0.000266037   0.00625258     0.033525    0.0579728
    0.117581    0.0679438   -0.0119376     0.156615
   0.0926162   -0.0904147     0.147281     0.144444
    0.077922     0.153256    -0.102913   -0.0656033
    0.134717     0.186246   -0.0611355    0.0143341
    0.174811    0.0610869     0.104349     0.116989
   -0.129644    0.0676491     -0.13164    -0.162329
    0.126127    -0.126391    0.0996272     0.126454
    0.169335   -0.0246366    0.0726333     0.161299
   -0.189788   -0.0259249   -0.0118902    -0.202957
  -0.0375487     -0.15403    0.0815237   0.00883397
  -0.0346107    -0.040008   -0.0722287    -0.131926
    0.141619    0.0311375   -0.0107468    0.0626311
   0.0792627     0.124995   -0.0159723   0.00952117
   0.0206549   -0.0147886    0.0535855    0.0147665
    0.239882 -0.000547742    0.0338512     0.182961
  -0.0620054   -0.0980818    0.0107435   -0.0185659
   -0.128982    0.0107714    0.0436583   -0.0917847
  -0.0257914     0.230878    -0.149868    -0.144621
  -0.0371534   0.00329428    0.0180525    0.0203512
    0.213366   -0.0189633     0.252444     0.249407
  -0.0243092   -0.0142992    0.0838506   0.00571761
   0.0920215    0.0190155   -0.0429111    0.0171443
   -0.125171    -0.184092    0.0348946  0.000126982
   -0.109361   -0.0849657   -0.0392093    -0.106454
   -0.149643   -0.0966217    0.0375223    -0.143369
   0.0353541   0.00603624    -0.112696   -0.0568808
    0.162643   -0.0381816  -0.00958844    0.0650113
   -0.145345    0.0554517    -0.134835   -0.0978599
  -0.0262428     0.222824    -0.159716     -0.14771
   -0.116238    -0.297687     0.136899  -0.00305604
   -0.106789     0.147113    -0.152288    -0.183637
   0.0824029   -0.0772938    0.0740786    0.0876943
   0.0679596   -0.0327866    0.0990966    0.0954259
  -0.0229306     0.062261    0.0464697    0.0225912
   0.0406432     0.185818    -0.163785   -0.0625903
  -0.0173849   -0.0186022    0.0272307   0.00937274
   0.0565536   -0.0543724     0.103766    0.0705139
   0.0282694     0.073735   -0.0287532     0.014544
    0.095173   0.00728247   -0.0375109       0.1322
    0.040972   0.00417402   -0.0262167   0.00548558
    -0.14813    0.0272424   -0.0535926   -0.0789989
   0.0663569   0.00821404     0.109333     0.124456
  -0.0627364    0.0834095    -0.190541    -0.155561
   0.0604786    0.0714067   -0.0817915   -0.0611298
   -0.177664   -0.0376284  -0.00481923    -0.117214
  -0.0618408   -0.0179119    0.0387995    0.0499997
   0.0466256   -0.0918693     0.107434    0.0578331
  -0.0694342   0.00431699  -0.00559275  -0.00251506
    0.481608   -0.0445689     0.215048     0.343644
   -0.164768   -0.0416476   -0.0554736   -0.0892126
   -0.120177    0.0847535    -0.166018     -0.19393
   0.0942736    0.0584414   -0.0207112   0.00314852
  -0.0306992    -0.114716      0.07689   -0.0458965
  -0.0342428    -0.116903   -0.0505581   -0.0472572
   0.0616204    0.0274897    0.0901783     0.123933
   0.0190777   -0.0195158    0.0291539     0.103286
   0.0597161    0.0364063   -0.0418089    0.0212422
   0.0481327   -0.0224219     0.128931     0.183103
  0.00956857    0.0837255  -0.00112178    -0.049412
   -0.258583    0.0342552    -0.260179    -0.253676
   0.0377426    0.0327745   0.00291195     0.061105
   0.0618798    0.0831249    0.0912417     0.120163
 -0.00492476    -0.232218    0.0941151     0.101523
  -0.0485452   -0.0803733     0.126298  -0.00755491
   0.0998605   -0.0226782    0.0596428     0.110055
     0.13761   -0.0210403    0.0621992    0.0335624
  -0.0485853    -0.133171   -0.0228417   0.00463053
    0.160186    -0.267061     0.190572      0.17954
    0.220505   -0.0818963     0.139767     0.253918
   0.0728755   -0.0258126     0.121514     0.121362
   -0.171457    -0.112849    0.0516481    -0.113543
  -0.0338673    0.0748163   -0.0154176   -0.0625073
   0.0459858   -0.0108968    0.0313078    0.0376554
    0.168552     0.101166     0.111769    0.0834961
   -0.187377     0.137877    -0.269063     -0.21751
   -0.225236   -0.0626577   -0.0246582    -0.173794
   0.0912171   0.00569997    0.0546243    0.0938799
   0.0931456  -0.00325405  -0.00805948    0.0537815
    0.147754     -0.10719     0.126577     0.138815
  0.00784507    0.0869863   -0.0647475   0.00777755
  -0.0179577    0.0467588    0.0357896    0.0661005
   0.0958019     0.122404    0.0211802    0.0965162
  -0.0339531    0.0708283   0.00751192   -0.0320024
   0.0227762   -0.0624873    0.0228108   -0.0823071
   -0.100932  -0.00462142   -0.0445344    -0.146216
   0.0696307    0.0590898    0.0261675     0.108012
   -0.240364   -0.0257442    -0.125597    -0.232732
   0.0209421   -0.0311533    0.0538947    0.0992707
   0.0327254   -0.0401734    0.0715772     0.125275
  -0.0874507     -0.09878   0.00181472    -0.091479
   -0.164461    -0.142753   -0.0814691    -0.131013
    0.139288    -0.113116    0.0452219     0.223832
   -0.031753    -0.112993     0.126079     0.028098
   0.0748931    -0.121194    0.0128065    0.0147992
    0.075621     0.111357   0.00343014   0.00486138
   -0.120778   -0.0477718   -0.0404243    -0.220911
    0.205802   -0.0301561    0.0782466     0.193085
  -0.0344619     0.211167    -0.179766    -0.154913
   0.0039169   -0.0198525    0.0267608   0.00386371
   -0.186568  -0.00546327    -0.107958    -0.232635
    0.205552   -0.0375508     0.106771      0.12714
   0.0430017    -0.101078    0.0461808     0.077662
  -0.0233883   -0.0671855   0.00673175    0.0132874
   0.0180732    0.0627503   -0.0484416    0.0546478
   -0.163284    -0.135206   -0.0428514   -0.0701877
  -0.0968632  -0.00809497   -0.0739477    -0.146187
    -0.10998    -0.109318   -0.0571985   0.00672697
  -0.0895895   0.00352649   -0.0807672    -0.142982
    0.245238   -0.0095271     0.149384     0.230971
    0.103682    0.0173448   -0.0273985   0.00938632
    0.108479    0.0274111   -0.0315255    0.0634419
  -0.0299935   -0.0396746   -0.0319857   -0.0497501
   0.0762612    -0.012902     0.145912    0.0809698
     0.15555   -0.0608156    0.0157022    0.0780427
   -0.011232    -0.120094   0.00908594   -0.0222489
    0.111482     0.156909   -0.0384906    0.0399577
    0.116541    0.0691206   -0.0665408    0.0966849
     0.19674  -0.00578907    0.0927889     0.144904
     0.16693     0.017286    0.0968319     0.142205
  -0.0617382   -0.0924804     0.134712     0.121773
    0.160368   -0.0387866     0.150882     0.069235
   0.0349789    0.0877194    0.0213159   -0.0171124
   0.0260838      0.12039    0.0310134   -0.0228527
 -0.00950973    0.0849097    0.0319361    0.0469333
  -0.0891646    0.0145368    0.0158135   -0.0470224
    0.209327   -0.0885891     0.142155     0.203775
   -0.153419    -0.154738    0.0197059  -0.00907656
  -0.0893932    0.0340681   -0.0380554  0.000132648
   -0.165183    -0.123594    -0.108066   -0.0709113
  -0.0180679   -0.0782671   -0.0417404   -0.0289063
    0.012563  -0.00615091     0.100579    0.0153673
    0.134559    -0.116987     0.145361    0.0937893
  -0.0666009    -0.028522  -0.00393146    -0.106307
   0.0841245    0.0227482    0.0171518   0.00985096
   0.0277258  -0.00113052   -0.0571783    0.0121466
  -0.0949206    0.0319408   -0.0831921   -0.0235038
   -0.144346   -0.0670616    -0.073016    -0.134792
    0.036227    0.0472079   -0.0624942   -0.0462754
    0.089465   -0.0352287    0.0433021     0.103971
  0.00541024   -0.0182866   -0.0172436    0.0470736
   -0.174466    0.0497073    -0.119517    -0.145137
    0.148934     0.115481    0.0389022    0.0473893
   0.0543898    -0.185853     0.178292     0.140327
    0.125835    0.0106491    0.0247729     0.085527
   0.0413793   -0.0353163    0.0869481    0.0647234
   0.0516421   -0.0841348    0.0706721    0.0981201
  -0.0310165   -0.0170038      0.11368    0.0280993
  -0.0491395     0.100218    -0.151181    -0.109753
   0.0637469  -0.00728822   0.00442722    0.0237383
    0.159429   -0.0897057     0.138359      0.10326
    0.031315   -0.0439071  -0.00407804   -0.0482626
   0.0372204    -0.162497    0.0995938    0.0966406
   -0.047057   -0.0093621   -0.0161529   0.00791165
   0.0176781    0.0807493    -0.136538   -0.0814565
  -0.0676284    0.0417629   0.00144752   -0.0620054
   0.0457791      0.16084   -0.0293936   -0.0179502
   0.0864463   -0.0131406    0.0258349     0.174048
    0.164626     0.167093    -0.084617    0.0556659
    0.104931    0.0239707    0.0387019    0.0425913
  -0.0724974   -0.0314725    -0.019386   -0.0151394
  -0.0416972      0.14458    -0.101167   -0.0451165
    0.264885   -0.0509003     0.123471     0.192875
   -0.134103    0.0184366   -0.0745135    -0.111728
  -0.0740211     0.134384   -0.0525371    -0.098172
  -0.0795693    -0.110218   -0.0208339   -0.0840913
   0.0382457   -0.0527401    0.0729708   -0.0450226
   -0.133172   -0.0277007   -0.0147546    -0.138559
  0.00232062   -0.0516327    0.0895576    0.0555975
    0.139775    -0.102427    0.0476911    0.0727032
   0.0419925    0.0840366 -0.000380538    0.0960028
    0.203187    0.0115985    0.0961485     0.243051
  -0.0190028   -0.0414256  -0.00704002     0.045566
    0.101483   -0.0388498    0.0116712    0.0875478
    0.291346   -0.0247205     0.175382     0.213959
    0.283941    0.0577836     0.135268     0.168662
    0.148235   -0.0771616    0.0957771     0.226203
   -0.149074   -0.0658581   -0.0303693    -0.034847
    0.192002   -0.0742208     0.068174     0.155146
    0.122695    0.0774466   -0.0159613    0.0771959
    0.262773   -0.0712712     0.226611     0.274257
  0.00393683   -0.0603353    0.0592665   -0.0703746
   0.0631107    0.0236703    0.0843881     0.131013
  -0.0190721     0.196826    -0.197874   -0.0852761
   -0.075426    -0.056792   -0.0579422     0.019819
    0.132733    0.0644672   -0.0504985    0.0519557
   0.0329961     0.162756    -0.151885   -0.0308114
  -0.0128931    -0.100589     0.126407   -0.0175873
   0.0834517    -0.049245   0.00427071 -0.000136363
    -0.17955   -0.0820034    -0.126528    -0.191172
  -0.0621092     -0.12697    0.0989779   -0.0721421
  -0.0460257   -0.0226967   0.00767092    -0.021964
    0.144387   -0.0327401     0.089778     0.225307
    0.120617    0.0110717    0.0462257     0.170691
    0.120166    0.0450206     -0.03217    0.0659697
  -0.0204648    0.0386969    -0.077462    0.0259934
  -0.0576478   -0.0984401   -0.0527647    -0.153027
   0.0155807   -0.0576508     0.013768    0.0925109
  -0.0253633    -0.254201     0.194918   -0.0462844
    0.154492    0.0115056    0.0127149     0.201994
 -0.00327269     0.119922   -0.0585501   -0.0794921
     0.14964    0.0117159    0.0320528      0.11718
   -0.141349    -0.216875    0.0869478    -0.046615
    -0.10302    -0.381267     0.273883    0.0808537
  -0.0124154     0.045445    0.0628139    -0.116144
  -0.0463983     0.134032    -0.105458   -0.0826899
   0.0462295    0.0679239    0.0319575     0.112974
   0.0418792    -0.158166     0.135279     0.114249
  -0.0228637    -0.158056     0.147984    0.0628128
   -0.114981     0.147579    -0.167531     -0.13766
      0.2077   -0.0177107     0.103552     0.200081
   0.0401238    0.0209403     0.061939    0.0273656
   0.0125716    -0.112743    0.0875324     0.133912
   0.0495888    0.0348881   -0.0828573    0.0288225
    0.147582    0.0307678   -0.0482354      0.10918
  -0.0499588   -0.0687283    0.0295888    0.0456993
   0.0376154  -0.00957058  -0.00615683   -0.0240187
   0.0739718    -0.013925  -0.00760194    0.0324069
    0.021425     -0.05869     0.004214    0.0309861
   0.0850949    0.0430173    0.0493205   -0.0114682
  -0.0253637   -0.0695993     0.102065    0.0292859
  -0.0717228    0.0223572   -0.0961577    -0.079431
    0.198531    -0.075121      0.12091     0.200077
  0.00686668   -0.0955734    0.0414456   -0.0364457
   0.0676521  -0.00189314   -0.0170292     0.119352
   0.0659137   -0.0656151    0.0245407     0.120852
  -0.0144022   -0.0546334     0.115726   -0.0327663
  -0.0468505    -0.169447    0.0908483    0.0562836
   0.0316442  -0.00796659  -0.00719234   -0.0539423
   0.0743789   -0.0508522     0.137173    0.0420873
   -0.085601   -0.0342563     0.029849   -0.0265133
    0.210674    0.0146332    0.0592875    0.0964963
     0.14655    0.0432485     0.136925    0.0449974
    -0.12592    -0.097092    -0.084227    -0.151517
   -0.129992   -0.0373115   -0.0534554   -0.0590461
   0.0926052     0.109268  -0.00979097    0.0383263
   0.0782846    0.0527225   -0.0324567   -0.0289167
   0.0833262   -0.0183717     0.101764    0.0640714
  -0.0567354    -0.134329    0.0671113    0.0318668
   0.0288859   -0.0717042    0.0502236     0.105889
    0.224538    0.0622676    0.0427028     0.101957
   0.0123529    -0.118236     0.132148     0.124139
   0.0100741     -0.15556    0.0930992   0.00546478
  -0.0642046   0.00334762  -0.00133801    -0.117204
  -0.0491564   -0.0674184     0.133494   -0.0112595
   0.0679487   -0.0684574    0.0324558      0.14999
   -0.296744    0.0521923    -0.111144    -0.222972
   0.0118495     0.146285   -0.0374585    0.0793933
   0.0301872  -0.00652798    0.0204877   -0.0174041
  -0.0204403    0.0958157   -0.0197412    0.0522638
 -0.00900223    0.0820678   -0.0875038     -0.10315
    0.154903    0.0608689   0.00119582     0.139199
    0.134409   -0.0185345     0.170008    0.0697864
   0.0750215   -0.0282595     0.104578    0.0410961
   0.0528232    0.0283955     0.118177    0.0912008
   0.0482958   -0.0281274    0.0162979    0.0911907
   0.0621956  -0.00208911    0.0986798    0.0703766
   0.0233189     0.055675   -0.0609763    0.0471951
   -0.061189    -0.102064     0.139721    0.0533617
  -0.0808812    0.0222797    -0.106662   -0.0758487
   0.0372814   -0.0672012     0.062703    0.0293421
    0.030804    0.0620662    -0.107554   -0.0155142
  -0.0444113   0.00706764   -0.0480463   -0.0693569
   -0.112565    0.0415635    -0.136448    -0.115099
   0.0293357   -0.0433449   0.00844066  -0.00934991
   0.0772251     0.142194   -0.0532862   -0.0338498
  -0.0351465    -0.130981    0.0580173   -0.0710458
   0.0393193   0.00195229     0.085138  0.000167734
   0.0137365    -0.143087    0.0393812    0.0356941
   -0.089443   0.00752687   -0.0101381  -0.00791002
    0.033367   -0.0344332     0.114308   -0.0353262
  -0.0946941    0.0158205   -0.0697117    -0.187841
   0.0689026    0.0395461    0.0165789    0.0230462
   0.0533952    -0.230206     0.182978    0.0688837
   0.0640387    -0.183218      0.08935    0.0169511
  -0.0868672   -0.0802825   0.00324519   -0.0542394
  0.00749448  -0.00273441   0.00475873   -0.0788669
   -0.060961   -0.0628597    0.0917621   -0.0308895
   0.0518216    0.0999836    0.0195071   0.00484737
   0.0388699   -0.0224591    0.0467421    0.0143444
   0.0935247    0.0141835    0.0469675     0.189436
    0.133519     0.127645   -0.0995364    0.0392587
   0.0540631    -0.179173     0.216296     0.142095
    0.111748   -0.0393035     0.039799     0.160678
     0.14944     0.070529   -0.0574173    0.0755234
    0.027403    -0.152976     0.109282    0.0274977
   0.0018943    -0.108981    0.0490017    0.0678428
   0.0252952    0.0194209   -0.0598547   -0.0556006
   0.0109264     0.130312    -0.143625   -0.0300346
    0.136401   -0.0436293    0.0687152     0.159858
   0.0872263   -0.0392771     0.113854    0.0146175
  -0.0484531    -0.100416     0.045259   -0.0111463
   0.0419138    0.0258729    0.0582373    0.0518124
    -0.17912   -0.0886193    0.0153262    -0.155055
  -0.0848873   -0.0240769    0.0523097   -0.0852415
    0.123055   -0.0296171     0.101503     0.148569
   0.0470594    0.0522282     0.094805    0.0181425
   -0.166887  -0.00411272   -0.0133864    -0.116388
   -0.218499    0.0441797    -0.184786    -0.278722
   -0.230331    -0.129435   -0.0968596    -0.206366
 -0.00464195    -0.175038     0.208424    0.0250064
    0.329208     0.140203    0.0860421      0.21572
   -0.103278    -0.141473    0.0601105   -0.0308664
    0.111066    0.0291184     0.023712     0.154208
    0.164265    0.0612407    0.0522648     0.173344
   0.0976646     0.063003    0.0182986    0.0724757
   -0.112565   -0.0563044   -0.0162829   -0.0382808
   -0.047461   -0.0228355   -0.0100277    -0.111963
  -0.0647135    -0.100247   -0.0192296   -0.0191919
  0.00469765   -0.0614027    0.0486585  -0.00920537
  -0.0862877     0.112041   -0.0846471   -0.0429964
    0.107514    0.0282491     0.144643    0.0860808
   0.0995798   -0.0662582     0.175588     0.113951
    0.101373  -0.00832757    0.0681227    0.0939855
   0.0288084    -0.127387    0.0769356    0.0555266
   0.0802269     -0.10801    0.0491489  -0.00992805
   0.0474621     0.158101   -0.0306466    -0.110111
    0.113414   -0.0392739    0.0678499    0.0547601
    0.144991    0.0229877    0.0276565    0.0540425
  -0.0954591    0.0277595   -0.0824348   -0.0442182
  -0.0370895     0.198486   -0.0987491    -0.163782
    0.125403    0.0663844     0.038971    0.0652355
   -0.073541   -0.0360261    0.0560042   -0.0257476
  -0.0556281    0.0377448    -0.131739    -0.106747
  -0.0429828    0.0369484   -0.0673981    0.0285946
  -0.0956337     0.326806    -0.301073    -0.170873
  0.00556942    0.0462994    0.0503427    0.0219361
  -0.0580241    -0.154501    0.0351821   -0.0918079
   0.0322147    0.0362778   -0.0726271   -0.0967366
   0.0368649   -0.0284871    0.0988756     0.127906
   0.0939186    0.0394495    0.0323585     0.101392
  -0.0566482    0.0675479   -0.0861672    -0.063071
  -0.0788328     0.113647   -0.0354973   -0.0406344
   -0.113216    0.0456319   -0.0893427    -0.107153
   -0.104185    -0.148442     0.102273   -0.0955232
  0.00511975   -0.0535532     0.139505   0.00967618
   0.0625947     0.031903  -0.00293307   -0.0458127
    0.050216   -0.0422757    0.0197774   -0.0599085
   -0.173312   -0.0297797  -0.00561652   -0.0643939
  -0.0114952   -0.0204849   0.00205516    0.0329039
  0.00387688    0.0451119   -0.0229875   0.00753031
   0.0847331   -0.0344338    0.0152562      0.07568
  -0.0572477   -0.0686205   -0.0102913   -0.0643565
    0.077902   -0.0477474    0.0565103     0.128277
  -0.0172337  -0.00809677    0.0996781   -0.0259979
    0.130691   -0.0741534    0.0447299     0.126294
  -0.0569677    -0.034115   -0.0422868   -0.0695364
   -0.111294    0.0905164   -0.0914025   -0.0539313
   -0.203632    0.0828577    -0.236438    -0.144253
   -0.175147    0.0174631    -0.155442    -0.242993
  -0.0086714    0.0061606    0.0218227   -0.0341221
   -0.208194   -0.0822247   -0.0334091    -0.187627
   0.0059313   -0.0618877    0.0505257  -0.00262947
   0.0329457    0.0122678      0.07248     0.071817
   -0.068682     0.037289    -0.024861   -0.0937474
   0.0572762  -0.00841497    0.0821083    0.0143652
  -0.0546858    0.0562499   -0.0789337    -0.119895
  -0.0137433    0.0283611   -0.0807325   -0.0239746
    0.091733   -0.0803335   -0.0102099     0.104966
   0.0330018    0.0621386    0.0554601    0.0733985
   -0.106119    -0.106592    0.0215769    -0.163544
  -0.0696858    0.0558674   -0.0406406   -0.0844185
  -0.0468339   -0.0380654   -0.0498161   -0.0815724
    0.161629    0.0429826    0.0588975       0.1271
  -0.0601768   -0.0432026  -0.00443267   -0.0856122
  -0.0594522    0.0486508   -0.0566526   -0.0847225
  -0.0550495   -0.0570142   0.00411172    0.0399686
   0.0960473    0.0387505    0.0822834     0.102751
    0.106262    0.0304658    0.0617676    0.0429191
  -0.0378978    0.0165462     0.108333  -0.00438879
   -0.100007   -0.0773433   -0.0287629   -0.0502813
  -0.0127197    -0.023983    0.0512498    0.0863982
  -0.0797089   -0.0394138     0.017366   -0.0199087
  -0.0104052   -0.0119902    0.0423874     0.102257
    0.132018    -0.041772    0.0997627    0.0793564
    0.210687    0.0675074    0.0733683     0.139779
   0.0401796    0.0788259    0.0300568    0.0246447
    0.168796    -0.145362     0.211031     0.142975
   -0.091162     0.040866   -0.0459618    -0.113242
    0.032766   -0.0759743     0.092247     0.102338
   0.0441266   -0.0389645    0.0402861   -0.0325701
   -0.102475     0.113647   -0.0973786   -0.0164347
    0.162988   -0.0578125     0.158365    0.0709228
    0.124688   -0.0845848     0.212902     0.166144
  -0.0214408    0.0492426  -0.00958795   -0.0645997
   0.0362747    0.0575385    -0.106629   -0.0173583
   0.0932162     0.146936   -0.0200158    0.0100114
   0.0918681   -0.0455843    0.0563036    0.0599917
   0.0682964    0.0796121   -0.0472853   -0.0362874
   -0.100458    0.0259236    -0.117016    -0.113021
  -0.0642517   0.00620207    0.0102219   -0.0592083
  -0.0101692   -0.0467557  -0.00904254   -0.0777626
  -0.0457717   -0.0685773    0.0285326    0.0159278
    0.154397   -0.0324135     0.030828    0.0818073
  -0.0548459    0.0717541    0.0167273     -0.16464
    0.257436     0.013192    0.0655667     0.224231
    0.127218    -0.129365      0.13464     0.131261
      0.1342   -0.0496557     0.119893     0.165099
   0.0225963    0.0303824     0.040983   0.00709329
  -0.0352866    0.0190243   -0.0988898   -0.0911294
  -0.0670801    0.0609666    -0.136457    -0.156217
  -0.0403055     0.105529    -0.178351    -0.145816
 -0.00302276  -0.00243184    0.0583268    0.0733536
  -0.0289684     0.112943    -0.146969    -0.100591
   0.0496442    0.0434676    0.0441248    0.0677068
    0.168295   -0.0551061     0.130725     0.154387
   -0.086771    -0.110586    0.0858303   -0.0407321
  -0.0270106     0.146905   -0.0884282   -0.0328361
    -0.14217    0.0301532   -0.0355318   -0.0335447
    0.098116    -0.100046    0.0842622     0.209031
   0.0233777    -0.116326    0.0926905    0.0936296
   0.0180804    0.0689109    0.0243202    -0.104664
    0.103898    -0.015924    0.0818631     0.121872
  -0.0658859    -0.113066  -0.00637321    0.0254194
   0.0230849    -0.029392      0.12806    0.0412398
   0.0252593    0.0811774    0.0830241    0.0557117
   0.0903733    0.0612468   -0.0589595     0.051131
   -0.103348   -0.0245277   -0.0171231    -0.194941
  -0.0819041    0.0420985    -0.126141    -0.129702
  -0.0457251    0.0243399  -0.00769325   -0.0231877
   0.0488863     0.210083    0.0065039   -0.0211324
   0.0262402     0.118209  -0.00393516    0.0108472
  -0.0144217     0.127062   -0.0291552   -0.0867851
  -0.0194628   -0.0881148     -0.01937    0.0174513
   -0.173681    -0.171615    0.0265963      -0.1028
   0.0829568   -0.0638872     0.160639    0.0894346
  -0.0417949     0.079482    -0.178675   -0.0474997
    0.150869    -0.112946     0.152353    0.0781681
    0.230332    0.0740331   -0.0105704      0.16596
    0.196512    0.0807979    0.0142552    0.0564903
  -0.0363029    -0.133499    0.0794634    0.0523116
    0.042486    0.0630301   0.00480494   -0.0649324
   0.0451458    0.0393071   -0.0173133   -0.0310401
   0.0047392    0.0113353    0.0301984   -0.0348268
    0.135492   -0.0270434    0.0506218    0.0774752
     0.17732   -0.0374933     0.168297     0.102188
    0.104077    0.0675612    0.0604284    0.0502015
    0.096589     0.117888   -0.0342402    0.0182195
  -0.0279595      -0.2587     0.164405    0.0756089
   0.0569586    0.0235362   -0.0732619    0.0493443
    0.125593    -0.130913      0.15693    0.0525718
  -0.0828719   -0.0803973    0.0740566    -0.110029
  -0.0562761   -0.0427869   -0.0752891    0.0142581
    0.113493   -0.0428771    0.0367889     0.100285
   -0.189643    -0.257486    0.0782502   -0.0316188
   -0.147983   -0.0771582   0.00882066   -0.0710152
   0.0619585   -0.0261738   0.00938297     0.092963
   -0.130257    -0.145315    0.0930611   -0.0280529
     0.17765    -0.100496     0.153416     0.219461
     0.13417   -0.0596457      0.15245    0.0947792
  -0.0276775   0.00941236    0.0549335     0.037053
     0.21129   -0.0851437     0.079255     0.193841
    0.251205    0.0224864    0.0340794     0.185305
   0.0703098    -0.070237    0.0639672       0.1683
    0.152156     0.124695   -0.0107678      0.11026
    0.033639   -0.0043511    0.0325297   -0.0205689
   -0.153031     0.021925   -0.0432231    -0.127398
  -0.0969377    -0.262564      0.23542  -0.00924544
  -0.0563255    -0.126489    0.0267491   -0.0384516
  -0.0402897     0.075796   -0.0835801    -0.024741
   0.0788467    0.0584458   -0.0509852   -0.0454867
  0.00436509    -0.154583     0.123017   -0.0192869
    0.148272   -0.0380357      0.11729     0.208244
   0.0581703    0.0232689     0.135803    0.0987351
    0.175109   -0.0452012     0.137172     0.200021
    0.101812    0.0797698   -0.0240844     0.105646
    0.122169     0.159343   -0.0903444  -0.00428585
   0.0241233   -0.0947361     0.034669    0.0559024
    0.135365     0.162632   -0.0247191    0.0418362
   0.0679867   -0.0118051  -0.00533339  -0.00115902
  -0.0137071   -0.0770442   -0.0368668   -0.0682919
    0.155953  -0.00992766    0.0534181     0.168991
   -0.197527    0.0242121   -0.0789818    -0.155895
    0.101262     0.209681   -0.0949687    0.0374242
    -0.22835    0.0461128   -0.0949129    -0.204351
   0.0493072    0.0560133   -0.0435708     0.083259
  -0.0338785    -0.013447   -0.0996325     0.033922
     0.12256   -0.0794255     0.101215    0.0564403
   0.0389038   -0.0185693   -0.0292231    0.0274641
    0.169786     0.115366    0.0345674     0.163103
   -0.126267    -0.145314    0.0425432   -0.0707446
    0.212594    0.0747842   -0.0300235    0.0513723
    0.102159   -0.0817974     0.139286    0.0697308
    0.158803   -0.0255933    0.0622045     0.109461
  -0.0877982    0.0987578    -0.118323     -0.18895
 -0.00624022    -0.105423    0.0269152  -0.00868963
   0.0031379    -0.103956     0.038974     0.103232
  -0.0151467    -0.271073     0.215634    0.0953819
  -0.0767146    -0.156053     0.161114   -0.0422834
   0.0833248    0.0112518    0.0523019  -0.00868118
   0.0627996    0.0256428     0.143997    0.0997587
    0.208301    -0.112446     0.180852     0.240071
     0.12071    0.0571157     0.110776     0.113495