   -0.175362   -0.0638816   -0.0281468     0.116348
   0.0348903    0.0297649   -0.0112742   -0.0508773
  0.00665045     0.105241    -0.097614    0.0784256
   0.0715556     0.155193    -0.104777  0.000780071
  -0.0458259   0.00580213    0.0317991    0.0332274
   -0.137106    -0.109808  0.000806655     0.104802
  -0.0165319   -0.0824975    0.0598057    0.0609167
   0.0407425   -0.0420123    0.0528569   -0.0550255
   -0.109956    -0.146029   -0.0296201   0.00543846
   0.0688677   -0.0446089    0.0442601   -0.0763628
   0.0292536    0.0652574   -0.0605703    0.0214033
  -0.0505689   -0.0359818    0.0200926    0.0613115
-0.000148394    0.0338871    0.0098251    0.0257024
 -0.00474907   -0.0114219   -0.0169502    0.0716925
  -0.0941389   -0.0665233    0.0397317    0.0465553
   -0.114443     0.028636   -0.0519063   0.00212966
   0.0126754   -0.0315606    0.0386808   -0.0614302
 -0.00926196   -0.0174037   -0.0119215   -0.0387778
   0.0622932    0.0198476    0.0138171    0.0144624
  -0.0339355  -0.00283865   -0.0224205    0.0648616
   0.0139468    0.0518963   -0.0157639    -0.088241
   0.0147888    0.0719202    -0.131683   0.00552419
   0.0575898     0.114706   -0.0888073   -0.0110639
 -0.00751556   -0.0137266   0.00268882   -0.0442828
   0.0894428    0.0871728   -0.0778829    -0.118988
     0.01598    0.0613494   -0.0599087   -0.0913779
  -0.0146303   -0.0157218    0.0223057    0.0443041
  -0.0204289    0.0675294   -0.0531613   -0.0159768
 -0.00192711  -0.00724078   -0.0569425    0.0527057
   0.0652055   -0.0158956    -0.023168   -0.0294953
  -0.0726191    0.0566406   -0.0849677   -0.0322195
  0.00891478  -0.00896282    0.0291918   -0.0102809
  -0.0853322     0.027086    0.0592905       0.1101
   0.0532803   0.00781903    0.0281981      0.03098
  -0.0763665   -0.0775593    0.0332245   -0.0187678
    0.109566     0.154902   0.00994774   -0.0738068
   0.0705846    0.0658304    -0.078328    0.0405274
  -0.0862667      0.10221   -0.0936271     0.113526
   -0.081963   -0.0782255    0.0579348    0.0821544
   -0.112578   -0.0155886   -0.0562071    0.0895544
 -0.00146741    0.0378514   -0.0297824    0.0256348
    0.152071    0.0284205    0.0081777    -0.113578
  -0.0290539    0.0581605  -0.00225074     0.039361
   -0.113955    0.0511256   -0.0185391    0.0125728
   0.0728329    0.0859169   -0.0662321   -0.0283727
  -0.0653025    -0.107616     0.044662    0.0400696
  -0.0658256   -0.0223607  0.000299432   -0.0187195
 -0.00185977    0.0412202   -0.0319788   -0.0389388
    0.101827      0.14339   -0.0333615    -0.151514
   0.0346941   -0.0809069   -0.0405556     0.032929
   0.0734671     0.159419   -0.0594289   -0.0913052
   0.0441077   -0.0626589   0.00830121   -0.0246893
  -0.0730803  -0.00173739   -0.0549405    0.0542016
   0.0112762    0.0550559   0.00816095    0.0302081
  -0.0252909    0.0196814   -0.0852949      0.11551
   -0.074059  -0.00634773   -0.0560991    0.0424552
  -0.0756705    0.0313398    0.0582279    0.0858933
-0.000979473   -0.0112751    0.0124874  -0.00385037
  -0.0650695    -0.179057    0.0494582   -0.0176414
  -0.0163793    0.0347656   -0.0729179    0.0102399
  -0.0644188   0.00772285    0.0523039   -0.0112271
   -0.214175   -0.0277161  -0.00360738     0.159638
  -0.0177467    -0.134305    0.0450654    0.0279072
  0.00302063    0.0894957    0.0295015   -0.0500456
  -0.0356395    -0.067182   -0.0204828    0.0640735
   0.0181593    0.0207699    0.0380634   -0.0701143
    0.091525    0.0554646   -0.0263456   -0.0106831
  -0.0481229  -0.00936787   -0.0867976   -0.0652056
    -0.11415   -0.0745622    0.0550815     0.108522
   0.0831017    0.0332969   -0.0501278    0.0409815
  -0.0155145    0.0393954   -0.0287957    0.0182029
   0.0326288    0.0721904   -0.0521987    0.0689209
  -0.0135393   -0.0114423   -0.0434598   -0.0529948
   0.0575871    0.0429627   -0.0100729   -0.0343494
  -0.0423471    0.0924506   -0.0421393     0.133464
  -0.0232821   -0.0596429    0.0393194   -0.0269096
  -0.0246933    0.0124763   -0.0291335   0.00459171
   0.0874175    0.0751283  -0.00695137  -0.00052216
   0.0913781     0.120405  -0.00936773   -0.0102083
   0.0786366    0.0532393    -0.102813   -0.0159593
  -0.0387844    0.0522456   0.00553142    0.0543702
   -0.109954    0.0309834   -0.0301245      0.12138
  -0.0809652    0.0088613   -0.0392087     0.017912
   0.0458033     0.147888   -0.0380627   -0.0285959
   -0.104936    0.0219464   -0.0833187   -0.0107275
  -0.0439762   -0.0320032    0.0134202   -0.0250323
  -0.0611756    0.0127692   -0.0557699   -0.0637083
  -0.0673655    -0.101487    0.0801413    0.0356661
   0.0709343   -0.0456245    0.0483878   -0.0451163
   0.0196105    -0.126267     0.035034   -0.0413808
-0.000819219    0.0175551   -0.0616153   -0.0232305
  -0.0319166   -0.0265126   -0.0196404     0.027948
  -0.0654348    0.0141149    0.0597781    0.0366684
  -0.0188511    0.0584061   -0.0258825   0.00578472
   0.0784386   -0.0366805   -0.0361655   -0.0439271
  -0.0156836     0.117455   -0.0830435   -0.0387536
  -0.0788981    -0.069517     0.014512   0.00540277
  -0.0835204   -0.0813061    0.0978102     0.002857
  -0.0346103    -0.179011     0.114797    0.0277477
   0.0134856   -0.0172401    0.0225274   -0.0323769
   -0.117635   -0.0355481  -0.00995843    0.0987668
   0.0294097    0.0108451   0.00874932   -0.0584718
  -0.0174952  -0.00628975   0.00567192    0.0842857
  -0.0272158  -0.00750298   -0.0384589   -0.0146034
  0.00337116   -0.0577192    0.0925146   -0.0404588
   0.0196671   -0.0282073   -0.0139914    0.0180027
  0.00921652    0.0673949    0.0367338   -0.0274459
   0.0157727   0.00538585   -0.0359875      0.10686
 -0.00893155    0.0729341   -0.0963992    0.0655487
   0.0148803    0.0605524   -0.0211129  -0.00764428
  -0.0150314    0.0353091   0.00237796    0.0238751
   0.0201026    -0.144191     0.140263  -0.00380015
  -0.0222672   0.00404344    0.0366249   -0.0329561
    0.028154   -0.0248954     0.035404   -0.0669372
  -0.0369654    0.0528658   -0.0139148    0.0778362
   0.0769518     0.134667   -0.0933904   -0.0329643
    0.116692    0.0213934   -0.0224225    -0.133526
   0.0379252    0.0504742   -0.0661387     0.048488
   0.0100265    -0.111566     0.121404   -0.0522566
   0.0257896      0.10565   0.00610324    0.0733576
   -0.137687    -0.138535    0.0197006    0.0563705
   0.0281751  -0.00995026    0.0203738    0.0196951
   -0.034626   -0.0237619   -0.0336454    0.0378997
  -0.0812833   -0.0799105   -0.0220052    0.0812794
   0.0339322   -0.0177807   -0.0225307    0.0263277
  -0.0666658    0.0318009   -0.0609243     0.010135
  -0.0762283   -0.0152131    0.0476142   -0.0108662
  -0.0680542   -0.0799756    0.0545069    0.0311847
   -0.235514   -0.0791113   -0.0224846     0.217612
 -0.00972134   -0.0344494    0.0879236   -0.0049816
  -0.0287111     0.118062   -0.0678052   -0.0437587
   0.0421467    0.0903356   -0.0492856   -0.0036905
  -0.0523794   -0.0234195    0.0297285    0.0620341
   0.0576555    0.0348163   -0.0878393     0.021295
    0.102404    0.0344157    0.0533625    0.0639927
   0.0682672   -0.0410681    0.0298128    0.0102554
  -0.0525352   -0.0795102    0.0266412    0.0336092
  -0.0105329    0.0116512  0.000546763   -0.0351533
 -0.00124533   -0.0206446    0.0307874    0.0666505
   0.0417806     0.102088   -0.0138354   -0.0623292
  -0.0322034    0.0485738     -0.03514    0.0938021
  -0.0570277    -0.066922    0.0140856    0.0541064
 -0.00894279    0.0369347   -0.0162223    0.0587349
 -0.00587548    0.0811126   -0.0443042   -0.0312694
 -0.00511156    -0.012862    0.0741711    0.0145439
  -0.0627997   -0.0626343   0.00256868    -0.024839
   0.0907419    0.0656718   -0.0280318    -0.014251
  -0.0568802    0.0391023    -0.061229     0.088977
   0.0189433   -0.0126346  -0.00375364   -0.0247601
  0.00122447   -0.0133101   -0.0569992    -0.040217
  -0.0913506    0.0522727   0.00290672    0.0751389
   0.0715329     0.028905    0.0399366   -0.0555142
   -0.108918    0.0983342   -0.0503882     0.125575
   0.0157556   -0.0947901   -0.0201762   -0.0134485
  -0.0919354   -0.0536385   -0.0534238    0.0436063
  -0.0238788   -0.0592881    0.0051206   0.00259952
   0.0885749    0.0620545   -0.0252139   0.00385642
    0.100243    0.0302281  0.000812797  -0.00647521
  -0.0122157   -0.0478094    -0.027794    0.0327503
     0.13891    0.0979949    0.0136924   -0.0223105
   0.0620202    0.0254928  -0.00763535  -0.00406504
  0.00342083     0.130571    0.0128035    0.0782432
  0.00593644    0.0217362    0.0631639   -0.0308229
  -0.0320258   -0.0036244    0.0335348   -0.0170564
  -0.0309202   -0.0617762      0.04583     0.102646
  -0.0294771    0.0676723    0.0143031   -0.0273558
  -0.0837547    0.0983507    -0.102242    0.0351051
  -0.0844833    -0.129671   -0.0124744    0.0641527
  -0.0141252    0.0393288   -0.0117021   -0.0122421
    0.041015    0.0222819   -0.0623437    0.0654998
   0.0891274   -0.0266364    0.0424681   -0.0880938
 -8.8942e-05  -0.00885627    0.0484134    0.0181687
   0.0893798    0.0585616   -0.0490382   -0.0357474
       0.024      0.02423    0.0459755    0.0374344
  -0.0151486   -0.0698304    0.0649708   -0.0292229
  -0.0843658   -0.0555127   -0.0519465     0.115825
   0.0625233     0.048143   -0.0571899   -0.0722663
   -0.123494    0.0150642   -0.0492334   0.00580803
     0.00641    0.0398288   -0.0281121    0.0220247
  -0.0270647    0.0903452   -0.0228062   -0.0349004
   0.0375065    0.0551243   -0.0834153   -0.0221896
 -0.00349983    0.0343487    0.0118352   -0.0306833
 -0.00374019    -0.084181    0.0420734    0.0664169
   0.0409769    0.0831408   -0.0264583    0.0191027
  0.00672038   -0.0273812    -0.015624   0.00146369
   0.0171605    0.0389221   0.00410087   -0.0635014
   -0.046629   -0.0102575   -0.0491252     0.082074
  -0.0277613    0.0148739     0.059207    -0.022819
  -0.0606275    0.0316936   -0.0110115    0.0359319
  -0.0149899   -0.0259732    0.0158198    0.0444676
  -0.0457362   0.00825943   -0.0368152   -0.0061887
  -0.0406845   -0.0276282   -0.0403557   0.00887019
    -0.10529    -0.114223   -0.0058872    0.0516185
  -0.0249459    0.0928742   -0.0857848   -0.0595838
  -0.0506694   -0.0656249     0.048059    0.0730771
    0.119479    0.0966133   -0.0689598   -0.0822177
  0.00231195    0.0356493    0.0466071   -0.0438084
  -0.0193076    0.0708186   -0.0815679    0.0780084
   -0.103655  -0.00558377   -0.0287021     0.078292
   0.0581372    -0.013473   0.00818358   -0.0199345
   -0.033045  -0.00123293   -0.0446145    0.0510756
   -0.101156   0.00581229     0.018504     0.087554
   0.0144226    0.0730615    -0.093338   -0.0423545
   -0.107285    -0.160364    0.0213324    0.0259409
  0.00961633   0.00290829      0.05513   -0.0204225
    0.109121     0.127529     0.061096    0.0130415
  -0.0726755    0.0174092    0.0371342   -0.0379422
  -0.0139207   -0.0117497   -0.0495043   -0.0116297
     0.10702    0.0634081   -0.0454263    -0.148367
  0.00498845    0.0116577    -0.102824    0.0762852
  -0.0195312    -0.025547    0.0244145     0.058353
  0.00543401   -0.0500577    0.0662317   -0.0779467
  -0.0689968    -0.043859   -0.0299192    0.0636603
  -0.0934926    -0.041779   -0.0194555    0.0850242
   0.0593957   0.00805153   -0.0323042   0.00233568
   0.0541742  -0.00921846     0.040048    0.0220351
   0.0906544    0.0999881   -0.0671744    0.0319243
   0.0376482  -0.00981372   -0.0440135   -0.0514273
   0.0792321    0.0199916    0.0413663   -0.0583452
  -0.0304286    0.0610405    0.0153586     0.026576
  -0.0545642    0.0756493   0.00404808    0.0802259
 -0.00430288    0.0972441  0.000627221   -0.0194734
  -0.0540598    -0.017565   -0.0284587    0.0784129
   0.0118719    0.0918144   0.00770386    0.0801016
   0.0103888     0.105327   -0.0998155    0.0443649
   0.0655305    0.0553822     0.034824   -0.0124322
    0.068421    0.0852562   -0.0845059    0.0335929
   0.0108465    -0.161474    0.0322347   -0.0776079
    0.108831     0.178472   -0.0229072    -0.158071
   -0.148695    -0.115475   -0.0103441      0.12082
 -0.00291561    0.0543667    -0.016331   -0.0787102
   0.0341647  -0.00457986   -0.0840365   -0.0141423
  -0.0173199    0.0121898    0.0906893    -0.067137
 -0.00223699    0.0788453   -0.0661318   -0.0222747
   0.0420114   -0.0154869    0.0402989    0.0286917
  -0.0672207   -0.0237071    0.0306334     0.021012
  -0.0601218   -0.0183634    0.0156482   -0.0199021
   0.0593622    0.0341334   -0.0517935    0.0485194
   0.0431487   -0.0042552    0.0138524    0.0507818
  -0.0743175   -0.0253547  -0.00936978   -0.0165092
  -0.0153169   -0.0580504    0.0274611    0.0349924
  -0.0925026     -0.10574    0.0289014    0.0623618
   0.0454668    0.0320559   -0.0702274 -0.000377971
   0.0247561    0.0970697    0.0512624  -0.00163264
 -0.00973722    0.0284613    0.0371483    0.0178462
  -0.0147203   -0.0139011   -0.0463438    0.0773658
   0.0257269    0.0759607    0.0444725   -0.0901505
    -0.04723   -0.0213646   -0.0154172   0.00290057
  -0.0524928   -0.0358535   -0.0578767    0.0904756
  -0.0856653   -0.0592742   0.00947938    0.0182441
    0.128707    0.0960808   -0.0512963   -0.0185302
    0.029074   -0.0722148   -0.0506278    0.0549142
   0.0482798     0.048511   -0.0116408    0.0149244
   0.0528639    0.0730484   -0.0735221   -0.0736511
   0.0201269   -0.0192246   -0.0370326   -0.0333376
   0.0278123   -0.0516279  -0.00176183   -0.0386448
   0.0746206    0.0538728    -0.099392    0.0996949
   0.0274696    -0.089681  -0.00103778    0.0414666
   -0.110653   -0.0530626  -0.00563049     0.059203
   0.0549772     0.178986     -0.14225  -0.00634343
   0.0763639    0.0555616   -0.0140426  -0.00392279
  -0.0278239   -0.0737472     0.114164    0.0118665
   -0.118514   -0.0165694   -0.0412489  -0.00379922
  -0.0818967    0.0216068   -0.0468301    0.0971167
  -0.0197494    -0.110673   0.00964006    0.0189917
   -0.103267    0.0736022   -0.0235978     0.124634
  -0.0827802    -0.100485   -0.0270335   0.00687162
  -0.0477529   -0.0442036    0.0211223    0.0871828
  -0.0350096    0.0521794   -0.0508087    0.0298716
   0.0464654    -0.053179    0.0304374  -0.00886282
   0.0327735   -0.0929563  -0.00498644   -0.0401613
   0.0631176     0.185645    -0.077554     0.024963
   -0.107928   -0.0468444   -0.0140791   0.00878844
  -0.0186723    0.0712589   -0.0697417    0.0470551
  -0.0980927   -0.0760541    -0.024004    0.0445678
   -0.053777    0.0296152   -0.0341753    -0.039909
   -0.011131    0.0446253  -0.00769348   -0.0926914
   -0.033813   -0.0342115   -0.0178938    0.0914209
   0.0200462   -0.0587732   0.00600188   -0.0292877
   0.0548445     0.149843   -0.0502699   -0.0258938
  -0.0669333    -0.074312    0.0763923    0.0372392
  0.00458155  -0.00580571   -0.0195086    0.0614818
  -0.0117664   -0.0835651   0.00648042   -0.0180937
  -0.0364646  -0.00903861   -0.0373184   -0.0251403
 0.000154824   -0.0253351    0.0321321  -0.00338546
 0.000568615    0.0400545   -0.0173024 -0.000171353
  -0.0406337     0.189826   -0.0268313     0.139801
   0.0475692  -0.00252041    0.0201474   -0.0747836
   0.0734552   0.00961409    0.0259926   -0.0739868
  -0.0138686    0.0257749   -0.0666217    0.0388748
    0.151053     0.100666    0.0409592   -0.0616152
   0.0428994  -0.00232228    -0.051109   0.00810289
   -0.032814    0.0219507   -0.0427647    0.0579951
  -0.0283586   -0.0380533   -0.0192881    0.0315594
   0.0410658   0.00421514    0.0221324    0.0408327
  -0.0139325   -0.0294281   -0.0668901    0.0425431
  0.00080644    0.0311595    0.0772885   -0.0767706
   -0.135257    -0.122788    0.0185556     0.109666
  -0.0460753     0.119392  -0.00184669    0.0662025
  -0.0292349    0.0308693   -0.0379955    -0.064101
  -0.0716959   -0.0222584   -0.0267003   -0.0141168
   -0.079682    0.0826253   -0.0640961    0.0214747
  -0.0497214   -0.0828287    0.0102435   0.00213286
   -0.043576   -0.0435242    0.0107556    0.0202428
  -0.0197982   -0.0227799  -0.00535058   0.00849137
  -0.0657418    0.0223048   -0.0730778    0.0806088
   0.0276056   -0.0127209   -0.0114923    0.0123988
   0.0412044   -0.0778836  -0.00543916   -0.0034367
   0.0644329    0.0600598  -0.00745568   -0.0129764
  -0.0082998      0.05393   0.00835467    0.0841977
  -0.0367774   -0.0480399    0.0420808    0.0542581
  -0.0582897    -0.134759    0.0718233   -0.0363552
  -0.0804565   -0.0125006    -0.045821     0.160698
   0.0671559    0.0636896   -0.0932102    0.0992157
    0.114807     0.118698    0.0185665  -0.00152273
   0.0276572    0.0301502     0.038057    0.0351391
   0.0259127    0.0523608    0.0238457    -0.105788
   0.0223565  -0.00520104 -0.000188364    0.0927861
  -0.0342472   -0.0538205    0.0407373    0.0507841
  -0.0323035  -0.00520964   0.00881086   -0.0315665
  -0.0480811     0.147348    -0.127404    0.0275564
   -0.077946   0.00654388   0.00128085    0.0147493
   0.0342458     0.087926  -0.00921914   -0.0321098
   0.0233909   -0.0437625  -0.00397565  -0.00918836
   -0.194242    -0.148855    0.0270559     0.176444
   0.0412957   0.00760122    0.0324808   -0.0377306
   0.0366656     0.125139   -0.0613279   -0.0749388
   0.0752353   -0.0355809     0.051738   -0.0813898
  -0.0665468   -0.0925827    0.0531654  -0.00503893
  0.00322191  -0.00962717    0.0625719    0.0229951
  -0.0950491    0.0588992   0.00213385    0.0465943
  -0.0879411    0.0233247    0.0632348    0.0841098
   0.0394983    0.0229254    0.0296251   -0.0505417
   -0.087494    0.0600797    -0.041044     0.113164
  0.00312263    -0.016464   -0.0151264   -0.0789319
 -0.00368198    0.0040686    0.0181518   -0.0164153
  -0.0199981     -0.06961   0.00384517    0.0284964
   0.0900398    0.0937773   -0.0361385   -0.0825057
  -0.0456129    0.0453526    0.0187449      0.10314
  -0.0911763    0.0158542    -0.024214    0.0312549
    0.092877     0.136121   -0.0990684   -0.0846684
   0.0303383    0.0868371  -0.00877947    0.0484109
   0.0472916   -0.0819792    0.0569148   -0.0423038
   0.0232594   -0.0522213   0.00621549    0.0495803
  -0.0149125    -0.145483    0.0947074   0.00769357
   -0.197885   -0.0200712   0.00791342       0.1404
  -0.0370667   0.00182231   -0.0168259     0.029514
  -0.0815401    0.0180945 -0.000488182    0.0507414
   0.0606649    0.0473678    0.0222924   -0.0173177
  -0.0181441    0.0763839    0.0386715   0.00529635
  -0.0127808   -0.0050361   -0.0119437   -0.0143135
   0.0510583    0.0505712    0.0226842   -0.0146173
   0.0438459    -0.023303    0.0161013    0.0325837
  -0.0233973    0.0998412   -0.0860097    0.0471983
   -0.112772     0.120862    -0.105386    0.0310893
  -0.0951537   -0.0634612   -0.0407054     0.147787
    0.102764     0.101945   -0.0383845   -0.0613027
  -0.0228284   -0.0338698    0.0199794   -0.0241058
   0.0832663   -0.0343639    0.0630598   -0.0800896
   0.0227298    0.0595619   -0.0638224   0.00526341
 -0.00747161    0.0338821   -0.0290348    0.0543898
  -0.0253692    0.0893291   0.00875779   0.00798175
   -0.098449   -0.0184359   -0.0624178    0.0770043
   0.0458828     0.227402    -0.110406     0.145688
   0.0030262   -0.0712998    0.0504515   -0.0278528
   -0.104652    0.0298134   -0.0236837    0.0287345
  -0.0202606   -0.0129812    0.0289838   0.00344157
    0.119689     0.117054  -0.00569268   -0.0634544
  0.00534795   -0.0729904     0.047987   0.00288691
    0.114909    0.0794901  -0.00808706   -0.0900335
   0.0618583     0.150489   -0.0536392   -0.0829174
     0.05951    0.0490112   -0.0114761  0.000721101
  -0.0106643   -0.0368415   -0.0248749    0.0245253
   0.0991938    0.0418394   -0.0194467  -0.00467204
  -0.0150544    0.0422655    0.0089261   -0.0162917
  -0.0544051   -0.0411113    0.0491828   0.00631576
  -0.0175456    0.0183985  -0.00228255    0.0510693
  -0.0197524    0.0282001   -0.0620147   -0.0223257
   -0.115381   0.00612247  -0.00611887     0.156691
   0.0688195     0.102185    -0.103078  0.000625285
   0.0715004     0.041942    0.0500404    0.0277866
   0.0218332    0.0490322    0.0362577   -0.0377831
    0.021906    0.0334114    -0.063963    0.0188227
   0.0313137   -0.0282201    0.0021692   0.00820073
   -0.125021     -0.13773     0.126787    0.0516842
  -0.0664979    0.0480394   -0.0624817    0.0782646
  -0.0996427  -0.00560549   0.00508362    0.0223072
 -0.00278815   -0.0082802   -0.0265334   -0.0309859
   0.0202227  0.000302246   -0.0042524     0.026399
  -0.0738877   -0.0301063    0.0393289   -0.0111189
  -0.0851886    -0.120869   -0.0110261    0.0491293
  0.00415952    0.0467531    0.0528042    0.0939474
  -0.0123138    0.0558567    0.0782299    0.0726828
   -0.032303   -0.0316075    0.0151509 -0.000441931
   0.0517931   0.00450745   -0.0293329   -0.0261132
  -0.0572565   -0.0303618    0.0689278    0.0671278
   0.0165311    0.0690751   -0.0297918   -0.0549802
  -0.0166507   -0.0292986    0.0828461    0.0941352
   0.0562051     -0.01384   0.00946357   -0.0715648
  -0.0936704    0.0839468   -0.0362327    0.0712359
   -0.101302    -0.188778    0.0577345     0.111208
   0.0276446    0.0899533   -0.0397634    0.0708898
  -0.0615643   -0.0800327     0.077191    0.0571866
 -0.00964494  -0.00280961    0.0344549    0.0868992
  -0.0356289   -0.0612944    0.0379026  -0.00528146
  0.00313988    0.0326724   -0.0184656    0.0873156
  -0.0432357    0.0963794   -0.0204438   -0.0296495
   -0.033143    0.0559844   0.00367434    0.0346724
  -0.0753498    -0.093254    0.0173078    0.0781067
  -0.0190689   0.00740381   -0.0150621    0.0579413
   0.0485852  -0.00478454    0.0177967    0.0121759
    0.040564    0.0562493   -0.0136373  -0.00945905
   -0.132032  -0.00143517   -0.0122033   -0.0117244
  -0.0176051    0.0519073    0.0334785   0.00531973
   0.0477658     0.135308   -0.0293541    -0.117247
    0.115192     0.142866    -0.137226     -0.12667
  0.00840974   0.00830261    -0.069457    0.0699815
  -0.0651087    0.0120547   -0.0479003   0.00567987
   -0.085049   -0.0274473   0.00536655    0.0246905
    0.016802   -0.0240962   -0.0260516    0.0347018
   -0.122292    -0.154524    0.0732703    0.0501177
   0.0237217    0.0614511    0.0294367   -0.0356009
  -0.0196291   -0.0179841     0.013979   -0.0131902
  -0.0646015    0.0788422   -0.0102978    0.0803028
-0.000138727   -0.0767019    0.0976447    0.0393766
   0.0387099  -0.00731441    0.0109341    0.0722157
   0.0430683   -0.0499682    0.0102429    -0.033156
   0.0325872   -0.0599411   -0.0354396    0.0867929
  -0.0125984   -0.0682456    0.0173458    0.0469205
  -0.0192697   -0.0283563   -0.0710095   -0.0414211
  -0.0848776    0.0609858    0.0160745    0.0483827
  0.00216706     0.137519   -0.0967618   -0.0428778
  -0.0174942    0.0581707   -0.0643177   -0.0500885
  -0.0017841    0.0350008    -0.040112    0.0361841
  -0.0387562   -0.0175323  -0.00235502    0.0036945
   0.0405724   -0.0539697   0.00488144   0.00272178
  -0.0497799   -0.0346457    0.0469167    0.0638024
  -0.0605439   -0.0662412     0.038752   0.00393975
  -0.0515708    0.0287079   -0.0270648    0.0115209
   0.0202581    0.0304977   -0.0463104    0.0703875
  -0.0050368   -0.0782801    0.0750268   -0.0452288
  -0.0192361  -0.00314299   -0.0244409    0.0258662
   0.0781122     0.040069   0.00760944   -0.0505906
  -0.0583351   -0.0493043   -0.0101941   -0.0269472
  -0.0773857    0.0142429    -0.048227    0.0808709
    0.060986    0.0351386    0.0115264   -0.0295506
   -0.028983    -0.033322   -0.0169532    0.0453521
  -0.0318324    0.0854397   -0.0965321   0.00488287
  -0.0966336    0.0167744    0.0144159    0.0461424
    0.011286   -0.0476762    0.0156378    0.0279826
  -0.0337225   -0.0110447    0.0091934   -0.0220281
  -0.0912199     0.014843    -0.038124    0.0301371
  -0.0416912   -0.0199545    0.0215771    0.0760498
   0.0688885   -0.0876113   0.00489714    -0.079308
   -0.010524    0.0455867   -0.0365756   -0.0188547
  -0.0863533   -0.0240405    0.0515377    0.0530707
   0.0526184    0.0324485   0.00480148     0.034101
  -0.0800668   -0.0210939   -0.0895784    0.0149368
  -0.0397845    -0.051357  -0.00837112   -0.0194872
  0.00959421   -0.0384692   -0.0341356   -0.0117832
  -0.0252626   -0.0700075   -0.0437576     0.116748
  -0.0445493    -0.127877    0.0882472    0.0297523
   0.0145762    0.0217133  -0.00609374   -0.0403366
 -0.00902717    0.0348459    -0.015644  -0.00932639
  -0.0330767   -0.0302695   0.00347119   -0.0143225
  -0.0506002    0.0486946   -0.0418751   -0.0141967
   -0.178473    -0.114325     0.063632    0.0761164
  -0.0430515    -0.191971    0.0560093   0.00990791
  -0.0394084    -0.122443     0.092991    0.0540989
  -0.0419219    0.0577906   -0.0619201    0.0757911
  -0.0239286   -0.0257098   0.00993693      0.11655
   -0.083666    -0.026512    0.0307766    0.0725309
   0.0859022  -0.00672933  -0.00214564    -0.125538
 -0.00046001     0.144934   -0.0838418   -0.0832563
   -0.136943   -0.0456576    0.0666683     0.186492
  -0.0432144    0.0547663    -0.109142     0.165772
  -0.0129087    0.0886896   -0.0217902   -0.0396329
   0.0816686    -0.057269  -0.00365592    0.0131997
   0.0834866     0.032182  -0.00514832   -0.0151465
   -0.115432   -0.0244666    0.0168421    0.0702876
    0.046667    0.0536161    0.0375148    0.0256152
   0.0233457    -0.109803  -0.00132476   -0.0253283
 -0.00927331    0.0524953    0.0284051   -0.0666153
  -0.0272709     0.032129   -0.0192889   -0.0750616
   0.0902867    0.0888083   -0.0522927   0.00116735
  -0.0495371  -0.00446786   -0.0223757   -0.0412537
  -0.0499272   -0.0182532   -0.0374374    0.0687899
  0.00161816     0.131084  -0.00612655    0.0213628
  -0.0778217    0.0170859  -0.00318229    0.0317438
   0.0554662    0.0301613   -0.0279964    0.0289243
  0.00483672     0.116703     -0.06299   -0.0735999
   0.0265809    0.0330006  -0.00189904    -0.063159
  -0.0478652    0.0400062  -0.00675316   0.00226222
   -0.113228   -0.0800018    0.0243483    0.0265413
   0.0140893   -0.0213767    0.0432805    0.0844558
  -0.0423025    0.0746126    0.0386854   -0.0545274
  -0.0249707   -0.0799913     0.036796  -0.00877095
  -0.0624832    -0.107673     0.057589     0.110555
 -0.00276287   -0.0699241   -0.0700815    0.0401613
   0.0645248    0.0531193   0.00778131   -0.0351223
   -0.116866   -0.0411737   0.00587389   0.00113547
  0.00509709   -0.0148842     0.022221   -0.0568604
  -0.0986627   -0.0621269   -0.0487315    0.0560009
  -0.0317383    0.0638096    0.0504048   -0.0568506
   0.0096137   -0.0812676    0.0820587   -0.0421454
  -0.0698442   -0.0131537  -0.00767394    0.0735222
    0.118384   -0.0312499   -0.0341133   -0.0518436
    0.115515      0.15082   -0.0830554   -0.0742529
    0.050817    0.0981607   -0.0142341   -0.0191922
   0.0585671     0.171908   -0.0236254    0.0462062
   0.0635349     0.116342   -0.0837153   -0.0291977
  -0.0867507    -0.101061    0.0130474    0.0363692