   0.0811317   -0.0435225    -0.010287    -0.007556
  -0.0608884   0.00851027   -0.0502377   -0.0698495
   0.0104508    0.0360011     0.074552    0.0672081
  -0.0876126    0.0225501   -0.0805432    0.0209597
   0.0321236     0.042334   -0.0139437     0.013378
   0.0661848    0.0179272    0.0549115   0.00490998
   0.0178788   -0.0735225    0.0755398    0.0593724
   -0.133079   -0.0428752    -0.129519   -0.0360155
   -0.182936    0.0181043    0.0365765     0.027276
   -0.106391   0.00322517    -0.131199    0.0414889
  -0.0372174    0.0695965     0.019511   -0.0218603
  -0.0971018  -0.00919994   0.00739182    0.0318173
   0.0451523    0.0260985   -0.0210037   -0.0349563
  -0.0724509   -0.0112699    0.0880573    0.0112764
  -0.0316499   -0.0593812    0.0486063  -0.00205221
  -0.0141978    -0.069531   -0.0875288    0.0380427
   0.0690125   -0.0112011    0.0263378  -0.00512243
   0.0819365    0.0317374   -0.0369923    0.0249186
   0.0513898   -0.0126115    0.0925217   -0.0239398
  -0.0521756   -0.0357379    -0.137075    0.0118706
  -0.0290507   -0.0176328   -0.0384191    0.0652676
  -0.0318815   -0.0623056   0.00638418  -0.00263026
  -0.0634832    -0.023133   -0.0798881   -0.0376284
    0.127547    -0.081354      0.21736    0.0916769
    0.108532   0.00651904     0.016708   -0.0146561
   0.0123148    0.0028343    0.0591773    0.0183699
   0.0701783   -0.0701964    0.0586146   -0.0143063
   -0.108472   -0.0135748    0.0302497    0.0245289
  0.00439498   0.00628562  -0.00709307   -0.0499995
  -0.0309928    0.0121957    0.0239569   -0.0262115
  -0.0271089   -0.0291377   -0.0603451  -0.00102869
 -0.00744105   -0.0342566   -0.0268628    0.0227093
   0.0689004   -0.0369893    0.0501871   -0.0142177
  -0.0369551   -0.0329661     0.112645  -0.00923666
  0.00222764   -0.0473452    0.0843541  -0.00602544
   0.0157576   -0.0452274   -0.0395162    0.0715045
  -0.0756217   -0.0674262    0.0400367    0.0275817
   0.0545436   -0.0301463    0.0540541    0.0919578
  0.00971162   -0.0293512   -0.0961437   -0.0555827
  -0.0113155    0.0411327    0.0462898    0.0564446
   0.0211063   -0.0568357     0.118479    0.0338702
   0.0330975   -0.0432503    0.0285557    0.0109782
  -0.0413682   -0.0371709    0.0867502    0.0291185
  -0.0600316   -0.0113366   0.00299782    0.0690941
  0.00647134  -0.00229465   -0.0961686    -0.077185
   0.0558762  -0.00740484   -0.0602722    0.0541901
  -0.0452818    0.0278487   -0.0387165     0.042482
   0.0116549    0.0633846   -0.0652272   -0.0121867
   -0.120546   -0.0484668   -0.0370673    0.0225538
   0.0173033  -0.00889671     0.058257    0.0614793
  -0.0560391   -0.0720889   -0.0216097   -0.0213866
  -0.0874775    0.0287739    -0.132695    0.0141297
   -0.020318    0.0171044   -0.0662278   -0.0228293
   0.0489719   -0.0341225  -0.00184433    0.0208137
   0.0499023 -0.000424084     0.123838    0.0275306
  -0.0755465   -0.0650451     0.138733    0.0321131
   0.0773972   -0.0557407    -0.124966  -0.00515723
   -0.145712  -0.00906593      0.13072    0.0691318
   -0.014396   -0.0342065     0.137052    0.0320289
   0.0662961   -0.0248037   -0.0234526  -0.00849006
  -0.0371143   -0.0128555   0.00223968   -0.0379248
  -0.0154452   -0.0441903    0.0221486   -0.0162998
  0.00760388   -0.0560392    0.0162175   -0.0443481
  0.00817537  -0.00790234     0.121388    0.0277636
  -0.0327536   -0.0104083    0.0514696     0.009545
  -0.0436018   -0.0466423   0.00279994   -0.0358141
   0.0599846    0.0485066  -0.00235061   -0.0220762
   -0.159137     0.029374   -0.0658966   -0.0805553
    0.108491   0.00638049    0.0167591  -0.00249933
   0.0322709   -0.0503504    0.0275561    0.0127743
  -0.0523702   0.00790767    0.0464445     -0.07383
  -0.0312175    0.0250692    -0.101203    0.0384766
   0.0394113    -0.036199   -0.0539282   -0.0693178
  -0.0425673    0.0530285    0.0644582     0.041883
  -0.0128335    0.0213529   -0.0120666    0.0520017
   0.0026881   0.00251336     0.072835  -0.00702449
  -0.0175043  -0.00757593     0.121124    0.0496528
   0.0900853   -0.0410152    0.0466134    0.0350544
   -0.131883   -0.0293956    0.0247642    0.0645985
  -0.0515412    0.0295289    0.0579241   -0.0323796
   0.0360168    0.0119278   -0.0609157    0.0246279
  -0.0362251  -0.00137855    0.0183923   0.00314719
    0.242153   -0.0183688    -0.104272   -0.0301385
  -0.0704551  -0.00244793    -0.066831    0.0424509
  -0.0452121    0.0237474    0.0731042   -0.0440365
   0.0485974   -0.0672681   -0.0448292     0.044199
   -0.115753    0.0102555   -0.0598549    -0.017184
  -0.0152815     0.001142    0.0227169    0.0281342
    0.137291    0.0083709     0.107448    0.0553458
  -0.0499302   -0.0332828   -0.0146993  -0.00467418
   0.0495948    -0.028331    -0.044173   -0.0321631
  0.00736323   -0.0714797  0.000277713    0.0790084
   0.0110118    0.0151624   -0.0857046   -0.0992163
   -0.059064   -0.0304173    -0.059553   -0.0315616
  -0.0645866   0.00352543    0.0462241   0.00602581
  -0.0296496    0.0104664   0.00455111    0.0555316
   0.0266815  0.000935471   -0.0740534   -0.0186835
   -0.112272    0.0195556    0.0329056    0.0321146
   0.0437779   -0.0090555   -0.0779647    0.0599158
  -0.0174251   -0.0420804    0.0274553     0.034598
  -0.0104217      0.02672   -0.0633923   -0.0455578
   0.0532027   -0.0553176   -0.0824034    0.0575985
  -0.0678488  -0.00142704   -0.0775772    0.0168959
  -0.0373098    0.0621694    0.0555169   -0.0354099
   0.0325277   -0.0638712    0.0118336    0.0482141
   0.0471292    0.0096093    -0.012593    0.0189552
   -0.122573  -0.00910159   -0.0565761  -0.00999493
   0.0628093   0.00954068   -0.0525456   -0.0109906
   0.0564338    -0.055527    0.0994402    -0.013704
  -0.0368524   -0.0687054     0.032981   -0.0185051
   0.0189034   -0.0336417    0.0182587    0.0373799
    0.182084 -0.000832524    0.0215009     0.032782
   0.0558204   -0.0208482    0.0343194    0.0722247
  -0.0271615    0.0384157    0.0600616     0.060138
   0.0249114    -0.038005   -0.0995382  -0.00198173
   -0.194834    -0.045727  -0.00837075    0.0567306
   0.0220245    0.0498652  -0.00329569    0.0150634
  -0.0634401    0.0123867    0.0228871    0.0570052
  0.00911505   -0.0233656     0.039592  -0.00945775
    0.039188   0.00345115  -0.00392097    0.0156585
   -0.159299    0.0480908   -0.0314148    0.0263247
  -0.0217306    0.0286086    0.0455023  -0.00993757
  -0.0208521    0.0155161   -0.0523402   -0.0373054
     0.09455   -0.0424532   -0.0440307    0.0144343
   0.0257614    0.0249888    0.0335396    0.0509638
  0.00570911   -0.0173117    0.0119228    0.0678074
   -0.149194   -0.0392551   -0.0415111   -0.0368932
   -0.012568   -0.0215242    0.0217515    0.0316806
   0.0882376   -0.0236356   0.00202418    0.0295646
  -0.0706968  -0.00705347    0.0211775     -0.03832
  -0.0903952    0.0271074    0.0316002   -0.0303195
   0.0658474    0.0256092     0.103951    0.0555623
   -0.167335    0.0469091     0.037966    0.0296219
 -0.00356563    0.0493742    0.0287532    0.0572716
    0.011898    0.0039096    0.0729393   -0.0244123
  -0.0195988    0.0207234   -0.0499473    0.0198657
    0.166121    0.0372404    0.0263129   -0.0112497
  -0.0120058    -0.026692    0.0107424    0.0223605
   -0.087833   -0.0369575   -0.0136796   -0.0336855
   -0.104163    0.0281064    0.0324918   -0.0160677
 -0.00945817   -0.0292939     0.167837      0.12069
   0.0591018  -0.00635033   -0.0322467    0.0463519
  -0.0190277   -0.0358312    0.0195797   0.00125761
  -0.0586922    0.0489759  -0.00425391    0.0125303
   0.0814044    0.0189478     -0.06026    0.0352569
   0.0115415   0.00638816    -0.106611   -0.0660227
  -0.0618975   -0.0218252   -0.0766481     0.016017
   0.0630467   -0.0189194    0.0877092     0.017724
   0.0343615   -0.0677436    0.0948104    0.0614986
   0.0669812 -0.000793844   -0.0690316   -0.0499171
 -0.00598757    0.0640326   -0.0550324   -0.0494769
   0.0765049   -0.0638518    0.0752542   0.00179113
   0.0561451    -0.043957    0.0372171    0.0331838
   0.0322918   -0.0340047    0.0273436    0.0358429
  -0.0499986   -0.0490391   -0.0361296     0.055157
   -0.034645    0.0292339    0.0325878    0.0121899
   0.0170454    0.0470347     0.037882  -0.00946521
  -0.0532744   -0.0122944     0.012366   -0.0411181
   0.0973365   -0.0172309    0.0178158    0.0570573
   0.0208572    -0.091657    0.0418802   -0.0230185
    0.067817   -0.0535357   -0.0146951   -0.0134574
  -0.0977436   -0.0520887     0.107415    0.0679667
 -0.00307825    0.0452653    -0.126744    0.0233734
    0.115264   0.00787679     0.185055 -0.000550215
    0.095954   -0.0216448   0.00249801    0.0415126
  -0.0568329    0.0222429     0.087224    0.0712028
  0.00860568   0.00565984    0.0570421    0.0711152
   0.0155076    0.0429039   -0.0376159   -0.0537967
 -0.00758386  -0.00539829   -0.0415856   -0.0335416
    -0.14496   -0.0936883     0.107421   -0.0316316
   -0.114945 -0.000197083    0.0460331     0.022087
  -0.0439375    0.0616092    -0.162591   -0.0754241
   0.0122997    0.0433192  0.000160725    0.0576101
  -0.0904721    -0.078123    0.0368235  -0.00953243
  -0.0372665     0.051105   0.00421149    0.0487462
  -0.0189938   -0.0146165   -0.0327858    0.0055982
   0.0195868  -0.00341891   -0.0515055   -0.0433094
   -0.080405   -0.0698633  -0.00440274    0.0186607
   0.0396361    0.0361636     0.076784   -0.0471605
   0.0456414    0.0544966   -0.0312735   -0.0384005
   0.0127581  -0.00479093    0.0346723   0.00861574
   0.0492434   0.00193568   -0.0537062   -0.0122403
   0.0602842    0.0634111    0.0162373    0.0390892
  -0.0550424   0.00541286     0.140926  -0.00959108
   0.0161167   -0.0381114    0.0850782    0.0543759
  -0.0192977   -0.0265081    0.0509404    0.0254491
  -0.0267785   -0.0236743    0.0553774    0.0583782
  -0.0123785   -0.0533994   -0.0751965    -0.038366
   -0.013449    0.0348737   -0.0340524    0.0426576
   -0.184561   -0.0565587   -0.0743034   -0.0287174
   0.0971449   -0.0409515   -0.0207471   -0.0429668
  0.00159244   -0.0592792     0.116312   -0.0349675
   0.0153506   -0.0368417     0.073359    0.0361837
    0.053121   -0.0346201     0.108799   -0.0125818
     0.11086   -0.0927253  -0.00952336  0.000133554
  -0.0355357    0.0055933    0.0843451    0.0108363
  -0.0232007   -0.0340707   -0.0142232    0.0529007
   0.0203376     0.014165    0.0380979   0.00954668
  -0.0605339    0.0186684    -0.183597   -0.0853193
   -0.134196    0.0132628    0.0504939   -0.0241834
   0.0238439    0.0378442    0.0586774   -0.0230273
  -0.0382956   -0.0257127   -0.0665595    0.0459111
   -0.107782  -0.00844103   -0.0183983  -0.00660661
   0.0760721    0.0406286   0.00957701   -0.0574042
   0.0552736   -0.0141664    0.0244747   -0.0200157
  -0.0113536    -0.057789   -0.0819296   -0.0366508
 -0.00821874   -0.0330205    0.0782471    0.0547307
  -0.0323108   -0.0816256   -0.0178502  -0.00088834
   -0.161644   -0.0463956   -0.0179889    0.0658247
  -0.0419898   -0.0610748   -0.0761654   -0.0587455
   0.0285194    0.0210939  1.92661e-05    0.0411618
 -0.00747061    0.0182408    0.0148395    0.0239496
    0.111241    0.0108305     0.106759  -0.00713077
   0.0272424    0.0360376    0.0307633   -0.0191342
  -0.0377444   -0.0299211   -0.0747526    0.0372787
  -0.0587766   -0.0407835     0.112986    0.0783233
   0.0169616   -0.0338176   -0.0268081   -0.0441044
   0.0469743     0.105156   -0.0497404   -0.0248069
   0.0179169  -0.00859896    -0.108308   -0.0354988
   0.0414896   -0.0769835   -0.0949963    0.0338107
   0.0799937   -0.0495718    0.0360568    0.0689287
 -0.00414861    0.0355289   -0.0415071   -0.0369157
   0.0304141   -0.0622584   -0.0452548   -0.0447649
   0.0477293   0.00802375     0.047889  -0.00826326
  0.00656188   -0.0460274   -0.0548618    -0.015121
 -0.00798831   -0.0626166    -0.035223    0.0100068
 -0.00723691   -0.0241651    -0.158533   -0.0119394
    0.030553   -0.0379843     0.063858   -0.0200672
    0.105455   -0.0236939     0.083388    0.0690556
   -0.137648    0.0597854     0.113476    0.0632334
  -0.0993831    0.0342963  -0.00208025    0.0108421
   -0.013375    0.0167724   -0.0115099   -0.0663801
   0.0281298   -0.0293019   -0.0520835    0.0147284
   0.0293934   -0.0632043    0.0211902   -0.0400793
    0.139132   -0.0326585   -0.0665684   -0.0387062
 -0.00887185    0.0468399    0.0427532     0.025718
 -0.00230222   -0.0534796    0.0758221    0.0211629
  -0.0706086    0.0104883    -0.147414   -0.0603526
   0.0448013    0.0490517    -0.042055   -0.0528441
  -0.0688134   -0.0373255   -0.0522472 -0.000699953
 -0.00535372  -0.00516053    0.0298462   -0.0126849
 -0.00568533    0.0332131   -0.0427331     0.042617
  -0.0685229   -0.0363031   -0.0170587    0.0310224
   0.0889259  -0.00405657    0.0460074    0.0110959
   0.0412827    0.0160421    -0.184675    -0.048565
  -0.0908879   -0.0361489   -0.0391236    0.0333006
  -0.0262639    0.0428819   -0.0379529  -0.00544978
   -0.044105   -0.0226732   0.00520891     0.010683
  -0.0550306   -0.0186533  -0.00792438   -0.0427858
   0.0227859   -0.0145021   -0.0194499    0.0371507
    -0.10968  -0.00716555    0.0629683    -0.033739
   0.0837623    0.0177927    0.0170175   -0.0477476
 -0.00927379   -0.0285507     0.182546    0.0658057
  -0.0949474 -0.000270674   -0.0196228   -0.0149433
  -0.0121172    0.0467922   -0.0285819    0.0256509
  -0.0864855   -0.0188738   -0.0651701   -0.0252317
  -0.0791539    0.0228743    0.0576049    0.0488022
   -0.122148    -0.046613   -0.0574715   -0.0440146
 0.000759014  -0.00387062  -0.00102092    0.0146786
  -0.0874858   0.00647579    0.0207139    0.0232065
    0.037394   -0.0578741    0.0233688    0.0405637
  -0.0224653  -0.00680454   -0.0282762   -0.0388296
  -0.0811731   -0.0426545    -0.110956   0.00100974
   0.0197727    0.0023828    0.0145103     -0.02877
   -0.120283  -0.00614251   -0.0176024   -0.0267168
  -0.0143692   -0.0105241   -0.0433325   -0.0389968
  -0.0906666   -0.0254325   -0.0376847   -0.0536468
   -0.102859   0.00493056    0.0830533    0.0477198
   0.0576526   -0.0792254    0.0056873    -0.010452
  -0.0350327    -0.016008   -0.0748183   -0.0311224
  -0.0767567    0.0328705   -0.0166363   -0.0142501
  -0.0143176     0.016457  -0.00178498    0.0383431
  -0.0130001    0.0262721   -0.0293178   -0.0101351
  -0.0684117   -0.0483695    0.0277048   -0.0402557
   -0.114497   -0.0330963   -0.0909219    0.0560554
   -0.108407   -0.0197738    0.0345098    0.0106023
  -0.0121963    -0.024505   0.00608905     0.102505
   0.0582087   -0.0437933   -0.0612984   -0.0191477
  -0.0209164   -0.0628712   -0.0523266   -0.0566164
   0.0450287    0.0268307    0.0392502   -0.0302485
   -0.029238   0.00862585     0.077886    0.0751745
   0.0852398    0.0174053     0.125312    0.0139643
   0.0561852   -0.0445857    -0.097294   -0.0366758
  -0.0755184   -0.0821156   -0.0694167    0.0425467
 -0.00157597   -0.0226733    0.0507532    0.0612149
  0.00528066   -0.0276739  -0.00308152    0.0794573
  -0.0197132   -0.0245764    0.0621188   -0.0502934
    -0.10967   0.00364725    -0.143648   -0.0236056
   0.0665689  0.000509725  -0.00769824    0.0758557
  -0.0366823   -0.0624484    0.0878654    0.0634289
  -0.0447172    0.0501969    0.0110728  -0.00521887
   0.0171157    0.0155973   0.00671094    0.0290051
   -0.163737    0.0111643    -0.146518   -0.0960718
   0.0501488   -0.0518886   -0.0826993  0.000892956
  -0.0869564   -0.0201716     -0.10287    -0.066136
  -0.0168794   -0.0823202    -0.012485   0.00493952
  -0.0853423  -0.00232399    0.0246159    0.0350578
  -0.0456719    0.0202112     -0.05069  -0.00379356
   0.0552763    0.0231193    0.0877695  -0.00574494
  -0.0259588    0.0237788  -0.00664418   -0.0758473
   -0.148455    -0.060272   -0.0623482    0.0143057
   -0.246607  -0.00749473    0.0910108    0.0345891
   0.0643985    -0.013341   -0.0101311     0.022793
   0.0082637    0.0476428      0.15975   -0.0145837
   0.0314778  -0.00186998    0.0745205    0.0906345
   0.0343095   -0.0105423     0.037366    0.0915809
   0.0125038   -0.0417991       0.1404    0.0556586
  -0.0317399   -0.0375117    0.0313804    0.0545177
    0.100139   -0.0795541    0.0315597    -0.021752
  -0.0103045     0.015392    0.0392857    0.0294229
   0.0580185    0.0423835   -0.0392423   -0.0453163
 0.000440222    0.0391244   -0.0772953   -0.0792167
    0.174564   -0.0463004     0.139195   -0.0438816
  -0.0385957   -0.0386255    0.0117883    0.0416937
   -0.102635    0.0346711    0.0310084    0.0542186
   0.0285116    0.0323134   -0.0140714   -0.0697503
   -0.118995   -0.0111628   -0.0286998  -0.00506212
   0.0363831   -0.0188861   -0.0463197     0.051776
   0.0393906   -0.0813567   -0.0329118    0.0718399
   0.0117831    -0.076255    0.0712194   0.00700546
  -0.0919946   -0.0100835      0.11633    0.0338955
 -0.00888496    0.0473564    -0.096505   -0.0287709
   -0.046886    0.0217948   -0.0846524   -0.0352272
   0.0378427   -0.0753709    0.0954077    0.0599238
    -0.10398   -0.0543394   -0.0289871   -0.0423416
  -0.0284633   -0.0574248   -0.0986214   -0.0279404
    0.030152   -0.0444418   -0.0317532   -0.0453401
  -0.0539984  -0.00854957    0.0853708    0.0664554
   0.0949946   -0.0662696     0.070565    0.0123641
  -0.0105726    0.0289015   -0.0113722    0.0106027
   0.0688976    -0.026585    0.0062611    0.0620199
   -0.105272   -0.0691756    0.0240653   0.00463512
 0.000703641     0.031295  -0.00683917   -0.0410229
    0.063271    0.0230621   -0.0299783     0.036465
   0.0399484    -0.087377   0.00766754    0.0156353
    0.108816   -0.0234165    0.0889804   -0.0335493
  -0.0461614   0.00234462   -0.0135997   -0.0329995
  -0.0463003  -0.00282232  -0.00428572   -0.0676213
  -0.0301395    0.0248073    -0.117297   -0.0833449
   -0.046764   -0.0170247    0.0511468   0.00859733
  -0.0163594   -0.0824973   -0.0242841    0.0653803
   -0.104611    0.0264111    -0.043119   -0.0370713
    0.007327    0.0101755   -0.0805151   -0.0394973
  -0.0219723   -0.0251662   -0.0829231    0.0268191
  -0.0875298   0.00574136   -0.0241145    0.0616722
    0.157695    -0.025728    0.0614268   -0.0237619
  0.00417553   -0.0696921    -0.126538    0.0278257
     0.12353   -0.0111598   -0.0236678   -0.0554352
    0.140347   0.00425935   -0.0401471  -0.00290276
   0.0360941   -0.0710912    0.0664696    0.0613456
 -0.00405903    0.0114573    -0.109605    -0.024294
    0.154373    -0.023656   -0.0661052    0.0391577
   -0.102388    0.0409732   -0.0687577   -0.0415426
  -0.0813005   -0.0447358    0.0239308    0.0223619
  -0.0590418  -0.00618159    0.0407094    0.0101503
  -0.0299071   -0.0642615   -0.0801731   -0.0222853
    -0.04456    0.0329877    -0.153797    0.0032648
   0.0499713    0.0342455  -0.00397433    0.0173734
    0.139344    0.0209759    0.0634644   -0.0234399
  -0.0647436   0.00263001    -0.126572   -0.0585358
  0.00415889 -0.000246921     0.073437  -0.00270981
 -0.00121219   -0.0524244    0.0881508   -0.0290311
   0.0428797   -0.0126999    0.0730539    0.0749033
-0.000240046   0.00945247    0.0283067   -0.0132154
   -0.089091     0.040667   -0.0499947    0.0423227
     0.12971    0.0338591    0.0591123   -0.0513058
    0.034913   -0.0447846   -0.0125905    0.0259274
   0.0399772     0.012014   -0.0540643    0.0285612
  0.00106023   -0.0565292    0.0343824  -0.00393085
   0.0870961    0.0230506     -0.01468     0.030432
  -0.0238904   -0.0649788    -0.081656    -0.029632
   0.0293524   -0.0585813   -0.0722256   -0.0562576
  -0.0971139   -0.0278599     0.155922    0.0952474
 -0.00925447   -0.0128766    0.0370522     0.046584
   0.0253261    -0.032938    0.0384438    0.0401735
   -0.022044   -0.0181028    0.0126868    0.0324935
   0.0923287    0.0464015    0.0276799    0.0664627
    0.045156  -0.00636122    0.0274117    0.0561268
  -0.0361184   0.00312758    0.0774105    0.0292871
  0.00203074    0.0130161 -0.000848629   -0.0425125
    0.174959   -0.0136852   -0.0240249    0.0110734
   -0.169281    -0.018775    -0.153364   -0.0347485
   -0.102837   -0.0531519    -0.123702    0.0473716
   0.0224871   0.00571813   -0.0233335    0.0280986
   -0.126596   -0.0249801    0.0773564    0.0704084
  -0.0852451  -0.00755983    -0.140843   -0.0458531
   0.0187952  -0.00477094    0.0592279   -0.0568765
   0.0899189    0.0543996   -0.0099532    0.0417821
   0.0304831   -0.0234462     0.035936  -0.00950626
  -0.0087185  -0.00366103   -0.0604649    -0.073389
  0.00565962    0.0154929   -0.0710898    -0.050981
   0.0520942   -0.0772686  7.94409e-05    0.0193961
    0.140901  -0.00700654   0.00497293   -0.0223915
   0.0199193     0.055284    0.0554785   -0.0302645
  -0.0201406  -0.00453789   0.00670732    0.0529216
 -0.00384729   -0.0298745  -0.00751381    0.0461729
    0.178599   0.00989185    0.0646932    0.0182572
    0.122221    0.0254588    0.0285802  -0.00507777
  0.00473643   -0.0830409    0.0293634    0.0322801
    0.221437   0.00125663    0.0660537    0.0940633
   0.0655918   -0.0595687    0.0386945   -0.0181951
    0.104691   -0.0725103     0.116357   -0.0426002
  -0.0766152    0.0433073   -0.0893456   0.00761837
    0.019562    0.0130766    0.0530427   -0.0384487
   0.0272715    0.0212135   -0.0694997    0.0417791
  -0.0218365   -0.0155045   -0.0829678    0.0119033
    0.081895   -0.0650182    0.0439072    0.0192069
   0.0259571    -0.015531   0.00638857    0.0783185
  -0.0315467   0.00495079   0.00484429   0.00486402
   0.0011016    0.0234314    0.0683131   -0.0216169
  -0.0157607   -0.0699071     0.112291    0.0960737
    0.031692   -0.0262122    -0.098229    0.0454475
  -0.0424591    0.0296011   -0.0172774   0.00565378
  -0.0629454   -0.0311688   -0.0822797    0.0512434
    0.104912    0.0116856   -0.0487184    0.0251815
  -0.0092168   -0.0523704   -0.0720561   0.00858485
   -0.054312    0.0466957    0.0107526  -0.00323868
    0.109456    -0.019536   -0.0201921  0.000452481
   -0.119488   -0.0540319   -0.0481255   -0.0324135
  -0.0786864   -0.0552506    0.0447545    0.0634165
  -0.0843841   -0.0136267    0.0259451    0.0684595
  -0.0735082  -0.00583463    0.0608652    0.0260716
 -0.00207193   -0.0475282   -0.0824953  -0.00854735
  -0.0230022   -0.0407733   -0.0677237    0.0472111
   -0.093556    0.0362283   -0.0528242  -0.00712789
 -0.00979909    0.0474547      0.14235    0.0103581
   0.0119596    0.0183927  0.000292432    0.0279966
    0.140849    -0.047422   -0.0626075   -0.0478255
   0.0363597  -0.00535026    0.0214731    0.0430282
   -0.013311   0.00545836   -0.0284623  -0.00328498
   0.0673056    0.0447233    0.0448081    0.0543449
   0.0698117    0.0372616    0.0726945   -0.0126473
   0.0145426    0.0345493    -0.121841   -0.0129462
  -0.0211944    0.0322429    -0.101318    0.0159255
   0.0766501    0.0255172   -0.0114642   -0.0695263
  -0.0331948  -0.00178155    0.0188006   -0.0333569
    0.044858    0.0412907    0.0512612    0.0106186
    -0.14027    0.0245693     -0.18906    0.0136123
    0.116939     0.046141   -0.0330119   -0.0347497
  -0.0643555   -0.0315973    0.0349523    0.0988101
   -0.152009   -0.0256697    0.0251896   -0.0513617
   -0.016409   -0.0173193  -0.00729475   -0.0568138
   0.0624869    0.0176527   -0.0462593    0.0572382
 -0.00563577   -0.0171014   -0.0687117   -0.0160988
   0.0166835  -0.00379857   -0.0332756   -0.0261844
   0.0277644   -0.0060697    0.0392053    0.0318097
   0.0125979    0.0169396   -0.0144279    0.0657074
  -0.0111119   -0.0340915    0.0398495     0.037743
  -0.0811258     0.023364   -0.0101314   -0.0443795
  0.00302259    0.0484059    0.0261028   -0.0518193
   -0.039103    0.0458176   -0.0546567   -0.0227874
    -0.12062   -0.0516787     0.146343   -0.0244762
 -0.00817112   0.00199064   -0.0316526    0.0182868
   0.0115636     0.055329    0.0279991     0.071912
   -0.118981   -0.0082744    0.0179264    0.0848708
  -0.0989848   -0.0105573   -0.0267437   -0.0525691
   0.0363727    0.0463963    0.0424288  -0.00574175
   -0.062894   -0.0446326    0.0488818   0.00323707
   -0.089028   -0.0326368     0.157511   -0.0122781
  -0.0303038    0.0123236   -0.0731731   -0.0772539
  -0.0178627    0.0323078   -0.0718679    -0.053549
   0.0816825   0.00385068    -0.128594    -0.076151
  -0.0731247   -0.0224692   -0.0456054   -0.0346277
   -0.154839   -0.0163249  -0.00618318    0.0570654
  0.00240917   -0.0424781    0.0145357    0.0445282
 -0.00679179    0.0407422    0.0115197   -0.0337364
  -0.0858012   -0.0465431   -0.0403308   -0.0523657
   0.0366782   -0.0554056     0.110052   -0.0153085
   0.0616311    0.0083704     0.183483    0.0768785
  0.00516014   -0.0318426   -0.0867938   -0.0430719
   -0.157569    0.0082383    0.0516242   -0.0288835
  -0.0448673    0.0486681    0.0631791    0.0543503
  -0.0557928   -0.0366962    -0.045726    0.0205487
 -0.00133403   -0.0240941    0.0131151   -0.0605441
   0.0834498   -0.0641906      0.15833    0.0138682
    -0.10395      0.02052 -0.000956453    0.0567346
   0.0584686    0.0210779      -0.0722    -0.018339
  -0.0192813    0.0115317   -0.0186817    0.0101001
   0.0122132   -0.0325776   -0.0785867  -0.00448061
   -0.101503   0.00544318  -0.00669556    0.0380844
    0.019316    0.0273808   -0.0579337   -0.0258686
   -0.142058     0.034595   -0.0287715    0.0579843
   0.0848213    0.0232985    -0.105798    0.0500993
   0.0720833   -0.0310616   -0.0639986   -0.0607559
  -0.0247571    0.0176743     0.069884    0.0537445
  -0.0386251   -0.0349246   -0.0335485     0.057492
   0.0849386    0.0110011    -0.101747    -0.078263
  0.00635423   -0.0143251   -0.0394576   -0.0107604
  -0.0699367    0.0160835    0.0255112  -0.00906852
   0.0495902   -0.0641545   -0.0931575   -0.0529218
  -0.0284106   -0.0674902     0.146446   0.00422282
    0.120949   -0.0268556   -0.0372266    0.0146671
   0.0602571  -0.00852804   -0.0847207   -0.0537582
  -0.0625357   -0.0138115   0.00644628   -0.0039319
   -0.108021    -0.054371   -0.0400804   -0.0152472
   0.0420328   0.00875861   -0.0263962   -0.0542472
  -0.0434238   -0.0191161   -0.0857886  -0.00755703
   0.0194549   -0.0598912    0.0260726  0.000949552
    0.136431 -0.000363878    0.0769115   -0.0372065
   0.0349038    0.0252943   -0.0389885    0.0103516
   0.0553082   -0.0143845   -0.0225053    0.0179543
  -0.0548422   -0.0561099   -0.0765319  -0.00833386
   0.0746772    0.0285532   -0.0557526   0.00471283
   -0.142824  -0.00102236   -0.0558594   -0.0293974
  -0.0495076   0.00250849     0.067253   0.00708897
  -0.0623228   -0.0699422    0.0718277    0.0669101
  -0.0357795   -0.0322883   -0.0601042   -0.0395367
  -0.0279701   -0.0436137    -0.138842   -0.0647098
    0.002408   0.00838573     0.112608   0.00489803
   0.0380358    0.0258901   0.00998014  -0.00349331
   0.0123804    0.0650786   -0.0366831    0.0437738
   0.0410432    -0.018425    0.0911069    0.0574848