  -0.0415394    0.0936225    0.0652971   -0.0411609   -0.0253147    0.0297769   -0.0803476   -0.0224879
   -0.063665    0.0788617    0.0384122    0.0383794    0.0569335    0.0380174   -0.0392146   -0.0477301
  -0.0345888       0.1107   -0.0930586    -0.103784    0.0438123    0.0595603    0.0108968    0.0117377
  -0.0374444    0.0798292    0.0202795    0.0183671   -0.0689052    0.0806277    0.0198438   -0.0684801
   0.0161687   -0.0137081   -0.0108256   0.00519365    0.0501455   -0.0216769    0.0183999    -0.032534
   0.0776381    0.0394807   -0.0233814    0.0280606    0.0355618     0.014227  -0.00402508   -0.0176992
   0.0458478   -0.0864973    0.0288717   -0.0108537   -0.0357709   0.00566903    0.0593773    0.0533519
  0.00643423    0.0479965    0.0626996    0.0334278   -0.0807472    0.0368643   -0.0149058   0.00237316
  -0.0384136   -0.0188918   0.00447126    0.0276743    0.0296961  -0.00164108    0.0181023   -0.0124047
   0.0561791   -0.0342791    0.0647054     0.127043   -0.0699023   -0.0689525   -0.0537217     0.129518
  -0.0238394    0.0931466    0.0451575    -0.018281   -0.0662105   -0.0317769  -0.00528384   0.00786257
    0.014981    -0.035567   -0.0298625   0.00589935   -0.0163056    0.0388805    0.0273253  -0.00372338
   -0.030075    0.0218552   -0.0289138    0.0194505   -0.0460698    0.0424688   0.00768702   -0.0638132
   0.0689991     0.059014    0.0762098    0.0221583    0.0108217    0.0159188   -0.0297819  -0.00631062
   0.0433891   -0.0331385   -0.0214987    0.0506273   -0.0145602   -0.0517659     0.047485    0.0244364
  -0.0510265    0.0877311   -0.0589447   -0.0289902   -0.0391155    0.0229138    0.0470499    0.0513657
   -0.173573    -0.118777   -0.0527962    -0.147354    0.0172665    0.0241705   0.00288775  0.000486062
  0.00471443  -0.00569261   0.00451661    0.0417459    0.0260672    -0.066077    0.0218533    0.0675264
   0.0782651    0.0650802     0.101323    0.0364682   0.00937562    0.0561727    -0.136802     0.042687
    0.152113     0.012196     0.020524    0.0663608   0.00565319    -0.050083   0.00605798   -0.0314048
  -0.0337911    0.0815155    0.0249074    0.0376694    0.0181413    0.0942976   -0.0852506    0.0130386
   -0.124766    0.0921141      0.11638   -0.0427211   -0.0628902     0.124615    -0.117581   -0.0865841
  -0.0103684    0.0705231   0.00445243   -0.0268917   -0.0397175   -0.0138306   -0.0663287   -0.0246133
  -0.0930949   -0.0588325    0.0133539   -0.0654906    0.0433206     0.069791    0.0227234   -0.0182067
  -0.0517359     0.044609   -0.0136977    -0.028823   -0.0212804   -0.0350887    0.0200962    -0.034197
   0.0215626    0.0705629    0.0417124   -0.0441515  0.000298144    0.0439035    -0.145578   -0.0105609
 0.000489336   -0.0474624   -0.0674581     0.017443   -0.0392854    0.0727168   -0.0125837   -0.0511837
 -0.00353113   -0.0591807   -0.0796548   -0.0255584     0.028709    0.0140257    0.0352476   -0.0606299
  -0.0442903   -0.0167949   -0.0122513   -0.0170446  -0.00797644   -0.0317834     0.068147   -0.0154403
  0.00937122  -0.00433115   0.00103209   -0.0165105  -0.00477981   -0.0321667    0.0311094    0.0723149
   -0.020523     0.107408   -0.0129433   -0.0262022     0.011881   -0.0128526   -0.0121027   -0.0173199
   0.0372975   -0.0145777 -0.000228712    0.0439762      0.02296    0.0354025    0.0126175  -0.00183606
   0.0234277    0.0268961   -0.0428083    0.0566864  -0.00367859   -0.0563093   -0.0591496     0.043341
   0.0396506    0.0556985   -0.0123134    0.0296796  -0.00331365   -0.0782032    0.0694391   -0.0278637
   -0.147877    -0.173902   -0.0690134   -0.0525521    0.0239521     0.019548     0.103966    0.0336714
  -0.0488982    0.0976948    0.0777509   -0.0293795   -0.0375254   0.00887708   -0.0384917    -0.071801
   0.0799148     0.061549    -0.023308   -0.0400979  -0.00804086    0.0120531    0.0361096  -0.00607442
    0.116826    0.0143839    0.0523087    0.0529588    0.0704386   -0.0399643    0.0842976   -0.0708334
  -0.0516285   -0.0727779   -0.0521956   -0.0315921  -0.00544868    -0.093222     0.079693    0.0705966
  -0.0121227    0.0847824    0.0329863   -0.0450113     0.025891    0.0242402   -0.0565853   -0.0616984
   0.0291195    0.0546336     0.010015    0.0176913   -0.0398863  -0.00710632   -0.0161028   -0.0593602
  -0.0398591   -0.0424846    0.0956761    0.0323014    -0.039365 -0.000736223   -0.0432151   0.00320965
  -0.0277428   0.00130327    0.0998146   -0.0342702   -0.0445896    0.0118809   -0.0341307   -0.0103544
 -0.00852873    0.0873571    0.0656082    0.0016564   -0.0084895   -0.0428061    0.0250579   -0.0450652
 -0.00475269     0.143221    0.0909654   -0.0267197    0.0749771    0.0515526  -0.00278893   -0.0790972
    0.111383   -0.0722513    -0.100234     0.137633    0.0429915   -0.0551837      0.11143     0.014201
 -0.00847153    0.0447355      0.06311   0.00148295     -0.01668   -0.0580171   -0.0151877   -0.0308616
  -0.0510303   -0.0532721   0.00696547   -0.0411223    0.0353035   0.00249108  -0.00178488    0.0473207
  -0.0614419    0.0821718     0.149818   -0.0152856   0.00223077     0.114681   -0.0953326   -0.0606152
  -0.0626426    -0.041809    0.0122268   -0.0376483     0.034132   -0.0556124   -0.0482779   -0.0381767
  -0.0108386      0.11478    0.0716892   -0.0475786   0.00171595    0.0581487   -0.0150702    -0.096852
   0.0354945    -0.040567   -0.0831048   -0.0186119   -0.0266072   -0.0237274    0.0351849    0.0633368
  -0.0797529   -0.0152027   0.00234733     0.010048    0.0507464    0.0749071    -0.024607   -0.0642253
  -0.0153107  0.000444665   -0.0445573   -0.0327828   -0.0133379   -0.0196201    0.0491634  -0.00109347
  -0.0691171    0.0445768    0.0725064   -0.0103457   -0.0314257  -0.00961361   -0.0540656   -0.0881264
   0.0155756    0.0682332    0.0721345   -0.0367523    -0.021797   -0.0491372   -0.0123896   -0.0130542
   0.0304576  -0.00118776    0.0109906    0.0129693   -0.0448902  -0.00528693    0.0615359   -0.0811209
   0.0359034     0.113476     0.141711    0.0405846   -0.0465578    0.0107858    -0.102619   -0.0684641
  0.00210881   -0.0319168    0.0631338    0.0825674    0.0300442    -0.055029   -0.0185648    0.0701974
 -0.00565886    0.0288964   -0.0574658   -0.0820064   -0.0239802   -0.0689233    0.0129097  -0.00144363
   0.0163732    0.0126738   0.00176129   -0.0477213    0.0391334  -0.00322127   -0.0339229    0.0463089
   0.0720425    0.0722307   -0.0592785    0.0861686    0.0466372   -0.0726267     0.103692   -0.0766842
   0.0739799   -0.0323085   -0.0164229    0.0657338    0.0466187   -0.0152845  -0.00479816   0.00323797
   0.0396012    0.0729251   -0.0313323    0.0527496   -0.0129554  -0.00712982    0.0191587    0.0445342
   0.0197705   -0.0512876    -0.039767   0.00613575    0.0464639   -0.0748613    0.0138963    0.0495474
   0.0153765   -0.0627692   -0.0109126   -0.0356366   0.00620285    0.0107992   -0.0220279    0.0179897
   0.0327953    0.0573174    0.0519348    -0.082688    0.0203765   -0.0307214   -0.0521806   -0.0773879
   -0.128487   -0.0224899    0.0322482   -0.0735082   -0.0858566     0.158012    -0.059788    0.0072235
  0.00663066   -0.0725184   -0.0760384     0.057739    0.0212032   -0.0770906    0.0685854    0.0343542
   0.0924341    0.0498164   -0.0669066   -0.0131804    0.0543046    -0.080489    0.0696236    -0.052804
   0.0351972     0.046342   -0.0204175  -0.00522566    0.0556145   -0.0309343   0.00499978   0.00903293
   0.0637445    0.0430047    0.0864234    0.0550802    0.0269105    0.0287424   -0.0242854    -0.084991
  -0.0623976    0.0223398    0.0398494   -0.0474614    -0.025919   -0.0357678    0.0366147    0.0115505
   0.0706488   -0.0614796   -0.0350398   0.00902212   -0.0373128  -0.00398266    0.0951608  -0.00717755
   0.0406772     0.131563    0.0252962    0.0508461    0.0915451   -0.0361529   -0.0290936    -0.079882
  -0.0106871   -0.0565006   -0.0229666   -0.0100722   -0.0616398   -0.0955052    0.0117309     0.107671
   0.0499831     0.051113    0.0248668  0.000910437    0.0626666   -0.0397639   -0.0515182    0.0246855
 -0.00743378    0.0502298    0.0107289   -0.0418508   -0.0174127    0.0112647   -0.0232407  -0.00554112
  -0.0081527    0.0992247  -0.00283898   -0.0273271     0.044502     0.032443   0.00469994  -0.00365987
   -0.116044  -0.00711852 -0.000625226    -0.109951  -0.00958416   0.00837099   -0.0866628     0.055335
    0.082679    0.0555446    0.0346297    0.0188085   -0.0317014   -0.0129829     0.090733   0.00542488
    0.126709    0.0754462    0.0711296    0.0488435   0.00133982   -0.0813015   -0.0144075  -0.00147591
  -0.0820132    0.0362311   -0.0285523   -0.0120776    0.0672286    0.0220282    0.0391871  -0.00190788
  -0.0755419     0.124779  -0.00130766   -0.0563106    0.0699895    0.0254709   0.00395419  -0.00255359
  -0.0386757   -0.0917214   -0.0633748    0.0376341   -0.0318946    0.0168735    0.0753999  -0.00586603
  -0.0222217    -0.067888   -0.0366849   -0.0119948   -0.0538735    0.0509976 -8.90299e-05    0.0343639
   -0.048872    0.0299851   -0.0122237   -0.0490999   -0.0151303     0.066069   -0.0768634  -0.00703411
   0.0476048   -0.0570792     0.048968    0.0485665   -0.0176365   -0.0447156  -0.00638646    0.0267562
   0.0352785    0.0696621    0.0649296    0.0788084    -0.034228   -0.0057893   -0.0641404   -0.0104149
   0.0714957   -0.0681692    -0.051743    0.0776581   -0.0355214   -0.0695433   -0.0108713    0.0278682
  -0.0462023    0.0671521     0.057314    0.0178364    0.0310822  -0.00994742    0.0396985   -0.0364056
  -0.0237271   -0.0345983   0.00855225    0.0213892   -0.0414827   -0.0191831    0.0821895    -0.049652
  -0.0127573   -0.0973736   -0.0856886    0.0261465    0.0339229   -0.0380886     0.091797    0.0138244
    0.159005     0.127477    0.0737193    0.0122707    0.0405751   -0.0256736    0.0234572   -0.0584504
   -0.085165    -0.113299    -0.051611  -0.00293555   -0.0152832   -0.0375294   -0.0160776   -0.0150497
  -0.0998531     0.018797     0.015035   -0.0649145   0.00911168     0.068452    -0.075392   -0.0070203
    0.105632    0.0828577    0.0813333    0.0334685  -0.00376162   -0.0134253   -0.0448786    0.0444107
   -0.144524    0.0404141    0.0474248    0.0159383    0.0633566   -0.0113385   -0.0373145   -0.0165173
 -0.00141534    -0.118054     0.039971    0.0345575    0.0216198    -0.112858    0.0303969     0.051611
  0.00032997    0.0429149    0.0685498   0.00509985    0.0401106   0.00892236   -0.0384669    0.0547762
     0.10425    0.0412854    0.0848416     0.102552    0.0674853   -0.0994018      0.05326   -0.0450444
   0.0497169    0.0757876    0.0597384 -0.000168412   0.00117793    0.0344886    -0.120803   -0.0756527
   0.0966061    0.0596342    0.0306968     0.110124    -0.038842   -0.0252264    0.0752611    0.0381614
   -0.118222    0.0146534    0.0361315    -0.128166   -0.0523187    0.0429196   -0.0394537    0.0177141
   0.0452411   -0.0409171   -0.0507005    0.0227471    0.0428422   -0.0796022    0.0169892    0.0113919
  -0.0231899    0.0337181   -0.0550397    0.0446755   -0.0251667    0.0147364   -0.0294568   -0.0365034
   0.0174542   -0.0288447   -0.0219763   0.00768993    0.0107991   -0.0497394    0.0424164    0.0486411
   0.0213338   -0.0407389   -0.0075168   -0.0425353    0.0419722   -0.0439375     0.117821    -0.042333
  -0.0581344    0.0570216    0.0326989   -0.0319088   0.00873009   -0.0180132  -0.00724346    0.0164189
  -0.0272199   0.00861639    0.0462096    0.0271438   -0.0277655     0.041767   -0.0461016   0.00643575
   0.0787594    0.0357263  -0.00417002   -0.0146273    -0.044581    0.0077571    0.0197117   -0.0184773
 -0.00644545    -0.116334   -0.0598566     0.143075    0.0251556   -0.0603881    0.0714831    0.0677255
   -0.291604     0.022041   -0.0589695    -0.136183   -0.0538555    0.0354391    0.0480552  -0.00807861
   0.0488403   -0.0203543    0.0314693    0.0569163   -0.0549688   -0.0451875   -0.0221537    0.0692433
  -0.0338236    0.0493922   -0.0579554   -0.0505424    0.0308719   0.00909874    0.0502205   -0.0515529
  -0.0225716    0.0534752    0.0743628    0.0123839    0.0195088   0.00493412  -0.00342245   -0.0560147
  -0.0640535    -0.056975   -0.0445058     0.025801   -0.0169369    0.0225391    0.0557557     0.064528
   0.0501409    0.0157362    0.0198195    0.0302349    0.0442203    0.0770841    -0.092644   -0.0827085
  -0.0758786    -0.181686  -0.00405255   -0.0163305   -0.0912042    0.0160131    0.0526856     0.119308
   0.0597443   -0.0123888    0.0171268   -0.0319867    0.0202754  -0.00224018  -0.00334024   -0.0991158
   0.0632848   -0.0574116   -0.0406668     0.076918   -0.0709485     -0.10118    0.0645715     0.015135
  -0.0447255     0.012527  -0.00763258    0.0522949  -0.00602229    -0.015017   -0.0177947    0.0937768
   0.0438216   -0.0466441   -0.0634507    0.0109525    0.0471687   -0.0754661    0.0502819   -0.0451264
   0.0231917    0.0488753    0.0311507    0.0464814    0.0351945  -0.00514335   -0.0115032   -0.0756766
  -0.0590739   -0.0163328   -0.0348758   -0.0185955   -0.0557208   -0.0389114   0.00291058   -0.0369784
  -0.0591228    0.0390952  -0.00206047    0.0157358   -0.0294855   -0.0680351    0.0596982   -0.0570768
   0.0675633   -0.0660738   -0.0165524   0.00649095   -0.0112319    -0.111849    0.0326354       0.0303
  0.00736982   -0.0741396   -0.0206958     0.011814    0.0235571   -0.0762504      0.12371   -0.0488753
   -0.141078    0.0741557   -0.0737873   -0.0988826   -0.0132482   0.00914252    0.0637587   -0.0790779
   0.0603206    0.0302987   -0.0421551   -0.0146822   -0.0277552   -0.0615282    0.0918105    0.0272212
   0.0463688    0.0950693    0.0723604    0.0463975    -0.054442    0.0726212    -0.106404   -0.0596451
   0.0116429    -0.082659   -0.0536176   -0.0504415     0.069526   -0.0123729    0.0159088    0.0336101
  0.00861615   -0.0087452   -0.0119222   -0.0203295    0.0194548    0.0995971   -0.0633631     0.025394
  -0.0401966    0.0473295   -0.0333474   0.00526341   -0.0149833    0.0146643    0.0626911    0.0341929
   -0.090455    0.0122801   -0.0628243   -0.0308519  -0.00799915  -0.00219747    0.0207865  -0.00772958
  -0.0401232    -0.015265    0.0433204   -0.0217591   -0.0157185   -0.0351497   -0.0384223    0.0107371
 -0.00450643   -0.0120743    -0.014578   0.00499509    0.0380334   -0.0545213     0.145475   -0.0441349
   0.0561084    0.0199115    0.0665442     0.044538    0.0336096    0.0605758    -0.024817   -0.0232874
    0.058934    0.0176732    0.0934905     0.063559   -0.0139089     -0.05221   -0.0861325   -0.0238505
   0.0443731  -0.00604765    0.0536442   -0.0156354   -0.0342781    0.0164343   -0.0467803   -0.0432795
  -0.0115456    0.0758341     0.061045    0.0477462     0.037797    0.0144294   -0.0301834   -0.0618653
    0.138733    0.0552955   -0.0180585    0.0869839    -0.033785  -0.00650293   0.00495966    0.0528119
    0.100478    0.0488501   -0.0597421   -0.0319637    0.0568173   -0.0803739     0.110067    0.0146538
  -0.0778623   0.00443856    -0.035858   -0.0321515   -0.0356356     0.014249    0.0163058    0.0116379
   0.0972176    -0.136304    0.0149269    0.0854942   -0.0408898    -0.105636    0.0383705    0.0733837
  -0.0239273    0.0289355   -0.0733289   0.00258461   -0.0122712   -0.0312397     0.110571    -0.017054
   0.0801754   -0.0117502   -0.0128193    0.0562814    0.0038785   -0.0371877    -0.025348   -0.0539355
   0.0181108   0.00698652   -0.0823616   -0.0279643    0.0238122   0.00534957    0.0962724   -0.0229907
     0.10968   -0.0098461    0.0236625    -0.014415    -0.033276   -0.0165883   -0.0960225   -0.0275209
   0.0635938   -0.0225534   -0.0462871   -0.0438634    0.0457409   -0.0635392   0.00388345   0.00681561
   0.0798665     0.123004    0.0541216     -0.02989    -0.028878  -0.00848587    0.0401349   -0.0328335
    0.117516  -0.00805971    0.0758292    0.0779595   -0.0251793   0.00871947   -0.0509635    0.0564443
  -0.0221075    -0.045245   -0.0389547    0.0281855   0.00236297   -0.0830592     0.169156   0.00823851
   0.0768372   -0.0248276   -0.0744887    0.0721566    0.0299136   -0.0183807   -0.0134704    0.0714829
  -0.0501934    0.0534176    0.0716138   -0.0185886    0.0799493    0.0303117   -0.0683355  9.88813e-05
  -0.0103011    0.0877315     0.125825    0.0633805  -0.00150373    0.0311175   -0.0831606    0.0438007
   0.0247714   -0.0684072   -0.0214984    0.0209643    0.0316923   -0.0164956    0.0500206   -0.0371672
    -0.10747   0.00139767     0.031508   -0.0139655  -0.00441115  -0.00323633   -0.0485096   -0.0174824
  0.00382102     0.037041    0.0545453   -0.0140714    0.0354171    0.0193057   -0.0611755   -0.0454776
   0.0709397   0.00426108    0.0591154   -0.0202841     0.041667   -0.0152772    0.0759579   0.00637643
   -0.224446   -0.0358188    -0.071755    -0.154999   -0.0152698     0.105961   0.00564143   -0.0307537
  -0.0448397    0.0541056   -0.0101086   -0.0894058    0.0557663    0.0234002   0.00228235   -0.0717241
  0.00447257    0.0366678   -0.0288633   -0.0306972    0.0472927      0.05587   0.00396988  -0.00896263
    0.116668   -0.0501209    0.0436198    0.0906764   -0.0205203    -0.031365   -0.0297099   -0.0338797
   0.0130763    0.0206579   -0.0658125   -0.0776764  -0.00728081   -0.0318541   -0.0245021   -0.0686874
   0.0938928    0.0458047     0.026714     0.092113   -0.0183317   -0.0286962   -0.0110354   -0.0639937
   0.0547232     0.148193   0.00531528   -0.0812927    0.0903797   0.00193266    0.0199401   -0.0942969
   0.0525173   -0.0372851    0.0529329    0.0883314    0.0483325   -0.0975176   -0.0189568   0.00600005
   0.0587213    0.0367895   -0.0297084    0.0608387    0.0285254   -0.0465362   -0.0400677    0.0346843
   0.0178094   -0.0240139   -0.0250287    0.0241477    0.0522853      0.06206   0.00338236    0.0377166
  -0.0460167   -0.0884721    0.0107227    0.0648424   -0.0130331    0.0406963   -0.0640967    0.0442988
     0.10639  -0.00771885    0.0226239    0.0388806      0.03944   0.00782496   -0.0180417   -0.0616553
  0.00924543    0.0393723   -0.0168711   -0.0195299   -0.0531991    0.0578528    -0.016463   0.00966272
   0.0793391    0.0607049   -0.0164274    0.0641581    0.0214819   -0.0919089    0.0285768   -0.0421101
   -0.107615   -0.0616878   -0.0853759    0.0268455   -0.0118681    0.0345404   -0.0259711     0.085078
   0.0548696    0.0521216   -0.0276375   -0.0378505   0.00613056    0.0482939    0.0225116   -0.0182264
    0.035304    0.0449972    0.0158213   -0.0480953    0.0562541    0.0216006   -0.0596362   -0.0201942
   0.0471219    0.0170608    0.0037485   0.00661251   -0.0179877    0.0912125   0.00325882   0.00104128
   0.0328974   -0.0274811    -0.065027    -0.023823    0.0446584    0.0394653   -0.0136082    0.0438413
 -0.00453463      0.15614     0.123426   -0.0772544    0.0588308    0.0452175    -0.125006   0.00596174
   0.0959632     0.096435    0.0665351    0.0407242   -0.0263245    0.0740604    -0.139761   -0.0281885
  -0.0894873   -0.0934763   -0.0280386   -0.0168799     0.035334  -0.00264174   -0.0247304  -0.00746121
   0.0244664  0.000189427   0.00375595   -0.0284325   -0.0450252  -0.00121234    0.0829389    0.0178126
   0.0221862     0.120356    0.0277142    0.0237087    0.0338656   -0.0492899    0.0207636   -0.0985076
   0.0340008  -0.00134388    0.0815224    0.0154046    0.0262861  -0.00394932   -0.0486021   -0.0125008
   -0.107467    0.0945652    0.0206387   -0.0148013   -0.0594865    -0.010544    -0.052767   -0.0295876
  -0.0415269   -0.0632231   -0.0635245  -0.00357013   -0.0218026   -0.0143228   0.00265749   -0.0544644
  -0.0116146   -0.0207785   -0.0270716   -0.0108532   -0.0134138    -0.103267    0.0793261    0.0335805
   -0.043038     0.011099   -0.0375984   -0.0261555    0.0287316    0.0111196   0.00602446    0.0275191
  -0.0774938   -0.0422725    0.0140811   -0.0694874    0.0410229    -0.031376    0.0435767   -0.0498468
  -0.0990701   -0.0453924   -0.0074256   -0.0171522   -0.0128697    0.0285085     -0.02922   -0.0164596
  -0.0794665   0.00197849   -0.0326693   -0.0316736   -0.0369523   -0.0277951    0.0280569   -0.0631864
   0.0747038   -0.0137303    0.0270757    0.0200014    0.0295621   0.00421984    0.0789288    0.0157562
  0.00433957    0.0481436   -0.0254556   0.00469992   -0.0602278    0.0326928   -0.0312652    0.0283317
 -0.00129159    0.0131844   -0.0579112   -0.0123033    0.0307632   -0.0351813    0.0329382   -0.0375311
   -0.151973   -0.0226071    0.0156515    -0.106011    0.0387436     0.134917   -0.0552758   -0.0132693
   0.0510924   -0.0150814    0.0742096    0.0525101   -0.0507586    0.0168477     0.027825    0.0636816
   0.0525517    0.0843233    0.0432381   -0.0369835   0.00604604   -0.0413575    0.0681624   -0.0087699
  -0.0621748    0.0539782     0.045956    -0.041064    0.0419055    0.0871376   -0.0160937   -0.0540067
  -0.0243075     -0.12661   -0.0920009   0.00557465   -0.0742549   -0.0386704   -0.0284461    0.0792254
   0.0143031     0.055357    0.0635255    0.0394483  -0.00651865   -0.0362588   0.00811317    -0.010219
    0.102281    0.0167064  -0.00869496   0.00113741    0.0434895   -0.0141007    0.0885943   -0.0523087
  -0.0774324   -0.0561242   -0.0204247   -0.0513297   0.00542811   -0.0383156    0.0379591    0.0171178
    0.048835   -0.0271887   -0.0951732   -0.0514023  -0.00577456   -0.0427754    0.0827513   -0.0153809
  -0.0142048   -0.0567785     0.017426     0.086293   -0.0184051    0.0178592  -0.00910716     0.070927
   -0.019634   -0.0478737    0.0263485    0.0406792  -0.00256459    0.0273474   -0.0229079    0.0100018
   0.0359588   -0.0211695   -0.0157279    0.0105171    0.0499394   -0.0726328   -0.0184164    0.0190594
  -0.0124694   -0.0505723  -0.00846847   -0.0625603   -0.0389435  4.51615e-05   0.00874196  -0.00188061
    -0.12632   -0.0620499     -0.08716   -0.0616031    0.0240955     0.083433   -0.0788245   -0.0093625
  -0.0861215   0.00500109    -0.077316   -0.0239978    0.0211871    0.0530273    0.0586353  -0.00294692
 -0.00603985   -0.0412983     0.070676  -0.00129444   -0.0536969    0.0357551   -0.0279869    0.0121342
  -0.0099011   -0.0597019     0.034579    0.0451756    0.0335855   -0.0321632   -0.0590515    0.0121652
   0.0369029     0.143327      0.11169    0.0640666  -0.00643202   -0.0390786      -0.1613   -0.0405015
  -0.0214573   -0.0250003   -0.0816582   -0.0700674   -0.0206678   -0.0130845    0.0880526   -0.0973502
   0.0177921   -0.0262223    0.0127961   -0.0107522  0.000330658    0.0077113    -0.010982  -0.00999085
   0.0278232   -0.0129037  -0.00991128   -0.0676592   -0.0596918    0.0227495   -0.0358941    0.0144815
   0.0610544     0.017325     0.080083   -0.0625059   0.00207587    -0.024712    0.0767615   -0.0456003
   0.0467354   -0.0193253    0.0319433   0.00912309   0.00571953   -0.0191181   -0.0254753  0.000479652
   0.0546169    0.0563484      0.09797   -0.0337742   -0.0503967    0.0641659   -0.0178719   -0.0133176
  -0.0570602    0.0845836   -0.0382913  -0.00661327    0.0729743      0.01473    0.0485319   -0.0947077
   -0.016871    0.0035367   -0.0343843      0.01969   -0.0234413    0.0263303    0.0446825    0.0157143
   -0.113999    0.0835555   -0.0262952   -0.0455484    0.0394053    0.0357756   -0.0177763   -0.0413242
 -0.00603845    0.0157745    0.0484929   -0.0446072   -0.0508913    0.0459728  -0.00514659   -0.0436067
   0.0582138    0.0542169   -0.0280698   -0.0108389   0.00589645    -0.059947    0.0828841    -0.101685
   0.0343733    0.0814138     0.039864   -0.0327651    0.0560652     0.053726    0.0364835   -0.0843643
  0.00881884   -0.0205682    0.0487539   -0.0308829   0.00839685    0.0108085   -0.0220521  -0.00656729
  -0.0923828    0.0317119   -0.0416435    -0.113515   -0.0625911     0.100418    0.0164006   -0.0843777
   0.0781796    -0.126657    0.0240153    0.0579068    0.0404509   -0.0192518    0.0276585    0.0206789
  -0.0200652     0.161873    0.0824604  -0.00698528     0.068899    0.0704077    -0.138934   -0.0711344
   0.0578966   -0.0198559   -0.0314866    0.0434331    0.0360028   -0.0298568     0.128867    -0.050636
   0.0464524   -0.0499557    0.0400356    0.0267086    0.0845957   -0.0482015    0.0170627    0.0526661
  -0.0760409   -0.0344771    -0.135101    -0.124532   -0.0264269    0.0185275     0.115235     0.031271
   -0.088259   -0.0257855   -0.0176277    0.0145582    0.0034234  -0.00320177    0.0385412    0.0571462
   -0.193368 -0.000419386   -0.0241148   -0.0628728   0.00679681     0.069007    0.0516863     -0.01322
   0.0186833   -0.0685588   0.00267461    0.0458657  -0.00338243  -0.00643992    0.0288783    0.0800214
 -0.00724514     0.018359   -0.0510316   0.00764845    0.0504663   -0.0355762     0.095946    0.0233279
   0.0319002    0.0135472    0.0183851    0.0676353    0.0698418   -0.0580882    -0.033004   -0.0165081
   0.0499452    0.0811869    0.0947792      0.03665   -0.0118326    0.0355416   -0.0221178  5.33795e-05
    0.114544  -0.00946087    0.0492687     0.070096     0.073713    0.0279803   -0.0433593   -0.0471397
   0.0109133     0.011754   -0.0244742   -0.0352634    0.0425329     0.028408     0.040982    0.0112735
 -0.00772218  -0.00677463   -0.0134717    0.0551553   -0.0392818   -0.0293014    0.0588711  -0.00413409
 -0.00794765   -0.0507315    0.0177131   0.00343428   -0.0428761   -0.0490175   -0.0350342  -0.00501388
   0.0865563   -0.0340561    0.0773268    0.0590561    0.0290357   -0.0237617     0.037404    0.0356259
 -0.00528146   -0.0247695    0.0398711   -0.0257744    0.0224503   -0.0489017     0.104207   0.00985352
  -0.0197257    0.0158147   -0.0776694  0.000517076  -0.00697545   0.00165956    0.0325102   -0.0276448
  -0.0534846   -0.0274303    0.0222414     0.038997   -0.0459473   -0.0467081    0.0461516   -0.0454826
  -0.0986828    0.0409949   -0.0399632   -0.0656593    0.0210106   -0.0263103   -0.0291314   -0.0388291
  -0.0828087   -0.0497762   -0.0835894    0.0154268    0.0427314    0.0203633    0.0350335    0.0229555
  -0.0848239    0.0302384   -0.0409117    0.0106325    0.0180792   0.00675558 -0.000178722    0.0100969
   0.0206652    0.0355026   -0.0225552    0.0402667    0.0819372   -0.0938112   -0.0366422   -0.0148427
  -0.0408765    0.0425648   -0.0160821   -0.0226458   -0.0115222    0.0148541   0.00958124   -0.0208729
   0.0673263     0.091079    0.0603229    0.0331681    0.0468611    0.0164641   -0.0267344   0.00408436
  -0.0658515   -0.0138102   -0.0500676   -0.0622562     0.012491    0.0135277    0.0738791   -0.0371323
  0.00637455   -0.0495452    0.0278517   -0.0408214    0.0160398    0.0182228    0.0378702    -0.010465
    0.039513    -0.031171   -0.0419129   -0.0270044   -0.0489024    0.0199218   -0.0213276    0.0594308
   0.0244253   -0.0335803   -0.0131616    0.0289914   -0.0243607   -0.0172239    -0.101633  -0.00568851
   0.0518086     0.088849    0.0318788   -0.0394881    -0.010435   -0.0291591   -0.0465864  -0.00806464
  -0.0123679    0.0207375    0.0142316    0.0145388   -0.0483394   -0.0485053   -0.0833781    0.0887122
   -0.064077   -0.0399132    0.0332666    0.0219486  -0.00829419  -0.00625628    0.0609054   0.00530744
 -0.00275321    0.0060872    0.0668899   -0.0149666   -0.0358343  0.000843196   0.00262341    -0.119002
   0.0100871 -0.000685558    0.0385997   0.00213134   -0.0540292   -0.0310116   -0.0998063   -0.0560742
  -0.0334231    -0.053833    0.0267141    0.0295519  -0.00563113  -0.00223288   0.00408237    0.0105675
   -0.112211    0.0357063   -0.0772008   -0.0988643  -0.00359287   0.00995501    0.0203463  -0.00810007
   0.0918601    0.0178785   -0.0215699  -0.00116054    0.0481552    0.0189534    0.0302329    0.0092717
  -0.0627945   -0.0299482   0.00161698    0.0365334    0.0310971   0.00535981   -0.0139061   -0.0140868
   0.0138215    0.0828839    0.0546254   -0.0185186   -0.0237641    0.0560546    0.0656277   -0.0746525
   0.0251351   -0.0111805    0.0531729    0.0909133   -0.0108159   -0.0586448   0.00390025  0.000885692
   0.0334968   -0.0425039   -0.0114895   0.00706871    0.0519261    0.0486499   -0.0433959   -0.0104822
  -0.0984448   -0.0589265    0.0146253   -0.0463502  -0.00294077    0.0455736   0.00238788   -0.0404236
  -0.0747376   -0.0523244    -0.070668  -0.00251435 -0.000151173    0.0467572    0.0281379   0.00894861
   -0.018004   0.00309946    0.0173698    0.0749634    0.0150073   0.00852275    -0.030734   -0.0311036
  -0.0986498     0.107852   -0.0418219   -0.0289083   0.00629118   0.00898234  -0.00666061     -0.11114
 -0.00916103   -0.0220204   -0.0280712    0.0397388    0.0153524   -0.0598392    0.0722619    0.0580412
   -0.104954     0.112845    0.0473441   -0.0581853   -0.0117905    0.0074052    0.0159632   -0.0275701
  -0.0927783    0.0273935    0.0970634    -0.128391   -0.0762964     0.127065   -0.0777603    -0.116503
  -0.0168147   -0.0356149    0.0314331  0.000439266    0.0356154    0.0222831   -0.0710437   -0.0380047
   -0.107322    0.0694945   0.00731352   -0.0331793   -0.0476441   -0.0121472   -0.0849621    0.0340389
    0.107672     0.122042    0.0205042    0.0418371    0.0209729   -0.0830703    -0.035576   -0.0542745
   0.0468271   -0.0479389    0.0176031    0.0407229    0.0217726   -0.0378539   -0.0387923   -0.0207926
  -0.0405918    0.0194026   -0.0118977   -0.0494046   -0.0524298   0.00294453    -0.025383   -0.0219354
     0.05342   -0.0732028    -0.021801    0.0605248  -0.00920403    -0.106542    0.0231335    0.0980013
    0.112503    -0.102062    0.0450258    0.0682506   -0.0310259     -0.11287    0.0767321  -0.00188822
   0.0603726   -0.0303159  -0.00902661    0.0802936     0.049079   -0.0705015   -0.0123572  -0.00347779
   -0.124307   0.00468928   -0.0322632   0.00637243    -0.013796  0.000174345    0.0352032    0.0477287
 -0.00468713   -0.0114418    0.0944434  -0.00532311    0.0431385    0.0107231    0.0307963    0.0321524
  -0.0395699    0.0561544   -0.0212737    0.0456941   -0.0544106    0.0395196    0.0327946     -0.06941
   0.0849067    0.0118294    0.0284225   -0.0432098     0.067986    0.0188954    0.0926818   -0.0952619
   0.0650783    0.0120967    0.0445617    0.0155698    0.0320662    0.0815966   -0.0329233    0.0189238
  -0.0350685    -0.011004    0.0195236 -1.03936e-07   -0.0498665   -0.0127446     0.031822   -0.0231729
-0.000618518    0.0224306    0.0316626    -0.024685    0.0788177   -0.0547583    0.0146651   -0.0126674
 0.000561258    0.0455864   0.00269096   -0.0191801   -0.0845839    0.0649468   -0.0364763   0.00849487
   -0.071839   -0.0621362   -0.0272348   -0.0259535   -0.0245364    0.0625586    0.0438778   -0.0428454
   -0.117823    0.0891021    0.0341881    -0.015699   -0.0239516     0.151024   -0.0584231    0.0233754
   0.0499075   -0.0169009   -0.0148424    0.0253645  -0.00204665   -0.0724417    0.0654003  -0.00414059
   0.0727134   -0.0269296  -0.00718648   -0.0263875    0.0671275   -0.0667942    0.0893566   -0.0549852
  0.00316439    0.0220205  0.000205027   0.00474183    -0.017812  0.000716617   -0.0667333    0.0501933
  -0.0401538    0.0124005  0.000285266   -0.0213417   -0.0347063    0.0322184  -0.00968172    0.0694973
   0.0503509   0.00105846   -0.0243664     0.107453   -0.0292288   -0.0614334  -0.00765891    0.0263955
   0.0332272    0.0911402   -0.0078128   -0.0214098    -0.023352    0.0140279    0.0373873   -0.0720412
   -0.102671    0.0452706   -0.0982453   -0.0555981    0.0504795  -0.00417017   -0.0108602   -0.0623297
  0.00880139    -0.035939  -0.00921042   -0.0183648    0.0481656   0.00546921   0.00524406    0.0467866
   0.0216145    0.0225864  -0.00481606   -0.0244427    0.0430349  -0.00751427    0.0121326    -0.082435
   0.0152895   0.00644647   -0.0587026   -0.0311602  -0.00947164  -0.00334256   0.00836029    0.0192552
   0.0158058    0.0187392     0.034388  -0.00777659     -0.02814    0.0274192  -0.00215062    0.0224819
  -0.0736463    0.0500638    0.0343298    0.0368304   -0.0261819   -0.0448486    0.0427505   -0.0837141
   0.0304961     0.123568    0.0388789    0.0350075   0.00260088   -0.0569442   -0.0144847   -0.0154273
  -0.0554968    0.0158302   -0.0163943    0.0291081   -0.0294666   0.00511257    -0.019616   -0.0538969
  -0.0095618     0.046806   -0.0449914    -0.052973    0.0312762    0.0155885   -0.0437088   -0.0437627
   -0.058198    0.0603016   0.00586684      0.03981    0.0649616   -0.0158242    -0.046442     0.031057
   0.0542243    0.0719631   -0.0419363   -0.0499277    0.0360477   -0.0740787    0.0199944   -0.0597646
   0.0830931   -0.0770133   -0.0498904    0.0108966    0.0563857   -0.0257511    0.0946051      0.04686
   0.0730092    -0.136404    0.0171974    0.0487093  -0.00890367   -0.0666241   -0.0379095     0.102742
   0.0393455       0.0489    -0.103738    0.0358368    0.0644043    -0.110882     0.124671   -0.0379649
  -0.0430229    0.0957446    0.0310854    -0.114713    0.0396608    0.0795982   -0.0257861  -0.00540711
    0.042859    0.0274758     0.062775    0.0238417   0.00547404    0.0857336   -0.0807777  -0.00357351
  0.00018748   -0.0475519     0.062013    0.0535141   -0.0225715    0.0463987   -0.0734505  -0.00318418
  -0.0728209   -0.0364821   -0.0679949   -0.0818966      0.02011    0.0604069    0.0525091   -0.0281002
   0.0485856   -0.0478787   -0.0650836   -0.0505839     0.008786   0.00655413    0.0120534    0.0456421
  -0.0373198   -0.0238096   -0.0464223  -0.00496909   -0.0237906   -0.0226914    0.0654888    0.0911219
 -0.00527154     0.116018    0.0229904   -0.0157542    0.0582188   -0.0201096   -0.0973662  -0.00610705
   -0.187974     0.163614  0.000421461    -0.272129  -0.00182745     0.111676    0.0200534    -0.151089
  -0.0798771   -0.0358928  -0.00362603    0.0550858   0.00653637    -0.048434    0.0210896  0.000445825
   0.0203752  -0.00211835    0.0459264    0.0161961   -0.0757032     0.120779    -0.089308    0.0246643
  -0.0621154   -0.0388378    -0.028221   -0.0294755    0.0202018     0.026337    0.0351709    0.0114119
   0.0641494    0.0778713    0.0238177   0.00011253    0.0304774  -0.00790685   -0.0180141    0.0212237
  -0.0339489   -0.0371331   -0.0508809    0.0830839    0.0772541   -0.0430815    0.0631899    0.0827513
  -0.0172522     0.125857    0.0680278   -0.0131602    0.0369287      0.02277   -0.0261807   -0.0323587
   -0.080622    0.0414356     0.083881       0.0291   -0.0438991  -0.00742302   -0.0599426    0.0546863
   0.0714213   -0.0267064   -0.0186042    0.0467324   -0.0188986   -0.0718758    0.0611341   -0.0315247
   0.0185328   -0.0329149   -0.0728071    0.0588707    0.0774602   -0.0323247    0.0114079    0.0100918
  -0.0641164    0.0247553  -0.00411708    -0.112414   -0.0459476    0.0354668    0.0489424    0.0232693
   0.0412733    0.0164525      0.03713  -0.00296428    0.0964978   -0.0147834    0.0569599   -0.0592266
  -0.0300784    0.0317684   -0.0161988    -0.103852     0.046137    0.0343898   -0.0589832    0.0296953
   0.0883275    0.0326773   -0.0291109  -0.00779555   0.00784205   -0.0599938    0.0510809   -0.0209274
  -0.0270984    -0.076298    0.0696658    0.0400444   -0.0582202  -0.00653795   -0.0325059   -0.0355715
   0.0172216  -0.00374123   -0.0418534    0.0242992     0.058876     0.035826    0.0521764    0.0581135
  -0.0717305    -0.099929     -0.08196     0.010693    0.0437108   -0.0373054    0.0812362    -0.023052
  -0.0308872    0.0499706   -0.0288528   0.00171232   -0.0225546    0.0962155   0.00626367   -0.0703666
  -0.0609787   0.00661392   -0.0516933  -0.00762376   0.00300308  -0.00681127   -0.0211065  0.000888744
  -0.0151736    0.0553731    -0.013867    0.0359263    0.0523743    -0.043501    0.0155315   -0.0515785
   -0.174411     0.027259   -0.0397997   -0.0737387   -0.0679428    0.0658045   -0.0562685    -0.057963
   -0.059027    0.0490736     0.010516   -0.0759506  -0.00997517   -0.0441358    0.0493141   -0.0207196
  -0.0459603    -0.125898   -0.0355211   -0.0171377   -0.0546537    0.0316146  -0.00319255     0.142719
  -0.0797978   -0.0642583   -0.0678668   -0.0536463    0.0075074   0.00540402    0.0684972   -0.0632248
   0.0249384   -0.0918463   -0.0502106   -0.0220311    0.0731838    -0.111149     0.117196    0.0510596
    0.138149   -0.0261784   -0.0038748    0.0682466     -0.02088   -0.0545132     0.107864  -0.00813358
   0.0438597   -0.0307426   0.00352233    0.0217846   -0.0286909   -0.0576118   -0.0700878  -0.00921356
   0.0675293    0.0445492    0.0360959   -0.0311903   0.00940874    0.0204988  -0.00336559    0.0184964
   0.0141719   -0.0152795   -0.0134691    0.0292907  -0.00357763   -0.0644826     0.147884   0.00689721
   -0.121983    0.0218461   -0.0503098   -0.0493376    0.0167726    0.0405582     0.118008   -0.0432668
  -0.0776333  -0.00944504    0.0162674   -0.0527858   -0.0410863   -0.0126181   -0.0795543   0.00083188
   0.0943468    0.0285354     0.072323    0.0913731    0.0125419   0.00389304   -0.0444646    0.0299548
  -0.0415506   -0.0576659    0.0280852    0.0219607     0.029826    0.0618051    -0.097579   -0.0526481
   0.0229625    0.0723641   -0.0173234    0.0091996   0.00938818      -0.1132   -0.0178345   -0.0707482
   0.0325395     0.183707     0.127196   -0.0702596   -0.0143863    0.0288772   -0.0870389    -0.119559
  -0.0466686   -0.0537989    -0.090525   -0.0631916   0.00735828   -0.0347226     0.104226    0.0343705
    -0.10853    0.0435062   -0.0230365   -0.0739418   -0.0411526     0.036328    0.0616181   -0.0369102
   0.0754566  -0.00322751    0.0118839   0.00114602    0.0625565    0.0178021    0.0604212    0.0275371
  -0.0247132   -0.0515803   -0.0312116    0.0930204    0.0119222   0.00784192      -0.1068     0.047855
   -0.108237   -0.0166215  -0.00396532    -0.125866   -0.0156591    0.0616751    0.0535797   -0.0114796
   0.0371276   0.00226168    0.0884553  -0.00816193    0.0584279   -0.0635469    0.0555609   -0.0521558
  -0.0774414  -0.00692379   -0.0109974   -0.0879737    0.0356617   -0.0230813    0.0995071    0.0100278
  0.00151393    0.0397701    0.0226767   -0.0189493  -0.00337746   -0.0190556   -0.0685267    0.0243843
   0.0267838     0.154998   -0.0521003   -0.0601961     0.086395    0.0467471     0.114531    -0.160338
    0.072518    -0.129007   -0.0797123    0.0957403     -0.05961    -0.109376     0.037286    0.0503303
   0.0467065     0.110405     0.030163  -0.00842051    0.0428174    0.0247977  -0.00426284    0.0180061
    0.045555   0.00763155   -0.0101883    0.0833385    0.0274839  -0.00866524   0.00916123    0.0501559
 -0.00843965   -0.0470329   -0.0410505   -0.0618305    0.0561462    0.0135994   -0.0331043   0.00921487
  -0.0598609    -0.017023   -0.0130306     0.012642   -0.0395751    0.0530866   0.00567016    0.0552574
  -0.0459436    0.0646121    0.0130713    0.0106214  -0.00939807   -0.0520769    0.0330331    0.0511802
  -0.0117519    0.0205995    0.0827328  -0.00857492    0.0263472    0.0227634   -0.0761411  -0.00915828
   0.0234647     0.040651    0.0638279   0.00359063   -0.0342222    0.0204863     0.072484  -0.00303569
  -0.0785244    0.0175155    -0.068618    0.0187029  -0.00624768   -0.0139074    0.0497009   -0.0122097
   0.0714134   -0.0185169  -0.00609307    0.0627478   -0.0477019   -0.0345127   -0.0581248  -0.00480125
   0.0315506   -0.0544102   -0.0471402   -0.0025079   0.00211124   -0.0251114    0.0318747 -0.000607157
   0.0805844    0.0519559    0.0205164    0.0681949   -0.0130248   -0.0465041   -0.0184786   -0.0704207
   0.0647192    0.0531933    0.0105388  -0.00274637   -0.0314518    0.0301975     0.103213   -0.0764079
   0.0516458   -0.0422237   -0.0277507    -0.028041   -0.0382111   -0.0756184  -0.00562678    0.0275948
   0.0364287   0.00813511   -0.0770927    -0.064505     0.081726     0.038108     0.103688    0.0205471
  -0.0527844    0.0154637    0.0178821   -0.0537439  -0.00420881    0.0079208    0.0404461   -0.0109959
  -0.0973713     0.021214   -0.0353976    0.0123509    0.0254468    0.0573843   -0.0085186   -0.0513268
   0.0625003    0.0388807    0.0426396   -0.0136865   -0.0134332   -0.0714926   -0.0442468   -0.0337748
  -0.0628206    0.0294097     0.034845   -0.0386045   -0.0346824    0.0241877     0.025357    -0.019007
  -0.0482682   -0.0538493   -0.0467338   -0.0188808   -0.0149295   -0.0126052   -0.0101411   -0.0217371
    0.139063    -0.102219    0.0388886    0.0882076    0.0331372     -0.14569    0.0251383    0.0316913
   0.0856667    0.0671458    0.0985596   -0.0147979    0.0171682   -0.0666465   -0.0328472  -0.00405541
  0.00286827    0.0372728    0.0034306    0.0172542   -0.0379058    0.0589194    0.0872218   -0.0675714
  -0.0248114   -0.0696111   -0.0530734    0.0497016   -0.0687294  -0.00334762  -0.00208416    0.0124747
  -0.0107229    -0.062586   -0.0189768   -0.0148499    -0.030727    0.0816226   -0.0309264  -0.00518052
   0.0423515   -0.0334902   -0.0327685    0.0665922    0.0491418   -0.0438617     0.119762    0.0741779
   0.0330679    0.0213531    0.0731924     0.114244    0.0144426   -0.0772823    0.0200561   -0.0529214
   0.0706971    0.0572848    0.0102604    0.0659493   -0.0271079   -0.0748778   -0.0399483  -0.00662302
  -0.0657868    0.0117888    0.0348701    0.0233296  -0.00714859    0.0573414   -0.0471995    0.0312947
  -0.0540097   -0.0833061  -0.00700662   -0.0230819    0.0397788   -0.0540884      0.10537    0.0562853
   0.0648423   -0.0197341    0.0342179    -0.034867     0.060054    0.0100378    0.0751324    0.0383781
   0.0752936    0.0646137    0.0758503  -0.00937176    0.0205849   -0.0638716    0.0293613   -0.0815005
    0.025493   -0.0344757   -0.0202003   -0.0190278  0.000837276   -0.0475058   0.00651696   0.00328127
  -0.0169884   -0.0749151   -0.0668459   -0.0274639    0.0308596   -0.0460323    0.0401327    0.0372564
  -0.0873333    0.0507419    -0.053861   -0.0250825   0.00237957    0.0629528    0.0106215   0.00279497
  -0.0212119    0.0561437   -0.0172865   -0.0744291    0.0550575    0.0213147    0.0227387   -0.0586137
 0.000506861    -0.112762   -0.0249956    0.0869682   -0.0545103   -0.0653776    0.0174168    0.0194397
    0.055303   -0.0178919   -0.0721896    0.0493593   -0.0292194  -0.00462123    0.0934437   -0.0796535
   0.0390979   -0.0337164   -0.0131434   -0.0179725    0.0230133   -0.0270532    0.0331708    0.0393895
    0.103309    0.0456999     0.032962     0.068608    0.0588096   -0.0351713     0.112756    0.0143254
  0.00181695   -0.0233517    -0.072851    0.0590017   -0.0319083   -0.0240826     0.133189   0.00260598
   0.0197417    0.0151856   -0.0355775   -0.0383489    0.0313576    0.0104592     0.024646   -0.0456298
    0.016885    0.0460712    -0.027637  5.03683e-05   -0.0280137    0.0475132   -0.0299018 -0.000113624
  -0.0979751    0.0637873   -0.0468282   -0.0710388   -0.0131885      0.07884   0.00439415   -0.0482247
  -0.0211824    0.0286974    0.0346432  -0.00451483    0.0243751    0.0268964  -0.00331792   -0.0345729
   0.0263057    0.0733769   0.00066822    0.0537745   -0.0456847    0.0087301    -0.048124    0.0284516
   0.0513843    0.0985043    0.0435114    0.0294604    0.0241409    0.0578391    0.0289119    0.0144327
    0.136948   -0.0517656    0.0741635    0.0464947  -0.00308128   -0.0517436    -0.027225  -0.00439743
  -0.0232086    0.0690293   0.00809498   -0.0406176   -0.0174785    0.0314641   -0.0931725    -0.064687
   -0.115271   0.00444476   -0.0444266    0.0199889    0.0574328    0.0450093    0.0491844   -0.0504687
   -0.107067    0.0215218  -0.00240751    0.0135261    0.0476692     0.108945    -0.042379   -0.0295944
  -0.0791367    0.0772938     0.112628    0.0241214   -0.0853065     0.110569    -0.112651  -0.00112722
    0.107353    0.0204213    0.0449154   0.00864312  -0.00221485  -0.00311802    -0.124041   -0.0527268
   0.0471547  -0.00428956   -0.0272402     0.034703    0.0606453    0.0403659   -0.0712627    -0.017291
   0.0247663   -0.0242411   -0.0172824   0.00661947   -0.0464772   -0.0334618   -0.0175104   -0.0590953
  0.00206343   -0.0133559   0.00452668    0.0112124    0.0195522    0.0117401  -0.00404157   -0.0158007
  -0.0269859   0.00341399    0.0339129   0.00577499  -0.00585672   -0.0209863    0.0666784    0.0361507
  0.00556486    0.0202162    0.0838213   -0.0239725   0.00288448     0.013742  -0.00400925   -0.0214718
 -0.00391277   0.00438834   -0.0271903    0.0580746    0.0238997     -0.03122   -0.0219257   -0.0427879
  0.00596712    0.0283942    0.0185482   -0.0566683     0.081418    -0.041399   -0.0539187   -0.0635359
   0.0693255   -0.0174951  -0.00569754    0.0386302    0.0109905     0.024093    0.0438924   -0.0244948
  -0.0116942    0.0275242   -0.0112944    0.0748029     0.026884   -0.0284125   -0.0531175    0.0303685
   0.0597306    0.0688526   0.00488686   -0.0297789   -0.0184353   0.00391439    0.0197887   -0.0318503
   0.0578292    0.0655553    0.0201885   -0.0521807  -0.00137666   -0.0832446   -0.0139011   -0.0121634
   0.0479877  -0.00715006    0.0296208    0.0221602 -0.000357472   -0.0132683    0.0290169   -0.0138696
  -0.0400108    0.0417285    0.0121062   -0.0384904    0.0146462    0.0654327   -0.0530379   0.00663543
   0.0494009    0.0272862   -0.0419542   -0.0537052   -0.0524276    0.0357274    0.0441563    -0.078355
   0.0472916    0.0963061     0.149657   -0.0351313   -0.0323759  -0.00461729    -0.168421    0.0280234
  -0.0468352  -0.00900183   0.00808815   -0.0643651   -0.0379438    0.0862369   -0.0877865    0.0225147
  -0.0262284    0.0673905   -0.0296394   -0.0102583    0.0492115   0.00653628    0.0454212   -0.0917098
   0.0423557    -0.022274    0.0231694    0.0658113   -0.0413749    0.0302322    0.0848308   0.00946739
  -0.0381577    0.0407742    0.0552922   -0.0162119   -0.0150261   -0.0190644   -0.0793895   -0.0325882
   0.0803676   -0.0357787   -0.0213834    0.0333455     0.027866  0.000255645    0.0560838    0.0121124
   0.0745553  0.000959896   -0.0308581    0.0755545   -0.0281826   -0.0456393   -0.0684143    0.0689319
   0.0120641    0.0119824    0.0718619    0.0145543  -0.00679145   -0.0585557    0.0137488    0.0118316
   0.0960653    0.0222429   -0.0391873    0.0615543    0.0005966   -0.0326102    0.0156119   -0.0592548
  -0.0255957    0.0291787    0.0228735    0.0170582   -0.0280722   -0.0285995   -0.0460998   -0.0138149
  -0.0320585   -0.0558012  -0.00674659   -0.0546567   -0.0167222    0.0648877    0.0181353  -0.00451967
   0.0359356   -0.0144865   -0.0435373   -0.0188236    0.0449232    0.0452253    0.0436382    0.0218898
   0.0276376   0.00207394    0.0132267    0.0622234    0.0405161     -0.10415    0.0323872  -0.00967703
   0.0184608    0.0631232     0.079956    0.0719249    0.0156654   -0.0222036   -0.0317147    0.0267291
   0.0647398   -0.0927397   0.00431816  3.48531e-05   0.00702149    0.0386962    0.0190924    -0.048928
  0.00883057   -0.0330716   -0.0139835   0.00146201    0.0620005    0.0268586    0.0730653    0.0612771
   -0.106154    0.0966001   -0.0287513    -0.115785    0.0305854    0.0325242    -0.037562   0.00846105
   0.0452391     0.048811      0.11487    0.0776886   -0.0291635    0.0464761   -0.0804534   -0.0252111
   0.0867048    0.0298024  -0.00687348    0.0535235   -0.0447469    -0.049765    0.0341861   -0.0721316
  0.00977817   -0.0256589   -0.0491048    0.0273139    0.0640098   -0.0529814   -0.0206468   -0.0365629
    0.094808   0.00765458    0.0670419    0.0212513    0.0592586   -0.0514021  -0.00516632     0.037669
    0.100879   -0.0651122   -0.0501762    0.0777027    0.0276111   -0.0102332    0.0125174   -0.0109345
   -0.108691    -0.133104   -0.0591586   0.00806539   0.00726375    0.0150709     0.109689    0.0280818
   0.0612919    0.0404122   0.00856361    0.0585222    0.0508367   -0.0353888    0.0184604   -0.0612176
   0.0796202    -0.017498   -0.0771647    0.0357911 -0.000175684     0.031127    0.0861121   -0.0486808
  -0.0671333     0.029192    0.0565644   0.00351211   -0.0175964   -0.0380474    -0.101697   -0.0520637
  -0.0492709    0.0523047    0.0786136  -0.00873002   -0.0341897   -0.0384283    -0.105718   -0.0165182
  0.00355788   -0.0960761   0.00602833    0.0299605    0.0149781    0.0202563    0.0986644      0.06686
 -0.00885888   -0.0112873   -0.0495767    0.0250705    0.0189714   -0.0319342    0.0283021  -0.00274315
   0.0873437   -0.0193272   -0.0738959    0.0505762  4.32749e-05   -0.0663437     0.122547   -0.0648281
 -0.00698987   -0.0551836   -0.0644409    0.0378203     0.013779   0.00181516   0.00147258   -0.0158657
   0.0581763    0.0672629  -0.00668349     0.124526   -0.0655022   -0.0379261    0.0230054   -0.0233978
  -0.0336417    0.0156642     0.041572   -0.0327937   -0.0442418   0.00063578   -0.0430955    0.0458336
 -0.00382942    0.0147718    0.0798466    0.0807644   -0.0395174   -0.0863939    0.0323519   -0.0459811
  -0.0627036   -0.0387983    0.0449319    0.0500263   -0.0291539   -0.0377867    0.0421092   -0.0752286
   0.0456026   0.00960651   -0.0432443   0.00639387    0.0631984   -0.0193467    0.0999361   -0.0623995
   0.0724141    -0.176989    -0.104718     0.109882    0.0592316   -0.0545178     0.142603    0.0153989
   0.0715944   -0.0215063     0.022802    0.0802116   -0.0250347   -0.0418446      0.11782    0.0699192
   0.0877228    0.0598322   -0.0302447    0.0775235   0.00446973  -0.00172499    0.0480841   -0.0159251
   0.0577262    0.0276409  -0.00310245    0.0644102   -0.0431039   -0.0368076  -0.00491021     0.028521
  0.00991698  -0.00532392   -0.0471024   -0.0698013    0.0286944   -0.0659418    0.0615451   -0.0734882
  -0.0992214   -0.0355205     0.006245   -0.0457921   0.00795484    0.0222984    0.0203314   0.00783782
  -0.0498618    0.0890435   0.00200821   -0.0467289    0.0283459   -0.0072356    -0.064818   -0.0494197
    0.102511    -0.052364   0.00366829    0.0462352   0.00460445    -0.104467     0.143392   -0.0203468
  0.00292902     0.111872    0.0616104    0.0353014    0.0128259  -0.00741838    0.0286054   0.00577666
   0.0353361    0.0439305    0.0802955   -0.0330807   -0.0387082    0.0139902  -0.00771535   -0.0163339
   0.0172299   -0.0212723    -0.030105     0.110533   -0.0418705   -0.0837213    0.0883573  -0.00668078
  0.00034918   -0.0156356    0.0692678   -0.0356595    0.0168886    0.0206117   -0.0330085    0.0574441
  -0.0941619    -0.013347   0.00920449    -0.130684   -0.0231406     0.044178   -0.0893946    0.0298076
  -0.0327595  -0.00215732    0.0854406    0.0219637   -0.0364631    0.0103059    -0.057887   -0.0110112
   -0.042431   -0.0569497   -0.0689647   0.00855992    0.0154641    0.0438736    0.0687187  -0.00805017
  -0.0573619    0.0364792    0.0386751   -0.0297177   -0.0373551    0.0287882   -0.0355085    0.0342226
  -0.0302201   -0.0538931   0.00186809    0.0364395    0.0324995   -0.0325086   -0.0144387    0.0630593
   0.0491434    0.0355982    0.0365422   0.00179432   -0.0237068  -0.00300207   0.00622256  -0.00891435
   -0.113426      0.07253     0.057678   -0.0285604    0.0309299    0.0425713   -0.0950586   -0.0756931
   0.0174483    0.0141454  -0.00760647   -0.0572549   -0.0410321   -0.0555371   -0.0232413   -0.0911572
    -0.18277    0.0236223   -0.0238726     -0.14823    0.0250977    0.0838623    0.0225813   -0.0271987
  -0.0468856   -0.0287689   -0.0193315   -0.0570135   -0.0540618    0.0132193   -0.0180494   -0.0219905
  -0.0201862   -0.0126217   0.00647269    0.0593702    0.0252735  -0.00533708    -0.149115     -0.07316
  -0.0180832    0.0718585    0.0892122   -0.0716637  -0.00603251    0.0875225   -0.0831339    0.0337476
  -0.0366413    0.0257142   -0.0174793   -0.0561918   0.00652119    0.0301902   0.00542693  -0.00497782
   0.0596204     0.044325   -0.0449906   0.00237071   0.00239638    0.0378111   -0.0114609   -0.0578021
  -0.0375103  -0.00374825    0.0122786    0.0746189    0.0252484   -0.0546608   -0.0225397   -0.0170405
    0.131245    0.0215531   0.00610785     0.031371     0.053413     -0.10467    0.0348295   -0.0112579
  -0.0857947 -0.000111809     0.101529    -0.036136    0.0311309    0.0928173   -0.0840566   -0.0306675
  -0.0454938    0.0304447    0.0438696    0.0472993    0.0240403    0.0277452  -0.00110918  -0.00823222
    0.125874    0.0271364   -0.0141923     0.113584    0.0559453   -0.0651903     0.100481   -0.0236781
   0.0712231   -0.0669835   -0.0922294  -0.00374207    0.0456529   -0.0210226     0.158686    0.0158874
  -0.0102149    0.0196438    0.0278465    0.0302024   -0.0228399   -0.0261581    0.0607091    0.0360516
  -0.0725796    0.0170824    0.0263738   -0.0367806   -0.0550019    0.0671922  -0.00622372   -0.0763658
   -0.136894    0.0158908   -0.0498936    0.0333267    0.0113679    0.0219355     0.033084    0.0184701
  -0.0453872   -0.0251797    0.0124792   -0.0149593    0.0917176   -0.0422685    0.0794082    0.0159201
  -0.0131221   -0.0319127 -0.000237486    0.0111265    0.0375842  -0.00303826   -0.0423266    -0.029152
  -0.0332132     -0.01577      0.03005    0.0883621   -0.0390698    0.0307677     0.039558    0.0673575
  -0.0222053   -0.0376914    0.0580434    0.0283853   -0.0187521   -0.0343668   -0.0313284   -0.0072081
   0.0080159     0.038033   -0.0705971    0.0108718   -0.0302305    0.0429658  -0.00860169  -0.00505862
   -0.104749    0.0515467    0.0612424   -0.0846671   -0.0683442     0.060725   -0.0992576   0.00744052
  -0.0840046    0.0933942   -0.0460008   -0.0551213    0.0218657     0.052842    0.0147604     0.026397
   0.0992426    0.0621495   -0.0128921    0.0263176    0.0586873   -0.0082176   -0.0334473    -0.104165
   -0.172028    0.0507603   -0.0453365    -0.125467  -0.00184558     0.130339   0.00464045   -0.0618321
      0.1941    0.0757322    0.0983476     0.134154    0.0569672     -0.12806   -0.0129347    0.0253879