   0.0689463  -0.00106952    0.0569467     0.123312
   0.0475654   -0.0220016   -0.0886614   -0.0414671
   0.0329021    0.0200301   -0.0080458    0.0518482
  -0.0476827    -0.062175    -0.025359    -0.042673
   -0.200415    0.0425273    -0.155574    -0.141949
   0.0837704    0.0372136    0.0482417   -0.0114368
   0.0966917    0.0397063   -0.0189518   -0.0124608
  -0.0973023   8.4049e-05    0.0432251   -0.0804913
   0.0774302     0.132506  -0.00343632     0.116933
  -0.0027799    0.0831059    0.0176262  0.000256684
   0.0557079    0.0858636   -0.0706555    0.0191912
  -0.0744288   -0.0308695   -0.0246083   -0.0718314
   0.0252291 -0.000720524   -0.0592561   -0.0622689
    0.013796   -0.0294834    0.0431416    0.0386815
 -0.00693175    0.0109633   -0.0955241   -0.0953443
   0.0921999      0.06111    -0.031845    0.0632219
   0.0502169     0.143836   -0.0570618    0.0542901
 -0.00830439    0.0921487   -0.0590996   -0.0184754
   -0.189687   -0.0924334    0.0376561    -0.173874
   0.0262548    0.0630271   -0.0976369   -0.0196736
    0.120006   -0.0288315   -0.0321421    0.0373464
   0.0468023    0.0784141   -0.0968892   0.00797925
   0.0957566   -0.0168604   -0.0047831    0.0059213
   -0.105931    -0.190918    0.0272129   -0.0253787
   0.0917827   -0.0208815    0.0347537   -0.0214522
 -0.00429651    -0.119027    0.0207671    0.0329865
 -0.00988228     0.124851   -0.0526899   -0.0378881
  -0.0705501     0.245199    -0.235468     -0.17771
   -0.183482   -0.0602373   -0.0813762    -0.190342
 -0.00307726   -0.0092265    -0.116849   -0.0117208
   0.0258044   -0.0803857    0.0812208 -8.78058e-05
   -0.109851    -0.105926    0.0400054   -0.0284645
  -0.0472217   -0.0243485   -0.0145533    0.0410588
   0.0800645  -0.00879312   -0.0574175    0.0636131
    0.104456   -0.0749658    0.0522185     0.146476
     0.19508      0.12309    0.0407453     0.158855
   0.0898869    0.0222713      0.14282    0.0390696
 -0.00203294    0.0529771    -0.057942    0.0612565
  -0.0821354    0.0472643   -0.0320456   -0.0682668
   0.0680838    0.0160436   0.00725003  -0.00228408
   0.0148706    0.0392221    0.0536261   -0.0155656
   0.0365074   0.00718595    0.0242565    0.0612517
  -0.0400487   -0.0131676   -0.0219186    0.0411318
   0.0145084    0.0141038   -0.0378785    0.0281838
    0.179664   0.00890711    0.0641533     0.187934
   -0.108926    0.0436329      -0.1103    -0.133288
   0.0758494   -0.0454457    0.0382236  -0.00737556
   0.0779422    -0.112289     0.121212     0.148439
    -0.12214    -0.102905    -0.116331    -0.074334
 -0.00989857    -0.100884    0.0204438   -0.0446081
    0.169051    -0.074739    0.0318751     0.111371
  -0.0585363   -0.0819413    -0.017198   -0.0167608
    0.113836  -0.00433592    0.0380671  -0.00476948
  -0.0594244  -0.00850764   -0.0283348   -0.0619479
   0.0155944   -0.0178479    -0.131483    -0.129626
    0.064947    0.0503746   -0.0611134     -0.03185
   0.0889875    0.0445454    0.0273787    0.0120309
    0.014306    -0.107837    0.0435715    -0.048701
  -0.0435844    -0.159043   -0.0412072  -0.00265395
   0.0865748   -0.0158073   -0.0826784    0.0579225
   -0.112166   -0.0809331 -0.000519904   -0.0510755
   0.0317649   -0.0491037      0.16346    0.0724992
  -0.0416735    -0.102855   -0.0113118  -0.00380185
   0.0044381   -0.0624068    0.0791177    0.0975227
    0.134311  -0.00736719    -0.043043    0.0350648
   0.0771025   -0.0405296    0.0659431    0.0924464
     0.10107   -0.0404599   0.00138888    0.0618867
   0.0540731    0.0764269     0.125048    0.0671713
   0.0534741    0.0691679    0.0152794    0.0233795
   0.0652866     0.156804   -0.0499538    0.0618253
  -0.0917675    0.0520326    -0.205842    -0.149789
   0.0776911    0.0327579  -0.00131829     0.135554
    0.116011   0.00761795     0.040402     0.075025
     0.12284     0.107778    0.0902307     0.145091
   -0.162245    0.0388002    -0.119925    -0.165315
  -0.0346395   -0.0685264    0.0780938    -0.109785
     0.13689   0.00829714    0.0806676    0.0163706
    0.063067     0.106675  3.13752e-05     0.129742
  -0.0733511    0.0238129   -0.0215578  -0.00331829
   0.0288794   -0.0287834    0.0185487      0.12151
   -0.128538    -0.094305   0.00029832    -0.113487
    0.198248   -0.0341238     0.117824     0.158558
   0.0793133   -0.0531354    0.0957931    0.0280387
  -0.0297433   -0.0658097     0.125235  -0.00410651
   0.0853123    0.0162658    -0.009381    0.0566563
  -0.0492573   -0.0339745   -0.0674598   -0.0411101
  -0.0145829   -0.0883258    0.0897402   -0.0663465
    0.073164   -0.0451157    0.0372061     0.031639
  -0.0550276    -0.145709    0.0514773   -0.0366677
   -0.053156     0.106895    -0.055137    -0.091199
   -0.034598     0.080556    -0.130514  -0.00965815
 0.000960126     0.172871    0.0282756    0.0353896
   -0.108205    0.0307409    -0.131734    -0.202903
   0.0464155  -0.00617771   -0.0500145     0.135936
  -0.0612043     0.111867   -0.0590924   -0.0531009
   0.0720992   -0.0677669    0.0212498    0.0700386
  -0.0223179    -0.197515     0.109607    0.0146366
  0.00540604    0.0454823   -0.0226557    0.0753344
  -0.0117763   -0.0278709    0.0112324   -0.0378257
    0.157946     0.114165    0.0177271     0.081715
   -0.191274   -0.0588979   -0.0683391    -0.121463
    0.124789    0.0237423   -0.0341587    0.0644787
     0.10155    0.0702726    0.0347278    0.0507579
    0.121101  -0.00282796    0.0606079     0.132786
   0.0517463   -0.0723366    0.0827087      0.05398
  -0.0435228   0.00980924   -0.0721813   -0.0303494
   0.0391296   -0.0100773    0.0218915  -0.00354242
 -0.00580007    0.0697012   0.00651227   0.00210158
  -0.0753361     0.154209    -0.106337    -0.116949
   0.0671609     0.117077   -0.0929505    0.0572071
  0.00144664     0.101649   -0.0473503  -0.00877478
  0.00845796    -0.169315    0.0304551    0.0415434
   0.0694906    0.0966873   -0.0155444    0.0336548
   0.0320742    0.0453762    0.0306898   -0.0461432
    0.162191     0.040678    0.0025663    0.0330397
 -0.00255713    -0.121699   -0.0386992   -0.0108712
  -0.0211582   0.00529359      0.12331   0.00245231
   0.0115463    0.0491067    -0.104208   -0.0165943
   0.0568114   -0.0359482   -0.0456009    0.0341342
   0.0797977   0.00790636     0.139778     0.143249
  -0.0865028    -0.152455    0.0369942   -0.0723741
    0.121372     0.100434     0.023231     0.075354
   -0.150322   0.00394786   -0.0375328     -0.10012
  -0.0196599    -0.116542     0.123723    0.0741624
   0.0208883    0.0942543   -0.0438641    -0.110499
  -0.0855361    0.0334639    -0.112626   -0.0851453
    0.126442   -0.0422594    0.0620223     0.120026
  -0.0685641   0.00236346   -0.0523711   -0.0784553
  -0.0902602   -0.0359745   -0.0503028    -0.101916
   0.0836215     0.020744    0.0398437     0.148514
   0.0869566   -0.0568539    0.0871159    0.0878637
    0.145601    0.0704036    -0.089127    0.0369729
  -0.0800603   -0.0525063    0.0765616   0.00559069
    0.112081   -0.0437065     0.123863     0.138944
   0.0776214   0.00958946    0.0558898   0.00507011
  -0.0275902   -0.0620758     0.138093   -0.0873299
   0.0019796   -0.0824953   -0.0015201   -0.0286652
   0.0678657   -0.0226017   0.00528987    0.0061719
   -0.131434    -0.093484    0.0103751   -0.0763495
   0.0620463   -0.0391615   -0.0846336  -0.00223273
  -0.0326242    0.0224372    0.0147211   -0.0662907
    -0.17871    -0.227858     -0.01101    -0.133219
   0.0864349   -0.0307872    0.0623189    0.0137118
   0.0794729     0.130706   -0.0496886   -0.0390594
  0.00940356   -0.0364257    0.0819608 -0.000560863
 0.000745312   -0.0765359     0.087538  -0.00526069
    0.115792    0.0436704   -0.0763543   -0.0445809
  -0.0539635   -0.0564892    0.0597346  -0.00619702
   0.0241053     0.030836    0.0718417    0.0197377
  -0.0455483   -0.0511037   -0.0519967    0.0118114
    0.112653    0.0256499    0.0483107    0.0745799
    -0.15112  -0.00744614    -0.153211    -0.167546
   -0.134005   -0.0796652    0.0520913     -0.10278
  -0.0615196   -0.0775073   -0.0565763   -0.0461046
   0.0912395     0.163495    -0.060775    0.0603871
   -0.175275    0.0317326   -0.0878064   -0.0919253
    0.107794     0.134637    -0.114927   -0.0467181
  -0.0779668   -0.0110278    -0.093634   -0.0642299
  -0.0154215    0.0543936     0.051378    0.0881699
   0.0179731   -0.0223181    0.0003774    0.0433374
   0.0763009     0.175184     -0.12348    0.0337088
  -0.0602622    0.0954105   -0.0489274  -0.00738556
   -0.220954    -0.162803    0.0418056   -0.0805529
   0.0262744     -0.12607    0.0714228   -0.0565942
   0.0868385   -0.0368753    -0.141151    0.0192098
  -0.0883658     0.128259    -0.165143    -0.102244
    0.127187    0.0929198    0.0973441     0.016674
  -0.0500953   -0.0456327    -0.031982    -0.147659
   -0.204237  -0.00797695   0.00643501    -0.187327
   0.0315016    -0.101859    0.0208225     0.130114
   -0.045642   -0.0657904    0.0770144   -0.0990908
   -0.104401      0.12075     -0.22141     -0.18065
   0.0117102    -0.052531    0.0890357  -0.00335053
  -0.0197776   -0.0122337    0.0589599    0.0542037
    0.035772   -0.0818835   0.00375468    0.0984989
   0.0521075    0.0147001   0.00206766   -0.0431814
   0.0167377    -0.107289     0.124769    0.0828073
  -0.0393012   -0.0325814   0.00216173    0.0453756
  0.00323544     0.205498     -0.11147   -0.0904938
  -0.0996336    0.0254563    -0.103271    -0.171685
   0.0976142    0.0986981   -0.0207428    0.0782139
  -0.0136822   -0.0091202    -0.191416   -0.0475297
  -0.0375515   -0.0265254    -0.023299    -0.100534
    -0.01315    0.0452654   -0.0142954    -0.145964
  -0.0446867   -0.0629119    0.0152052    -0.064656
  0.00689425   -0.0549064   -0.0354872   -0.0105837
   0.0349582    0.0191468   -0.0580836     0.105329
    0.065314   -0.0244434    0.0173416    0.0781338
  -0.0301888   -0.0727328     0.104667     0.117428
    0.015932     0.114752   -0.0168178   0.00697243
  -0.0908614    -0.079189    0.0387431   -0.0109427
    0.190005    0.0484554    0.0059513    0.0918378
   -0.066305    -0.020541    0.0101966   -0.0708857
  -0.0296877    -0.155506    0.0471801    0.0107061
   0.0596516    0.0990627   -0.0818334   -0.0367995
    0.193257     0.194251   -0.0354077     0.191877
    0.222865     0.108398    0.0219688     0.115137
    0.081345    0.0443866    0.0424292    0.0846265
   0.0580173    -0.077597    0.0302318    0.0718697
   0.0901499    0.0314766    0.0391282    0.0474303
   0.0163895    0.0322431    0.0657702    0.0363423
   0.0869388   -0.0810328    0.0753533    0.0814192
  -0.0332594    -0.132911   0.00884897    0.0651109
   -0.141844    0.0158364   -0.0499318   -0.0804446
   0.0825957    0.0482699    0.0477593    0.0918883
  -0.0110606     0.135598     -0.10072   -0.0637394
   -0.150807    -0.109928    0.0976728   0.00207219
   0.0442061     0.097614   -0.0221019   -0.0332066
   -0.104968    0.0470438    -0.110551    -0.150203
  0.00164881    0.0631864   -0.0814834   0.00147187
  -0.0145953  -0.00895431   -0.0705964   -0.0222006
  -0.0616866     0.171661    -0.175598    -0.234555
    0.267834   -0.0584912     0.169576     0.291417
  -0.0335338     0.164119   -0.0463177     -0.12172
    0.168944    0.0415544     0.134269     0.141355
   0.0972187    0.0193542   -0.0191383    0.0883543
  -0.0789233    0.0860496  0.000236604   -0.0509351
    0.029126   0.00145105    0.0767361   -0.0076873
   -0.128991   0.00304454   -0.0544806     -0.12808
  -0.0458214  -0.00621469  -0.00593524   -0.0133056
  -0.0573204     0.040911   -0.0418582    -0.132697
 -0.00744851  -0.00300778   -0.0522628   -0.0810303
  -0.0831316    -0.115159     0.005883    -0.130577
    0.143533     0.036886   0.00656589    0.0504082
   0.0729001   0.00498314   -0.0726239    0.0739485
   -0.154895   -0.0541612   -0.0772418    -0.134736
   -0.141068    0.0549822    -0.150237     -0.10647
   0.0238875    0.0804159    0.0872191   -0.0509492
   -0.186548    0.0652082    -0.159441    -0.162883
  -0.0125234    0.0761039   -0.0232653   0.00434992
  -0.0443924     0.105721   -0.0643663  -0.00998028
  -0.0801479    0.0266417   -0.0458031   -0.0419745
 -0.00663069   -0.0491141   -0.0496901    0.0458469
  -0.0744852   -0.0685676   -0.0219788   -0.0584079
   -0.017685    0.0495465   -0.0256391   -0.0533637
 -0.00178445   -0.0086915    -0.076042   -0.0398713
  -0.0185421    0.0595335    0.0340635    0.0617174
   0.0946179    0.0871193    0.0420629   0.00272181
   0.0460319   -0.0336865   -0.0537199   -0.0581822
   0.0446418   -0.0421292   -0.0182885  -0.00134882
   0.0209382   -0.0381235   -0.0855371   -0.0940951
  -0.0409056   -0.0616036   -0.0607677    0.0210817
   0.0852995   -0.0308662    0.0371605    0.0617625
   0.0402356    0.0569494    0.0100845    0.0733467
  -0.0930409    0.0666981    -0.182539    -0.146251
  -0.0985174   -0.0257967   -0.0857129   -0.0556561
   0.0182717    0.0275561    0.0131954    0.0510444
   -0.203205     -0.13074   -0.0569364    -0.122356
    -0.12179   -0.0709222    -0.077167    -0.184391
   -0.197012    -0.110421  -0.00679719   -0.0810253
   -0.134943     -0.19388   0.00787761   -0.0300265
   0.0367093    -0.144955     0.132686    0.0860941
   -0.113088    0.0375708    -0.120537    -0.127396
  -0.0144281   0.00194428    0.0708185     0.087161
    0.108091    0.0247686     0.126105     0.124459
   0.0953458     -0.06228     0.108589    0.0326006
    0.111147   -0.0271595     0.122311     0.198955
   -0.109954     -0.12032    0.0600131   -0.0801293
    0.035522    -0.136144     0.120861     0.143406
 -0.00813804   -0.0255684    0.0624623   -0.0102189
   0.0757745   -0.0119944    0.0772747    0.0587129
  -0.0547863     0.169666    0.0140305    -0.143126
    -0.06954    -0.348713     0.125802     0.115694
   0.0953838      0.13546    0.0343627     0.121974
   -0.021273    0.0314139   -0.0506282   -0.0519172
   0.0872566    0.0233282   -0.0306614   -0.0395871
    0.178429    0.0847921     0.116624    0.0977103
  -0.0632806    0.0644226   -0.0826988   -0.0746214
    0.044612    -0.204029    0.0633708    0.0762758
  -0.0432834    0.0594059    -0.118073     -0.11437
   0.0260991    0.0781948    -0.104875    0.0418281
    0.100309    0.0927187    -0.111167    0.0365636
   -0.126707   -0.0689612   -0.0760238    -0.148031
    0.129289    0.0749231   -0.0488973    0.0474863
   0.0201953    0.0809814    -0.140578  -0.00488939
    0.241137  -0.00728863     0.159225     0.174476
   0.0417081  9.61616e-05    0.0665135     0.114745
   0.0824049   -0.0204876   0.00220355    0.0122156
   0.0286203    0.0644643   -0.0578341    0.0164612
   0.0637042    0.0868036    0.0302557    0.0248999
 -0.00106075    0.0900571    -0.121095   -0.0275127
   0.0530923    0.0575116     0.029664    0.0763827
  -0.0488249    -0.154061    0.0998375    0.0507983
    0.022621     0.100257    -0.094347   0.00672817
   0.0436042   0.00147512   0.00439839    -0.014377
  0.00949021   -0.0175883     0.019711    -0.021443
   0.0263765    -0.128707     0.163367   -0.0159818
  -0.0359804   -0.0665239    0.0686502   -0.0563066
   -0.024171    -0.058336    0.0125942     0.066265
    0.055873    0.0489913    -0.083142     0.028762
   0.0275366   -0.0534083    0.0344129   -0.0267997
  -0.0165627   -0.0627079    0.0325201    0.0243745
   0.0170205    -0.127801      0.17634    0.0656466
   0.0286575   0.00132425    0.0737198    0.0870599
   -0.127604     -0.11436   -0.0709063    -0.193016
  -0.0821922    -0.083118    0.0740406   -0.0568404
  -0.0335527    -0.160793    0.0906314   -0.0390051
  0.00719364    -0.159709    0.0135728    0.0151608
   0.0373366     0.126746   -0.0291752   -0.0214555
  -0.0541545   -0.0602102    -0.118028   -0.0707646
 -0.00298101     0.130322     -0.14331   -0.0817369
  -0.0719481   -0.0360817   -0.0319965    -0.069873
  -0.0427968  -0.00187371   -0.0775561    -0.058624
    0.219614     0.099852    0.0101141     0.080452
    0.116238     0.198739   -0.0871585  -0.00251186
   0.0229785   -0.0504731     0.101973    0.0450696
  -0.0967169    -0.190243   -0.0524901   -0.0209284
   0.0871296    0.0929094   -0.0907834   -0.0205638
  -0.0485408    0.0135875    0.0244553   -0.0152338
    0.029441    0.0752793    0.0386391     0.037589
   0.0260439    0.0348103    0.0485329     0.104296
  -0.0435438    0.0111649    -0.035952    -0.023673
   0.0285874    0.0296523    -0.040379    0.0363971
   0.0375153    0.0490713   -0.0161549     0.064562
    0.156579   -0.0565053    0.0477715    0.0842841
   -0.030596    -0.032429   0.00680222   -0.0274369
   -0.106696   -0.0589367     -0.11057   -0.0496637
  -0.0737119    0.0649311    -0.108489    -0.113009
   0.0373557   -0.0947628    0.0477699   -0.0219804
    0.118502   -0.0985355    0.0683901    0.0982868
  -0.0204064    0.0754269    -0.131693   -0.0422733
   0.0632584    0.0708045   -0.0375276   -0.0176297
  -0.0352347   -0.0722596   -0.0283877   -0.0961644
    0.129586   -0.0639345    0.0445366     0.132381
   0.0454174      0.14958   -0.0469097   -0.0147076
   0.0458017     0.111067   -0.0448856    -0.101282
   0.0431106    0.0215077    -0.049375    0.0262269
 -0.00195877     -0.10352    0.0310478     0.010092
   -0.118595     0.109082    -0.101618    -0.122997
   0.0857916    0.0640225    -0.123138   -0.0138179
 0.000695659    -0.029217     0.106437    0.0925007
  -0.0200299   -0.0813821    0.0330606    -0.013757
   0.0806411    -0.043627   -0.0376984    0.0124759
   0.0100149   0.00856189   0.00610322    0.0880833
  -0.0830724    0.0280591   -0.0345447   -0.0496525
    0.104315     0.102512   -0.0140625     0.135254
  -0.0321681    0.0291919    0.0217328    0.0378958
    0.147517    0.0585105   0.00834423     0.062302
    0.123484    0.0161866   0.00324001    0.0786346
   -0.185313   0.00737688     -0.15535    -0.249594
  -0.0824699  -0.00825992     0.044402    0.0258576
 -0.00414903     -0.08196    0.0228461    0.0291693
  -0.0273004      0.15514    -0.198543   -0.0892142
  0.00822533    0.0214654     -0.12646    0.0059229
   0.0109124   -0.0447402    -0.112562   -0.0326821
    -0.10417   -0.0527653   -0.0182612   -0.0671739
   0.0257478   -0.0957772     0.115233    0.0910621
  -0.0243154     0.030267   -0.0221785   -0.0509008
  0.00577318   -0.0306555   -0.0468743    0.0181798
  -0.0383616   -0.0328368    0.0161001    -0.078285
   -0.106144    -0.112956   0.00400942   -0.0379472
   0.0452572   0.00484893    0.0381437    0.0231598
    0.122498    0.0819294   -0.0464038    0.0717191
   0.0385878    0.0355681   0.00734286  -0.00290709
    0.058989    -0.124393    0.0760321    0.0133967
   -0.208335    0.0206625   -0.0298302    -0.171172
  0.00121268    0.0308199   -0.0605784    0.0466148
   0.0659628   -0.0924032    0.0113514    0.0793658
  -0.0305275    0.0453167   -0.0433188    0.0389543
   -0.257229    0.0177766    -0.106631    -0.132127
    0.119529   -0.0489802     0.015676     0.118983
   -0.158662   -0.0992364   -0.0881744    -0.151632
  -0.0212787    0.0484115   -0.0381539   -0.0919007
    0.142768   -0.0579405     0.216272    0.0739122
  -0.0631015   -0.0549785    0.0824228    -0.082287
  -0.0563839    -0.102421 -0.000247106    -0.166713
  -0.0516803    -0.230508     0.012276    -0.010558
  -0.0497647   -0.0325609   0.00168873   -0.0334454
   0.0465632    0.0952554    -0.135036  -0.00115731
    -0.18154   -0.0159027    -0.120431   -0.0239556
   0.0401103  -0.00798346   -0.0244777  -0.00217721
  -0.0872866    -0.175166     -0.05583   -0.0924399
  0.00814417    -0.160447     0.148669    0.0603014
   0.0850771    0.0719106    0.0457761      0.11387
     0.17725   0.00629899   0.00456493     0.104825
    0.115973    -0.084418    0.0980493     0.149246
  -0.0108411   -0.0786257    0.0752422   -0.0223772
   0.0187057    -0.045109    0.0451005  -0.00652423
  -0.0891035   -0.0851236    0.0186329   -0.0580812
    0.208925    0.0461431    0.0566861       0.1451
   0.0947672   -0.0313536    0.0459625    0.0528165
  -0.0428995     0.174253    -0.106082   -0.0611767
   -0.013883    0.0552366    -0.135717   -0.0858221
    0.166124    -0.103101    0.0999227     0.167189
   0.0695211    0.0884887     -0.13906   -0.0239916
   0.0744722    -0.100576   -0.0208176    0.0861478
  -0.0470951    -0.112151   0.00878711   -0.0638117
    0.109601   -0.0942111    0.0379181    0.0389614
  -0.0807758    -0.229053     0.142128    -0.019096
   0.0723127   -0.0151865    0.0245708    0.0837604
   0.0384465   -0.0051528   -0.0669396    -0.079746
   0.0418419   -0.0168977    0.0252378     0.158714
  0.00216184   -0.0774122    0.0947184   -0.0559138
  -0.0788693    -0.143162    0.0423299   -0.0617591
   0.0820248   -0.0111129    0.0364663     0.048836
   0.0425868   -0.0804236     0.132008     0.115337
   0.0960982    -0.060596     0.020348    0.0302867
    0.184684   -0.0535934     0.059396     0.165822
  -0.0103818     0.141826    -0.175551    -0.063379
   -0.104251    -0.160923     0.173185    0.0336803
  -0.0432256   -0.0177651   -0.0116467   -0.0472443
   -0.140142   -0.0207804    -0.110051    -0.132019
  -0.0573081    0.0450151    -0.151106   -0.0898216
   0.0335535    0.0304637    0.0697818     0.120149
  0.00450417  -0.00266957    0.0129306   -0.0722716
  -0.0329454    0.0354943 -0.000362781   -0.0604391
  -0.0750481  -0.00892239    0.0561881   -0.0103321
  -0.0344643    0.0399894   -0.0223283   -0.0589895
    0.141214    0.0324282    0.0813498     0.111313
    0.100149   -0.0317092     0.013406    0.0551461
    0.103575   -0.0260379     0.104101    0.0982216
   0.0893588    -0.169506     0.241674     0.206242
    0.136819    0.0457577   0.00897584   0.00770351
   0.0546067  -0.00244402    0.0411425   -0.0405409
  -0.0154182   -0.0269868   0.00550118   0.00717342
   0.0928803   -0.0700864    0.0686238    0.0568342
   -0.169213     -0.12633    -0.114655    -0.107062
   0.0335622  -0.00308593   -0.0100929   -0.0182789
  -0.0355542   -0.0393743   -0.0177139    -0.035779
   -0.217556    -0.235875    0.0342558    -0.212426
  -0.0216592    -0.181332   -0.0135255   0.00314428
 8.50078e-06    0.0856742     0.012945   -0.0411436
  -0.0334508   -0.0760994    0.0332877    0.0848108
  -0.0361041   0.00144628     0.116353    0.0124489
   -0.110882     0.122582   -0.0507057   -0.0457221
   0.0516337    0.0774666    0.0297715     0.133646
  -0.0248264   -0.0879831  -0.00643494   -0.0789528
    0.198381     0.056715     0.102273     0.124954
  -0.0332154   -0.0840582    -0.118328   -0.0615694
   0.0421354    0.0819171   0.00367376    0.0801883
  -0.0604743   -0.0481902  -0.00305085   -0.0151118
   0.0120509    -0.173936    0.0626409   0.00373612
    0.147791    -0.050856    0.0663716    0.0195856
  -0.0615593   -0.0867826     0.082906   -0.0123811
   -0.129428     0.177022    -0.151033    -0.153348
   0.0545615    0.0236938   -0.0240382  -0.00632804
  0.00990102     0.103052    -0.129134   -0.0970123
    0.128057       0.1264   -0.0637169     0.123683
   -0.105254   -0.0574714    0.0384068   -0.0524655
 -0.00509607   -0.0912469    0.0130264    0.0676034
   0.0086728   0.00784582    0.0204508   -0.0275288
  -0.0480231    -0.189028    0.0253861    -0.100774
   0.0158418    -0.117494   -0.0139254   0.00840181
   0.0450502   -0.0215271     0.109651     0.102101
  0.00286798    0.0610744    -0.107888    -0.064385
   -0.138634   -0.0714226    -0.173955     -0.16963
   0.0873785   0.00420149    0.0051415    0.0218893
   0.0702216    0.0251575    0.0998222    0.0428699
   0.0916499    0.0104146    0.0569993    0.0439971
   0.0520953    0.0396047   -0.0360941   -0.0283366
  -0.0971853    0.0937839   -0.0686189    -0.108361
   0.0374978  0.000647987    0.0308472    0.0144926
   0.0168545    0.0954334   -0.0755122    -0.026753
  -0.0386937     0.076458   -0.0635566    -0.102569
     -0.1877    0.0645532    -0.107995   -0.0482279
    0.105105     0.128649    0.0852024   0.00774695
   -0.136759   -0.0232096   -0.0358893    -0.190357
  -0.0497251   -0.0608461     0.141688   -0.0504453
   0.0999181    0.0659959   -0.0468986    -0.038979
  -0.0179593   -0.0164064   0.00881346    0.0339112
    0.131183     0.112735   -0.0826498    0.0584256
  -0.0932902    0.0528784   0.00266856    -0.128161
   0.0152393   -0.0794175    0.0739948    0.0498759
  -0.0657527   -0.0585919   -0.0596383   -0.0268365
  -0.0362651    0.0463968   -0.0645601   -0.0261581
  -0.0749247   -0.0784871    0.0130488    0.0112096
  -0.0227333    -0.046189   0.00730525   0.00648175
    0.125533      0.19362     0.105116   -0.0231578
  -0.0249986    0.0655929  -0.00652226   -0.0151558
   -0.040558   -0.0629198    -0.067106    0.0359178
   -0.028373    0.0742924    0.0250354   -0.0146606
  0.00738367     0.225717    -0.212741   -0.0255464
   -0.270413      -0.1258   -0.0272449    -0.244786
   0.0524509   -0.0233894    0.0693572    0.0985796
  -0.0543557    0.0694777   -0.0738079    -0.160781
  0.00463845   -0.0170514   -0.0545757   -0.0629475
   0.0856499   -0.0247745     0.100219     0.151028
   0.0149125    0.0943547   -0.0749977   -0.0122783
    0.010548    0.0659352   0.00100645     0.039071
  -0.0243596    0.0732594   -0.0759166    0.0347269
  0.00645951    0.0088597   -0.0574363    0.0162288
  -0.0789388    -0.107775    0.0237178   -0.0997342
  -0.0668998     0.113431   -0.0960494  -0.00377817
  -0.0673634    0.0579494   0.00742965   -0.0736116
  -0.0479879     0.056175   -0.0906138   -0.0957701
   0.0736265   -0.0387481     0.128178     0.127105
  -0.0170151   -0.0265356   -0.0172806   -0.0174452
    0.126466    -0.065421    0.0170219    0.0541818
    0.126924    0.0170364    0.0350886    0.0589006
   0.0781708   -0.0102872    -0.044837   -0.0484205
   -0.127269     0.103693    -0.141831   -0.0447627
   -0.128337   -0.0783901   -0.0147719    -0.104376
  -0.0848617  -0.00371301    -0.112277    -0.129349
  -0.0950134    -0.110343    0.0214353   -0.0409477
   0.0331743   -0.0845356      0.08254    0.0312806
   0.0379804   -0.0283236   0.00143189     0.037168
     0.14892   -0.0874054    0.0544625     0.139236
  -0.0458254   0.00722781    0.0661941 -0.000487463
  0.00729741    0.0969798  -0.00499782   -0.0350136
   0.0489209     0.128914    -0.212373  0.000235595
  0.00654117   -0.0427285    0.0018061   -0.0694382
    0.129541    0.0379411   0.00332522    0.0914305
    -0.06843   -0.0390285     0.179859    -0.133357
    0.226901    0.0524777    0.0823501     0.108824
  -0.0663858   -0.0952902    0.0475148   -0.0332821
    0.189759   -0.0297972    0.0140222     0.123702
   -0.099836   -0.0101991   -0.0296516   -0.0387904
   0.0250032    -0.104596      0.02316    0.0635433
   0.0297241      0.10754     0.111245    0.0551242
   -0.022482    0.0453215   -0.0725805   -0.0381428
   0.0780095   -0.0187701     0.165583     0.066736
    0.105445  -0.00252526   -0.0378615     0.100598