  0.00281042  -0.00211225   0.00723985  -0.00888956    0.0507969     -0.03123    0.0478471   -0.0806334
   -0.091085    0.0278683    0.0337201    -0.139908   0.00177707    0.0180044   -0.0644993   -0.0819342
   0.0668707   -0.0140842    0.0349527    0.0179083    0.0189663   -0.0219316   -0.0503008    0.0685046
   -0.110442    0.0112607  -0.00235152    0.0182184    0.0136622   -0.0320756   -0.0249357   0.00109147
   -0.026956    0.0581105    0.0114336   -0.0537405    0.0064621    -0.030087    0.0613979   -0.0335646
   0.0685678   -0.0537129   -0.0176381    0.0120222    0.0439509   0.00558906   0.00950192    0.0568406
  -0.0116525    0.0996214   0.00763348   -0.0159264   0.00274372    0.0234915   -0.0478623   -0.0273162
  -0.0674364   -0.0529686   -0.0606289   -0.0150872    0.0496763   -0.0182512   -0.0157539    0.0474568
    -0.01586     0.055524  -0.00921631    0.0667933    0.0728777  -0.00148521    0.0658687   -0.0421389
  -0.0695457    0.0429983   -0.0158146   -0.0349538    0.0527762   0.00828822   -0.0756226    0.0282771
   -0.044492      0.04322    0.0640894    0.0441325    0.0602066   -0.0252832   0.00441039   -0.0753274
    0.057503    0.0470334    -0.011709   0.00585242    0.0739348   -0.0456578   -0.0125599   -0.0205435
  -0.0258887   -0.0223762    0.0111993    -0.081692   -0.0742075   -0.0200163    0.0153636    0.0447695
   0.0557377    0.0763862    0.0144126    0.0807173    0.0440159   -0.0184024    0.0173097   -0.0669773
  -0.0457562   -0.0379995  -0.00188216    0.0150004      0.02439    0.0142631   -0.0437284   -0.0012054
   0.0335491  -0.00714393    0.0391552    0.0267291   -0.0272448   -0.0324059     0.104882   -0.0283128
   0.0382205   -0.0119273   0.00380518   -0.0100293   -0.0533985   -0.0672793   -0.0100941   -0.0122842
    0.111359   -0.0143679    0.0171135    0.0112127    0.0133107   -0.0527482   -0.0347028     0.025573
   0.0972774    0.0130824   -0.0541016     0.104327    0.0374136    -0.128022    0.0525303    0.0512234
   0.0257096   -0.0007375    0.0452784   -0.0608265    0.0215045    0.0582286   -0.0865348   -0.0317934
-0.000105609   -0.0310425   -0.0585897    0.0281065    0.0261084   -0.0649382   -0.0200488   -0.0227385
    0.038353   -0.0362656     0.032697    0.0628531   0.00437811    0.0271613    0.0746431    0.0415282
   0.0511743    0.0138626  -0.00356483    0.0422529    0.0638335   -0.0325968    -0.026592  -0.00867142
  -0.0766844    0.0216425   -0.0668977   -0.0695725    0.0403284   -0.0267981    0.0449672   -0.0705808
  -0.0100483    0.0948491    0.0314504   -0.0357134   0.00917019    0.0738357    -0.105137    -0.041787
   0.0131188   -0.0531735    0.0616154  0.000838352   -0.0406679   -0.0531964   -0.0458044    0.0162435
  -0.0558879    0.0574937    0.0802496    0.0251763   -0.0222311    0.0549904     0.004817    0.0156269
  -0.0423816  -0.00360725   0.00448811   -0.0878159       0.0545    0.0269549    0.0345562   0.00123023
   0.0527489    -0.023343    0.0132653   0.00606332     0.031324    -0.061556    0.0696679   -0.0132652
   0.0626752     0.062875   -0.0285615    -0.029365    0.0725226   -0.0669651   0.00144696  -0.00811104
  -0.0514831   -0.0238901   -0.0758013    0.0532108    0.0149889   -0.0468232     0.125392   -0.0122048
 -0.00650382     0.025284    0.0346846    0.0256883    0.0149465    0.0120746   -0.0448645   -0.0567954
 -0.00421376   -0.0113525   -0.0307634   -0.0344181   0.00386353    -0.033726   -0.0296684  -0.00573754
   0.0697301    0.0581114    0.0967158    0.0419442   -0.0344543    0.0204776    0.0745039   -0.0348372
   0.0517543    0.0600817   -0.0532105    0.0749675   -0.0252129   -0.0607827    0.0568164    0.0375968
  -0.0145191 -0.000928664   -0.0375987   -0.0565544   -0.0656661   -0.0482859    0.0652939    0.0380639
  0.00889126   -0.0555894   -0.0121497    0.0208755    0.0569978    0.0563038   -0.0604808   -0.0223255
  -0.0493756    0.0162445   -0.0689543   -0.0125302   0.00465933   0.00600331    0.0616841   -0.0238438
   0.0308266    0.0217279     0.148294    0.0101269    0.0496454    0.0848989    -0.100358   -0.0156222
  -0.0616333   -0.0197196    0.0125285   0.00655831    0.0245485   -0.0249517   0.00579169    0.0313601
   0.0116508    -0.045781   -0.0406837    0.0548929  -0.00116517   0.00193228  -0.00430872   -0.0416215
  -0.0241212    0.0556267    0.0168177   -0.0394469    0.0367193    0.0124511   -0.0150468   -0.0275881
   0.0495316   -0.0743155   -0.0933624  -0.00860743    0.0344455   -0.0141214    0.0234406   -0.0415138
  -0.0613372    0.0370728    0.0291571    0.0497782    0.0278389     0.014817    0.0988083   -0.0635335
  -0.0122144     0.063137   -0.0457764   -0.0277718    0.0127166    0.0470836    0.0500508    0.0195125
  0.00984179    0.0105925   -0.0205719    0.0658222   0.00911018   0.00441426    0.0339638    0.0137103
  -0.0571126  -0.00395115     0.014632    -0.105404    0.0374591   0.00690694    0.0764925   -0.0763489
    0.032586     0.087551   0.00106043      0.10061    0.0554468   -0.0651983   -0.0318237    -0.061639
   0.0763188    0.0426599  -0.00429606     0.115963 -0.000733666   -0.0138069   0.00733893   0.00405489
  -0.0435759   -0.0276594    0.0827201   -0.0501808   -0.0454765    0.0309023   -0.0875133    0.0432156
  -0.0335061   -0.0150678    0.0105661     -0.03484    0.0132636    -0.076876    0.0703396   -0.0242511
  -0.0487712   -0.0522412    0.0363737    0.0266306    0.0309578    0.0388344  -0.00235166    0.0300484
    0.060918   -0.0270093  -0.00344989    -0.033651    0.0281195   -0.0324712    0.0824687    0.0421839
   0.0380794    0.0330661   -0.0373635    0.0284042   -0.0228424  -0.00233353    0.0959928     0.022901
    0.123575    0.0423602   -0.0739474    0.0173594    0.0420566   -0.0313189  -0.00105034   -0.0065727
  0.00901031    0.0889632    0.0532327  -0.00950052      -0.0186   -0.0292095  -0.00772983   -0.0351762
   0.0661769   -0.0149279    0.0370361    0.0535411   -0.0116491   -0.0567177  -0.00713222   -0.0102905
   0.0357545    0.0476681   -0.0112922   -0.0231049   0.00759096     0.054161   -0.0290528   -0.0263506
   0.0835478    0.0777879    0.0515803  -0.00460867   -0.0287338    0.0278007    -0.085454    -0.039184
    0.016928    0.0980166   -0.0167471   -0.0391342    0.0539687    0.0009222   -0.0469098   0.00247168
  -0.0227523   -0.0131407    -0.018253   -0.0288632   0.00203065     0.040283    0.0480938   -0.0804105
   0.0742472    0.0201282  -0.00309976  -0.00827958    0.0134856   -0.0223435   -0.0280412   -0.0150615
  0.00461756   -0.0277475    0.0261925    0.0508986   0.00921581   -0.0539812    0.0521761    0.0332889
  -0.0262734  -0.00717939   -0.0491616    0.0116847    0.0543114   -0.0609843   -0.0252573    0.0371972
  0.00205527   -0.0364424   -0.0501218   -0.0239813  -0.00813989  -0.00548864    0.0720932    0.0392566
  -0.0612432    0.0821349    0.0206991   -0.0348967    0.0198555    0.0655081   -0.0202002    0.0123842
  -0.0376183    0.0341997    0.0776781    0.0291561     -0.03886 -0.000713829  -0.00596784   -0.0413192
   0.0166007   -0.0317695   0.00563194   -0.0245165   -0.0125548   -0.0327242   -0.0718532   -0.0218318
    0.137395    0.0626535    0.0983762    0.0439683    -0.023628   -0.0920777   -0.0615407   -0.0618796
   0.0283228     -0.03353    0.0194967   -0.0179971    0.0513794   -0.0314078   -0.0204662     0.069339
  -0.0272225   -0.0737421   -0.0551352   -0.0467877    -0.021777 -0.000913898    0.0660721    0.0163913
  -0.0453024    0.0668757   -0.0582177   -0.0472212  0.000428745   -0.0506193   -0.0108452   -0.0283515
   -0.078964    -0.014143   0.00616298   0.00811553    0.0305414    0.0806492   -0.0649975   -0.0241221
  -0.0620724  -0.00994714   0.00210145   -0.0222202   -0.0344685   -0.0308033    0.0662799    0.0391471
  -0.0264547    0.0340915    0.0485703   -0.0520941   -0.0578536   -0.0762542   -0.0119802   -0.0283459
   0.0209642   -0.0319211    0.0565741   -0.0561188   -0.0380051    0.0311372   -0.0160969    -0.041474
   -0.049623    0.0584707    0.0551266  -0.00157335    0.0284853   -0.0160919    0.0118616    0.0229266
   0.0611461    -0.062674    0.0437069  -0.00885263     0.051082   -0.0569006    0.0565646   0.00849564
   0.0253847   -0.0497116    0.0686718   -0.0925096    0.0567312     0.075301   -0.0464851   -0.0451928
   0.0367325    0.0671239  -0.00927095   0.00633826    0.0603869   -0.0234664    0.0197323   -0.0431507
   0.0701106  -0.00233191    0.0369385   -0.0287711    0.0949519   -0.0758872    0.0796934   -0.0483726
  -0.0524348   -0.0164513    0.0326588   -0.0258572   -0.0197802    0.0486351  -0.00707631     0.015083
  -0.0601164    0.0635331   -0.0858795   -0.0717521    0.0431674  -0.00280916    -0.014269   0.00573084
   0.0239973  -0.00953354   -0.0348636   -0.0293419   -0.0236359    0.0159098     0.071379   -0.0288673
  -0.0337713   -0.0483026   -0.0123629   -0.0434317   -0.0190728   -0.0162743   -0.0193742   0.00992354
  -0.0606185    0.0356912   -0.0257106  -0.00678012   -0.0521081   -0.0399053   0.00168773   -0.0258124
  -0.0571029    0.0359532   -0.0312635  -0.00480992    0.0443528   -0.0532048   -0.0154155   -0.0120877
   0.0823672   0.00156206    0.0177375    0.0906732    0.0576059   -0.0170314   -0.0144703    0.0107067
   0.0101697   -0.0333813   -0.0447371    0.0447516    0.0362263   0.00894788     0.085377   -0.0586667
  -0.0629534    0.0952682    0.0093345   -0.0595276    0.0412651     0.150777   -0.0442965   -0.0468722
  -0.0355604   -0.0336615   0.00484347   -0.0529202    0.0581253   -0.0539633    0.0815083   -0.0146285
   -0.075259    0.0338043   -0.0285248   -0.0279666    -0.031534    0.0314394     0.062052    -0.070808
   0.0534725  -0.00750808    0.0700466    0.0784802   -0.0386155   -0.0170619   -0.0645914    0.0521329
  -0.0445101   -0.0493776   -0.0816689   0.00432485   -0.0286611   0.00401305    0.0818563    -0.012596
    0.153073   -0.0548518    0.0284453     0.107323   -0.0181116   -0.0499408     0.116823    0.0525141
   0.0416188  -0.00544218    0.0213909   0.00808365    0.0580311    0.0567759   -0.0872107  -0.00258511
    0.150861    -0.025365     0.049391    0.0112899    0.0881869    -0.131815   0.00213429   -0.0630551
  -0.0749772   0.00967054   -0.0588389   -0.0762571   -0.0140861    0.0114001    0.0412553   -0.0590162
  -0.0522496    0.0773843   -0.0572227   -0.0494032   0.00469864    0.0477697   -0.0194747    0.0118877
 -0.00739866    0.0443843   0.00765046   -0.0309672    0.0613375  -0.00512048   -0.0153461   -0.0526932
  -0.0470599    0.0221454    0.0285366    0.0511116   -0.0371483    0.0216036   -0.0259645    0.0343624
   0.0210238    0.0551244    0.0192085   -0.0463941    0.0348945   -0.0363933    0.0155588     0.033348
  -0.0202764   -0.0306132    0.0216788  -0.00659058   -0.0458308    0.0294732    0.0171349    0.0144851
   0.0370798    0.0146089   -0.0442796 -0.000552222    0.0514612  -0.00985738    0.0166048   -0.0291413
   0.0370335    0.0334179  -0.00800079    0.0776072    0.0619376   -0.0556977   -0.0574742  -0.00501247
   -0.114991   -0.0280047   -0.0236168   -0.0326335  -0.00653241    0.0210837    0.0984909    0.0423038
   -0.077862   -0.0548559    0.0429173  -0.00543036   -0.0426093   -0.0180389    0.0713857   0.00274928
 -0.00172296   0.00735483    0.0732975  -0.00599901    0.0190819    0.0231775    0.0586341    -0.037461
 -0.00590404    0.0264322   -0.0353896   0.00282048   -0.0670607     0.108948    0.0446809    -0.021178
  -0.0656817   -0.0827287  -0.00521973   -0.0354356   -0.0517381   -0.0480077     0.129349    0.0214728
  -0.0742589   -0.0447024   -0.0675414   -0.0580812   -0.0153274   0.00894308    0.0810504   -0.0130708
   0.0215977    0.0967748    0.0201674   -0.0814074    0.0873414   -0.0287194   -0.0254384   -0.0930804
   0.0520078    0.0185196    0.0606397    0.0922241   -0.0219484   -0.0903262  -0.00843096    0.0184688
 -0.00947786    0.0666439    -0.018202    0.0743389   -0.0311553   -0.0295742   -0.0270734    -0.021497
   0.0275835    0.0345187    0.0227605   0.00928357  -0.00971613    0.0236119   -0.0183327    0.0604944
    0.023522    0.0298943    0.0966252   -0.0316739    0.0418634   -0.0190046    0.0436079   -0.0421983
   0.0733925   0.00394772    0.0162386    0.0728433   0.00647735    -0.075974    0.0663577    0.0599689
   0.0308033    0.0053088    0.0612805   -0.0603736   -0.0338688    0.0201329    0.0125805  -0.00629001
  -0.0522862     0.060448    0.0209432   -0.0770672    0.0170898   -0.0296782    -0.099574   -0.0447436
 -0.00125334   -0.0607623   -0.0402704   0.00964839    -0.044596   -0.0668111   0.00711555    0.0329326
 -0.00857692    0.0412952     0.018066     0.051604   -0.0867092    0.0547509   0.00614189   -0.0842244
  0.00658364  -0.00609893   -0.0706988   -0.0206315   -0.0222572   -0.0661576     0.064819    0.0389895
  -0.0483277    0.0339328   -0.0135811   0.00311786  -0.00159472    0.0352355    0.0557597    0.0296751
  -0.0152925     0.126268    0.0152347    0.0313702   -0.0304776    0.0336915    -0.125396   0.00666357
   -0.108383     0.025678    0.0230371   -0.0554403  -0.00160092    0.0294985    -0.047339  0.000695428
  0.00740987    0.0393043    0.0835783     0.001265   0.00625273   0.00322594    -0.107373  -0.00975398
  -0.0967777    0.0434687    0.0101202   -0.0510716   -0.0223544    0.0753132   0.00558087  -0.00849462
  -0.0482946    0.0963629   0.00665972   -0.0441667    -0.016996    0.0951486    -0.085112     0.020524
    0.113034   -0.0778747   -0.0608861     0.126475    0.0478216   -0.0268773    0.0651281    0.0526148
  -0.0293053    0.0194935   -0.0186749  -0.00607907    0.0528651   0.00274062   -0.0213947   -0.0430287
   0.0484931    -0.019572    -0.112938   -0.0445121    0.0117749   0.00409715      0.10165   -0.0541834
  -0.0500822   -0.0175945   -0.0230055    0.0268511     0.061704   -0.0260373    0.0727221   -0.0123484
  -0.0767134    0.0274142    0.0767678  -0.00144906  -0.00576781     0.100543   -0.0616428   -0.0745416
   0.0132625    -0.057262    0.0112988    0.0265699    0.0281015   -0.0383653     0.019382   0.00938214
   0.0863228    0.0237814    0.0552576   0.00625136    0.0893945   -0.0945187    0.0321385  -0.00249134
    0.052194    0.0609011    0.0720798    0.0469673   -0.0124043    0.0612836   -0.0698625    0.0160377
   0.0599847    0.0373825   -0.0385598   -0.0143319  0.000370716  -0.00431349     0.101094   -0.0503421
 -0.00907976    0.0472035    0.0861364    0.0841611    0.0589553   -0.0303206   -0.0785591   -0.0103327
   0.0932625    0.0107476    0.0999935    -0.032447    0.0773757    0.0208057   -0.0634833   -0.0963935
    0.048872    0.0543629    0.0373431   0.00550659  -0.00860975    0.0288453    -0.128737    0.0057468
   0.0490223    0.0413701    0.0393628    0.0482012     0.065064   -0.0784935   -0.0172753     0.004644
   0.0814373   -0.0179934   -0.0457142     0.041962     -0.01501   -0.0319949      0.12765   0.00182736
 -0.00892387    0.0361332   -0.0141677   -0.0244252   -0.0385109    0.0783353    0.0217869   -0.0401169
    0.057235   -0.0665109   -0.0103052    0.0324509    -0.024469   -0.0408177    0.0547052   -0.0255683
  -0.0851451   -0.0549541   -0.0486495   -0.0055473    0.0043542   -0.0500486    0.0609125    0.0275192
    -0.01932   0.00268913    0.0669419    0.0422546    0.0176066    0.0173318   -0.0114441   -0.0483431
 -0.00942323    0.0031254   -0.0496793   -0.0147438    -0.073707   -0.0621854    0.0175587   -0.0170986
   0.0798287    0.0612893   -0.0123805   0.00443774    0.0808419   -0.0563957   -0.0546319    0.0146934
   0.0335672    0.0708618    0.0373247    0.0199249    0.0426263    0.0216606    0.0405043   0.00899658
    0.031723   -0.0333659    0.0198724  -0.00709366    0.0382593   -0.0707851     0.094692   -0.0084064
   -0.132674   0.00873199   0.00351372   -0.0185487   -0.0764535     0.099985    -0.061916   -0.0360449
   0.0729155 -0.000467341  -0.00022623    0.0557706    0.0526722   -0.0573243 -0.000329519     0.023017
    0.043774  -0.00769466   -0.0575002    0.0415485   -0.0306306    -0.110599    0.0566383   -0.0392347
    0.061273    0.0685215    0.0267639  -0.00652023   0.00907027    -0.021534   -0.0143455   -0.0140827
   -0.044577    0.0346649   -0.0815939   0.00528444   -0.0285797   -0.0523238    0.0144246   0.00956394
  -0.0272954     0.057887    0.0350691   0.00421505    0.0229569    0.0525152   -0.0917422   -0.0962529
   0.0588131    -0.069831   -0.0687754    0.0552036    0.0656437    0.0173133    0.0369875   -0.0443403
  0.00930711    0.0256306  -0.00127713    -0.067546   0.00452018   -0.0803305    0.0496834   -0.0389237
  -0.0138801    0.0636385    0.0640876   -0.0265162   -0.0517141    0.0704563   -0.0109506   -0.0510512
   0.0998603   -0.0316387   -0.0255469    0.0665497    0.0280436   -0.0211196    0.0916078   0.00636674
  -0.0439532 -0.000616085    0.0920901    0.0401899   -0.0521008      -0.0097    -0.102183    0.0262049
  -0.0286543  -0.00653194    0.0410632   -0.0237673   -0.0204561    0.0397593   -0.0127983   -0.0235629
    0.117547    0.0340496    0.0652878    0.0416069    0.0270898   -0.0962961    0.0571158  -0.00151763
  0.00865868   -0.0701508   -0.0285592  -0.00520439    0.0599631   -0.0733033     0.161123    0.0259347
   0.0140951   -0.0176949   -0.0422381   -0.0548296 -0.000903865   -0.0933867    0.0430445    0.0172007
 -0.00471273    0.0368251    0.0642613    0.0317032   0.00887321    0.0222661   -0.0922161   -0.0745623
  0.00190649   0.00721922     0.048408   -0.0277455   -0.0316405    0.0577122     0.018612   -0.0341968
   -0.100257    -0.020011   -0.0952008   -0.0685435   -0.0521947     0.110955    0.0709831   -0.0789814
   0.0339092    0.0512177   -0.0304834    0.0309064   -0.0263937    0.0159583    0.0245336    0.0207876
   0.0851452    0.0110846 -2.78382e-05    0.0273076   -0.0245347   -0.0407446    0.0172534   -0.0324382
   0.0208511    0.0751019  -0.00152188    0.0427872   -0.0321527   0.00131357    0.0108239    -0.021531
   0.0920565    0.0924003     0.103899   -0.0214227  0.000357211   -0.0217753   0.00920011   -0.0468769
  -0.0168977    0.0983504     0.079637   -0.0464317 -0.000135853     0.010562   -0.0853909    0.0110826
   -0.074605    0.0109734   -0.0190097   -0.0691703    0.0207423  -0.00634342    0.0789752   0.00952612
   0.0342413    0.0268337   -0.0237885   -0.0360926   -0.0144219    0.0563323     0.037555  -0.00943604
  -0.0470357   -0.0618091    -0.063329   -0.0215041     0.081807   0.00736273      0.05843   -0.0174372
   -0.116723   -0.0610667    0.0260654  -0.00851196   -0.0612097    0.0181856    0.0136604    0.0194627
   0.0389121  -0.00260358    0.0151594    0.0981052    0.0239092    0.0181822    0.0307213    0.0490628
      0.0664   -0.0368406   0.00748793    0.0531225    0.0515825    -0.076198   -0.0167509   -0.0674699
  -0.0507649  0.000702448   -0.0351301    0.0257926    0.0341626  -0.00201216    0.0967295    0.0328723
   -0.182425    0.0143187   -0.0694825    -0.117954    -0.026462     0.100405  -0.00917587  -0.00117724
    0.105492   -0.0368195   0.00880638    0.0285152    -0.040786   -0.0512756    0.0104837   -0.0208204
   0.0359891   -0.0330753   0.00938714   0.00347967 -0.000339276    0.0335805  -0.00362605   -0.0319312
   0.0514276   -0.0331964    0.0324059   -0.0527984    0.0300447   -0.0904979    0.0360213    0.0272202
   0.0445577     0.119458    0.0618779    0.0529783    0.0042158    0.0770427   -0.0966923    0.0447497
    0.108359     0.103469    0.0842195    0.0819538     0.019982   -0.0650862  -0.00248499    0.0534319
  -0.0147232   -0.0478558    -0.098677    0.0615259    0.0217685    -0.121224     0.187849    0.0428106
  -0.0710379    -0.053494    -0.040385    -0.028221    -0.018887    0.0692216    0.0462516   -0.0744433
   0.0323269    0.0837498     0.045886    0.0764017    -0.052744    -0.016003   -0.0468026   -0.0907069
  0.00275141    0.0348465    0.0551539   -0.0256173   -0.0137183   -0.0223706    0.0591125    0.0174064
  -0.0166814    -0.021545    0.0527559    0.0310471  -0.00397935   -0.0305728     0.014334    0.0404611
  -0.0102794    0.0336047    0.0684371   0.00297732  -0.00982636     0.026709    0.0457937    0.0226837
   0.0402419    0.0017356    0.0324995  -0.00816604    0.0357257   -0.0232402  -0.00414412   -0.0468709
  -0.0123026     -0.06036    0.0234753   -0.0378375    0.0242764   -0.0159972     0.026468   -0.0448378
    0.109073     0.113763     0.209388    0.0508785  -0.00567954  -0.00607742    -0.106174   -0.0800512
   0.0633877  0.000161021    0.0213434     0.055858    0.0994066    -0.068196   0.00061776   0.00883435
   0.0118606    0.0136698  0.000672464    0.0198845   -0.0551448   -0.0547688    -0.024262   -0.0451285
  -0.0521498    0.0114387 -0.000928892   -0.0710559    0.0139469    0.0622597    0.0328116  -0.00947169
  -0.0280567     0.129825     0.110247   -0.0642565   -0.0333986   0.00993827  0.000216221   0.00822782
   0.0371428    -0.024239    0.0531359    0.0229846   -0.0185397    0.0206746    -0.054947   -0.0243331
   0.0331499   -0.0727667   -0.0586882  -0.00915676    0.0237384   -0.0152278    0.0584678   -0.0675611
  -0.0480369    0.0544185     0.010664  -0.00580645   -0.0109821   0.00353968   -0.0179946   -0.0496748
  0.00890427    0.0586382    0.0496172    0.0473986    0.0352676   -0.0529309    0.0538673   -0.0214415
   0.0649806    0.0892265     0.093525    0.0815897   -0.0299039    0.0153766    0.0125855     0.040682
  -0.0379197  -0.00467267    0.0408991   0.00113894    -0.050156     0.049193   -0.0343324   -0.0461934
   0.0165809    0.0272052   -0.0495886    0.0686033    0.0342896    0.0468272   -0.0197198    0.0494812
  -0.0315423    0.0652443   -0.0471653   -0.0151787    0.0635884   -0.0176952   -0.0302818   -0.0212118
   0.0350389    0.0385298    0.0284562   -0.0183165  -0.00236396    -0.053318    -0.023646    0.0420072
   0.0164507    0.0190857   -0.0485614    0.0376462   -0.0260729   0.00908996    0.0985839    0.0439183
  -0.0278913    -0.112676    -0.073352   -0.0387905    0.0503447   -0.0875831     0.159919    0.0314238
  -0.0532867    0.0183792   -0.0730625   -0.0633764   -0.0386725    0.0615495   -0.0374536   0.00421709
   0.0128424    0.0112247   -0.0813881    -0.051242    0.0209786   0.00524698  -0.00949793   -0.0079194
   0.0932742   -0.0850485   -0.0735262    0.0292957    0.0525672    -0.114989    0.0842132   -0.0153148
     0.08466  0.000147992   -0.0111692    0.0521801   0.00954204   -0.0135946    0.0466421     0.067351
  -0.0691346   -0.0631958   0.00367801   -0.0578666   -0.0427368    0.0228722     0.103238   -0.0565335
   0.0137954     -0.02896    0.0277171    -0.040049   -0.0202901    -0.049301   0.00977869    -0.063063
   0.0581385    0.0650883     0.036181    0.0574845   -0.0232668      0.03797   -0.0557531    0.0113635
   0.0590832    0.0822665     0.125279   -0.0183592   0.00787252   -0.0665906   -0.0132666    0.0315427
   0.0289801   -0.0524253   -0.0688319   -0.0411326    0.0557597   -0.0444604    0.0627421   -0.0455318
    0.105717     0.129748    0.0543566    0.0353149   -0.0167006   -0.0905934    -0.118349    0.0155042
   0.0666912   -0.0822515    -0.011695   -0.0140744     0.052371   -0.0414634    0.0693271    0.0406148
   0.0342144    0.0316384    0.0115017    0.0323576    0.0717269   -0.0491944    0.0170726    0.0436533
  -0.0104803    0.0141744   -0.0441925    0.0549521    0.0357912  -0.00852131    0.0760016   0.00166208
-0.000611189  -0.00657811    0.0306035    0.0158588    0.0443409    0.0641495  -0.00509287    0.0121728
 -0.00714753    0.0186157   -0.0493769    0.0206742    0.0129506    0.0315196    0.0748708   -0.0747819
  -0.0249179    0.0254508   -0.0780705    0.0443363    0.0319273   0.00476455    0.0525116    0.0513176
   0.0614331    -0.083363   -0.0479516   -0.0152822     0.011395   -0.0249066    0.0742004    0.0446218
   0.0153225    0.0900992    0.0422513    0.0498312    0.0120814     0.047085   -0.0146155  -0.00930513
   0.0919706   -0.0425804   -0.0166162   -0.0327846   -0.0110818   -0.0938118    0.0306942    0.0267361
  0.00700217   -0.0263393    0.0369083    0.0408908    0.0197872   0.00381544  0.000494961    0.0197971
  -0.0254908   -0.0132854   0.00966454   -0.0120645   -0.0112476   0.00440468  -0.00863666    0.0108995
  -0.0463095   -0.0393626  -0.00606884   -0.0334041    0.0420193      0.10531   0.00757931    0.0320452
   -0.077092    -0.055966   -0.0275249   -0.0138358   0.00800215     0.105285   -0.0174132    0.0286693
   0.0273604     0.044688   -0.0428614    0.0606875   -0.0522006    0.0119216    0.0323579   -0.0310911
   0.0537405   -0.0339859   -0.0111691    0.0324821    0.0250863    0.0148723   0.00101008    0.0322233
  -0.0356209    0.0209396     0.018614  0.000978388    0.0386674    0.0297591   -0.0101244    0.0400776
    0.100594    0.0274196    0.0188968    0.0755395     0.020453   -0.0200184   -0.0244132   -0.0622449
    0.031942    0.0590935   0.00202152    0.0125742    0.0340593   -0.0364165    0.0234152   -0.0434398
  -0.0655631   -0.0026323   -0.0515642   -0.0623802   -0.0593138    0.0809733     -0.02082    0.0385454
  -0.0728845   -0.0217563    -0.114025   -0.0056418    0.0277952   0.00367554   0.00378494    0.0292136
   0.0704953    0.0874946    -0.036498    0.0386261    0.0409757  -0.00344036   -0.0550869    0.0355708
  -0.0225655    0.0674354   -0.0230023   0.00941584   -0.0390762     0.033852    0.0171595   -0.0114149
  -0.0625318   -0.0153265   -0.0418966   -0.0613752   -0.0169198    0.0829536   -0.0354639    -0.030248
   0.0284757  -0.00215209   0.00550619    -0.057585    0.0373963    0.0339003    -0.025281    0.0217676
  -0.0369057   -0.0274531    0.0089251   -0.0641915    0.0406275   -0.0270249   0.00767667   -0.0214023
 -0.00447824  -0.00316869    0.0338032   -0.0442548    0.0321929    0.0224667   0.00680262     -0.04854
  -0.0413734  8.10097e-05    0.0408111   -0.0269426     0.094202    0.0264309   0.00954885   -0.0795586
   0.0656704      0.12201     0.109967    0.0367107    0.0775004   -0.0527753   -0.0249822   -0.0739334
   0.0123173    0.0840112    0.0344385   -0.0499891   -0.0548507     0.089573   -0.0620606   -0.0564315
   -0.138774    0.0109661   -0.0603162    -0.105293    0.0103859     0.109644   -0.0190833   -0.0636485
 -0.00287475    0.0228173    -0.059784    0.0295865   -0.0540643   -0.0424921    0.0699093   -0.0220002
  -0.0196382   -0.0296546     0.028161  -0.00888053    0.0333702    0.0090649  -0.00716955    0.0498954
  -0.0269426   -0.0799287   -0.0514667   -0.0621326    0.0397959    0.0342247    0.0159267   -0.0135321
  -0.0471112   -0.0422262   -0.0483408   -0.0336982    0.0176951   0.00213084    0.0178493    0.0294154
  -0.0146441   -0.0535813   -0.0290121  -0.00938484    0.0265254   -0.0376469   -0.0175946    0.0443553
  -0.0491248    0.0371393    0.0463756   -0.0386457   -0.0207399   -0.0124937   -0.0923788   -0.0166422
   0.0405097   -0.0395356   -0.0226047   -0.0254695   0.00741664    0.0181261    0.0356522    0.0289376
  -0.0918215    0.0780575    0.0831103   -0.0422632   -0.0321308    0.0861587   -0.0143414   -0.0688217
    0.110821    0.0256056  -0.00310966   0.00449238   -0.0465053   -0.0753939    0.0199671    0.0604099
  -0.0534517   -0.0200583     0.078399   -0.0146557    0.0322093    -0.017832   -0.0206305   -0.0354647
   -0.033094    0.0429792    0.0537023    0.0104507    0.0656906   0.00412933  -0.00905978    0.0514139
  -0.0144722    0.0208858     0.038283    0.0199037   -0.0233141    0.0202821  -0.00145978    0.0201488
  -0.0700576    0.0408441    0.0535135   -0.0240894    0.0038343    0.0693818   -0.0414058   -0.0883428
   0.0703787    0.0389546  -0.00948255    0.0215373    0.0153123    0.0124462    0.0287129    0.0363145
     0.05927    0.0378505  -0.00373906    0.0266756   -0.0373979   -0.0356401   -0.0850075      0.03978
   0.0685655    0.0254647    0.0672979    0.0345726   0.00272622   -0.0295975   -0.0394036    0.0232739
  -0.0413744    0.0313908   -0.0397957   -0.0466689    -0.025287    0.0171072   -0.0648024      0.01791
   0.0519256    0.0799485    0.0308412    0.0116898     0.044974     0.035127   -0.0268438    0.0521257
   0.0357238  -0.00849651  0.000222159   0.00631983   -0.0168074    0.0167994    0.0633436   -0.0867552
   0.0767611    0.0545257  0.000714214    0.0138323    0.0194077   -0.0857771    0.0326232 -0.000215978
  -0.0747201   0.00443728  -0.00548351    -0.033386    0.0228383   -0.0449668    0.0697728    0.0230959
  -0.0583536   -0.0174796  -0.00770584   -0.0648268    0.0510074   -0.0360112   -0.0463692   0.00679327
  -0.0627238     0.045365  -0.00727251    -0.025363   -0.0216439    0.0952139   -0.0419173   -0.0637053
  -0.0335288   -0.0259835     0.021196   -0.0223954    0.0377223   -0.0530181    0.0732419   -0.0235681
   0.0288133    0.0444435    0.0599592    0.0145492    0.0109991    0.0320911    0.0427311   0.00514669
   0.0366254    0.0349925   0.00858863   -0.0574475   -0.0272109    0.0498849     0.042182  -0.00336776
   0.0810087    0.0136308    0.0387587    0.0482625  -0.00483658   -0.0351524   -0.0171578  -0.00971665
   -0.145012    0.0156576   0.00290334    -0.101662    0.0119994    0.0447738   -0.0444843   0.00990569
 -0.00619526    0.0845763    0.0548862   0.00472437    -0.017565   -0.0628109   0.00601362   -0.0144697
    0.039436  -0.00529719   -0.0327055     -0.03907    0.0037456   -0.0128298    0.0150058    0.0366182
    0.150139   -0.0274846       0.0782    0.0736266  -0.00264212   -0.0279425  -0.00735487   -0.0476204
    0.072723    0.0200619    0.0788217   -0.0176245   -0.0260034  -0.00412873   -0.0514295    0.0378283
  -0.0674422    0.0515172    0.0527913   -0.0587713   -0.0430248     0.150779    -0.125582    0.0145106
    0.022592    -0.158174    -0.133802    0.0482947    -0.017929      -0.0689     0.150567  -0.00995281
  -0.0718232    0.0259533   -0.0678708   -0.0743083    0.0762409    0.0459713    0.0693022   -0.0103327
   0.0508574    0.0716763   -0.0569861     0.054385    0.0535148   -0.0423774   -0.0492514   -0.0147795
   0.0878835    0.0527585   -0.0377021  -0.00541713    0.0168631   -0.0158102    0.0251495    0.0476786
   0.0097817      0.15186     0.161417     0.036756   -0.0601497    0.0252908    -0.129264   -0.0705082
   0.0887922    0.0141447    0.0331826 -0.000209895   -0.0544199   -0.0587888   -0.0318649    0.0506218
   0.0261502    0.0111541   -0.0173679   -0.0299534  -0.00799276   -0.0754451   -0.0281627    0.0220047
  -0.0159751   -0.0481999   0.00659397    -0.084589   -0.0794752   0.00522272    0.0293736  -0.00766785
   0.0521159  -0.00308541    0.0513385    0.0410556   -0.0427751    0.0444129  0.000231022    0.0393478
    0.125625    -0.141212    -0.104049     0.122337    0.0364555   -0.0708055     0.127705    0.0255618
   0.0177864   -0.0236071    0.0475003  -0.00882647    0.0171486   -0.0586917   -0.0094751    0.0178551
   -0.109895  -0.00907717   -0.0405822    -0.119108    0.0191283    0.0933555   -0.0598679   -0.0240311
 -0.00834237    0.0679308    0.0506347   -0.0165508    0.0600898   -0.0461155   -0.0194801   -0.0821789
  -0.0426105    0.0387365  -0.00128037    -0.068625    0.0541244   0.00586829    0.0343594   -0.0274724
   -0.112983    0.0981725    0.0299783   -0.0485735    0.0531593     0.075716   -0.0842569   -0.0707745
    0.011357    0.0461157   -0.0010601    0.0924686    0.0395275   0.00846949    0.0445306   -0.0548296
   0.0679581   -0.0247876   -0.0229227    0.0175421   -0.0264339    0.0552899   -0.0132617   -0.0124887
   0.0193767   0.00856025    0.0299059   -0.0805677  -0.00285441    0.0362115    0.0510304    0.0540584
    -0.06697    0.0994031    0.0662554   -0.0438607   -0.0276906    0.0602931    0.0460696   0.00483311
 -0.00875398   -0.0360145   0.00393301    0.0275439    -0.041125   -0.0581275    0.0209503   -0.0238964
  -0.0170524    0.0494834    0.0428263    -0.048534    0.0475437   -0.0179617    0.0534947   -0.0653244
  -0.0242058   -0.0432434   0.00892069  -0.00827709   -0.0303049    -0.096287     0.053675   -0.0681434
  -0.0624432    0.0405633    0.0327206   -0.0169245    0.0572453    0.0240563   -0.0211894    -0.079235
 -0.00709447    0.0826278     0.110271   -0.0937847   -0.0117636    0.0151294   -0.0316746   -0.0324662
   0.0390448   -0.0349325    0.0203368   -0.0356861    0.0284044    0.0154589    0.0130608    0.0171515
  0.00537515   0.00471618   -0.0442506    0.0413924   0.00073975   -0.0731433   -0.0243474    0.0313275
   -0.127827     0.040982    0.0740474   -0.0362831   -0.0215563    0.0453087   -0.0717119   -0.0843547
  -0.0309475    0.0325933    0.0248797   -0.0151406   -0.0221255   -0.0530347   -0.0307085  -0.00842189
 -0.00243324    0.0521793    -0.020259   -0.0208026    0.0571159   -0.0711942   0.00462638   -0.0849794
  0.00529834    0.0348075   0.00707104  0.000654045    0.0217239    0.0801328   -0.0465311   -0.0813807
   0.0692607   0.00664715    0.0263351    0.0718854     0.010938   -0.0927872    -0.023897   -0.0559847
  -0.0331139    0.0956989    0.0127648   -0.0649809    0.0549848    0.0367938   -0.0132027   -0.0747427
  -0.0627254   -0.0111546  -0.00153855    0.0164431  -0.00662994    0.0113669    0.0291846      0.01793
    0.034263   0.00622611   0.00207391    0.0476319    0.0125032   -0.0488885     0.042574  -0.00653089
  -0.0506091    0.0666459    0.0319841  -0.00839268   0.00525143  -0.00606423    0.0512839   -0.0680746
 -0.00658105   0.00246658   -0.0188482  -0.00550307    0.0683772    0.0136925    0.0061758    0.0147659
  -0.0362407   0.00171543    0.0549508    -0.069232    0.0328793    0.0218895   -0.0535572   -0.0412115
   0.0566764    -0.045164   -0.0724751     0.048063    0.0351965   -0.0866147     0.110783     0.047753
   0.0501766   -0.0206601   0.00865166   -0.0116723    0.0878762   -0.0887983    0.0371297   -0.0689009
   0.0330405   -0.0369613    -0.023626     0.087182     0.016743   -0.0574384       0.1037   0.00982711
   0.0780057    0.0258149    0.0374071     0.101495  0.000435444   -0.0636391   -0.0384037   -0.0411542
   0.0136423    0.0174636    0.0313114    0.0344973   0.00978522   -0.0610287   0.00530852    0.0245717
  0.00608688    0.0773361    0.0376273   0.00410563    0.0153722   0.00215298   -0.0405592   -0.0725521
   -0.164077   -0.0230816     -0.10723    -0.134527   -0.0345032    0.0240128  -0.00290113   -0.0715133
   0.0652811    0.0390261    0.0308319    0.0495752    0.0276379    0.0184412    0.0908863   -0.0610246
   0.0423376   -0.0289416    0.0703856    0.0662765   -0.0137107   -0.0307738   -0.0510251   0.00180814
  0.00568994   -0.0265236     0.027759   -0.0176305   -0.0227716   -0.0620847      0.04404   -0.0624659
   0.0369808    0.0227873    0.0471662   0.00547044    0.0188979    0.0282814   -0.0422499    0.0357014
  -0.0363797    0.0579795    0.0803808    0.0668638    0.0155128  -0.00419322    -0.132363  -0.00623255
  -0.0257568    0.0832108   -0.0279298   -0.0493415  -0.00582474   -0.0625841    0.0280747   -0.0901447
 0.000522448    0.0596065    0.0010198    0.0222413    0.0482829   -0.0109843    0.0624111   -0.0329083
   0.0826798    -0.038809  0.000432626   -0.0407751    0.0142686   -0.0265384    0.0668191    0.0327812
    0.046649   -0.0358585   -0.0485984    0.0277548   -0.0230974   -0.0543932   -0.0319583   -0.0372457
   0.0202054    0.0377199    0.0824929    0.0522118    0.0241608   -0.0207799   -0.0717351   -0.0276738
  -0.0112017   -0.0439441   -0.0381554   -0.0631939    0.0596791    0.0448479    0.0220512   -0.0549973
   0.0294727    -0.021884  -0.00585439    0.0770388     0.068294    0.0377108    0.0527168    0.0147591
  -0.0309657   -0.0471779   -0.0506743   -0.0248124    -0.056815    0.0214672    0.0120607   -0.0492386
   0.0732741    -0.024412   -0.0697394    0.0507027   -0.0188821    -0.042651    0.0900027 -0.000476781
   0.0522055  -0.00464745   -0.0191377   -0.0186723    -0.051335    -0.025603  -0.00204133   -0.0500338
    0.084431    0.0837635  -0.00724699    0.0392799    0.0587909   -0.0149127   -0.0202766   -0.0357513
   0.0515772   -0.0270471    0.0186605    0.0331786    0.0440957    -0.081818    0.0560215  -0.00341429
   0.0809924    0.0663689    0.0179976   -0.0414074    0.0480177   -0.0367241    0.0789768   -0.0481394
   -0.195111    0.0982248    0.0267999   -0.0893384    0.0522071   0.00769303    0.0201367   -0.0863162
   0.0299412   -0.0984022    0.0237397     0.037971    0.0262862  -0.00376313   0.00510412    0.0573966
   0.0460059   -0.0191961    0.0219611   -0.0371087   -0.0561989   -0.0340953   -0.0444951    0.0585928
   0.0378676    0.0404236   -0.0217376    0.0165794   -0.0268557   -0.0562681   0.00957966    0.0038649
  0.00989563   -0.0113476   -0.0451063   -0.0206272   0.00482402   -0.0715667    0.0506462    0.0126984
   0.0535069   0.00178409     -0.04363   -0.0781136   0.00427618    -0.038008    0.0215186   -0.0113113
    -0.03278   -0.0202021    0.0378152    0.0754516    0.0316094   -0.0279612   -0.0945666   -0.0364691
    0.108003    0.0405887    -0.057307    0.0185473   -0.0168621    -0.034275    0.0855499    0.0251822
  -0.0302814    0.0149265   -0.0111269   -0.0585527   -0.0267877   -0.0664438    0.0496865    0.0754329
   0.0649171   -0.0303189 -0.000480702    0.0823132   -0.0110135    -0.149425     0.179719    -0.010058
   0.0581388    0.0902988 -0.000540064    0.0331384    0.0244444    -0.023329   -0.0758817   0.00729467
  -0.0329529   -0.0591162   -0.0471384   -0.0274274  -0.00384733    0.0345764     0.056126   -0.0348725
  -0.0160529   -0.0697412    0.0269399   0.00119428   0.00656966     0.020818    0.0865232   -0.0402353
  -0.0892212   0.00484662    0.0280219    -0.044288   -0.0627719   0.00775751    0.0548651    0.0436644
   0.0959235    0.0521076   -0.0434464   -0.0323215     0.043339  -0.00477921    0.0220049    0.0100703
   0.0482637  -0.00253882    0.0101607    0.0508864    0.0390542   0.00893504    0.0602842    -0.046664
   0.0233255   -0.0846308   -0.0227261    0.0551425    0.0412047   -0.0823156     0.039405    0.0289348
   -0.038521   -0.0558081    0.0555448   -0.0245601   0.00182401     0.020856    0.0408096   -0.0418141
 -0.00938155   -0.0878046    0.0194876   -0.0455328    0.0852693    0.0229257     0.023477    0.0149378
   0.0346046   -0.0191447   -0.0268205   -0.0353809  -0.00514853    0.0719001    -0.076381    0.0500694
   0.0370978   -0.0210334   -0.0631414   0.00189456   -0.0199944   -0.0644407    0.0710904    0.0302037
   -0.169759    0.0355841    0.0513521   -0.0701435   -0.0522714    0.0432931   -0.0966233   -0.0433044
  -0.0525402    0.0241627    -0.056026    0.0295192   -0.0140176   -0.0217199   -0.0392423   -0.0568301
   -0.118872   -0.0127254   -0.0446439   -0.0824215   -0.0368342   0.00847702     0.104923    0.0351967
   0.0218321    0.0375004    -0.012454    0.0380125   -0.0224641   -0.0618186   -0.0686294    0.0230027
  -0.0149582    0.0290409   -0.0825029   -0.0626556    -0.016253     0.065198    0.0839102   -0.0299782
    0.176196    0.0611053    0.0587716     0.139138   0.00448105    -0.010931   -0.0907286    -0.053193
   0.0424366   -0.0144293    0.0307081   -0.0252509   -0.0247104   -0.0445074    0.0474034    0.0240859
  -0.0305117   0.00878146   -0.0768691    0.0151996   -0.0151999    0.0190682    -0.005157    -0.045848
   0.0190761   -0.0131213    0.0331829    0.0585262    -0.052798   0.00770007   0.00385122    0.0440723
   0.0155791     0.136053    0.0931084 -0.000177152    0.0201613    0.0364286   -0.0912222   -0.0870239
   0.0294454    -0.032813   -0.0248444     0.008035    0.0792584   -0.0115741    0.0639478    0.0404355
   0.0301249   -0.0069896 -0.000607858   -0.0255861    0.0503274   0.00545858    0.0470073   -0.0178978
    -0.11317   0.00454314   -0.0780261    -0.110484   0.00736937     0.031901    -0.025899    0.0305281
   0.0532402    0.0464945    0.0105246    0.0485566   -0.0332388   -0.0660033  -0.00247222   -0.0152033
   0.0507639   -0.0388869   -0.0298474    -0.045455   -0.0145722   -0.0848895    0.0282366   -0.0443508
    0.061596    0.0570644    0.0375749   0.00319196   -0.0154117   -0.0617469   -0.0752889   -0.0210362
-0.000462793    0.0297317   0.00823577    -0.012933   -0.0495738   -0.0290132    0.0480217   0.00748352
   0.0242352   -0.0969797    0.0294123    0.0323367    -0.025368   -0.0146421    0.0726436    0.0560749
   -0.117679   0.00744147    0.0468466   -0.0390479    0.0292395   0.00423272    0.0477426   -0.0755059
  -0.0212831    0.0447269     0.033423   -0.0394048   0.00804235   0.00105712   -0.0608996    0.0400476
  0.00839619    0.0571042    0.0909323   -0.0112698   -0.0477573   -0.0713712   -0.0545716    0.0190188
   0.0133071    0.0561423  -0.00104895    0.0454892   -0.0402149   0.00976179   -0.0820313    -0.039453
  -0.0480784    0.0335565    0.0320148   -0.0680752    0.0564255   -0.0475005     -0.10383   -0.0344191
  -0.0633939    0.0601402    0.0914005  -0.00104663   -0.0379451    0.0646743   -0.0364009   -0.0309953
  -0.0497374   -0.0268846   -0.0277126   -0.0710455    -0.056913    0.0645472    0.0243891    0.0562008
  -0.0242787    0.0161943    0.0319411   -0.0318596   0.00901773    0.0952213    0.0165773    0.0409643
   0.0204513   -0.0343848    -0.051838   -0.0506634    0.0548945    0.0397111   0.00992665   -0.0201345
  -0.0238345  0.000733495   -0.0531583   -0.0581137   0.00465202  -0.00766826    0.0352642    0.0339116
   0.0661208    0.0469184    0.0148142     0.046148   0.00254599  -0.00841444   -0.0052284   -0.0299894
   0.0253519    0.0548937    0.0456055   -0.0132605   0.00584666    0.0545307   -0.0509644   -0.0596288
   0.0233108     0.027442   -0.0276441    0.0534755    0.0643805   -0.0679635     0.186901    0.0221763
   0.0484743   -0.0564289   -0.0217757    0.0138005    0.0263735    0.0284843   -0.0158653   -0.0352191
   0.0472025   -0.0384402   0.00627612  -0.00408516    0.0320648   -0.0644936    0.0105779    -0.019146
   0.0688425    0.0602695  -0.00137182    0.0921793    0.0652394   -0.0912202    0.0481657   -0.0197083
   0.0146856    0.0156242     0.092497    0.0289904    0.0549673    0.0364435   -0.0936544  -0.00558709
  -0.0886752    -0.062275  0.000116923   -0.0417556    0.0229014    0.0176195   -0.0178574    0.0176278
   -0.145662    0.0725084   -0.0243332   -0.0306155   -0.0738273     0.111282   -0.0327333   0.00147046
    0.042584   -0.0939253    -0.081072    0.0100937   -0.0128472   -0.0870236    0.0349497   -0.0147432
   0.0465529   0.00657643   0.00487249   0.00233025   -0.0491933   -0.0082989    0.0411039    0.0492989
  -0.0181999   0.00868634   -0.0588954    0.0276835   -0.0161945    0.0334439    0.0429291   -0.0114385
  -0.0641225    0.0394087   -0.0143383    0.0325396   -0.0618493 -0.000365273    0.0563879     -0.01378
   0.0385813    0.0722999   -0.0169836   -0.0249825   -0.0355961   -0.0544947   -0.0407613    0.0371022
   0.0331451     0.068396   0.00245104   0.00809603    0.0652955   0.00413225   -0.0203404    0.0649739
   0.0201951   -0.0451137   -0.0091528    0.0390869    0.0514969     0.046113  -0.00563134   -0.0354631
   -0.106771    0.0878807   -0.0356731  -0.00807532    -0.059976     0.064483   -0.0695769   -0.0824587
  -0.0106794   -0.0253595   0.00238388    0.0255802   -0.0598327    0.0549011   -0.0638753   -0.0474566
   0.0618563   -0.0451559    0.0819571   -0.0102104  -0.00594598   0.00202859     0.005307    0.0115734
  0.00260297    0.0640974   0.00449474    0.0654665   -0.0501367    0.0366168   -0.0438545    0.0319371
   -0.019806   -0.0196975   -0.0216226    0.0323167   -0.0123455   -0.0498393   -0.0263285    0.0408501
   0.0556412   -0.0387948    0.0479869    0.0641829   -0.0796602   -0.0591624   -0.0337442    0.0341281
   0.0249215    0.0181957    0.0692923    0.0573107    0.0326015   -0.0660287    0.0361218    0.0375365
  -0.0645342    -0.042957   -0.0537945     0.038673   -0.0160054  -0.00435573   -0.0344285   -0.0123347
  -0.0761563   -0.0367184   -0.0927781   -0.0586689   -0.0192196    0.0365289   0.00869916    0.0410938
    0.021563     0.063707   -0.0107855    0.0373112  -0.00122292   -0.0389137    0.0379711    -0.048464
   0.0787727      0.16325     0.180419    0.0493301    0.0207055   -0.0386383    -0.134273    -0.011835
  -0.0709303    0.0426878    0.0288421   -0.0630597  -0.00134053    0.0614177    0.0359932    0.0150242
   -0.123778  -0.00888162   -0.0588552   -0.0559928    0.0385357     0.108266    0.0666198    0.0250647
   -0.132895   -0.0238193   -0.0210979  -0.00614344   -0.0491158     0.106286   -0.0828998   -0.0477944
  -0.0824108    0.0890885     0.061341    0.0205306   -0.0537832   0.00897537    -0.069488     0.036574
   -0.112747   -0.0300881    0.0575585   -0.0522118   -0.0374305    0.0775057    0.0216582   -0.0111306
  0.00987864   -0.0100663   0.00795157   -0.0414974     0.011028    0.0197746    0.0268091   0.00359862
  -0.0435414    0.0488893   -0.0661665   -0.0447047    0.0772999   -0.0426591   0.00470604   -0.0230071
    0.046114   -0.0142795   -0.0144164   -0.0305406   -0.0435617   -0.0196988   0.00241844   -0.0244567
   0.0663628    0.0249191    0.0177312    0.0549405   -0.0449812   0.00117148   -0.0600447    0.0456874
   0.0234236   -0.0172352   -0.0266114    -0.038101    0.0463172   -0.0410033   0.00317915   -0.0562732
  0.00626716    0.0202257   -0.0530602    0.0569542     0.046696   -0.0692582     0.057609   -0.0437193
  -0.0307271    0.0431293    0.0224353   -0.0239746   -0.0245114    0.0124596    0.0228372   0.00222976
  0.00924735  -0.00696459   -0.0329774   -0.0651271     0.087872   -0.0120769    0.0335111   0.00930582
  -0.0512685     0.023691   -0.0361523   -0.0228116   -0.0409598   -0.0175017   -0.0653957    -0.015906
   -0.031146   -0.0255902    0.0219337     0.055823   -0.0275669   -0.0347869    0.0424443    0.0111444
   0.0447184   0.00509257    0.0259463  0.000472367   -0.0138556   -0.0364318   -0.0689915  -0.00152899
  -0.0126823    0.0387377    0.0398689    0.0417166   -0.0336605     -0.05597   0.00251906    0.0338924
    0.036999   -0.0144274    0.0841144   -0.0600095   -0.0387864    0.0180154    -0.102531   -0.0348065
  -0.0352166    0.0217094   -0.0516468   -0.0646535   -0.0293713    0.0232723    0.0166068   -0.0422813
   -0.125445    0.0396845   -0.0614179    -0.025481    0.0549366     0.103951   -0.0222124   -0.0738024
   -0.110491   -0.0856573    -0.104178  -0.00441942   0.00470736    0.0932312   -0.0103705   -0.0179484
    0.149572    0.0654857    0.0577594    0.0166598 -0.000250921    -0.100854    0.0540478   -0.0152701
   -0.193191   0.00896856    -0.154845     -0.19044   -0.0449963     0.126468     0.117577   0.00818229
 -0.00297641    0.0460166   -0.0265255   -0.0175026    0.0360339   0.00645848    0.0364457   -0.0235597
  0.00965823    0.0769127    0.0596464   -0.0155862    0.0265999   -0.0455801    0.0166009   -0.0262604
  -0.0611328    0.0425356   -0.0174693    0.0064558  -0.00551326    0.0142045  -0.00299939   -0.0503382
    -0.10479    0.0420343  0.000191027   -0.0335298  -0.00871106    0.0347737    0.0788694   -0.0508949
  -0.0023109   -0.0502278   -0.0501838    0.0540995    0.0374397    0.0173284    0.0630994    0.0258406
  0.00746622    0.0485918   -0.0208295   -0.0440742     0.028683   -0.0551823    0.0481143   -0.0159655
  0.00581557     0.030666   -0.0416888   -0.0389031  -0.00620611    0.0875304   -0.0197068   -0.0193686
     0.01401    0.0335965    0.0704646   0.00474678   -0.0350627    0.0495722    0.0570447     0.036176
   0.0423912    0.0347086     0.062868    0.0349078   -0.0507297    0.0134828   -0.0115598   -0.0309319
  -0.0319261   -0.0102939  0.000674352   -0.0427097  -0.00851488    0.0679055   -0.0140399   -0.0310565
  -0.0124218   0.00233906   -0.0294751   -0.0275013   -0.0186929    0.0670649   -0.0798552   -0.0327777
     0.02341    0.0424371    0.0741285  -0.00540438   -0.0440236   -0.0428436  -0.00213778   -0.0586159
  -0.0378278   -0.0108222   -0.0321716    0.0362136    0.0680064  -0.00981061     0.013382    0.0237794
   0.0697711    -0.022205   -0.0161276    0.0094619   -0.0340864   -0.0713803   -0.0202683    0.0158709
   0.0409067    0.0164455    0.0640094    0.0412002   -0.0299174   -0.0255519    -0.046352  -0.00762466
   0.0522714    0.0482547     0.103326   -0.0157405    0.0683709   -0.0783405   -0.0284289   -0.0726138
    -0.01589     0.134333    0.0500366    0.0737632    0.0193298    0.0619166   -0.0141596   -0.0248367
   0.0308512    0.0701388   0.00470133    0.0761058     0.082199   0.00117761   -0.0370493    0.0411568
   0.0854246     0.110856    0.0957047    0.0623611    0.0402591   -0.0133567    -0.054081   -0.0650577
 -0.00494055  -0.00369219   -0.0827082   -0.0232492    0.0347748   -0.0256144       0.1307   -0.0611424
  0.00928136   -0.0326845   -0.0434037  -0.00336556     0.026052    0.0202559     0.034759   -0.0112173
  0.00626283    0.0259644   -0.0411134     0.015838    0.0767251    0.0642166   -0.0118648   -0.0066063
  -0.0149642   -0.0412948    0.0146644     -0.06605     0.076728    0.0446468    0.0696924    0.0109067
   -0.109218     0.051935    0.0506165   0.00889817    -0.053889    0.0501212   0.00160964    0.0299452
  -0.0448171   -0.0536834   0.00648879   -0.0227888   -0.0649679   -0.0516291   -0.0125568  -0.00166897
   0.0151139   -0.0368404    0.0195636  -0.00841542   -0.0284994    -0.050891    0.0547051   -0.0627713
   0.0194728   -0.0300395   -0.0792809   -0.0437449   -0.0378404   -0.0299047    0.0738543   -0.0171435
   0.0327682   -0.0286658   -0.0471742   -0.0276455   -0.0507673   -0.0271887  -0.00333355  -0.00350455
   0.0648625  -0.00425633    0.0560725   -0.0024724     0.037226   -0.0485052   -0.0706319   0.00613614
  0.00385341   -0.0496825    0.0420886  0.000682606   -0.0184807   0.00627448   0.00233356    0.0151706
   0.0188096   -0.0549154   -0.0144007   0.00179349   -0.0134944  0.000333433   -0.0240772   -0.0269404
 -0.00878144   -0.0504713     0.074093    0.0288741    0.0488536   0.00447581    0.0667637    0.0459351
   -0.077861   -0.0828203   -0.0193886   -0.0601215    0.0736977   -0.0136615    0.0968708   -0.0849419
  -0.0624792    0.0773227    0.0335992    -0.133999   0.00902062    0.0733732   -0.0418901   -0.0598921
  0.00520077     0.089587    0.0731331  -0.00168605    0.0261477   0.00115379    0.0223912   -0.0524395
   0.0547653    0.0167219  -0.00548211    -0.038073    0.0433841   -0.0619013     0.024339    0.0193939
   0.0732289   -0.0083265    0.0565938    0.0159143   -0.0247255   -0.0752364    0.0634175    0.0728305
    0.168654    0.0656631   0.00355979     0.074492    0.0194608   -0.0805589    0.0085984   -0.0122324
   0.0106406    0.0732319     0.042639   0.00999372    0.0525597   -0.0490509   -0.0339996     0.005657
  -0.0277631   -0.0330896    0.0779511    0.0538062   -0.0185512   -0.0471965   -0.0269535   -0.0568222
   -0.110208    0.0838333    0.0330253  -0.00587352    0.0322486    0.0344797    0.0123257    0.0114215
   0.0248537     0.031683   -0.0492632      0.07418    -0.020971     0.014326   -0.0023008    0.0386753
 -0.00240797    0.0453801    0.0521936   0.00359336 -0.000685573   -0.0436654    0.0517772   -0.0417465
   0.0208059    0.0616069   -0.0253754    0.0283207    0.0534004    0.0192327    0.0874762   -0.0225864
   0.0156656    0.0314761   -0.0362348   -0.0213906   -0.0329621   -0.0289714    0.0400306  -0.00558243
  -0.0397585     0.105628    0.0328822    -0.082559    0.0264857    0.0663222   -0.0977523    0.0075372
   0.0357681    0.0365141    -0.077468    0.0369493    0.0461225    -0.061776    0.0808856   -0.0199327
  -0.0949551    0.0276267   -0.0165808    -0.114233    0.0332062    0.0446736   -0.0151447    -0.100304
  -0.0267804    0.0618932    0.0715327    0.0675754    0.0369147   -0.0448103   -0.0235435   -0.0105223
  -0.0021989    0.0601709     0.092138   -0.0102789    0.0144557    -0.012174    0.0281025    0.0275961
 -0.00172524    0.0250202    0.0985189    0.0304203   0.00504486    0.0122202   -0.0649552   -0.0488123
  0.00366914   -0.0235479    0.0729308   -0.0397576     0.025718   -0.0505795   -0.0486787   -0.0579477
   0.0705718   -0.0345296   -0.0477919    0.0627699   0.00192206   -0.0150284   -0.0271592  -0.00947531
   0.0853182    0.0504274     0.066573    0.0602747   0.00788119    0.0121974    -0.102772    0.0137495
   0.0145442    0.0289099    0.0307671    0.0619402    0.0299508   -0.0725335    0.0476272   -0.0428669
   0.0289166  -0.00712045    0.0720468    0.0537998     0.033803   -0.0351056    0.0505535    0.0248218
   0.0560052    0.0544691    0.0128078   -0.0260397    0.0475172    0.0186364    0.0690557     0.047034
   0.0361758  -0.00559577   0.00673601     0.027818    0.0423341    0.0139038     0.045864    -0.021389
  -0.0961334   -0.0219944    0.0133057   0.00199339    0.0127599    0.0190827   -0.0405179     0.015063
  -0.0291729   -0.0391657   -0.0249634   -0.0274204   0.00267431   -0.0519248    0.0208545   -0.0432584
   -0.034597    0.0346749    0.0283121   -0.0493658   -0.0543664  -0.00744645    0.0523539    -0.072309
   0.0158509    0.0130966   -0.0159633   -0.0406881   -0.0625048   0.00893272   -0.0162806  -0.00419629
   0.0182926   -0.0134786    0.0335209   -0.0117862   -0.0362031    0.0633601    -0.101439   0.00313747
   0.0255868    0.0608655   0.00431617    0.0187533    0.0438286   -0.0346356    0.0358943   -0.0086845
  -0.0228961  -0.00288405    0.0297372   -0.0355282    0.0344406    0.0371924    -0.019165    -0.047178
 -0.00473383    0.0923731   -0.0180398  -0.00584342    0.0334383  -0.00995257    0.0034876  -0.00772815
   0.0346301   -0.0287289   -0.0531737    0.0388201   -0.0135056    0.0550507     0.086958   -0.0627713
   -0.103639     0.100816    0.0756933   -0.0764115    0.0511193     0.148787   -0.0381114   -0.0386478