  -0.0496185    0.0290452    0.0417536    0.0852767
    0.153296    0.0474251   0.00336689   -0.0585064
  -0.0585926    0.0521464   -0.0446469      0.01939
    0.043701    0.0220377     0.068901    0.0649038
  -0.0171646   0.00819701   -0.0221831   -0.0476239
   0.0120312   -0.0700419    -0.116826   -0.0723305
    0.150633      0.03863   -0.0236351   0.00947592
   0.0370291    0.0785019   -0.0242138   -0.0502662
  -0.0668663   -0.0208831     0.017996   -0.0239279
 -0.00194736   -0.0263236     0.123354    0.0266918
  -0.0644082    0.0274971  -0.00801744   -0.0537327
  -0.0159364    0.0128992   -0.0336816    0.0402469
    0.112859   0.00417437   -0.0481397   -0.0660018
  0.00664964     0.010537   -0.0132529    0.0453765
   0.0498087   -0.0328813   -0.0591016     0.055119
  -0.0851076     0.059094   -0.0622621   -0.0607271
   0.0112106   -0.0288362   -0.0642083  -0.00201106
   -0.137495    0.0329368   -0.0565164   -0.0233049
   -0.127278   0.00343895   -0.0722897    0.0287843
   0.0162404   -0.0300967     0.106724    0.0743994
  -0.0995029   -0.0194282    0.0371604   -0.0212886
  -0.0977925    0.0238983    0.0551784   -0.0351905
  -0.0402804 -0.000306341   -0.0523557   -0.0652796
   0.0801868     0.055315     0.109659    0.0431779
  -0.0406713   -0.0608446    0.0785462  -0.00428147
  -0.0111161   -0.0118205    -0.079516   -0.0199896
   0.0600948    0.0276247   0.00473629    0.0507061
    0.102039    0.0569533  -0.00385441   0.00396409
  -0.0899666    -0.025404    0.0201408    0.0402256
   -0.113724   -0.0491889    0.0527509    0.0609051
    -0.08427   -0.0790814    -0.081501     0.053413
  -0.0900359   -0.0900158    0.0697199    0.0325366
  -0.0715981   -0.0454954 -0.000882805    0.0305503
  0.00947799    0.0576392  -0.00633514    0.0133259
   -0.149674    0.0641363    -0.118911   -0.0126605
  -0.0717972    0.0706345    -0.137752    0.0436402
   0.0968915   -0.0746961   -0.0151073    0.0333649
  -0.0180724  -0.00879539    0.0409407    0.0170846
    0.150614    0.0450434    0.0815968   -0.0206781
  -0.0241186    0.0119532  -0.00951391    0.0186293
 -0.00696613   -0.0459517    -0.042091    0.0373886
  -0.0526429     0.035289     0.100122  -0.00854184
  -0.0202374   -0.0632124   -0.0900323    0.0136257
 -0.00813793   -0.0407298   -0.0245461   -0.0579014
   0.0251128   -0.0469513    -0.115273   -0.0850028
   0.0151467   -0.0417903    0.0714853    0.0446709
  -0.0191328   -0.0485744    0.0126001   0.00416107
  -0.0239454   0.00496934    0.0629907    0.0237409
   -0.148895    0.0725895    -0.101077    -0.076389
 -0.00208735   -0.0431781   -0.0101959   -0.0746611
  -0.0387602   -0.0152854    -0.078212  0.000664495
  -0.0453004  -0.00762661   -0.0666239    0.0121405
  -0.0298977     0.058493   -0.0662575   -0.0370085
   0.0035956    0.0284828   -0.0383416    0.0319628
   -0.217387  -0.00724712    -0.070753   -0.0340944
   0.0104816   -0.0362937   -0.0875609   -0.0293054
    0.028523   -0.0146691   -0.0341813  -0.00760416
   0.0313495     0.045507   -0.0753147   -0.0448537
    0.192793   -0.0726611    0.0571209    0.0716556
   0.0430475   -0.0191515    0.0841072   -0.0344951
  0.00696751   -0.0337409     0.021343   -0.0463834
   -0.123519   -0.0436194   -0.0727702    0.0269004
   0.0717888    0.0103224    0.0185293    0.0741367
  -0.0442359  -0.00804262   -0.0502155    0.0222323
  0.00691988    -0.033611    0.0634233   -0.0290259
   0.0207342   -0.0348986    0.0487763    0.0139148
  -0.0449725   -0.0045933    0.0214011    0.0353297
  -0.0603277    -0.042127    -0.009748   -0.0689467
  -0.0281315   -0.0480553    -0.166055    0.0407931
  -0.0898693   -0.0114648    0.0413101    0.0514172
    0.116316    0.0510778    -0.164292  -0.00704611
  0.00235354    -0.064331     0.021485    0.0687873
   0.0136909    0.0477525     0.180142    0.0916084
   -0.140199    0.0311601    0.0424423   0.00731833
  -0.0830705   0.00177149  -0.00894024   -0.0380968
  -0.0347379   -0.0575981   -0.0439359   -0.0439017
  -0.0720826   -0.0356172   -0.0395989   -0.0458458
  -0.0734064    0.0199247   -0.0198869   0.00206836
    0.118389    0.0205744    0.0302604    0.0324939
  0.00279944   -0.0372116    -0.010188   -0.0492295
    0.102615     0.031787   -0.0810639  -0.00992001
   0.0717347    -0.046764   -0.0308943   0.00189523
   0.0240564   -0.0216418     0.104921   -0.0329389
  -0.0488583    0.0501757    0.0269138    0.0160482
   0.0416749    0.0188281    0.0479253   -0.0237603
   0.0199455    0.0182957   -0.0102403    0.0129472
 -0.00234299    0.0588749   0.00714484    0.0641808
  -0.0154604   -0.0622121   -0.0517459   -0.0140456
  -0.0810102  -0.00164484   -0.0863022    0.0610203
    0.103992   -0.0749515     0.102351    0.0578387
   -0.122065   0.00266781    0.0678934    0.0717983
   0.0232937    0.0247188    0.0273791   -0.0315383
   0.0232504    0.0135971    0.0688406     0.012127
   -0.134792   -0.0423437    0.0979544    0.0596043
  -0.0343812    0.0191615    -0.183385    0.0128299
   0.0294608   -0.0142244     0.163429   -0.0381455
  -0.0735056    0.0415531     -0.15237   -0.0559962
   -0.106311    0.0283583    0.0107094   -0.0049839
   0.0304433  7.27711e-05    0.0440443   -0.0136249
   0.0809105    0.0524141   -0.0802384   -0.0594782
  -0.0466598   -0.0781687   -0.0256977   0.00266546
  -0.0478394  -0.00146016   -0.0612626    0.0396414
   0.0393899   -0.0284082    -0.020283    -0.038001
  -0.0221694    -0.042719     0.047693   -0.0519663
   -0.032506   -0.0111518   -0.0412608     -0.03252
   0.0749001  -0.00638668    0.0793695   -0.0319736
  -0.0706866   -0.0564334    0.0229031  -0.00347518
  -0.0478999    0.0104723   -0.0496289    -0.025174
    0.103131    0.0150837  -0.00513665   -0.0159793
   -0.110667    0.0238868  -0.00284859    -0.037371
  0.00144785    0.0182714    0.0547177    0.0510353
    0.340088   -0.0458642   -0.0562844    0.0297406
  -0.0272492    0.0344275    0.0537067   0.00444837
  -0.0864676   -0.0435928   -0.0346648     0.042858
  -0.0129006    0.0599748   -0.0295794    0.0244568
   0.0329041     0.041064    -0.037327  -0.00974375
  -0.0803033     0.050694   0.00566084   0.00287493
   0.0874062    0.0521192    -0.114426   -0.0151641
  -0.0247587   -0.0657713    0.0814801   0.00184097
   0.0612637   -0.0372513   -0.0176554    0.0291915
   0.0176642   -0.0622628    0.0566739  -0.00605809
  -0.0778211    0.0378877    -0.138064   -0.0927231
    0.048008   -0.0396912    -0.121757   -0.0281494
    0.110991   -0.0219302     0.253866   -0.0181287
    0.197053   -0.0868051     0.125894    0.0650665
   0.0438919   -0.0130323    0.0782532    0.0317183
   0.0277214    0.0348803     0.089897   -0.0259501
    0.123859    0.0332544       0.1469     0.101871
  -0.0876092   -0.0168638     -0.25725   -0.0613898
   0.0416161   -0.0145255    0.0760604   -0.0400803
  -0.0417896    0.0494676    0.0385242   -0.0399645
   -0.123233   -0.0633008   -0.0658805   -0.0209997
     0.11879   -0.0462683    0.0632544    0.0283859
   0.0390261    0.0490988   -0.0154295   -0.0310625
   0.0256282   -0.0603406    -0.106649    0.0438765
   0.0258723   -0.0129944   -0.0164683    -0.047552
  -0.0573604   0.00658717    -0.125192  -0.00745019
  -0.0273103    0.0020903   -0.0351848   -0.0504359
  -0.0241145   -0.0680825   -0.0789181   0.00239787
  0.00083122    0.0379097     0.119336    0.0560033
   0.0374665   -0.0198841    -0.171732   -0.0579819
  -0.0193416 -0.000564521   -0.0732959    -0.039762
    0.120029   -0.0504783   -0.0241153    0.0418452
  -0.0234884   -0.0393443    -0.067842    0.0286269
  0.00906011    0.0358019    0.0298471   -0.0392057
   0.0540052    0.0508465   -0.0508887    0.0174727
  -0.0359609   -0.0298197   0.00966917  -0.00564284
   -0.160916    0.0277439  -0.00185387    0.0104471
  -0.0677025    0.0265151   -0.0125454    0.0579999
  -0.0668079   -0.0633778   -0.0667223    0.0235867
  -0.0677585    -0.075546     0.197604    0.0316773
   0.0302146    0.0599529    0.0786938   0.00587751
   -0.117946    0.0404323    0.0181796    0.0517321
  -0.0153618   -0.0694762  -0.00969993    0.0330756
  -0.0529515    -0.068709   -0.0383389   -0.0306405
   0.0781795    0.0387756     0.101713  -0.00983069
   0.0367223  -0.00115683   -0.0697289   -0.0489342
    0.056361   -0.0574814   -0.0590721   -0.0293268
  -0.0611484    0.0659067    0.0665769   -0.0104213
 -0.00307801    0.0220387   -0.0890111   -0.0169228
  -0.0610184    0.0232091    0.0804189     0.012462
 -0.00186353    0.0650685   -0.0215568    -0.015263
  -0.0375844    0.0190085   -0.0591862    0.0462928
  -0.0924433    0.0341479    -0.156318   -0.0723977
   -0.105416    0.0319898   -0.0955861    0.0181634
 0.000729939    -0.034127     0.121951    0.0399526
   0.0850245   -0.0319885     0.024596   -0.0073658
    0.111363   -0.0814756    0.0172242   -0.0155424
   0.0203627     0.042699     -0.08141    0.0543667
   -0.109279  -0.00561351    -0.116999   0.00143483
    0.026823   -0.0534704   -0.0701138   -0.0533124
  -0.0436245    -0.047125    0.0842873   -0.0153437
  -0.0890348    -0.050429    0.0477896   -0.0393349
  -0.0671043   -0.0649022    0.0778244   -0.0480087
  -0.0432972      -0.0081    -0.013041    0.0465022
   -0.161522   -0.0939746   -0.0335065   -0.0345316
   0.0482975   -0.0509554    0.0644934  -0.00118563
  -0.0265574   -0.0082707    -0.117706   -0.0381685
  7.2727e-05    0.0427542    0.0203724    0.0185722
  -0.0850147   -0.0517237   -0.0679771  -0.00395909
    0.163092   -0.0100608   -0.0198732    0.0490618
  -0.0899803    0.0321626   -0.0881369    0.0650228
   0.0308417   -0.0671436    0.0220034    0.0644042
  -0.0293964   -0.0057841   -0.0269132  -0.00161984
   0.0806437   -0.0802217    0.0599533    0.0590067
   -0.112404   -0.0344825    0.0658253   -0.0192229
    -0.18884   -0.0455639    -0.186676   -0.0690269
   0.0442437    0.0119217      0.02244    0.0789264
   0.0672181   -0.0323824    0.0382062    0.0254892
   -0.188731   -0.0180091   -0.0334994   -0.0314791
  -0.0838082   -0.0303306  -0.00586273   -0.0216416
  -0.0444019   -0.0299936    0.0386074    0.0538833
   0.0725562     -0.03733     0.011979     0.063884
   0.0507205 -0.000382211    -0.102803   -0.0336413
   0.0786064   -0.0652544     0.050945   0.00995182
   0.0178808     -0.05464    -0.134607    0.0250515
    0.112368    0.0317171   -0.0707296    0.0513719
-0.000637651   -0.0079281   0.00348392  -0.00489779
   0.0944955    -0.028921    0.0778458    0.0417413
  -0.0805325     0.028489   -0.0656834     0.017549
  0.00710323    0.0757594   -0.0273213   -0.0440928
  -0.0451162  0.000952767     0.158896     0.114052
   0.0547791     0.030099    0.0388411    0.0652271
    0.024709   -0.0518484   -0.0165103   -0.0566319
   0.0351513    0.0158843    0.0599221    -0.033655
   -0.133043   -0.0496107   -0.0189803    0.0302867
   0.0718478   -0.0156288   -0.0852981   -0.0202673
    0.060806    0.0304693   -0.0309389    0.0229916
   -0.102218    0.0383574   -0.0819734    0.0204092
   -0.294866   -0.0723805   -0.0947767   -0.0465985
  0.00112544   -0.0578756    0.0204082   -0.0463871
   0.0570733   -0.0179095    0.0635556    0.0668578
   -0.169835    0.0145551   -0.0117106    -0.034563
  -0.0362756   -0.0581022   -0.0696739    0.0477755
 9.35166e-05    0.0395694   -0.0486143   -0.0167431
  0.00303308    0.0557141    0.0352602    0.0495211
  -0.0572002   -0.0454364     0.148496    0.0108273
   0.0784492   0.00938578 -0.000208115   -0.0265829
   -0.131424   0.00378197   -0.0269285    0.0424339
  -0.0615057    0.0108326    0.0299435    0.0416291
  -0.0726363    0.0516213    -0.126293    0.0338322
  -0.0399721    0.0472898    0.0427716   -0.0391995
 -0.00349054    0.0293266   -0.0668537    0.0389699
   0.0683582   -0.0415148    0.0586298    0.0298184
   0.0079418   -0.0405587     0.130598    0.0290581
  -0.0255867   -0.0463309   0.00339717    0.0521957
   -0.049887   -0.0233297   -0.0263511   -0.0168014
  0.00757684    0.0317287    0.0841955   -0.0122822
   -0.035844  -0.00646766    -0.114803   -0.0240017
  0.00710155    0.0478239   -0.0205628   -0.0207172
   0.0371801    -0.015672    0.0746797   -0.0458732
   0.0934319   0.00385836    0.0192121    0.0150659
   0.0863025   -0.0255948     0.135314   0.00584573
  -0.0603098   -0.0677346    0.0034831   -0.0620056
   0.0151696    0.0262145    0.0956365   -0.0199832
    0.115582   -0.0463127  -0.00822329   -0.0297781
  -0.0136364   -0.0370955   -0.0368249    0.0226252
   -0.018566    0.0303969   -0.0133954    0.0135458
   0.0111501   -0.0536716     0.136321    0.0731176
    0.116599    0.0499103    0.0337592    0.0255487
  -0.0598097    0.0161941 -2.57707e-05    0.0704686
   0.0233793   -0.0637697 -0.000105044    0.0482205
    0.123836   0.00712755  -0.00109094    -0.042307
  -0.0528922   -0.0113864     0.101616   -0.0205034
   -0.049912   -0.0561052    0.0010163    0.0499351
   0.0399825   -0.0663082  -0.00882192    0.0212178
   0.0651549    0.0184178    0.0242765    0.0841694
   0.0823245   -0.0370428  -0.00965535   -0.0532783
   0.0786779   -0.0211259     0.119212   -0.0359015
    0.110507   -0.0779521     0.283365     0.122922
   -0.108047    -0.078948     0.020689    0.0210468
   0.0387185   -0.0312071     0.162996     -0.02996
    0.109887   -0.0253332   -0.0866392    0.0206763
   0.0952809   -0.0688923    0.0266453  -0.00386493
   0.0183105   -0.0374027   -0.0422688    0.0197907
    0.115315   -0.0265337    0.0851395   -0.0180994
   0.0166718   -0.0439559    -0.112679   -0.0330736
   0.0315487    0.0218069     0.109122   -0.0281723
  -0.0702389   -0.0411481   -0.0172477   0.00702573
   0.0310057    0.0571574    0.0607379   -0.0600747
  -0.0891392   -0.0177612  -0.00365734    -0.015489
  -0.0633883    0.0255111   -0.0189047    0.0408978
  -0.0363221   -0.0547636     0.135079    0.0369252
  -0.0631861    0.0193083   -0.0316643    0.0302462
 -0.00465745     0.017882   -0.0437958    0.0310444
   0.0340317    0.0207202   -0.0754314    0.0529474
 -0.00951458     0.031795  -0.00913919   -0.0273842
  -0.0101311    0.0440262    0.0526041    0.0026266
  -0.0252246   -0.0335248    0.0768323   0.00956751
  -0.0191269    0.0546666   -0.0472586   -0.0558504
   0.0305485    0.0125688   -0.0276364   -0.0425586
  -0.0219844   -0.0395698    0.0138419    0.0129823
   0.0257287    0.0351618    0.0603744   -0.0300202
  -0.0961122   -0.0391591   -0.0621795    -0.010561
  -0.0569382    0.0539923   -0.0621953  -0.00261258
  -0.0567278     0.105677    -0.126456    0.0215167
    -0.10862   -0.0303799   -0.0322157   -0.0282657
   0.0980624  -0.00978182  -0.00890264    0.0144729
   0.0772813   -0.0308441    0.0548619   -0.0287293
  -0.0563091  -0.00141043    0.0129165   -0.0168103
  -0.0119256   0.00216073   -0.0733693    -0.051854
   0.0992628   -0.0244546     0.125626    0.0799901
   0.0203603      0.02345    0.0389635  0.000589648
   -0.104004    0.0539773    -0.144929   -0.0639792
   0.0227969  0.000175703    0.0332714   -0.0469851
    0.058621   -0.0544604    0.0194237   -0.0357289
   -0.147714   -0.0523904    0.0239445    0.0131209
   0.0470412   -0.0102093     0.145081     0.064395
  -0.0933088  -0.00531562    0.0165635    0.0111756
 -0.00644461  -0.00827088    0.0255856  -0.00710236
   0.0888227   -0.0399046    0.0087694    0.0506767
   -0.115531    0.0180872    0.0573283   -0.0319527
   -0.113681   -0.0548863    -0.102106   -0.0452981
  -0.0432305  -0.00696463    0.0360503   0.00673397
     0.07071    0.0173222    0.0577637    0.0543001
   0.0136413    0.0277839    0.0634312    0.0807184
  -0.0140928   -0.0577983   -0.0241112    0.0150099
    0.104738   -0.0289034     0.142036      0.01113
  -0.0934366    0.0528484   -0.0610404  -0.00866576
  -0.0288533  -0.00568962    -0.042218   -0.0500395
  -0.0294413   -0.0334518    0.0436118   -0.0269551
    0.070739    0.0139019  -0.00907497   0.00773449
  -0.0241351    0.0270012    -0.019074   0.00911404
 -0.00571255   -0.0268934   -0.0417917   -0.0219239
   0.0606669    0.0668507    -0.139725   -0.0511932
  0.00832572  -0.00478777    0.0549009  -0.00630214
   0.0486293   -0.0860156     0.115599   0.00295726
  -0.0100097   -0.0381486   -0.0407721   -0.0154616
   0.0559221   -0.0538904    0.0234376    0.0425969
   0.0849161   -0.0361438      0.12569    0.0136984
    0.039084    0.0086186    0.0381285    0.0830046
    0.031936    0.0371758   -0.0463165   -0.0434572
    0.151131    0.0476076    -0.142245   -0.0990181
    0.048859   0.00716566    -0.014092    0.0106904
   -0.104219    0.0223562    0.0806973   0.00381725
   0.0462566   -0.0359245   -0.0469871   0.00120235
  -0.0243687   0.00191866   -0.0563908  -0.00115109
    0.016688   -0.0951055   -0.0163807   -0.0417628
  -0.0597492    0.0265685   -0.0745608  -0.00972795
    0.222181   -0.0565307    0.0788536   -0.0335922
   -0.083669    0.0281472    -0.211071   -0.0287745
 -0.00599132   -0.0553763    -0.134365   -0.0382528
  -0.0177151   -0.0537121    -0.157922     -0.06144
  -0.0548816    0.0277463    0.0131112    0.0134847
    0.154643    0.0292597    -0.123027   -0.0698245
  -0.0738291   0.00283712     -0.11216    -0.047927
   -0.121187    0.0229352   -0.0082923    0.0158544
   -0.107646   0.00654123   0.00240018   0.00220356
  0.00568673   -0.0377829     0.018036   -0.0690486
   -0.108941   -0.0270385    0.0577482   -0.0286537
  -0.0575417   -0.0502974    0.0452625    0.0539505
   0.0618855 -0.000237724    0.0624604    0.0158581
    0.026538   -0.0300602    0.0540722    0.0454736
  -0.0355997    0.0333455    0.0279099    0.0219309
   -0.133991    0.0270034  -0.00668214     0.050122
  -0.0107583   -0.0308416    0.0333754    0.0583026
  -0.0347995  0.000650453  -0.00518532    0.0181276
    -0.18505    0.0199247    0.0494005   -0.0255909
   -0.101622   -0.0185739   -0.0293911   -0.0259383
   0.0246063   -0.0201487   -0.0171986    0.0348992
   -0.138139   -0.0399435   -0.0712359    0.0298349
  -0.0329624   -0.0118471    0.0846439   -0.0181797
   0.0566945    0.0255118    -0.131677    0.0237505
  0.00371447   -0.0470611     -0.16487   0.00861378
   -0.190504   0.00306439    0.0236747    0.0413587
   0.0834521   -0.0907404     0.279096    0.0405111
  -0.0312763   -0.0433779     -0.11451   -0.0570632
  -0.0627717   -0.0185235   -0.0485788  -0.00736136
   -0.108242   -0.0339284    0.0383612   -0.0089695
   -0.103058   -0.0426073   -0.0740793   0.00802955
   0.0387573    0.0247662   -0.0897884  -0.00690886
    0.183846    0.0252042    0.0658829    0.0380955
 0.000185086    -0.036647   -0.0825566   0.00275132
  -0.0781322  0.000770158  -0.00211237    0.0210752
  -0.0883678 -0.000155621    -0.144867   -0.0311505
   0.0397196    0.0337054   -0.0196332    0.0548217
   0.0667375     0.012832    -0.122792  -0.00142732
  -0.0509615     -0.04421    0.0454044   -0.0814583
  -0.0239694   -0.0121449   -0.0136722    0.0142244
   0.0780072     0.022422    -0.127976  -0.00308189
  -0.0136635   0.00268877   -0.0724927   -0.0381426
   0.0105719    0.0122443    -0.128183   0.00409177
   0.0734666   -0.0506862 -0.000187523   -0.0278843
  -0.0562603   -0.0381187   -0.0778388    0.0143159
   -0.031101  -0.00191323      0.16905     0.109687
   -0.038178    0.0593349    -0.111277   -0.0636769
    0.144512  -0.00395643     0.217039     0.101421
    0.112681   -0.0638402    0.0360478    0.0202762
   0.0753808    0.0303335    0.0543073  -0.00565011
   0.0731845    0.0691704   -0.0058716   -0.0340317
   0.0925393    0.0249125   -0.0180004   -0.0123422
    0.106515   -0.0625132   -0.0866174    0.0514946
   0.0302712   -0.0155808   -0.0776803  -0.00386109
   0.0445958   -0.0558659   -0.0729676   -0.0740968
  -0.0925012   -0.0388441    -0.161794   -0.0301518
    0.143041   -0.0158669     0.135531   0.00440319
  -0.0364056  -0.00692759  -0.00349856   -0.0436343
  -0.0758502   -0.0244984   -0.0459904    0.0499801
    0.101231   -0.0144505     0.102704    0.0482174
  -0.0275548  -0.00134707   -0.0729282   -0.0142819
   0.0305054   -0.0158642   -0.0908549   -0.0353683
   0.0615753   -0.0310777   -0.0957096     0.014668
  -0.0621607   -0.0390604   0.00845044  0.000937361
  -0.0261473    0.0310568   -0.0857896   -0.0525728
    0.121534    0.0257386   -0.0634696   -0.0239271
   0.0345414   0.00181257    0.0640468    0.0444349
    -0.10979   -0.0498128   -0.0558826   -0.0324899
  -0.0208395   -0.0534797    0.0605194    0.0399641
   0.0862521   -0.0618076    0.0539914    0.0526537
  -0.0602966    0.0137621     0.192795     0.074223
    0.103792    0.0519862   -0.0123226    0.0110666
    0.113621      0.05824     0.032973    0.0287059
   0.0671083   -0.0327022  -0.00465852   -0.0126987
 -0.00594363    0.0450469    -0.011343   -0.0456816
  -0.0575292    0.0154101  -0.00322796    0.0354888
    0.100974    0.0343043    0.0802957    -0.033911
   -0.130076    0.0285843   -0.0336244   -0.0136856
   -0.127606   -0.0185771    -0.065588   -0.0113603
  -0.0689735    0.0454957   -0.0395369    0.0577444
  -0.0941508    0.0131976    0.0520771    0.0150073
    0.111544   -0.0773012    0.0355035    0.0682447
    0.114145    0.0265017    0.0135781   -0.0307969
  -0.0262546   -0.0217398     0.157276    0.0352007
   -0.193967   -0.0202589    0.0462931   0.00206718
  -0.0420287    0.0511022  -0.00668083    -0.051639
  -0.0288775    0.0058678   -0.0359264   -0.0412731
  0.00706752    0.0324524   -0.0320164    0.0267952
  -0.0111768   -0.0443349    -0.041843   0.00899699
   -0.124055    0.0547155  -0.00048717    0.0574119
  -0.0136728   -0.0287459    0.0720782    0.0254872
  -0.0681696    0.0535953    0.0531286   -0.0696513
   0.0875617   -0.0229891   -0.0106933   -0.0217044
  -0.0025423   -0.0167736   -0.0278688    0.0637325
   0.0527153   -0.0175617    0.0442075   0.00295864
   0.0353101    0.0198893    0.0655575    0.0138936
  -0.0865001    -0.037831   0.00731314   -0.0520963
  0.00863795   -0.0691226    -0.017374   -0.0321827
   0.0563955   -0.0525836   -0.0428584    0.0451824
 5.06382e-05   -0.0109558   -0.0261758    0.0495934
   0.0515142   -0.0905065     0.110606   -0.0188807
   0.0280892  -0.00842407     0.253039    0.0940379
   0.0241975   -0.0547662    0.0268891    0.0426821
    0.148487    0.0349546    0.0693766   -0.0588336
  -0.0270014    0.0370702    0.0992797   -0.0209922
  0.00103977    -0.039392    -0.025531    0.0146851
   0.0494983    0.0268216     0.103729    0.0734016
  -0.0206552    0.0388325  -0.00590388  -0.00815079
   -0.106114    0.0595874    0.0487042     0.064972
  -0.0696786    0.0426669   -0.0367784    0.0109434
   0.0333304    0.0307072   -0.0378473   -0.0320898
 -0.00979332  -0.00960698   0.00626016  2.99371e-05
    -0.03145   -0.0430688   -0.0568783      0.01348
  -0.0655758   -0.0133329   -0.0544036    0.0117736
    -0.02306    0.0411564    0.0270254   -0.0260744
   0.0228711    0.0281247    0.0042157    0.0563092
  -0.0398253   -0.0195308    0.0261683    0.0352464
   0.0838187  -0.00592604    0.0184216   0.00405467
    0.138679  -0.00919657    -0.032863    0.0159124
   0.0124139  -0.00229813   -0.0734677   -0.0364918
   -0.117429   -0.0288596    0.0717026   -0.0237938
  -0.0402219    0.0132644    0.0721556   0.00290313
  0.00900881   -0.0172442     0.170493  0.000277643
   -0.164107    0.0144052    -0.145454    0.0016705
  0.00432478   -0.0526145     0.248268    0.0137391
  -0.0121407  -0.00273131    -0.030731    0.0603317
   -0.114944   0.00127297   -0.0733517    -0.011957
   0.0603535    0.0135021    0.0947996    -0.025362
   -0.107404   -0.0228089    0.0238152   -0.0391211
  -0.0417187    -0.009265   -0.0329264   -0.0110377
  -0.0731888   -0.0370011   -0.0658452   -0.0600349
   0.0480082    0.0507115    0.0371459   -0.0495198
  -0.0986006   -0.0527312   -0.0133262   -0.0426246
  -0.0255934   -0.0115398    0.0435406    0.0350624
   0.0249567   0.00277181   0.00253193    -0.010552
  -0.0201344   -0.0334209    0.0675983   -0.0274728
  -0.0251262  -0.00446615    0.0926692     0.024473
 -0.00944184    -0.047567   -0.0416501   -0.0174908
   0.0158826   -0.0678004  -0.00878048    0.0191966
  -0.0165673  -0.00337792   -0.0147091   -0.0400164
 -0.00433701    -0.028417    0.0056456    0.0532443
    0.066825    0.0162504   -0.0119414    0.0439723
   -0.090162   -0.0614447     0.033122     0.086027
    -0.13449   -0.0400173   -0.0377254    0.0156591
   -0.142338   -0.0440584   0.00437585    0.0216283
  -0.0620068    0.0902772   -0.0851598   -0.0615162
  -0.0115467    0.0376844    0.0361468  0.000944846
 -0.00928815    0.0221335   -0.0107025   -0.0113294
    0.152197  -0.00387828     0.121743    0.0521342
    0.054638    0.0191929   -0.0452994   -0.0556385
  -0.0610511   -0.0106555    0.0757564     0.011281
   0.0138883    0.0667612   -0.0692722    0.0402163
  -0.0614927   -0.0482488    0.0407715   -0.0250378
   0.0141593   0.00365958     0.049874   -0.0413252
  -0.0197684   0.00463852    -0.043875    0.0140326
   -0.106068   -0.0148205   -0.0164029   0.00393429
  -0.0223995   -0.0519775   -0.0438823    0.0583937
   -0.113155   -0.0836072      0.11316    0.0808928
   0.0361238    -0.078078     0.202817    0.0830133
  -0.0878042   -0.0139896     0.108461   -0.0210513
  -0.0278092    0.0196797    0.0588512   -0.0365808
  -0.0956923    -0.024948   -0.0291476    0.0262575
  -0.0453131   -0.0358204   -0.0771454   -0.0249933
   0.0665731  -0.00285056    -0.132479     -0.01217
  0.00561063      0.01986   -0.0205412    0.0148888
  -0.0301407    0.0411838     0.113832    0.0162439
  -0.0231659    0.0450454    0.0206297    0.0353774
    -0.08246   -0.0397295    0.0559375    0.0570148
  -0.0293237   -0.0978001   -0.0690816   -0.0551129
  -0.0112788   -0.0723443   -0.0788157   -0.0365836
  -0.0195443    0.0137395      0.05558    -0.011018
 -0.00749359   -0.0483353   -0.0488994    0.0466217
    0.064307     0.039376     0.186967   -0.0499836
  0.00348797    0.0299465   -0.0129533   -0.0512076
   0.0202928   -0.0178747    0.0739282   -0.0106924
 -0.00559253   -0.0428979    0.0305702    0.0571979
  -0.0238466    0.0387308   -0.0376843   -0.0169523
  -0.0270073   -0.0132646   -0.0403786    0.0233564
    0.165814    0.0247193      0.03564   -0.0488449
  -0.0820527   -0.0328733   -0.0664187    0.0126859
  -0.0166629    0.0392947    -0.119086    0.0119451
  -0.0202204   -0.0454708   -0.0464156    0.0416079
  -0.0377672   -0.0322381    0.0539178    0.0222193
   -0.085965    0.0551355   -0.0772047   -0.0785961
   -0.113226   0.00600455   -0.0655632    0.0511197
   0.0203104    0.0417648    -0.031883    -0.014004
  -0.0393018    -0.015073   -0.0150504    0.0155888
  -0.0277914    0.0538389   -0.0110356    0.0610506
   0.0666723   -0.0779306   -0.0490966   -0.0323447
  -0.0720382   -0.0310778   -0.0685119   -0.0517013
   0.0387273    0.0273559   -0.0549974   -0.0788109
  -0.0453674    0.0194027    0.0345686    0.0230731
  -0.0916018    0.0153968    0.0709374 -0.000138313