   0.0120562     0.028806    0.0242578   -0.0293177
   0.0120736    0.0363858  -0.00483233   -0.0251139
   0.0575593   0.00985818     0.011374   -0.0497466
   0.0461041   -0.0247925    0.0156611     0.052879
   0.0105256    0.0427111   0.00302441   0.00519097
  0.00822408   -0.0618543   -0.0517413    0.0383565
   0.0689321   -0.0240753    -0.028775  -0.00150803
   0.0515018   -0.0769778   0.00534341    0.0514405
   0.0839208   -0.0238877   -0.0625236   -0.0217287
     0.12658   -0.0327033   -0.0289154   -0.0500224
   0.0559614    0.0238613   -0.0586509    -0.031365
   0.0256451   -0.0028812   -0.0293994    0.0106014
  -0.0223043   -0.0448952    0.0025999    0.0687345
   0.0263028    0.0587974    0.0414542    -0.024319
   0.0637309  -0.00808506   -0.0430167     0.033994
    0.043452    0.0198155    0.0350947   -0.0685455
   -0.013123   -0.0704666    0.0356908    0.0598002
   0.0452082   -0.0186313   -0.0313931   0.00251135
   0.0575331    0.0137908     0.023899    0.0358866
   0.0477363   -0.0868293    0.0110226    0.0101392
   -0.034674    0.0592878   -0.0340105    0.0564603
 -0.00918065    0.0281098    0.0206619    0.0733893
   0.0652679  -0.00376598    0.0128117   -0.0419828
  -0.0199472    0.0361668  -0.00551074    0.0155751
   0.0340994    0.0347689    0.0431086   -0.0218873
   0.0776186   -0.0500326   -0.0538319   -0.0529782
   0.0371842    0.0118542    0.0545094    0.0178013
   0.0323509    0.0397395   -0.0315435      0.01509
  -0.0382678    0.0426719   -0.0102182    0.0448664
 -0.00961734    0.0254845     0.043373   -0.0454782
   0.0436887   -0.0230576    0.0580258  0.000295421
   0.0504365    0.0401021    0.0449103   -0.0638907
   0.0668747   -0.0396452   -0.0512391   0.00265047
   0.0572066    -0.058273   0.00563847    0.0199481
    0.089382   0.00950009    0.0283644   -0.0685758
    0.031925   -0.0723373    0.0495634    0.0821053
  -0.0580522   -0.0657936    0.0219478  0.000767718
   0.0508596   -0.0454544    0.0505272   0.00341178
  -0.0592142   -0.0240813   -0.0290056     0.030623
  -0.0683255    0.0127684    0.0535394    0.0235476
   0.0335456   -0.0245197   -0.0558496    0.0287091
  -0.0359141    0.0610831  -0.00446526   -0.0379307
  -0.0370007   -0.0431037    -0.026205   -0.0152297
   0.0765067   0.00709571   -0.0110441    0.0312686
   0.0403295    0.0512243   -0.0345187   0.00360901
  -0.0409098  -0.00332013   -0.0163254   -0.0363062
   0.0967129    -0.046175    -0.033164    0.0509755
  -0.0103644   -0.0528895   -0.0556155  -0.00470593
  -0.0618524    0.0509296    0.0119302    0.0558577
   -0.032127    0.0687851   -0.0355975    0.0192481
 -0.00708014   -0.0695081    0.0223546   -0.0549317
  -0.0622881    0.0349659    0.0402781    0.0341549
   0.0285316    0.0315627    0.0481385   0.00526718
    0.036418    0.0561555  -0.00482227   -0.0667096
    0.024607    0.0182254   -0.0314424   -0.0572545
  -0.0344269    0.0186652    0.0326119    0.0335315
    0.108619    0.0229163  -0.00661665   -0.0147535
   0.0736147   -0.0157618    -0.044957    0.0394503
   0.0354489    0.0240987   -0.0362674   -0.0175149
  -0.0180433    0.0292686    0.0609512   -0.0779736
  -0.0397174    -0.046963    -0.065071   -0.0539872
   0.0334994   -0.0447566    -0.057663   -0.0624599
  -0.0110195    0.0011386    0.0599468   -0.0663844
  -0.0233928   -0.0138717   -0.0704525    0.0240714
  -0.0126876   -0.0612103     0.026254    0.0331497
   0.0441824   -0.0134118    -0.002915   -0.0451058
   0.0245426   0.00646153    0.0388077    0.0117637
   0.0397496   -0.0668242  -0.00898025 -0.000303122
    0.047164    0.0270615   -0.0437878    0.0445987
   0.0605898   -0.0688613    0.0469012 -0.000786815
   0.0291591   0.00845183  -0.00313234   -0.0389548
  -0.0478862    0.0565331  -0.00794024  -0.00639044
   0.0751966    -0.082509   -0.0455965    0.0232913
  -0.0372225    0.0355794   -0.0043222    0.0355003
   0.0599792   0.00113148    0.0563731   -0.0396242
   0.0292069    0.0827643 -0.000589158   -0.0404948
  -0.0176229   -0.0211565    0.0513995   -0.0442718
   0.0327227    0.0245991  -0.00377069    -0.088624
  -0.0338361   -0.0709538   -0.0231998    0.0564443
  -0.0461884   -0.0333231    0.0304789    0.0355822
  -0.0485288    0.0367156   -0.0403393    0.0551951
 -0.00638683   -0.0535101   -0.0341961    0.0627116
   0.0364445   -0.0630546    0.0033736   -0.0152861
  0.00914729   0.00191045    -0.031218  -0.00282634
  -0.0230173    0.0281001    0.0535291   -0.0418059
   0.0804105    0.0162671 -0.000635864    0.0515927
   0.0728142   -0.0463723    0.0514939    -0.044252
   -0.063391    0.0255824   -0.0315428   -0.0192228
   0.0731364   -0.0586306    0.0377161    0.0607298
   0.0648681    0.0196155    0.0370239    0.0416785
 -0.00726328    0.0263423   -0.0556021    0.0124163
  -0.0230891   -0.0523517    0.0325981   -0.0702515
   0.0207867    0.0353522    -0.058096   -0.0575611
   0.0557821   -0.0281041    -0.062094    0.0349241
  -0.0399587    0.0329799    0.0539918 -0.000802013
   0.0149734    0.0409394    0.0132185    0.0331014
   0.0570889    0.0130382   -0.0172508    0.0529718
    0.059516     0.017855   0.00507231   -0.0203417
    0.124051     0.037009   -0.0633959   -0.0646868
  -0.0337496   -0.0638728    0.0266453    0.0388871
  -0.0281242    0.0535655  -0.00165578    0.0469129
  0.00776424    0.0108055   -0.0147604    -0.020303
   0.0419076   -0.0443368   -0.0427848   0.00203559
  -0.0494275    0.0315117     0.030443   0.00160776
   0.0566372   -0.0280923   -0.0560807   -0.0437738
   0.0342043  -0.00132679    0.0410944    0.0291061
   0.0762777   0.00946526    -0.065323    0.0675598
  -0.0177772  -0.00861825   -0.0563014   -0.0300383
  -0.0623222   -0.0405583    -0.016116    0.0682368
    0.046443    0.0353627    0.0435038     0.036955
  0.00242712    0.0215697    0.0238261   -0.0278403
    -0.02402    0.0561826    0.0301283   -0.0381799
 -0.00164255    0.0364708    0.0451157    0.0349831
   -0.055884    0.0556664   -0.0567277   -0.0673319
   0.0588422     0.012629    0.0287182   -0.0368785
  0.00049929    0.0367715  -0.00229733   -0.0664872
   0.0093674  -0.00298927    0.0116827    0.0771129
  0.00936885    0.0344269   0.00291258   -0.0269585
   0.0206657    0.0149705    0.0504221   0.00833547
   0.0907309    0.0482347  -0.00490769    0.0378548
  -0.0086791   0.00248291  -0.00101511   -0.0246936
  -0.0840857  -0.00380725    0.0564649   -0.0201213
  -0.0725987   -0.0424864   -0.0310368    0.0563614
   0.0646315   -0.0290155    0.0123137   -0.0184343
   0.0430022    0.0391296   -0.0539557     0.029114
    0.019204    0.0721703   -0.0775289     0.022405
  -0.0349616   -0.0142657  -0.00264254   -0.0482576
   0.0118506  0.000421894   -0.0119203    0.0613354
   0.0990376   0.00158623    0.0100907   -0.0237301
 -0.00254664   -0.0682291   -0.0174004   -0.0297724
   0.0895857   -0.0111879   -0.0429552  -0.00482933
 -0.00805315   -0.0193827   -0.0363976   -0.0526469
   0.0268387    0.0192934    -0.046091    0.0305832
   0.0206634   -0.0377983   -0.0115718   -0.0464004
-0.000356368    -0.041992    0.0499742   0.00754273
  -0.0268424   -0.0612296   -0.0023914     0.051704
  -0.0120982    0.0509207   -0.0316128 -0.000376861
  -0.0139564    0.0178324   -0.0613172     0.026347
 0.000109158  -0.00428347   -0.0015336   -0.0471767
    0.058242    -0.043657   -0.0010308    0.0148414
    0.106657   -0.0204633    0.0477574    0.0187735
   0.0774379  -0.00572881   -0.0626227    0.0388642
   0.0555793   -0.0564694    0.0682839   -0.0744597
 -0.00909724   -0.0470576   0.00926776  -0.00884104
   0.0466221    -0.043279   -0.0219118   0.00515439
   0.0455681   0.00387913    0.0226546    -0.030088
   0.0264825   -0.0258262   -0.0385026   -0.0135913
   0.0853935    0.0441337    0.0297344    0.0204869
  -0.0358084   -0.0294832   -0.0462379  -0.00606558
  -0.0411088    0.0662184   -0.0476383   -0.0570621
   0.0464462    0.0288175    -0.042037    0.0139688
   0.0271197       0.0401    0.0302031     0.057497
  0.00797126   -0.0290671   -0.0541409   -0.0445822
   0.0390874    0.0385919  -0.00583436   -0.0247779
   0.0313402   -0.0460232   -0.0126934   -0.0312868
  -0.0801843   -0.0447707   -0.0345492   -0.0466429
  -0.0725625    0.0299996     0.023064   -0.0692311
   0.0157558  -0.00134532    0.0415146   -0.0274824
   0.0189276   -0.0123929    0.0104099    0.0625895
   0.0592001   -0.0181807   -0.0167584   -0.0603514
   0.0479163   -0.0235442   -0.0520922    0.0256605
  0.00911897    0.0222536     0.027271    0.0217002
   -0.034538    0.0765147    0.0109787   -0.0349488
  -0.0229714   -0.0184181   -0.0233123   -0.0423185
   0.0703904   -0.0616391   -0.0246128    0.0305297
   0.0111903    0.0321533    0.0135007   -0.0808642
 0.000608856    -0.030449    0.0143086   -0.0515423
   0.0148102   -0.0520585   -0.0182237   -0.0147208
  -0.0510754    0.0224745    0.0479872    0.0153039
   0.0283347     0.040199      0.10367   -0.0700037
  0.00346569   -0.0227781    0.0536374   -0.0726709
  -0.0247835    -0.031421  0.000477121   -0.0564357
   0.0663345   -0.0211691   -0.0727622   -0.0499439
  -0.0299468    -0.010103    0.0564561   -0.0628903
  -0.0713411    0.0174589   -0.0650263    0.0065674
   0.0522442    0.0591135   -0.0332457    0.0374812
   -0.047975    0.0425811    0.0206752   -0.0019362
   0.0672938   -0.0756873   -0.0292677   -0.0311164
   0.0229024    0.0295618    0.0516856   0.00387939
   0.0425263   -0.0423343   0.00945994   -0.0483535
   0.0785985   -0.0478978  -0.00937022   -0.0495692
   0.0535701    0.0198501    0.0615925   -0.0511037
  -0.0629604   -0.0383716   0.00204489     0.053989
  -0.0262784   -0.0188545   -0.0253739   -0.0046886
  -0.0194355  -0.00672598  0.000899223  -0.00377277
   0.0170498   -0.0233956    0.0446786   -0.0410331
  -0.0729578    0.0144732   0.00580375    0.0116634
 -0.00170824   -0.0207061    0.0690433   0.00342844
  -0.0179907    0.0258073    0.0226619    0.0192705
   0.0708812    -0.065204   -0.0467955   0.00228223
  -0.0235928    0.0367561   -0.0319094   -0.0501295
 -0.00597579   -0.0519468    0.0433655   -0.0348873
   0.0121165    0.0294058    0.0759412   -0.0676193
  -0.0517593   0.00369377    0.0613468   -0.0244371
   0.0684818   -0.0371735   -0.0282136    0.0157003
  -0.0171512    0.0817502   -0.0294778    0.0462237
  -0.0018826    0.0177739  -0.00363195  -0.00499952
 -0.00719034     0.014144    0.0494199     0.041632
   0.0306692   -0.0637522   -0.0131676   -0.0122193
   0.0156055   -0.0403685   -0.0397106   -0.0488645
  -0.0233801    0.0256204    0.0316799  -0.00774032
 -0.00915637   -0.0465573   -0.0153116   -0.0295344
   0.0583301   0.00447147    0.0277247   -0.0249113
   0.0280773   -0.0275132    0.0560657  -0.00948025
    0.036638   -0.0119455   -0.0482513    0.0121003
   -0.028705   -0.0241117    0.0299981    -0.073668
  -0.0293055    0.0363123   -0.0448101 -0.000873767
   0.0605178   -0.0120751    0.0024825   -0.0644725
  -0.0304809   -0.0398966   -0.0800891   -0.0383108
  -0.0345898   0.00467285    0.0572767   -0.0567707
  -0.0248856    0.0344568  -0.00789509   -0.0437197
   0.0720293   -0.0406025  -0.00154004   -0.0180007
  0.00704903    0.0676558    0.0572894   -0.0629107
  -0.0146798    0.0644885    0.0359233   -0.0696751
 -0.00994234    0.0227633    0.0486172    0.0662333
   0.0322369   -0.0168393   -0.0162923    0.0238293
  -0.0706631   -0.0071096    0.0273313   -0.0511997
 -0.00724758  -0.00214201    0.0120898    -0.018408
   -0.061865    0.0486934   -0.0163294   -0.0315013
   0.0537872    0.0381441   -0.0399824    0.0408083
  -0.0165204    0.0217859    0.0217386   -0.0761392
  0.00554748    -0.021506  -0.00137185    0.0292519
   0.0402892    -0.029596   -0.0223333   -0.0422184
   0.0434712   -0.0410502    0.0253934   -0.0384089
   0.0304142   -0.0498008  -0.00596829   -0.0521433
 -0.00897546    0.0024951   -0.0109676    0.0262983
   0.0631697   -0.0178835    0.0443629   -0.0474266
   0.0597466    0.0165458   -0.0423268    -0.019914
   0.0944809   -0.0406735    -0.041611    0.0565338
   0.0431131   -0.0209178   -0.0659033   0.00224084
  0.00731944    0.0353603   -0.0195237  -0.00976202
   0.0288318     0.055718   0.00488877   -0.0317613
  -0.0187942   -0.0042651   0.00637357    0.0569324
  -0.0366876  -0.00764818   -0.0571974    0.0229887
  0.00314795   -0.0583106    -0.040977    0.0704474
   0.0275917    0.0506161    0.0254529   0.00187186
   0.0485318     0.025186     0.034526    0.0440374
  -0.0413027    0.0426862   -0.0367631  -0.00716985
   -0.025764  -0.00222053  0.000438596  -0.00605714
   0.0136193   -0.0424518    0.0585828    -0.033343
  0.00747645   -0.0534774   -0.0469454    0.0133006
   0.0334886   -0.0421491    0.0125666    0.0341817
 -0.00268543   -0.0125538   -0.0538606     0.045879
   0.0884168    -0.041853   -0.0814186    0.0330379
   0.0489823   -0.0432563    0.0125133    0.0245054
   0.0491151   -0.0557638   -0.0341869     0.012907
   0.0557783   -0.0290708   -0.0510048  -0.00736854
    0.104866   -0.0159231   -0.0379014    0.0560912
 -0.00657212   -0.0163082    0.0249791   -0.0700845
  0.00871533   -0.0349501    0.0140853   -0.0889622
  -0.0182289   -0.0174506     0.029267   0.00166019
   0.0216688    0.0372423   -0.0225499   -0.0289228
   0.0275745    0.0200001   -0.0137553    0.0283908
   0.0132861   0.00553373     0.026986    0.0518857
 -0.00459805   -0.0401144    -0.040701   -0.0125666
  -0.0168551    0.0423525    0.0420115    0.0308006
   0.0572707   -0.0536072   -0.0208965    0.0267459
  0.00845187   -0.0163486    0.0286441    0.0181243
  -0.0384898  -0.00707666     0.034923   -0.0382287
    0.065697   -0.0294282    0.0113376     0.035255
   0.0214094   0.00685005   -0.0523583   -0.0431755
   0.0236817   -0.0146069   -0.0327583  -0.00383447
   0.0529544   -0.0418765    0.0420145    0.0405515
   -0.067732    -0.034952    0.0176325   -0.0723596
   0.0128236    0.0274679   -0.0136284   -0.0135609
  -0.0251478   -0.0138937   -0.0462348    0.0110161
  -0.0622163   -0.0521563   -0.0265395   0.00971697
  -0.0800546    0.0210218   -0.0541969   -0.0271041
 -0.00910007   -0.0434236   -0.0177428   -0.0312769
 -0.00190294   -0.0129211    0.0325692   -0.0404906
   0.0989456    0.0167986    0.0556274  0.000825071
   0.0606033   -0.0208115   -0.0135231    0.0410186
   0.0102675    0.0240286    0.0111725   -0.0397869
   0.0660641    0.0538899   -0.0548812   -0.0010439
 -0.00992779    0.0232357   0.00897738  -0.00922404
  -0.0409652    0.0221075   -0.0729121    0.0302612
   0.0346564   -0.0715556   -0.0260857     0.044084
   0.0172176    -0.032434    0.0527196   -0.0382475
  -0.0273833   -0.0496804    -0.032049    0.0383341
   0.0507178   0.00111877   -0.0656826   -0.0634345
  -0.0350369  -0.00233414    0.0276377   -0.0367099
  -0.0076435    0.0323425    0.0723843   -0.0127559
   -0.025091 -0.000969082  -0.00295824   -0.0231611
   0.0623531   -0.0434946    0.0036051    0.0381951
   0.0584421   -0.0402339    0.0397211  -0.00353447
   0.0357095   0.00330396    0.0271846 -0.000273447
 -0.00896519    0.0454146    0.0275686   0.00762285
   0.0425696   -0.0229746     0.066782  -0.00993746
   0.0380968   -0.0643772   -0.0252859  -0.00977313
  -0.0190859   -0.0164601    0.0211794    0.0170915
 -0.00113725    0.0327449   0.00573583   -0.0501977
  -0.0253774    0.0100393   0.00545534  -0.00536581
  -0.0482841    0.0293944    0.0509515   -0.0369055
  -0.0134273   -0.0727992    0.0016345   -0.0533162
 -0.00223033    0.0532254   -0.0524404 -0.000955564
   0.0136647   0.00830703   -0.0444175     0.044628
 -0.00177972   -0.0276037   -0.0255443    0.0649969
   0.0127445     0.030882   -0.0133604    -0.013076
    0.015899   -0.0396254   -0.0339701   -0.0439465
   0.0514785  -0.00529872    0.0434277   -0.0147864
  -0.0505566   -0.0354548   -0.0539854  -0.00417541
 -0.00155357    0.0328223   -0.0462723  -0.00479363
  -0.0044863     0.055512   -0.0194565  -0.00100321
-0.000920944   -0.0832823   -0.0101675    0.0143105
   0.0228616  -0.00359946   -0.0558243   -0.0531984
   0.0584896   -0.0171926    0.0227271    0.0695213
 -0.00918739    0.0545918   0.00893872   -0.0156521
   0.0346416    0.0133042 -0.000292807   -0.0474945
   0.0128481     0.040453     0.038388   -0.0710927
   0.0325419    -0.067952     0.049983   -0.0497007
  -0.0237808   -0.0416063   0.00407618   -0.0589606
   0.0120757  -0.00626894   -0.0348924   -0.0460033
  0.00125698   0.00273597    0.0487323    0.0176074
   0.0489044    0.0212342   -0.0810631   -0.0116819
   0.0329062   0.00315851   -0.0616742   -0.0678545
  -0.0604708    0.0521461    0.0212069   -0.0250728
   0.0228553   -0.0115846  -0.00573018   -0.0222954
   0.0248773    0.0155171     0.024237   0.00331573
  -0.0503215   -0.0565235   0.00583335    0.0336343
   0.0154447   -0.0317412    0.0360301  -0.00485906
   0.0841343    0.0268118   -0.0400781   -0.0231933
   0.0120945    0.0149237   -0.0495655    0.0425809
 -0.00175177    0.0530658   -0.0308377    -0.046485
   0.0391071    0.0283821   -0.0470421    0.0346655
   0.0347034    0.0397168   0.00197339    0.0499268
   0.0930598    0.0267633   -0.0220563   0.00555876
-0.000406559   -0.0301372   -0.0206127   0.00302565
  -0.0161768    -0.040502   -0.0477492    0.0367701
-0.000151194     0.013634    0.0131408   -0.0681755
   0.0818409    0.0215552   -0.0130666    0.0554883
  -0.0683374    0.0208356    0.0531168   -0.0274743
 -0.00821615   -0.0311899    0.0342401    0.0268918
   0.0235353   -0.0164266   0.00640209    0.0397847
   0.0519862   -0.0158678   -0.0273336   -0.0028427
   0.0363849   -0.0348055   -0.0290469   -0.0165439
   0.0381439   -0.0514227    0.0135633    0.0639761
  -0.0144694   -0.0622906   -0.0358981    0.0136218
  -0.0110002    0.0621663    0.0759895    0.0131965
  -0.0130077    0.0724434   -0.0278201    0.0268313
   0.0847859    0.0616628    0.0416713   0.00403305
   0.0816228    -0.056256    0.0349183    0.0466673
  -0.0557799   -0.0287433    0.0442091   -0.0596145
  -0.0526495    -0.032866   -0.0513899    0.0402309
   -0.070119    0.0229718    0.0423534   0.00642288
   0.0777135      0.04509    0.0728336  -0.00187407
   0.0856213     0.034891   -0.0569751    0.0419059
  -0.0145915   -0.0144815   -0.0415649   -0.0524197
   0.0192451   -0.0322375   -0.0120995    0.0204149
   0.0436025   -0.0197598    0.0223751    0.0258451
   0.0180391     0.005184      0.04708    0.0431588
  -0.0430469  -0.00863487  -0.00881187   -0.0290998
    0.015146  -0.00669663   -0.0244882   -0.0722702
 -0.00192381   -0.0228784    0.0704595   0.00431284
  0.00830085   -0.0129559  -0.00870903  -0.00863552
     0.01057    -0.042672   -0.0409197    0.0540038
   0.0609644   -0.0519883     0.013644    0.0135585
   0.0327901   -0.0474092    0.0194071    -0.034616
   -0.011822    0.0218186     0.019181    0.0166171
  -0.0189604    -0.034861  -0.00291263    0.0258984
  -0.0711525    0.0816539    0.0197057   -0.0368491
  -0.0249334   -0.0271418   -0.0438489   -0.0139095
 -0.00519718    0.0197984   0.00506306    0.0555717
-0.000510406    0.0748359   -0.0238512    0.0740348
   0.0828189    0.0141808    0.0346822    0.0308718
   0.0476733   -0.0495767    0.0366202    0.0130447
   -0.109352   -0.0536938    0.0320068   -0.0598458
   0.0274685    0.0266931    0.0126092   -0.0128869
-0.000513395   -0.0216523    0.0758081   -0.0797634
 -0.00801448    -0.066193    0.0274304    0.0431141
    -0.06806    0.0170421    0.0374106   -0.0420353
   0.0319859   -0.0389428    0.0392973    0.0281368
  -0.0301329   -0.0727335     0.019527    0.0246823
  -0.0297809    0.0472603   0.00816061     -0.01144
    0.041868    0.0235669    0.0386401    0.0384254
   -0.107143    0.0206964   -0.0135468   -0.0328642
  -0.0586471    0.0332669  -0.00533025   -0.0748915
   0.0619704   -0.0188091    0.0548235    0.0191298
  -0.0244972   -0.0216487    0.0442004  -0.00113736
   0.0405391   -0.0587566     0.067637    0.0578669
   0.0281681     0.048168    0.0354285   -0.0167698
   0.0506076    0.0418863  0.000383468   -0.0195602
   0.0721776   -0.0125909   -0.0361066   -0.0364471
   0.0853616   -0.0278365    0.0501207    0.0151909
   0.0363571   -0.0214766    0.0242341   -0.0322134
   0.0466056    0.0372076    0.0411037    0.0275101
  -0.0551671   0.00780094   -0.0162323   0.00120497
   0.0548631   -0.0439803   -0.0502392    0.0619598
  -0.0721126   -0.0491912    0.0198241    0.0420088
   0.0236381   -0.0350616    0.0327946   -0.0271554
   0.0698031   -0.0149159    0.0201724   0.00129388
  -0.0692223   -0.0486726   -0.0528024    -0.030537
  -0.0753609   -0.0162132    0.0450612    0.0566987
  -0.0534158   -0.0507882   -0.0167286  -0.00409304
  -0.0335945   -0.0528048   0.00780665    -0.054089
   0.0619667    -0.045183   0.00426032   -0.0366106
  -0.0550309   -0.0186115   -0.0349964   -0.0684073
   0.0474003   -0.0671333   -0.0391939   -0.0210316
  -0.0103543   -0.0483914   -0.0679311   0.00771006
  0.00888277    0.0361578   -0.0412762   -0.0233228
  -0.0288367   -0.0517212     0.044406   -0.0209662
   0.0622825     0.039648    0.0279451   -0.0474968
   -0.017533   -0.0704193    0.0532438   -0.0301347
  -0.0199671   -0.0277881    0.0167314   -0.0361132
   0.0651054    0.0327419  -0.00593209   -0.0173941
    0.136439   0.00333816    0.0176225   -0.0261592
  -0.0114028    0.0296948    0.0481603    0.0259178
   0.0701935    0.0181762    0.0698455    0.0215271
   0.0832082   -0.0264405     0.031109   -0.0712628
   0.0550016   -0.0493029   0.00766905   -0.0227185
   0.0294376    0.0186449    0.0502889    -0.037541
   0.0101588   -0.0411743   0.00646465  -0.00641667
   0.0283689    0.0416754   -0.0448115    0.0353981
   0.0173342   -0.0401389   -0.0510041   -0.0302426
  -0.0312246   0.00727194   -0.0107757    -0.028215
  0.00582868   -0.0398808    0.0397372    -0.052169
    0.118758   -0.0568794    0.0514219   -0.0418842
  -0.0576351   -0.0399092    0.0133158     0.058478
  -0.0070945   -0.0199344    0.0554701   -0.0568784
  -0.0198847   -0.0352126  -0.00319963    0.0525296
   0.0602389   -0.0256142    -0.026558   -0.0332451
   0.0012315    0.0139832    0.0286632   -0.0185827
  -0.0457781   -0.0337115   0.00610026   -0.0535015
   0.0811553    0.0399722   -0.0356473   -0.0623305
  -0.0111292   -0.0730541   -0.0480375   -0.0397883
   0.0676608   -0.0421498   -0.0333854  -0.00848282
   0.0318178   -0.0499732    0.0498313  -0.00848661
 -0.00587676  -0.00399779   -0.0318913   -0.0268345
  -0.0126275   -0.0107649   0.00989776   0.00278744
  -0.0744864   -0.0272765    0.0439048   -0.0504216
 -0.00835344   -0.0420125    -0.038903    0.0374533
  -0.0228321   -0.0205898     0.012742   -0.0826936
  -0.0756705   -0.0799885    0.0349893   -0.0510183
 -0.00315954   -0.0176412   -0.0288408   -0.0576071
   0.0449184  -0.00387239   -0.0475138   -0.0389402
   0.0337044    0.0424224   -0.0647546    0.0177579
  -0.0499285   -0.0423391   -0.0592538   -0.0117503
   0.0346035   -0.0109787   -0.0520399    0.0313934
   0.0480246    0.0107836    -0.060307   -0.0781473
  -0.0189636  -0.00249858    0.0373648   -0.0101398
    0.102698    0.0157316   0.00268988   -0.0385589
  0.00939265   -0.0232067    0.0649635  -0.00844836
  -0.0207613    0.0252151   -0.0037735   -0.0639771
   0.0531949   -0.0102831    0.0403143   -0.0416826
   0.0470602  -0.00150592    0.0540623   -0.0462798
   0.0654285   -0.0351324    0.0554725   -0.0300636
   0.0912364    0.0293058    0.0191611   -0.0404507
   0.0727958   -0.0256323    0.0330592   -0.0510119
    0.111258   -0.0350894  0.000480044   -0.0279574
  -0.0567196   -0.0433764   0.00709667   -0.0343044
   0.0572189     0.019549   -0.0242782   -0.0533222
   0.0405219    0.0124927    0.0497376    0.0020171
  -0.0062517   -0.0591708   -0.0360875    0.0192072
  -0.0532447    0.0614867   -0.0547876   -0.0465165
   0.0425004  -0.00825987   -0.0549313  -0.00512886
   0.0217185   -0.0717485   -0.0482563   -0.0592449
   0.0283279   -0.0117027   -0.0176639    0.0212938
   0.0177917   0.00720125    0.0579957    0.0453056
  -0.0540157     0.034138   -0.0191019   -0.0439714
  -0.0521474     0.016675    0.0661524   -0.0175238
    0.118162   0.00565575    0.0265094   -0.0626319
  0.00347538    0.0393497      0.01512   -0.0408188
   0.0237044   -0.0671053    0.0107072   -0.0145819
   0.0436588   0.00122707   -0.0238725   -0.0382063
   0.0567897   -0.0519328     -0.06258   -0.0395601
   0.0470356   0.00583806    0.0431416    0.0340276
   0.0426169     0.019699  0.000931047    0.0304071
   0.0489395   -0.0487816    -0.059065    0.0366793
   0.0992176   -0.0650368    0.0666619  0.000665999
   0.0322743   -0.0456422  -0.00567973   -0.0674992
   0.0244194    0.0309819    0.0696993   -0.0398999
  0.00183804    0.0441993    0.0186707    0.0419006
  -0.0696238  -0.00175342   -0.0453757    0.0125243
   0.0128768   -0.0390756   -0.0171678   -0.0112012
  -0.0539878  -0.00114432   -0.0129116    0.0438933
   0.0659922    0.0635742    -0.035901    0.0100062
  -0.0214986   -0.0266741   -0.0403475   0.00672227
 -0.00616105   -0.0307057   -0.0351014   -0.0503532
    0.041232    -0.021374   -0.0631296    0.0434686
  -0.0859788    0.0652411    0.0470073    0.0292069
   0.0296797   -0.0441106   0.00681893   -0.0310048
    0.070543   -0.0603579   -0.0200801   -0.0728325
   0.0591703   -0.0244331   -0.0012509   -0.0534408
   0.0103933  -0.00904296    0.0382103   -0.0596157
   0.0681679   -0.0611861   -0.0412058  -0.00562857
   0.0406684    0.0527498    0.0233783    0.0366003
 -0.00299254   -0.0129884   -0.0587321   -0.0640576
   0.0444331   -0.0464794   0.00232835    -0.049702
  -0.0106343   0.00890435    0.0122679     0.043129
 0.000747535    0.0440972    0.0062747   0.00479149
  0.00713363   -0.0602424   0.00606247   0.00130804
   0.0110476   -0.0337234  0.000488145    0.0274992
   0.0321155    0.0220259   -0.0389562    0.0318483
   0.0555004   -0.0491457   -0.0331582     0.022871
   0.0276304    0.0600881    0.0345586   -0.0627478
  -0.0163957    0.0379517     -0.03522   -0.0456555
   0.0810847    0.0365978    0.0511992  -0.00279187
   0.0153879     0.016305   -0.0270829    0.0279282
 -0.00269793   -0.0538392  0.000271176    0.0122499
   0.0869025   -0.0406386    0.0173899    0.0547238
  -0.0440373    0.0313368   0.00367333    0.0449156
  -0.0617135    0.0503492  -0.00514007   -0.0914781
   0.0658397    0.0294611   -0.0115841  -0.00206196
   0.0162657   -0.0667383   -0.0547627    0.0475406
   0.0114271   -0.0532192    0.0294372   -0.0339079
   0.0507882   -0.0343396    0.0361284    0.0139483
  -0.0110089   -0.0567608   -0.0257886   -0.0475597
   0.0351974   -0.0141531    0.0484158    0.0691974
   0.0792938    0.0110701    0.0574475     0.033762
   0.0720871  -0.00425273   0.00110963   -0.0638291
     0.05075   -0.0363432    0.0159592    0.0378892
  -0.0256345    0.0250742  -0.00172257    -0.035109
   0.0401618  0.000883809    0.0225228   -0.0372215