  -0.0520302     0.042059  -0.00941558  -0.00509738
   0.0469426     -0.10826    0.0146557    -0.168806
  -0.0889072    0.0288588    -0.101726   -0.0250314
   -0.103985     0.176736   -0.0064999     0.202204
   0.0252334    0.0486274   -0.0235903     0.104886
   -0.194331    0.0660443     0.115617  -0.00279121
  -0.0307257    0.0645723    0.0753439     0.159492
   -0.100707   -0.0861242   -0.0231926    -0.154711
   0.0309845   -0.0799193    0.0297772   -0.0583814
   0.0429764    0.0267415    0.0465283     0.185752
   0.0530312   -0.0265356   -0.0174722    0.0165253
 -0.00127287  0.000317137    0.0470088    0.0453828
   0.0050464   -0.0658888    0.0987997   -0.0471536
   0.0152561  -0.00147848   -0.0382385    0.0276833
  -0.0202966   -0.0802051   0.00970537  -0.00494022
   -0.085886    -0.102131     0.213672   -0.0766963
  -0.0842182     0.184344  -0.00876956     0.235426
  -0.0487577     0.129625    -0.128704    0.0480452
 -0.00449913   -0.0343625     0.108721    0.0251773
   -0.206944     0.213605    -0.112457     0.183878
    0.244728    -0.145153     0.180694   -0.0905533
   0.0479773    0.0533145   -0.0532908    0.0213712
   0.0698988   -0.0737111   -0.0233546   -0.0460478
   0.0625444    0.0852872   -0.0784079     0.215213
   0.0673553     0.159139    -0.128259     0.264755
   -0.131016     0.115896   -0.0391835    0.0985447
   0.0359228    0.0681144   -0.0330916    0.0468244
   0.0505436     -0.05943   -0.0480771   -0.0263945
    0.011083   -0.0661947     0.155654    0.0273541
  -0.0648472   -0.0443871  -0.00220483    0.0292879
   -0.101322    0.0308892    0.0544288    0.0564565
   0.0134171    0.0764512    -0.057502    0.0703642
  -0.0413299   -0.0518802   0.00914719   -0.0947803
  -0.0418365    0.0815578    0.0395765    0.0612212
   0.0260678   -0.0206577     0.046418    0.0192873
   0.0312974    -0.145148    0.0902836    -0.147309
   0.0138963    0.0539152    -0.100253  -0.00345158
   -0.124857    0.0584968   -0.0282984     0.116024
  -0.0533819     0.147677    -0.101382     0.204593
  0.00346625    0.0481002  -0.00461467     0.103773
  -0.0995358     0.051258    0.0565866    0.0138558
   0.0108314     0.101641   -0.0213037     0.182153
  -0.0819063   -0.0955356    0.0217219   -0.0361315
  -0.0373634     0.134151    -0.038235    0.0477462
  -0.0632837    0.0414681   -0.0126605    0.0143737
  0.00110214      0.11363   -0.0476413     0.220175
   0.0713126    0.0430926   -0.0326175     0.166456
   -0.008531     0.112851    0.0235131   0.00978377
  -0.0944631     0.086545     0.132396    0.0468872
   0.0614842   -0.0405353   0.00551769    -0.178556
  -0.0159269    0.0375823   -0.0875382    0.0580792
 -0.00433807     0.137749   -0.0015381     0.126978
   0.0179169   -0.0274993    0.0496439   -0.0437314
   0.0146766    0.0405191    0.0595958   -0.0754617
   -0.166218   -0.0364497    0.0564399   -0.0502594
 -0.00148328   -0.0192719    0.0377734  -0.00166229
   0.0126459    0.0810541   -0.0102036     0.088823
   -0.146891    0.0964578   -0.0957607     0.104968
   -0.287188     0.251118    -0.113907     0.253385
  -0.0193183    0.0776445    -0.115743    0.0881927
  -0.0373155  -0.00853382   0.00461434    0.0243232
  0.00293331    -0.126556    0.0518573    -0.145577
   -0.013867    0.0765363   -0.0483039    0.0498276
  -0.0351746   -0.0200313    0.0240238    0.0292366
   0.0236553    0.0490248    0.0202332    0.0803694
 -0.00898288   0.00794565    -0.087929    0.0603467
  0.00952638  -0.00363997    0.0222036    -0.107594
   0.0837797    0.0591715     0.203238     0.120584
   0.0158046    0.0387644   -0.0178346   -0.0348271
   0.0270057   -0.0292549     0.165312     0.155738
  -0.0426651   -0.0685716   -0.0216807    -0.158725
    0.023888  -0.00501056    0.0184899   -0.0755669
  -0.0456229    0.0918591   -0.0686254    0.0786046
   0.0537991   -0.0338402    -0.155704     -0.13141
  -0.0435416  -0.00673349    0.0774803   -0.0190022
  -0.0515827   0.00770879    -0.094274   -0.0373618
   0.0768122    0.0322102     0.050205     0.115393
   0.0248931   -0.0322744     0.059873   -0.0338967
  -0.0195475    -0.085884    0.0581712   0.00436168
  -0.0323288    0.0446396    0.0673286     0.189757
   0.0649829    0.0461702     -0.12197     0.171352
  -0.0174253   -0.0470964  -0.00266319  0.000911942
   0.0363826    0.0791947   -0.0640643    0.0878509
   -0.023669     0.023765    0.0433387    0.0782509
   -0.068572   -0.0897919    0.0786752    -0.119042
   0.0383974      0.06002   0.00465427    0.0167834
  -0.0150898   -0.0131844   -0.0332441    0.0303781
   0.0130453  -0.00139642  -0.00515439   -0.0815638
  0.00202055   0.00936133    0.0532108     0.130372
    0.101877    -0.083555    0.0508275    0.0113578
  -0.0978414    0.0136635   -0.0357153   -0.0419103
   0.0465803  -0.00544699    0.0199079   0.00531462
 -0.00302695   -0.0602357   -0.0426607   -0.0581083
  -0.0352359    0.0618716   -0.0513602    -0.024177
    0.091181   -0.0325461    0.0873327    0.0787546
   -0.107106     0.118959   -0.0957069      0.28569
    0.119515    -0.184603    0.0511134    -0.221223
  -0.0488444   -0.0340341    0.0545983     -0.20046
 -0.00930114     0.137483   -0.0922556     0.128406
  -0.0471014    0.0299814    -0.045439   -0.0113425
  -0.0323517    0.0769786    -0.137978  -0.00181055
    0.032756   -0.0924054    0.0279662   -0.0279999
    0.112174   -0.0354151    -0.093755    0.0624036
  -0.0275536   -0.0183383   -0.0101839   -0.0747745
  -0.0185807   0.00413196   -0.0782341   -0.0413631
  -0.0489051     0.105417    -0.106663      0.11306
 -0.00701877     0.125517    -0.100859     0.148354
  -0.0405143     0.113949   0.00681117    0.0950562
   0.0767743    -0.172059   -0.0226857    -0.306275
    0.120964   -0.0313203      0.11572     0.111846
    0.110156  -0.00967084   -0.0564732  -0.00897446
   -0.139994     0.111309    -0.222752     0.244144
   0.0711053    -0.115051    0.0789705   -0.0958129
  -0.0234249    0.0177795    0.0597105    0.0134693
   -0.026236   -0.0114757   -0.0126531   -0.0881743
   0.0689901   -0.0729214    0.0320993    0.0284046
  -0.0751954     0.318829    0.0728716     0.620564
   -0.084269   0.00402157   -0.0535448     0.169494
  0.00102683     0.131749    -0.171356     0.243177
   0.0507247    0.0935076    -0.102265    0.0972822
  -0.0120334    0.0834633    0.0431233     0.167778
   0.0501867    0.0856729    0.0391259     0.235296
  -0.0397311    0.0374019  -0.00844767     0.160119
   0.0726879    0.0518489    -0.193314    0.0695595
    0.235973    0.0403605    -0.108296      0.10521
    0.075348   0.00954478    -0.123426     0.108455
    0.115361    0.0872829    -0.150675     0.310107
   -0.113613     0.248942    -0.105944      0.48253
   -0.177036     0.163153     0.193114     0.174085
   0.0331861    0.0790861    0.0355378     0.147733
   -0.197314   -0.0205532    0.0457157    -0.135608
  0.00375683   -0.0604494    0.0541658    -0.175007
  -0.0448819     0.130925    -0.105638     0.283694
   -0.014627   -0.0878082    0.0735129   -0.0853968
   -0.028653     0.172168     -0.01285     0.328549
  -0.0547635    0.0592726    0.0429342     0.150376
    0.226661    0.0949033     0.115178     0.305867
  -0.0471114  -0.00194229     0.024937    0.0267054
   0.0440497   -0.0926321   0.00139967    -0.176907
  -0.0491687     0.130475    -0.150272    0.0300987
  -0.0577975   -0.0203929     0.100348   -0.0537627
   0.0391815   -0.0191316    0.0690522   -0.0500328
   0.0177833    -0.018704   -0.0789983    0.0339278
  -0.0388264    0.0983741    0.0764253   0.00938386
     0.16166   -0.0815249     0.090256    0.0300801
   0.0377544    0.0305874    0.0477355   -0.0351978
   0.0234135    -0.171625   -0.0419376   -0.0920922
   0.0305576   0.00870385     0.109544    0.0308749
   0.0870186    0.0195221   -0.0018536    0.0586553
   0.0170362    -0.100056    0.0645299    -0.049275
    0.067434    0.0166459      0.10089    0.0725432
  -0.0161847    0.0477049     0.049861     0.039309
     -0.0375   -0.0433318     0.114026   -0.0532052
  0.00213623    0.0142736    0.0443621    0.0433036
  -0.0172879    -0.153162     0.123747    -0.019303
  -0.0696538      0.12862    -0.036521   0.00398631
  -0.0553456      0.02995    0.0505438  -0.00497154
   -0.099977  -0.00811114   -0.0576868    0.0384045
   0.0379526   -0.0385405    0.0567961    0.0421483
  -0.0813344   -0.0093235   0.00696442    -0.141117
   0.0444547   -0.0172347   -0.0901409     0.119885
  -0.0695006    0.0120424   0.00669648     0.110568
   0.0287934   -0.0437938    0.0456385    -0.182021
   -0.159626    -0.143409     0.105557    -0.308317
   -0.129941    0.0292599    0.0714408    -0.213841
   0.0107562     0.103646   -0.0439803     0.114566
   0.0982629   -0.0162412    0.0322031   -0.0154281
   0.0327855     0.127895  0.000804085     0.119073
  -0.0440944   -0.0735521    0.0349269   -0.0696465
   -0.113304   -0.0111647     0.129487   -0.0669469
  0.00838988   -0.0116784   -0.0597396    0.0412726
 -0.00950051    0.0179073    -0.105451    0.0121488
  -0.0100188    0.0863229   -0.0466005     0.087325
   0.0198436   0.00133467    0.0155098   -0.0567503
  -0.0708629    0.0185415   0.00705696      0.16952
  -0.0664349   0.00913448    0.0593629     0.194477
   0.0142561    0.0297768   0.00932869    0.0189077
  -0.0807046   -0.0321123    0.0947715   -0.0475681
   -0.116308    -0.072715   -0.0345157    -0.112968
 -0.00774396    0.0445237    0.0616224     0.179633
   0.0444971    0.0139633  -0.00358496   -0.0118152
-0.000744864    -0.204853    0.0159744    -0.389508
 -0.00358195     0.105608   -0.0895211    0.0156423
   -0.059005    0.0105224  -0.00132522    0.0788013
   0.0895695     0.102857    -0.197111   -0.0236687
  -0.0685905      0.27057    0.0302431     0.425852
   0.0274721   -0.0143267     0.168592    -0.038684
  -0.0827736     0.150625   -0.0845638     0.148791
   0.0233315     0.226163   0.00586953     0.323689
  -0.0201661   -0.0604585     0.112286   -0.0178311
  0.00597435    -0.125742     0.168595    -0.140198
  -0.0297235    0.0660055  -0.00769874    0.0056209
   0.0197797    -0.031511   0.00476189   -0.0538993
   0.0141197    0.0132613    0.0125515    -0.125107
   -0.108532     0.202559    -0.154888     0.333778
   0.0197495   0.00545051    0.0123993    -0.184354
   0.0612504    0.0443669   -0.0181403    0.0584039
   0.0219467   -0.0260597     0.058701    -0.125037
   -0.116311    0.0642802   -0.0988978  -0.00901142
   0.0313586   -0.0132174    0.0659053   -0.0195455
   0.0172675    0.0216526   -0.0263884   0.00050883
  -0.0498534    0.0907575    -0.040381     0.144117
   0.0376897    0.0244636    -0.136542    0.0970385
    0.102527   0.00453313    0.0791509     0.134246
  -0.0883831     0.152668    -0.142664     0.234574
   0.0319708    0.0269368     0.117757    0.0926659
  -0.0625898    0.0282793  -0.00749239    -0.115941
   0.0760656    0.0732847   -0.0353938    0.0331644
   0.0159486     0.107082    0.0953295     0.222041
  -0.0291919   -0.0472611     0.245259   -0.0725001
  -0.0201255    -0.135949  0.000127644    -0.205731
   0.0674554     0.345804   0.00762536     0.606342
  -0.0446354    -0.135489     0.188909    -0.180864
    0.027854     0.049135    0.0346664  -0.00496356
 0.000778185   -0.0220756    0.0514128     0.135786
  0.00541278   -0.0233799    0.0236458    0.0657002
  -0.0345798    0.0330556    -0.178829     0.082181
    0.020718   -0.0635394    -0.038365   -0.0564042
  -0.0790711    -0.147561     0.115732     -0.23771
   0.0745241   -0.0824474    0.0170683    -0.151819
  -0.0698799   -0.0376238    0.0263164   -0.0343938
  -0.0126153   0.00893274    -0.105653     0.100824
    0.048993  -0.00929964     0.129758    0.0205477
  -0.0246024      0.11308   -0.0364179     0.173885
 -0.00733323   -0.0136004   -0.0214498    -0.167749
  0.00259797  -0.00842479    0.0897936    -0.112806
   0.0447374     -0.16687     0.103324    -0.312583
  0.00129682    0.0141952    -0.142625   -0.0121512
  0.00669817    0.0526013    0.0310082     0.279184
  -0.0255508     0.146721  -0.00165978    0.0934582
  0.00210563  0.000273586   -0.0753796     -0.03274
    0.147849   -0.0918263   -0.0803628     0.039794
 -0.00105946   -0.0073965  -0.00300756   -0.0568024
   0.0730975    0.0231627   -0.0155609   -0.0755477
 -0.00265427    0.0886768   -0.0709501    0.0403719
   0.0702011    0.0141232    -0.026466   -0.0211543
   0.0807069    -0.144362   -0.0236199   -0.0965645
   0.0278836    0.0731535   -0.0383064   0.00401846
    0.111601   -0.0531368   -0.0687947    -0.043113
 -0.00173279    0.0151309   -0.0287659   -0.0220735
  -0.0550739     0.100592   -0.0402443     0.136503
   0.0443015      0.01859    0.0895363    0.0774983
    0.027594    0.0310013    0.0155617   -0.0811395
  -0.0675621     0.145077    -0.161108     0.322595
   0.0496375   -0.0917592    0.0388945    0.0245264
   0.0366425    0.0313073    0.0241409  -0.00849669
   0.0610081    0.0931305      -0.2225     0.197175
    0.130195    0.0463954  -0.00855054     0.160339
   0.0485327    0.0582294    -0.150204    0.0609381
    0.124975  -0.00102406    -0.119187     0.151259
  -0.0489083   -0.0643116  -0.00870869    -0.196678
   0.0435679     0.138231   -0.0791653     0.223418
  -0.0075238   -0.0942699    0.0332717    -0.100577
    0.025722     0.064494   0.00112055    0.0420845
  0.00968795    0.0294405   -0.0459049    -0.120875
  -0.0232775   -0.0194493    0.0562325    0.0447863
  -0.0427146    0.0343405   -0.0181112    0.0438053
-6.93419e-05  -0.00239181   -0.0125293  -0.00260233
  -0.0408266    0.0874874    0.0137217    0.0873472
   0.0396904   -0.0725128  0.000156209   -0.0330323
  -0.0853398  -0.00420599    0.0128552     0.120026
  -0.0278775   -0.0597307   0.00543565  -0.00180856
  -0.0248997   -0.0574293  -0.00484917   -0.0892107
   -0.111369    0.0297314  -0.00190928    0.0556559
   0.0366945     0.089347    0.0314269    0.0770547
   0.0988679   -0.0881739   -0.0342097      -0.0687
  -0.0275278   -0.0903352    -0.101838   -0.0787137
   -0.082741    -0.110089    0.0260975    0.0540746
    -0.05675    0.0145657     -0.13815  -0.00328835
  -0.0707708    0.0425934    0.0539347  -0.00407672
   0.0340254    0.0320008   -0.0280129   -0.0950532
 -0.00468747    0.0546112    -0.135615     0.164937
   0.0438465     0.100928   -0.0748988    -0.029765
  -0.0749754     0.203274   -0.0628428     0.222481
   0.0555062    -0.037678    0.0705861    0.0307038
   -0.117775   0.00108943     0.173585   -0.0136709
    0.113791    -0.126492     0.127497   -0.0397958
   0.0352697   -0.0258033    0.0277074   -0.0290704
   0.0892425   -0.0376333   -0.0987641  -0.00969267
  -0.0827348     0.017522   -0.0100679     0.090433
   0.0145985   0.00321457     0.205942     0.134365
    0.128394    0.0834403    -0.125519   -0.0109251
    0.117202    -0.100024    0.0580512    -0.187026
  -0.0292008    0.0564011     0.153042   -0.0350795
   0.0140216    0.0485981    0.0795533    0.0602899
  -0.0640549   -0.0193993    0.0154713    0.0785984
    0.108836    -0.138004      0.10202   -0.0456643
    0.214629      0.11934    -0.121771     0.220494
 -0.00499146    0.0598537    0.0463967    -0.101251
   0.0604188   -0.0486335   0.00997368   0.00970373
  -0.0303172    0.0343771    -0.094728     0.075922
  -0.0356901    -0.014709   -0.0809339  -0.00926872
    -0.13298   -0.0439367     0.101654    -0.041249
  -0.0556328   -0.0636381    0.0255192   -0.0554661
  -0.0113908    0.0356121   -0.0881743   -0.0752724
   0.0825334    0.0169435   -0.0313113    0.0519012
   0.0712787    0.0122524   -0.0101022    0.0551512
     0.14267    0.0094435    -0.129766   -0.0361461
  -0.0921288   -0.0193704     0.051248    0.0891464
   0.0196666      0.13699    0.0832785    0.0889628
   -0.100384     0.109578   -0.0904122     0.104148
  -0.0539898    0.0725521   -0.0684032     0.128714
  -0.0439293    0.0117578   -0.0303436   -0.0739719
  -0.0749628   -0.0785213    0.0256662    -0.134968
   -0.135505     0.151822     0.145217     0.217017
  -0.0408284   0.00298629    -0.126282   -0.0577606
    0.124516     0.165061    -0.118449      0.21834
  -0.0225181   -0.0680571    0.0330333   -0.0645176
-0.000522041     0.128337     0.039741     0.171569
  0.00316691      0.12699    -0.125451     0.242662
 -0.00827438   -0.0766846    -0.015681   -0.0424904
    0.070902    0.0278307   -0.0494024  -0.00113608
  -0.0418369   -0.0133818   -0.0977242   -0.0217909
  -0.0114322    0.0201763    0.0160144    0.0282039
   0.0804192   0.00560049   0.00459464  -0.00210239
  -0.0500667    0.0232334    0.0308951    -0.024411
  -0.0450333     -0.12675  0.000555424    -0.116319
    0.040622    0.0525072    0.0125764   -0.0615637
  -0.0597166   -0.0700442   -0.0156463    0.0265992
   0.0775248   -0.0210077    -0.223816   -0.0886589
  -0.0637428     0.181516     0.114104     0.462732
  -0.0438926   0.00257555  -0.00857592    -0.117153
  -0.0309894   -0.0957063    0.0560419    -0.181577
   0.0734841   -0.0371134    0.0424572     0.102631
   0.0122044   0.00710789  -0.00162215   -0.0725918
  -0.0915273    0.0599278   -0.0665386    0.0203877
  -0.0744142     -0.02731    0.0387344   0.00150907
   -0.116645     0.181343    0.0646164     0.209323
  0.00464241    0.0302842    0.0326867      0.07643
   0.0161094   -0.0220728   -0.0646499     0.056517
   -0.108277   -0.0818863    0.0433205   0.00135221
   0.0626776    0.0804037     -0.11893  -0.00891916
   0.0475891    -0.040734   -0.0595182    0.0124119
    -0.08001     0.087492    0.0497486     0.088987
  -0.0544123    0.0733892    -0.037112    0.0558293
   0.0709747    -0.104257   -0.0576353   -0.0170411
  -0.0327703   -0.0505064   -0.0385009    -0.114367
   0.0571465   -0.0147502   -0.0349614   -0.0679185
   0.0922472    -0.148075    0.0346647    -0.290457
  -0.0204023     0.042893      -0.1193    -0.046807
   -0.015817   0.00614958    0.0158048   -0.0640042
  -0.0167292    0.0449309   -0.0946099    -0.101627
    0.144234    0.0608274  -0.00984886     0.130526
  -0.0936839  -0.00603194     0.094983    -0.179114
  -0.0384596     0.149921    0.0389431     0.202093
   0.0952323    0.0674626    -0.154153      0.11446
  -0.0289091   0.00590413    0.0971294     0.018338
   0.0309919   -0.0234441    0.0278245   -0.0720541
  -0.0550821   -0.0165513    0.0969744    -0.059107
 -0.00289809    0.0849955     0.241799     0.173223
   0.0549916   -0.0291108    0.0830535    0.0364622
  0.00810684    0.0286111    0.0232315  -0.00460541
   -0.122191   -0.0372639     0.123631     0.092607
   0.0475884   -0.0291063     0.109104     0.145615
   0.0996658   -0.0965979      0.11792    -0.117706
  -0.0703735    0.0841493   -0.0457723    0.0845639
   0.0818317    0.0985219   -0.0327688      0.13609
  -0.0771841   -0.0399399    0.0240437    0.0840614
  0.00969156   -0.0277641    0.0160445     -0.16259
    0.181886    -0.186617   -0.0915445    -0.175913
   0.0170393   -0.0473109   -0.0135542    0.0167679
  -0.0259345    0.0277084   -0.0109044   -0.0127325
   0.0347165   -0.0909346   -0.0911932   -0.0142369
   -0.042968   -0.0711632     0.019862    -0.137644
   0.0259157   -0.0133667    -0.060197    -0.101072
  -0.0586121   0.00927086  -0.00665766   -0.0238716
    0.138665     0.106161    -0.279988    -0.076517
   0.0266347    0.0496109    -0.124032    0.0823804
  -0.0919643     0.102837   -0.0565342    0.0777819
  -0.0430338   -0.0549709    0.0397771   -0.0558858
  -0.0948485     0.107457   0.00862024     0.190225
   0.0254181   -0.0696577    0.0875282    -0.112238
   0.0224634    0.0778072     0.139878    0.0420615
  -0.0204451    0.0986742    0.0280155    0.0873056
   -0.142089    -0.113358      0.14722    -0.215344
   0.0325933     0.138514      -0.1971  -0.00140405
   -0.073876    0.0482985    0.0238298  -0.00699459
    0.049666  -0.00611674    0.0304129    -0.022301
   0.0682168    -0.057481    -0.121407   -0.0554366
  -0.0288051   -0.0328763    0.0622622    0.0202798
   0.0496846    -0.112806   -0.0170245    -0.202486
   0.0102279    0.0823146   -0.0667733    0.0929391
    0.010474   -0.0287492    0.0717257    0.0268316
   -0.053352   0.00185683    -0.049172   -0.0813132
  -0.0508342    0.0642531    -0.139936     0.152309
   0.0198672   -0.0614842   -0.0294601   -0.0921536
  -0.0829511    0.0550757    0.0619996     0.189664
   0.0379348    0.0928688   0.00298369    0.0420143
   0.0359105    0.0695392    -0.156006    0.0575053
    0.113714     0.128685    -0.248961     0.139771
  -0.0368999    0.0761101    0.0252222   -0.0462681
   0.0129468   0.00089741   -0.0123782   -0.0391913
    0.104728    -0.151213   0.00795665    -0.082004
   0.0312788    -0.124554    0.0826178    -0.116999
   0.0165693   0.00540805     0.044523     0.102481
   -0.159218     0.176604 -0.000604847     0.330111
   -0.158862    -0.104204    0.0281197    -0.203333
   -0.100567    0.0763004   -0.0168876    0.0954758
  -0.0383267    0.0644922   0.00246888     0.167393
 -0.00527101     0.143504    0.0263089     0.258492
  -0.0129715     0.272811   -0.0552003     0.345516
   0.0268724    -0.109662   -0.0180425    -0.133626
  0.00620281    -0.108676   -0.0300422    -0.355098
   -0.107695     0.151085     0.178138     0.138149
   -0.086279    0.0628841    0.0368851    0.0730415
   -0.129172     0.132703    0.0416689     0.140518
  -0.0304139    0.0935631    0.0224472    0.0680938
  0.00522237    0.0701115    -0.053207    -0.016671
 -0.00267061    0.0165304    0.0115199    0.0478822
  -0.0716957    0.0261504   -0.0105853    -0.112027
   0.0448283    0.0546884   -0.0866318   0.00763594
   0.0263145   -0.0658341    -0.119629   0.00461754
   0.0281847   -0.0103307    0.0221137    0.0208143
  -0.0488336    0.0491432    0.0726002    0.0910511
 4.92148e-05   -0.0483773    0.0177242    -0.194292
  -0.0966065    0.0680007    0.0475186    0.0823742
    0.100347    0.0491125    0.0297472    0.0438934
  -0.0852312    0.0579355   -0.0575695   -0.0377625
   0.0194744   -0.0607134    0.0208715     0.158471
   0.0170045    0.0204305   -0.0355497   -0.0153179
   -0.128828     0.316942    -0.204122     0.549766
   0.0334087    0.0120647    -0.100581   -0.0105187
   0.0958596    -0.141671      0.19823   -0.0136731
   0.0443453    0.0443657    -0.103316   -0.0640348
  -0.0137564    0.0806561   -0.0641676    0.0307312
   0.0647729   0.00738235    -0.136843    0.0045237
    0.027808  -0.00230691    0.0785314   -0.0486827
  -0.0689891     0.132324  -0.00137947    0.0579988
   0.0793351    0.0205797   -0.0118137    0.0254264
  -0.0231504    0.0777327   -0.0786986    0.0868827
  -0.0280579     0.135317   -0.0219987    0.0454457
   0.0524804   -0.0343676    0.0791321    0.0287085
-0.000183389   0.00794702   -0.0200206      0.13191
  -0.0378098   -0.0107333    -0.117436    -0.179908
  -0.0087166  -0.00984843    0.0159511    -0.090821
  0.00462373    0.0295239   -0.0333392     0.127772
  -0.0387989   -0.0654748   -0.0639531   -0.0713335
   0.0237642    -0.145134    0.0524399    -0.228863
   0.0695715    -0.127107   -0.0241941   -0.0939146
   0.0161767  -0.00727439   -0.0242144    -0.155766
  -0.0969189    0.0818189    0.0121041    0.0514234
   0.0175369  -0.00557843   -0.0510909     0.135301
   -0.012093    0.0266391    0.0405178    -0.106583
   0.0840127    0.0400544     -0.11956     0.150618
-0.000298568   -0.0238781   -0.0487337   -0.0384881
   0.0135891   0.00474595    0.0747804   0.00878416
   0.0299021     0.118911     -0.11057    0.0714825
  -0.0422738    0.0642694    0.0853305     0.177694
   0.0342041    0.0267536    0.0998211    0.0756538
 -0.00758503    -0.017584     0.124038    0.0946081
   0.0151775    -0.110863   -0.0168104   -0.0409114
  -0.0124876     0.112102    -0.104319    0.0685086
  -0.0649372    0.0579954    0.0311083   -0.0679445
   -0.044539    0.0199096     0.024687    0.0478909
   0.0481801    -0.106607    0.0242291    -0.109105
  0.00880126      0.10494    -0.141575    0.0267052
     0.10252    0.0143398   -0.0306806     -0.20723
   0.0488066   -0.0190418    0.0387113    -0.100823
   -0.128477     0.095439    0.0612236     0.196375
   0.0244238  9.75827e-05   -0.0907653   -0.0558713
  -0.0530376     0.193549   -0.0386296     0.243095
  -0.0830083     0.126798     0.117247     0.209946
   -0.046735       0.1194   0.00835651     0.106635
  -0.0321806    -0.177232     0.140793    -0.286137
   0.0903504   -0.0788562     0.131842    0.0642099
  -0.0172782    0.0625315    0.0260569   -0.0374636
   0.0500778    0.0566163   -0.0467651     0.117406
    0.127798     0.340532    -0.320401     0.427889
  -0.0208836     0.243808    -0.252278     0.214295
  -0.0284262    0.0131297    0.0293556    0.0296178
   0.0930686   -0.0701537   0.00538674     0.116216
   -0.106422    0.0210169   -0.0482761   -0.0363872
   0.0204583   -0.0622106     0.130435   -0.0171717
  -0.0274111    0.0968412   -0.0424299    0.0572343
   0.0479032    -0.045238     0.137078   -0.0267224
   -0.102127   -0.0130498     0.118968    -0.119107
   -0.040122    0.0846757   -0.0543166     0.213135
    0.223096    0.0710184    -0.191244     0.317542
    0.017681   0.00923015    0.0737234     0.118142
   -0.142789   -0.0155467    0.0342495  0.000863848
   0.0518189    -0.188176     0.130221    -0.100784
    -0.14448    0.0997148     0.027061     0.139445
  0.00986719    0.0413535     0.102472   -0.0473622
  -0.0407262      0.15096   -0.0192641      0.14337
  -0.0910399     0.258166  -0.00658651     0.348246
   -0.153854    0.0707702    0.0276822    0.0455721
   0.0496737    0.0110858   -0.0585588    -0.073587
  -0.0961923      0.11525    0.0177641     0.207175
  -0.0559119    0.0650452    0.0764295     0.226312
  -0.0186321     0.152206    -0.152003     0.210381
   -0.104068    -0.055484  0.000463535   -0.0454279
    0.079743   -0.0377378    0.0633046   -0.0282815
   0.0827474    0.0561716     -0.11503    0.0117364
   -0.032506     0.146554   -0.0304122      0.03235
  -0.0655641    0.0207834    0.0438758   -0.0085317
   0.0338536   -0.0568709    0.0539973   -0.0190661
  -0.0086674    0.0170055   -0.0663104    -0.101601
   -0.150581     0.156803    0.0347282     0.101672
   0.0329265  -0.00450422    0.0448802    0.0860456
  -0.0874645    -0.071647    0.0861705    -0.219883
  0.00710057    0.0573417    -0.103687   -0.0425778
  -0.0366286   -0.0200474   -0.0166784   0.00485323
   -0.103602      0.13515     0.183514     0.267688
  0.00217864    0.0401162   -0.0214793     0.152856
 0.000437128   0.00482644    0.0492422     0.125278
  -0.0343191    -0.057668  -0.00698102   -0.0493161
  -0.0586164    0.0731138    0.0132829    -0.123793
   -0.151278    0.0807385     0.032692     0.177128
    0.101401    -0.331475     0.204821    -0.259721
   0.0339062   -0.0796284    0.0153328   -0.0382699
   -0.123105     0.126743   -0.0603345     0.103552
   0.0463847   -0.0814179   -0.0335462   -0.0713824