   0.0546623   -0.0125852    0.0324397     0.077727    0.0325703    0.0357245  -0.00689342     0.010788
    0.100379   0.00846252    0.0633612    0.0933705    -0.039306   -0.0262602    0.0874777   -0.0474104
 -0.00632842    0.0538411  -0.00859978   -0.0731252    0.0168542   -0.0323969    0.0544282     0.039053
    0.072361    0.0325902    0.0214947   -0.0232982     0.058144   -0.0178416    0.0192518   -0.0589519
   0.0201052    0.0711785    0.0600852    0.0512053    0.0130961    0.0559947  -0.00333727   -0.0464073
  -0.0105888    0.0577831    0.0574914   -0.0584206 -0.000499204   0.00233332  -0.00213524    0.0158845
    -0.11742    0.0969236   0.00681311   -0.0203542     0.051851  -0.00267374   -0.0395767   -0.0795466
   -0.053265  -0.00540239  -0.00698427   -0.0129963    0.0245084   0.00551133    0.0717565 -0.000600251
  -0.0264741    0.0997999   0.00213446    0.0198204    0.0454556    0.0199572    0.0507692   -0.0580364
   0.0786021    0.0702299   -0.0137856     0.111085   0.00485165    -0.128592   -0.0060235   -0.0142816
  -0.0731093    0.0489319    0.0404257  -0.00531041   -0.0552614   -0.0240342   -0.0165001    0.0127868
   0.0618326    -0.013351    -0.059169    0.0251284    0.0446962   -0.0273599     0.109294   -0.0700105
   0.0199876   -0.0078449   -0.0205561    0.0370396    0.0622142    0.0075613    0.0083773    0.0262343
  -0.0972511    0.0663244    -0.079944   -0.0262146    0.0221845    0.0931006    0.0398267    -0.029529
   0.0158032     -0.08623   -0.0269412    -0.104398    0.0302198    0.0329389    0.0481999   -0.0491794
   0.0555136    0.0826976    -0.034385   0.00464205    0.0269261   -0.0404223     -0.00783   -0.0386407
  -0.0246475    0.0469417    0.0528648   -0.0612556   -0.0743338    0.0449673   -0.0628573   -0.0426168
      -0.192   -0.0350872    -0.060352   -0.0168574   -0.0977794    0.0117359    0.0634248   -0.0442364
  -0.0318889    0.0742574    0.0698151  -0.00636346   -0.0328861    0.0201597   -0.0541983   -0.0819845
   0.0599362   -0.0609634   -0.0743197   -0.0791882   -0.0417232   -0.0528097    0.0681601    0.0588681
   0.0101254   -0.0519701    0.0138642  -0.00108938    0.0703957    0.0239592   -0.0141468    0.0612661
 -0.00647164   -0.0209619     0.106681  -0.00775614    0.0248284  -0.00976181    0.0241442    0.0256586
  0.00542576   -0.0469692    0.0269793   -0.0037356    -0.041266  -0.00839237     0.037716   -0.0278113
  -0.0821204     0.065765     0.114235   -0.0872695   -0.0677047    0.0679831   -0.0733946    0.0331652
  -0.0113833   -0.0274647   -0.0413406   -0.0267344    0.0146111  -0.00848139    0.0760571   -0.0349821
   0.0317136     0.101161    0.0400869    0.0277663  0.000234374  -0.00118974   -0.0269706    0.0431612
   0.0451586    0.0222241    0.0770888   -0.0381486    0.0110884  -0.00844975    0.0288164   -0.0705827
  -0.0561318    0.0778667  -0.00749777   -0.0608315   -0.0385581    0.0353952    -0.021579  -0.00665656
   0.0204093    0.0901997  -0.00329987   -0.0188373    0.0499154   0.00313637   -0.0830439   0.00800903
   0.0679001   0.00103549   -0.0322638  -0.00787868   -0.0213194    0.0310317     0.100293     0.037088
   0.0523124    0.0833356   0.00847556    0.0709137    0.0693872    -0.097107   -0.0343891   -0.0602041
   0.0254781   0.00772451    0.0421802   -0.0404976    0.0592246   -0.0787427    0.0675863   -0.0358208
  -0.0311229    0.0598556   -0.0548315   -0.0545221   -0.0278809     0.014009    0.0375042    0.0451395
   0.0440337    0.0740948    0.0845529    0.0541755   0.00714471   -0.0303427   -0.0838972    0.0309114
   0.0592914    0.0882039   -0.0137367    -0.065216    0.0311733    0.0456416   -0.0494115    -0.029933
  -0.0196632    0.0548751    0.0778654    -0.016832    0.0275116   -0.0632201   -0.0312837   -0.0576816
    0.025934  -0.00575632  -0.00481618   -0.0671102    0.0695887   0.00175953     0.069198    0.0356929
  -0.0516993  -0.00743043   -0.0684136    -0.066363  0.000159815    0.0940948   -0.0456763  -0.00333565
  -0.0315237   -0.0255603    0.0168716   -0.0374652   0.00610687   -0.0453186   -0.0133346   -0.0113195
  -0.0485659  -0.00271908   -0.0139464    0.0392229  -0.00149139   -0.0333947   0.00165651   -0.0530048
  -0.0434014   0.00672571   -0.0269504   -0.0350633    0.0617169   -0.0414761   -0.0112801   -0.0713075
   -0.074857   -0.0308107     0.018231    0.0186563   -0.0225622     0.090215    -0.012577   -0.0720355
   -0.100818    0.0422414   -0.0393455   -0.0234714  -0.00332751    0.0330796   0.00647493   -0.0642353
   0.0668255    0.0165646     0.028052    0.0591279    0.0844115    0.0116158     0.044353   0.00706005
  -0.0220751    0.0362513     -0.01352   -0.0392919    -0.018506    0.0123193   -0.0213077  -0.00887632
   -0.169717    0.0424568  -0.00851566    -0.048236   -0.0194738    0.0343141   -0.0149903   -0.0316732
   0.0458205  -0.00432755    0.0253912    0.0799799    0.0229965   -0.0727382   -0.0131584    0.0278279
   -0.041477   -0.0134529    0.0296927   -0.0303793   -0.0176364    -0.017635    0.0621083    0.0473826
  -0.0503278 -8.23667e-05   -0.0413778   -0.0274624   0.00648254    0.0235732    0.0396916    0.0135823
   -0.131963   -0.0534108   -0.0600935   0.00566252    0.0180973    0.0357588    0.0528957    0.0330906
   0.0742677    0.0415085   -0.0695669    0.0337461     0.030672   -0.0275853    0.0229532    0.0470505
    0.124402    0.0167507    0.0578166    0.0946855  -0.00357744    -0.060713   -0.0408056    0.0211948
 -0.00202224   -0.0163332   -0.0236055   -0.0243773   -0.0283387   -0.0738496   -0.0303281    0.0226187
    0.102295     0.101762     0.114357    0.0647333   0.00416265   -0.0548823   -0.0676262    -0.080667
  -0.0447644     0.113793    0.0671591    0.0314546    0.0487909    0.0531981    0.0221276   -0.0840475
   0.0832612    0.0474058     0.018561    0.0175324    0.0566039    0.0198772   -0.0466898   -0.0631598
   0.0489248  -0.00461571   0.00197053  -0.00125372   -0.0395647   -0.0313888    0.0581385   -0.0257787
   0.0777041    0.0366605    0.0672262   0.00432767    0.0531121   0.00553413   -0.0520057   -0.0267245
 -0.00685125    0.0658838    0.0634293   -0.0517395    0.0367672    0.0339079   -0.0167445   -0.0392535
    0.131254    0.0589268    0.0475828    0.0226678    0.0769909    0.0420805   -0.0820677    0.0225786
   0.0385166    0.0553641    0.0595005    0.0432757   -0.0397438   -0.0451517   -0.0153033    -0.030197
  -0.0365018   -0.0325464   -0.0484321   0.00207111     0.051173   0.00456006    0.0579377    0.0302441
  -0.0159502   0.00968476   -0.0406687     0.030305    0.0394349    0.0536437   -0.0555204   -0.0240429
  -0.0132659    0.0769769    0.0864052    0.0388995   -0.0122671    0.0867225   -0.0908281   -0.0509708
 -0.00427982    0.0599293    0.0759642   -0.0441112   -0.0264597    0.0303874    0.0193104    0.0546639
  -0.0855561 -0.000866102   -0.0701304    0.0381025   0.00611561    0.0087618    0.0531733    0.0157169
 -0.00781718     -0.01061 -9.35709e-06    -0.108614  -0.00493486  -0.00954186    0.0531651   -0.0551583
   0.0482539   -0.0687079   -0.0139422   0.00891748  -0.00845193    -0.100268    0.0802784    0.0483655
   -0.123729    0.0647897    0.0121441   -0.0435073   -0.0534085    0.0710904   -0.0154239   -0.0285253
  -0.0869161    0.0707989    0.0544478   -0.0263294    0.0134699    0.0302594   -0.0197874   0.00770968
  -0.0779447   0.00310905   -0.0438951   -0.0768069    0.0603839   -0.0154365    0.0359906    0.0166433
  -0.0120672    0.0163182    0.0385224     0.035252   -0.0534023    0.0235668   -0.0523212   -0.0220594
  -0.0780831    0.0226239   -0.0697324   -0.0467411   -0.0250484   -0.0195352    -0.031131    0.0268315
  -0.0578917  -0.00370488    0.0385073   -0.0158551   0.00817586     0.071545   -0.0496612   -0.0632147
  0.00868636    0.0402264   -0.0355661    0.0410227    0.0639644   -0.0337327     -0.03848   -0.0315503
  -0.0269421    0.0436537    0.0333991   -0.0251546  -0.00668298    0.0820134   -0.0929796   -0.0153385
  -0.0507981    0.0110855    0.0475615   -0.0539899     0.055498  -0.00674244   -0.0974178   -0.0170403
  -0.0316157    0.0702566    0.0263901   -0.0136453    0.0151433    0.0424267   -0.0348162    -0.077812
   0.0183765   -0.0416074    0.0163596     0.031472    0.0227926   -0.0413397    0.0829234   -0.0390914
    -0.07083    0.0741601    0.0388456   -0.0255394   -0.0358571   -0.0266099    0.0130242   -0.0644401
    0.104938    0.0912507    0.0645683    0.0361489    0.0161166   -0.0816917    -0.071614    0.0512837
  -0.0230717     0.060822   0.00313733   -0.0246963    -0.015835  -0.00230359   0.00691814   -0.0649987
  0.00680508    0.0785727    0.0795735   -0.0746712     0.043045    0.0962108   -0.0626193   -0.0382634
   0.0751275   -0.0866102   -0.0798612   0.00466342   -0.0196193   -0.0596166    0.0775048    0.0302575
   0.0914607    0.0670475    0.0524394    0.0763412  -0.00377502    0.0497038   0.00347672   -0.0414428
   0.0378797    0.0317117    0.0508853   -0.0240275   -0.0422658     0.034992  -0.00474713    0.0257155
   0.0709777    0.0125217   -0.0253536    0.0551175     0.013405    0.0239735    0.0305606     0.015918
  -0.0419947    0.0887355     0.103642   -0.0274894    0.0206391    0.0191047     -0.02167   -0.0861261
   -0.125778    0.0929153   -0.0573919   -0.0653969   -0.0463437     0.119657   -0.0870312   -0.0406936
    0.049672    0.0116726   -0.0559763   -0.0147012  -0.00254855    -0.076515     0.122994    0.0215568
   0.0393099    0.0104553     0.018084   -0.0455257    0.0364859   -0.0210951    0.0283376   -0.0674562
   0.0182125  -0.00233772   -0.0290531    -0.035691  -0.00462499   -0.0223102    0.0975662    0.0156496
  -0.0364993    0.0189162   -0.0386863    0.0259288   -0.0550922    0.0140164    0.0404952  -0.00271559
   0.0365834     0.032836  -0.00821718     0.003704  -0.00698273   -0.0119879    0.0811644   0.00126004
  -0.0319007    0.0378463    0.0196606   -0.0680956    0.0393893    0.0321542    0.0355418    0.0120064
  -0.0127958    0.0577204   -0.0362803    0.0222016 -0.000141967 -0.000959156    0.0303369   -0.0182333
    0.058029     0.023646    0.0487625   -0.0164322    0.0649244    0.0391924   0.00784671   -0.0635077
   0.0490988   -0.0630826   -0.0263492   -0.0220251  -0.00111302   -0.0538055    0.0482642    -0.041774
 -0.00494167   -0.0541838   -0.0197944   -0.0592836    0.0506014  -0.00297971    0.0583686    -0.053133
    0.045448   -0.0194204   -0.0210439    0.0374705    0.0549662  -0.00530447   -0.0228957   0.00667506
   0.0705509   -0.0438484   -0.0350279     0.039845    0.0671306    0.0212528   0.00393303     0.031274
   0.0344504   -0.0609222   -0.0377588   -0.0347258    0.0440546    0.0280644    0.0833157    -0.060596
   0.0108821   -0.0866945    -0.102104    0.0626098    0.0243555    -0.062158    0.0383655   -0.0052329
   0.0306503    0.0259912    -0.040805  0.000326101   -0.0436843   -0.0158014 -0.000617323   0.00061838
  -0.0403665    0.0287895    0.0623952    0.0398064   -0.0181381     0.036165    0.0210992   -0.0718885
   0.0968566     0.012082    0.0173271    0.0250145    0.0538043   -0.0265139   -0.0188868   -0.0365073
   0.0646856   0.00902486    0.0531811   0.00458881    0.0655753    -0.112254   0.00581129    0.0619765
  -0.0590155    0.0282403    -0.018693    0.0239914   -0.0415273   -0.0250182   -0.0312565   0.00916939
   0.0687474  -0.00021197   -0.0281302    0.0124399   -0.0328338   -0.0415094   -0.0140812    0.0120992
   0.0120996     0.104169   0.00589626    0.0516146     0.015778   -0.0450022   -0.0547701   -0.0657912
   0.0370255    0.0139927  -0.00518669    0.0109228  -0.00638956    -0.038787    0.0582773    0.0418966
  -0.0660774    0.0373841    0.0475762   -0.0600907    0.0180088    0.0368017    0.0508661   -0.0865832
  -0.0450198    0.0764027    0.0830269    0.0463735    0.0246963    0.0721971   -0.0183859   -0.0398119
 -0.00988443   -0.0299061   -0.0548486    0.0546194   -0.0427552    0.0509748    0.0105099   -0.0301953
    0.031792   -0.0368954    0.0342695   -0.0236176    0.0680891   -0.0359182    0.0580267   -0.0558738
   0.0130822   -0.0382049   -0.0388523    0.0895175   -0.0127507   -0.0401336     0.112521   0.00878237
    0.037218    0.0177652    0.0836272   0.00469291    0.0109144    -0.050008    -0.044709   -0.0447442
  -0.0388906   -0.0355727   -0.0222595   -0.0484362    -0.022335   -0.0434382    0.0734434    0.0374134
   0.0320107   -0.0168869   -0.0161498   -0.0164626    0.0605832   -0.0262372   -0.0881851    0.0641234
   0.0362414   -0.0056022   0.00150068    0.0384008    0.0291163   -0.0437371     0.053046   -0.0126772
  -0.0343467   -0.0798286  -0.00371899    0.0321713     0.022471   -0.0397858     0.083991  -0.00814347
  -0.0289006   -0.0284496    0.0156223    0.0253006   -0.0086097    0.0173845    0.0142546   -0.0336241
   0.0156062    0.0214888    0.0172016   -0.0650804   -0.0631555    0.0295719    0.0216941   -0.0694602
   -0.040981   -0.0179001    0.0582115   -0.0542736    0.0397252   0.00716953   -0.0518572    0.0193851
  -0.0777402   -0.0126641   -0.0077893   -0.0419368    0.0619357    0.0309852    0.0200879   -0.0452053
  0.00111881  -0.00588329    0.0254581   -0.0559015    0.0492379    0.0409598   -0.0228624   -0.0755054
   0.0930859    0.0198554    0.0414508     0.100629  -0.00890691   -0.0200995    0.0123735   -0.0246825
   0.0287847    0.0583418   -0.0259201    0.0125166    0.0487233    0.0633821   0.00358396   -0.0231144
  -0.0201606    0.0130242   -0.0220428    0.0132392   -0.0438196   -0.0352949    0.0446948   -0.0429634
   0.0244164   -0.0241033    0.0018814   -0.0378025   -0.0125534   -0.0681897    0.0490788   -0.0323503
   0.0701508    -0.038361   0.00496211    0.0521153    0.0328549   -0.0452167   -0.0405293   -0.0569999
  0.00973045     0.032277     0.015945   -0.0308588   -0.0369751   -0.0564228    -0.015303    -0.103469
   0.0351467  -0.00885598    0.0228963   0.00243752   -0.0654758   -0.0849043  -0.00982271  -0.00234225
  -0.0412572   0.00966073   -0.0341145   -0.0140557  -0.00615535  -0.00986821    0.0250486   -0.0514179
  -0.0246787    0.0603951    0.0551619    0.0589596   -0.0110806   -0.0183608   -0.0436959    -0.043716
   0.0451287    0.0627816   -0.0118316   -0.0423755   -0.0203048    0.0574694   -0.0373305   -0.0079018
  -0.0825666    0.0546228    0.0680762   -0.0864766   -0.0041932   -0.0221035    -0.045595   -0.0714066
   0.0532131   0.00113734    0.0421508   -0.0486199    0.0646726   -0.0130356   -0.0170065   -0.0113137
   0.0846017     0.049612     0.032769   -0.0160957    0.0100737    0.0299199    0.0156774   -0.0791764
   0.0934845     0.039818     0.129406    0.0603993     0.045076   -0.0622479    0.0189762    0.0276585
  -0.0451236  0.000729965     0.102302    0.0751102   -0.0216255  -0.00913076    -0.125983     0.044239
  -0.0269946   0.00173027    0.0827503   -0.0324254    0.0272436   -0.0421731   -0.0548148    0.0207987
  -0.0504532   -0.0501807    0.0315601   -0.0652696   -0.0371695  -0.00252058    0.0752971   -0.0728795
  -0.0164392    0.0980015    0.0820034    0.0862105   -0.0429336   -0.0107839   -0.0292747   -0.0375176
   0.0192502   0.00466937       0.0712   -0.0371908    0.0407496   -0.0049993   -0.0674975   -0.0633382
   0.0792381    0.0120412    0.0432806   -0.0193014   -0.0349311    0.0140828    0.0548447    -0.071474
  -0.0463314    -0.084182  -0.00653733   -0.0230173   -0.0153304   -0.0389261    0.0788987    0.0364324
   0.0704334     0.105706    0.0686601    0.0202347   -0.0157187   0.00916653   -0.0779614   -0.0533083
   -0.034031     0.101177   -0.0120851   -0.0258724  -0.00658981   -0.0261672   -0.0490674   0.00734853
  -0.0180059     0.028399   -0.0423712   -0.0394069   -0.0158118   -0.0115489    0.0455733    0.0142862
   0.0459205    -0.017661   -0.0595179  -0.00947681     0.071477  -0.00027121    0.0178426    0.0509269
  -0.0582763    0.0660596    0.0564338   0.00566747   -0.0544799    0.0621374   -0.0726586   -0.0374489
   0.0211535     -0.03218    -0.055735   0.00461243      0.05092    0.0451682   -0.0158343    0.0408011
  -0.0694614   -0.0289388    0.0136573   -0.0776984    0.0738297    0.0342487    0.0403213   -0.0961209
   0.0800005    0.0344949    0.0039449   -0.0376137    0.0780171    -0.101316    0.0488616   -0.0474149
  0.00839686    0.0271025   -0.0130792  -0.00483955    0.0413763    0.0540095     0.054647   -0.0594424
   -0.108588    0.0135924   -0.0152831  -0.00217956    0.0406211    -0.029192    0.0307811   -0.0735458
 0.000709741    0.0621672  -0.00265337   -0.0870027   -0.0146553     0.032569    0.0335289   -0.0374702
   -0.038672    -0.026322    0.0500198   -0.0346085   -0.0130373    0.0400508  -0.00740534    0.0285033
  -0.0552339    0.0576502   -0.0220512   -0.0854673     0.040437   -0.0184147     0.010308   -0.0769683
  -0.0628494   -0.0515076   -0.0382258   -0.0610335  -0.00723294   -0.0438361   -0.0890263    0.0388838
   0.0505067   0.00349464   -0.0105534   -0.0109129    0.0718399    0.0115416   -0.0931662     0.063629
   -0.116856   -0.0279543    0.0078156   -0.0730476    0.0466971   -0.0105548    0.0325233   -0.0123993
  -0.0716705    0.0438433    0.0368032   -0.0491042    0.0162428    0.0321513   -0.0157402    -0.117537
  -0.0334143  -0.00486886     0.073718    0.0245399    0.0158498   0.00108588   -0.0278442    0.0283209
  -0.0627247   -0.0573235   -0.0125367   -0.0746634   -0.0302058      0.03452     0.024003    0.0259268
  -0.0106622    0.0425022     0.118562    0.0106921    0.0412987    0.0738989   -0.0344399   -0.0155456
  0.00204996    0.0325708    0.0476827    0.0167408     0.016631   0.00538054    0.0198035    -0.035175
  -0.0242312   -0.0398063    0.0259702  -0.00187105   -0.0535749    0.0343387      0.02929   0.00557668
   -0.130732    0.0427758   -0.0443413   -0.0517249   -0.0120323    0.0783309    0.0688877   -0.0345735
   0.0536149   -0.0331054    0.0192554   -0.0363706    -0.067099    0.0172587    0.0291211    0.0345346
   0.0383972  0.000913192  -0.00263609   0.00327278    0.0544187   -0.0575027    0.0649875   0.00469299
   0.0161561    0.0737341    0.0338269   -0.0209117    0.0748923   -0.0748841     0.056106   -0.0232383
   -0.109713   0.00617523  -0.00319206   -0.0676293     -0.02514   -0.0425319    0.0184667    -0.100481
   0.0406702    0.0545826    0.0160833    0.0188128    0.0143368   0.00528707    0.0123675    0.0156604
   0.0166674   -0.0679094    -0.019908   0.00174023    0.0782287   -0.0805263     0.157054   -0.0117004
  -0.0644464   0.00330077   -0.0244001   -0.0140302  -0.00625566    0.0454746    -0.049234   -0.0938654
  0.00388501    -0.055678   -0.0273587   -0.0488192   -0.0456397   -0.0515064     0.128624    0.0109618
   -0.139962   -0.0482783    -0.075681    -0.132179   -0.0655435    0.0657217   -0.0269042  0.000913122
    0.027682  -0.00949855    0.0470532    0.0910897   0.00700005    0.0345014   0.00392599    0.0807612
   0.0552342    0.0493832     0.036117   -0.0155655  -0.00146912   -0.0138509    0.0185616    0.0167103
   0.0317995    0.0230435   -0.0369403   -0.0622194   -0.0112755   -0.0376363    0.0647996   -0.0302115
    0.076313    0.0372769    0.0308313    0.0848141    0.0261917   0.00443591   -0.0456243    -0.053259
  -0.0455784    0.0749147    0.0628732    0.0174405   -0.0238084    0.0315226   0.00485194   -0.0208197
  -0.0677416    0.0676505  -0.00377123   -0.0397632   -0.0613201    0.0824501   0.00407505  -0.00645077
-0.000358521   0.00864809   -0.0348429      0.02668    0.0358399    0.0354154   -0.0749566   -0.0401491
  -0.0867949    0.0443689 -0.000339466    0.0279095   -0.0475737   -0.0580028    0.0219898    0.0141425
  -0.0377142   0.00469188    0.0310682    0.0670639    0.0539043   -0.0694763  -0.00693691   -0.0070996
   0.0222552   -0.0274958     0.011209    0.0728917   -0.0333151   -0.0516384     0.104812   -0.0054343
   0.0433935      0.02406    0.0164388  -0.00284157   0.00444681   -0.0354549    0.0911983   -0.0216693
   0.0454547    -0.018984  -0.00964017   -0.0477125    0.0649894   -0.0145966    0.0555097    0.0524402
   0.0341154    0.0134063    0.0756788   -0.0595221    0.0237217    0.0283612   -0.0106614   -0.0511484
   -0.150656    0.0323099   -0.0633305    -0.110189  -0.00831408    0.0486261    0.0347561   -0.0343193
   -0.115041    0.0450014   -0.0526199    -0.059471   0.00729284    0.0519727   -0.0347943   -0.0481394
  -0.0134371    0.0195718   -0.0209385   -0.0384679    0.0266818   -0.0298775    0.0451996   -0.0836872
   0.0295904    0.0634197    0.0438683   -0.0687653    0.0739576    0.0159397   0.00851193   -0.0658453
   0.0298556    0.0147929    0.0215404    0.0339184    0.0385491   -0.0666113   -0.0523138   -0.0506234
  -0.0216054    -0.033503    0.0299848    -0.106811    -0.051797     0.033847   -0.0668028   0.00784573
    0.139446   -0.0234492  -0.00468555     0.103331    0.0477088    -0.134194    0.0349053     0.017597
   -0.134577    0.0298922   -0.0221836    -0.109764    0.0393336   -0.0253027    0.0554585      0.05108
  0.00617026    0.0694653  -0.00629175  -0.00523428   -0.0107886   0.00948832  -0.00804084   -0.0225891
   0.0230886  -0.00774371   -0.0184848    0.0747856    0.0219977   -0.0163201    0.0619957    -0.017807
  0.00833479   -0.0485022   -0.0562349     0.053703    0.0146944   -0.0419523      0.12663   -0.0222505
   -0.054847    0.0575682    0.0316526    -0.026387  -0.00954225    0.0545535   -0.0178058    0.0171868
   0.0348342    0.0405454    0.0977999   -0.0468999     -0.06198    0.0236608   -0.0863979   0.00485668
  -0.0458907   -0.0575334    0.0134536    0.0225763    0.0146144   -0.0335487  -0.00189205   -0.0464502
  -0.0397542   0.00425409    0.0233409   -0.0312747   -0.0420614    0.0729777    -0.074402   -0.0454805
    0.080008   -0.0196256   -0.0323311     0.020704    0.0139724   -0.0499582    0.0366714   0.00944985
   0.0408912     -0.06898   -0.0425241    0.0576963   0.00898792   -0.0206318   -0.0282626    0.0377409
   0.0569333   0.00977051    0.0312231  -0.00796447   -0.0236731   -0.0418882   -0.0025142   -0.0724777
   0.0485717    0.0900105     0.106403    0.0193517   -0.0443889    -0.022046    0.0382153  -0.00119391
   0.0454154     0.103736    0.0612834  -0.00175658     0.077657   -0.0684675   -0.0658122    0.0103868
  -0.0571139    0.0395424   0.00243882  -0.00691528   -0.0438907     0.102031   -0.0591161  0.000228564
  -0.0312773  -0.00537641  0.000327372   -0.0136034    0.0295003   -0.0319988   -0.0385124    0.0350948
   0.0105685    0.0788225    0.0532222   -0.0530166   -0.0294654   0.00373477    0.0244841    -0.051754
  -0.0042413    0.0831089  -0.00383978    0.0280429   -0.0208388    0.0726601   -0.0331454    -0.063651
   0.0246953    0.0580062   0.00411238   -0.0140471  -0.00228846    0.0637486   -0.0146723   -0.0699969
    -0.03168   -0.0236911    0.0493577   0.00686159   -0.0166879    0.0407219  -0.00692749    0.0176168
  0.00333786    0.0096093   -0.0231239       0.0862   -0.0260615   -0.0023203    0.0618139    0.0253256
  -0.0327647    0.0917507   0.00153999   -0.0223986  -0.00530084   -0.0266055    0.0333234   -0.0192808
  -0.0554382    0.0675218    0.0319588     0.044466    0.0476336   0.00294911   -0.0713811   -0.0550747
    0.108097  -0.00223746    0.0276274   -0.0343219    0.0787101   -0.0528106    0.0524018    0.0110689
   0.0054952     0.078246     0.052928    0.0307484   -0.0344626    0.0149084   -0.0820222    0.0130583
    0.010493    0.0892566    0.0806066   -0.0132591   0.00665757    0.0290608  -0.00519688   -0.0126171
   0.0915708    0.0366574    0.0200895    0.0251075   0.00568991    0.0031658   0.00225414    0.0488394
   0.0186235    -0.025207    0.0580318    0.0489119  -0.00702683   -0.0245039    0.0432732   -0.0674231
   0.0944013  -0.00455841    0.0390753  -0.00890278    -0.026965  -0.00242401   -0.0624949     0.057726
   0.0162833    0.0806611      0.04138   0.00626182   -0.0332889   -0.0423631   -0.0646751   -0.0760385
  -0.0371532    0.0239874     0.014161   -0.0212697     0.014127    0.0948439   0.00304904    0.0339398
  -0.0658505    -0.100021   -0.0380141   0.00954959    0.0384066    0.0556236   -0.0212157    0.0015335
   0.0188676    0.0125147   -0.0760603    0.0287131  -0.00188163   -0.0329813     0.036775   -0.0750618
   0.0585485    -0.053481    0.0258687   -0.0022848    -0.031347   -0.0251845   -0.0531996 -0.000270454
  -0.0397551  -0.00233807   0.00266948    0.0378005    0.0438033   -0.0421967     0.089598   -0.0691122
   -0.110904    0.0926844   0.00396632   -0.0454733    0.0468931    0.0649532  0.000100212   -0.0166916
   0.0412016    0.0782223  -0.00746097 -0.000367116   -0.0449693    0.0573632    0.0207237    -0.022497
   0.0514524    0.0467019  -0.00520099     0.025313    0.0378908     0.041307   -0.0162466   0.00619396
  -0.0860196    0.0819115   -0.0149312   -0.0599552   -0.0330692   -0.0302226    0.0608553  -0.00773285
   0.0367012   -0.0899825   -0.0890301    0.0515123    0.0120402   -0.0349607     0.100498    0.0384871
   0.0858729    0.0503435     0.078746   0.00550001   -0.0407222  -0.00886278   -0.0720911   -0.0511797
   0.0481789   -0.0659835    0.0160653   -0.0484543    0.0402067   0.00813909  -0.00815174   -0.0129659
   -0.128386   -0.0387246   -0.0311393  -0.00187162    0.0753965   -0.0516881      0.11883    0.0307489
   0.0310567  -0.00934677    0.0723702   -0.0144519   -0.0316246    0.0199527    0.0165838    0.0405825
   0.0333856    -0.042479    0.0330965 -9.78151e-06   0.00603242    0.0379975    0.0528342    -0.036714
   -0.113433    0.0147252    0.0543523   -0.0655324   -0.0364105    0.0898888   -0.0292391   -0.0327331
   0.0588694  -0.00372951   -0.0594516    0.0100926    0.0702244    0.0283264    0.0699301    0.0211014
  0.00312955   -0.0674041    0.0163694   -0.0218907    0.0692918   -0.0277371    0.0147908   -0.0536661
   0.0463222  -0.00235419   -0.0406401    0.0182737    0.0533406   -0.0472216     0.105776   0.00442767
   0.0101665     0.039732    0.0641868    0.0222902  -0.00403745     0.047092    0.0374785  -0.00923576
   0.0804137   0.00502286    0.0517005   -0.0362584   -0.0152252   -0.0130245    0.0395347    0.0368307
  -0.0592205    0.0389555   -0.0235105   -0.0766711     0.036988    0.0560227     0.035652   -0.0408195
  -0.0301217  -0.00254957    -0.065983   -0.0931693    0.0371377   -0.0362307     0.101717   -0.0286006
   0.0478477   -0.0231441  -0.00369173    0.0502521   -0.0749198    0.0368594    0.0430467   -0.0533549
  -0.0824755  -0.00697451    0.0513449   -0.0564025   0.00754349     0.119944   -0.0212522   -0.0640555
  -0.0225266  -0.00523619   -0.0290655  -0.00570728    0.0831499    0.0300572    0.0104032   -0.0506196
  -0.0126605   -0.0384101    0.0236581    0.0830748   0.00792147     0.025836   -0.0116569    0.0167443
  -0.0224856    0.0440537  -0.00680673     0.070599   -0.0334146   0.00363777    0.0584196   -0.0453811
-0.000332384    0.0909242   -0.0233083   -0.0263409   0.00178164   -0.0359036   -0.0249577   -0.0415307
    0.106307    0.0340519   -0.0394493    0.0874963    0.0358673   -0.0600095     0.057761   -0.0170519
   0.0486426     0.032013    0.0741665    0.0152551   0.00622805    -0.055787   -0.0823264   -0.0441203
  -0.0597321   -0.0804137    0.0293077   -0.0271495    -0.065522    0.0708555   -0.0286071    -0.018476
  -0.0166135    0.0579532     0.013234     0.014489    0.0301801   -0.0566104   0.00719893    0.0331412
 -0.00428541    0.0427198   0.00283118   -0.0630322    0.0603064   -0.0317163     0.103199   -0.0334251
     0.17062    0.0348901    0.0868914    0.0335212   -0.0366686   -0.0780114   -0.0340655  -0.00415801
   0.0197205    0.0325581   -0.0243357    0.0246336  -0.00587228  -0.00677144   -0.0079684    0.0230722
   0.0569995    0.0209319   -0.0017316    0.0400003    0.0293679    -0.132496    0.0434158    0.0253098
   0.0625158    0.0293236   -0.0299461   -0.0195415   0.00240763   -0.0569191   -0.0423015     0.034606
   0.0764558   -0.0307261     0.010215    0.0231962   -0.0539452   -0.0565659    0.0864804    0.0242005
   0.0636906    0.0885743    0.0864976    0.0483714      0.06556   -0.0461818   -0.0214138   -0.0496243
  -0.0560138  -0.00261697   -0.0566164   -0.0640364   -0.0531272    0.0447023   -0.0314414  -0.00318065
  -0.0129669   -0.0152426   -0.0343799     0.032675   -0.0296625    0.0101129    0.0468729     0.038695
  -0.0612955    0.0242498    -0.021719    -0.010632    0.0399771     0.067459    0.0792723    0.0115274
  -0.0978705    0.0398362    0.0140853    0.0481626    0.0297341   0.00763773   -0.0177557   -0.0257581
   0.0808057   -0.0615045    0.0212449    0.0530182  -0.00837787  -0.00903225   -0.0116498    0.0171214
  0.00527609    0.0473837    0.0380413   -0.0151332  -0.00987942  -0.00571127   -0.0371815     0.044101
   0.0609076     0.028452    0.0332913 -0.000710973     -0.05702    0.0131523    0.0325387   0.00141164
  -0.0157311    0.0321736    0.0143731   -0.0214413    -0.027402    -0.028463    0.0206178   -0.0544965
   0.0193517    0.0283601   -0.0106355    0.0201036   -0.0337893    0.0273492   0.00107555    0.0435132
   0.0175914    0.0358605   0.00422071   0.00386881    0.0295189   -0.0260067    0.0280813   -0.0394896
    0.105223   -0.0462998    0.0190176   -0.0171448     0.047685   -0.0875917   -0.0240703    0.0213968
  -0.0422695   -0.0197498   -0.0539366    0.0189693  -0.00830856    0.0270549   -0.0448331    0.0352906
   -0.138471    0.0282309   -0.0616738  -0.00864741     -0.02852   -0.0227969   -0.0854958   0.00961868
   0.0196317    0.0310184    0.0751983   -0.0383141    0.0136918    0.0073086    0.0137557    0.0529096
  -0.0101741    0.0336507    0.0268493   -0.0132807   0.00725747   -0.0102232    0.0470898    0.0324095
 -0.00361015  -0.00121083    0.0222754   -0.0564076     0.072968   -0.0719511    0.0650412 -0.000754079
  -0.0511797    0.0414322    0.0049966    0.0207293  -0.00156335    0.0405582  -0.00779277   -0.0954936
  0.00227859    0.0876739    0.0719079  -0.00709578   -0.0674136   -0.0451361   -0.0367741   -0.0252599
  -0.0140063    0.0418226    0.0271685    0.0414521    -0.034721    0.0811003    -0.042829    0.0388809
   0.0282768   -0.0929883  -0.00684076   -0.0222435    0.0427205   -0.0236781    0.0550237   -0.0198885
   -0.036596    0.0196115   -0.0993557   -0.0244474    0.0187669    0.0183765  -0.00898151    0.0389363
   0.0317577   -0.0341373    0.0800438   -0.0570357  -0.00648508   -0.0422187  -0.00591719   -0.0650483
  -0.0386312    0.0386254    0.0487129     0.055367    0.0577336   -0.0141344   0.00639156   0.00198546
  -0.0431402    0.0368757    0.0302332   -0.0316476    0.0136578    -0.011455    0.0646962    0.0281627
  -0.0154983   0.00394115   -0.0120154  -0.00193669  -0.00442027    -0.046342    0.0833759  -0.00606086
   0.0587454   -0.0702722   -0.0287441    0.0714289    -0.049938   0.00228885   -0.0428754   -0.0519272
    0.148637   -0.0604381    0.0290959     0.075976    0.0531507  -0.00742195    0.0421156    0.0281139
   0.0358235    0.0637664   0.00358552    0.0331866    -0.047804   -0.0193398   -0.0596198    0.0241127
   0.0299669   -0.0203243   -0.0379435   -0.0278383    0.0265112   0.00768236    0.0196155   -0.0852605
   0.0528269   -0.0497406   0.00883931   -0.0252032    0.0561978     0.022613   -0.0174201   -0.0209578
   -0.103047     0.014489   -0.0751923   -0.0719446   -0.0626541    0.0332258    0.0453714   -0.0653122
   0.0375258    0.0702948    0.0110443   0.00536707     0.020238   -0.0349319     0.017755  -0.00151486
 -0.00850709   -0.0559275   -0.0274928   -0.0399401    -0.025781   -0.0132715   0.00853683   -0.0591831
 -0.00788318   -0.0125496    -0.089446   -0.0474737    0.0563088   -0.0595881     0.059452   -0.0217951
  0.00697038    0.0417218   -0.0311869   -0.0454424   -0.0189817   -0.0371133  -0.00943622    -0.067931
   -0.107096   -0.0261414    0.0727497   -0.0627342   -0.0224167   -0.0236311   -0.0751121   -0.0106969
  -0.0613514    0.0161098      0.10595 -0.000527678   -0.0390989    0.0332349   -0.0914102  -0.00899146
  -0.0507779   -0.0299152    0.0694436    0.0380866   0.00567058    0.0278537   -0.0372253    0.0351482
  0.00197796    0.0898686    0.0241417   -0.0287726    0.0668924    0.0357706   -0.0610474  -0.00593733
  -0.0296198   -0.0409255     -0.01223    -0.030256   0.00161403   0.00529629     0.066634    0.0160604
 -0.00312533    0.0100201    0.0720589    0.0165882   -0.0791149    0.0863734   -0.0685269   -0.0531642
  0.00665399   -0.0761436   -0.0427908    0.0152612   0.00728761    0.0310936   0.00984701    -0.019499
  -0.0474968    0.0248446   -0.0302458    0.0257694   -0.0473752    0.0906146   -0.0196738   -0.0425093
   0.0522045    0.0786439    0.0644936    0.0257575   0.00283878   -0.0919114    0.0185234    0.0400244
  -0.0921775    0.0980436    0.0239446    -0.126032    0.0466444    0.0468898    -0.140477   -0.0457813
   0.0655535    0.0258527    0.0147916    0.0835769    0.0186641   -0.0705158    0.0091623   -0.0328879
   0.0159086   -0.0202737   -0.0119174    0.0208951   -0.0160544   -0.0832993     0.057989   0.00694388
 -0.00810223   -0.0387093    0.0237043     0.052389   -0.0142545   0.00404046   -0.0093373    0.0254868
   0.0230223   -0.0846544    -0.117521   -0.0792491    0.0411067   -0.0592257    0.0874504   0.00258435
   0.0565441    -0.018278     0.056674    0.0128191    0.0131123    0.0568816    0.0576836   -0.0135604
  -0.0279507    0.0536063    0.0245751  0.000814247   -0.0057336   -0.0902447    0.0306327    0.0411084
  -0.0169025     0.125477    0.0373985    0.0125383      0.02852    0.0565162   -0.0916919   -0.0201399
  -0.0126378      0.01063    0.0685143    0.0225259    0.0350674   -0.0301488   -0.0618932  -0.00501121
  -0.0484195    0.0106897   -0.0465987   -0.0247014    0.0145008    -0.044319     0.037313   -0.0559671
 -0.00744077   -0.0169466     0.035845    0.0420404      0.04186   -0.0447229    0.0105357   0.00182682
  -0.0589603    0.0257261    0.0837827   -0.0341377   -0.0279002    0.0275014    -0.119866    0.0284487
  -0.0157576    -0.011953    -0.031271   -0.0795636  -0.00587512   -0.0325468    0.0217954   -0.0486718
  0.00831804   -0.0114391   -0.0307067    0.0402558    0.0619295    -0.127575     0.144062   -0.0295589
  -0.0322179   -0.0742424   0.00642888 -0.000206473    -0.022152    0.0652136    0.0340583    0.0293425
  -0.0334474   -0.0232782   -0.0392686   -0.0232515    0.0759078    0.0697836    0.0283386   -0.0538127
  -0.0791978    0.0663864   -0.0288045    -0.073507  -0.00506911   -0.0265193    0.0325567   0.00400061
   0.0191668   0.00358354   -0.0462168   -0.0460195   0.00338795  -0.00955151    0.0900775    0.0384923
  -0.0324988   -0.0239615    0.0587104   -0.0460009   0.00602139   -0.0371066    0.0360491   -0.0750898
  -0.0393447    0.0146711  -0.00679067   -0.0308178    0.0121046    0.0312146  -0.00746916    0.0371265
   0.0751613    0.0862197  -0.00277443   0.00693956   -0.0187247   -0.0281072   -0.0422564   -0.0193111
  -0.0690263   -0.0584549   -0.0350047   0.00949379     0.044054   -0.0174956   -0.0431701   -0.0470465
   0.0114518    0.0743907 -0.000744237   -0.0206547    -0.058649    0.0436813   -0.0405904   -0.0347082
 -0.00810145     0.013349    0.0237613    0.0100518   -0.0306779   0.00205401   -0.0573905   -0.0644126
   0.0614724   -0.0115802   -0.0381887    0.0147349  -0.00197094    0.0270121   0.00212317    0.0583307
  -0.0204671    0.0376312    0.0336251   -0.0663979    0.0742978   -0.0404441    0.0288802   -0.0818221
   0.0431332    0.0213596   0.00287336   -0.0349375    0.0468054   -0.0957485    0.0219436  -0.00705744
   0.0164372    0.0444271    0.0686692    0.0123196    0.0168249   0.00226651    0.0590388   -0.0455389
 -0.00160267   -0.0167394   -0.0743699    0.0322918    0.0204192   -0.0737764    0.0802926    0.0155545
   0.0522553   -0.0353848   -0.0409661  -0.00589002    0.0502443    0.0401015   -0.0349241   -0.0655619
   0.0976698     0.037836    0.0527045    0.0545156    0.0418669    0.0187386    0.0117116   -0.0422498
   0.0727584    0.0142512  -0.00751693    0.0766592   -0.0182727   -0.0441159    0.0525708    0.0605061
   0.0816766     0.010667   -0.0324469    0.0112652   0.00761336   -0.0398805   -0.0281272   -0.0500443
  -0.0379379    0.0142316    0.0174587   -0.0472081   -0.0431512    0.0548887    0.0024489   0.00667387
   0.0682819    0.0565584  0.000123091    0.0632348    0.0765228   -0.0585799   -0.0502969  -0.00946603
   -0.012124   -0.0022931   -0.0133734    0.0101058    0.0643762    0.0139256   0.00607005    0.0359954
 -0.00284077    0.0274633    0.0114172   -0.0497135    0.0170577    0.0142596   -0.0031005   -0.0360544
    0.061227    0.0742354     0.105549   -0.0508891   -0.0210839   -0.0399399    0.0158483   -0.0494056
   0.0739857   -0.0260643   -0.0265292   -0.0304835    -0.012516   -0.0376186  -0.00385691   0.00733998
   0.0126027  -0.00325335   -0.0284812    0.0421784   -0.0204527    0.0342279   -0.0505674   -0.0463609
  -0.0478939   -0.0576882   -0.0162397   -0.0268871      0.01425  -0.00968022   -0.0258369  -0.00321001
  -0.0409344    0.0607987   -0.0236721   -0.0445868    -0.025134    -0.024442    0.0254426    -0.050678
  -0.0123932    0.0624089      0.04806   -0.0269363    0.0141981   -0.0566734   -0.0080432   -0.0587377
   0.0385206   -0.0699364   -0.0322346    0.0227117    0.0381586    0.0211682   -0.0225855    -0.056982
   0.0814321   -0.0210191    -0.033426    0.0993662    0.0477104   -0.0430546   -0.0533672    0.0425855
 -0.00576818    0.0889804    0.0586213   -0.0631181    0.0475297    0.0760197   -0.0180882    0.0329789
  -0.0207848   0.00203247    0.0683267   -0.0136055    0.0176163    0.0157723   -0.0330757   0.00714137
   0.0755145   -0.0135295   -0.0301018    0.0614608   -0.0077844    0.0148287    0.0639575   -0.0537113
  -0.0820749    0.0660784    0.0752266   -0.0549818   -0.0379646    0.0128211   -0.0305907  -0.00510638
  0.00639842    0.0628258    0.0375099    0.0276907   -0.0187532    0.0303374   -0.0172785   -0.0138613
  -0.0875245    -0.090147    0.0321969   -0.0749666   -0.0723549    0.0254921   -0.0458021     0.054741
    0.120463   0.00221535  0.000434324    0.0415004   -0.0095895   -0.0728934   -0.0174869   -0.0161374
  0.00156137    0.0019842     0.052161    0.0612978   -0.0264514    -0.030309    0.0731002    0.0503743
   -0.051156     0.101405   -0.0503155   0.00717693   -0.0380633 -0.000858478   -0.0048961   -0.0639143
   0.0214446    0.0500716   0.00575443   -0.0408303   -0.0121614    0.0144073    0.0216141  -0.00978505
  -0.0518286   -0.0415682    -0.055281    -0.049939    0.0312385   -0.0341641   -0.0299176    0.0186872
  -0.0518074    0.0475424    0.0682091    0.0173142   -0.0403878    0.0280323    0.0389809   -0.0539508
   0.0384766    0.0223126   0.00752503    0.0332067   -0.0223099   0.00466096   -0.0888032   -0.0358044
   0.0523621    0.0162433    0.0465022    0.0218606  -0.00853275   -0.0884561   -0.0021146    0.0362903
  -0.0199303    0.0163589   -0.0357075    -0.025601    0.0314588    0.0153946    0.0428728   0.00220531
  -0.0211573    0.0645894 -0.000354401    0.0463651   -0.0539079    0.0159268   -0.0171668   -0.0553817
   0.0377229   -0.0201596    0.0225572    -0.018371   -0.0290568    0.0299145    0.0343569    0.0159821
  -0.0234283      0.11738    0.0316239   -0.0560251    0.0104733    -0.019665   -0.0145497   0.00269882
  -0.0573416    0.0697027  -0.00517083    0.0123937   -0.0222302    0.0419754    0.0184091   -0.0172435
  -0.0260415    0.0320208      0.10267    0.0321515   -0.0371926    0.0160858   -0.0643128    0.0147685
   0.0173751    0.0690595    0.0591558   -0.0736691    0.0569558   -0.0298856    0.0431609   -0.0664403
   0.0533427    0.0311973    0.0769951   0.00472228  -0.00759467   -0.0608611   -0.0857836   -0.0291329
  0.00311521    0.0440688    -0.040508     0.031001    0.0295106   -0.0496443   -0.0112779   -0.0544551
   0.0294006    0.0685244    0.0735896   -0.0853221   -0.0276307   -0.0274776  -0.00639544   -0.0236521
    0.139788   0.00151001   -0.0118603    0.0786666    0.0450175   -0.0746337    0.0409453    0.0779034
  0.00125673   -0.0526336   -0.0745431    0.0584796   -0.0386982   0.00314938     0.049744   -0.0181936
   0.0754092  -0.00223848   -0.0284687    0.0279306    0.0238825   -0.0221662    0.0505166   -0.0411438
  -0.0608157    0.0350384    0.0485058    0.0348497   -0.0535384    0.0561361     0.015044    0.0371761
   0.0389432   -0.0694799   0.00938356    0.0528116    0.0569747   -0.0850274     0.063913   -0.0151258
    0.102771     0.064679    0.0797926    0.0127818    0.0224792   -0.0454566    0.0189823   -0.0375941
   0.0230622     0.108738    0.0736702    0.0459607    0.0518432     0.031591   0.00969758   -0.0370049
  -0.0719108    0.0567776  0.000800511    0.0285541  -0.00154338    -0.059472   -0.0496913    -0.011598
   0.0102456   -0.0303891   -0.0108006   -0.0354596  0.000968822  -0.00138396  -0.00323874     0.037844
  -0.0598273    -0.102341    -0.125044  -0.00948485   -0.0184975     -0.01118    0.0589208    0.0291606
  -0.0533564   -0.0430274   -0.0398135    -0.100468    0.0248794   -0.0196952    0.0480265    -0.022565
   -0.010463    0.0943974   -0.0184472    0.0554118    0.0215145   -0.0206821    0.0133449    -0.013952
  0.00395914   -0.0630541    0.0146508    0.0129094   -0.0339207    0.0213315    0.0736194  -0.00672132
  -0.0353795   -0.0574261     0.024101    0.0117552   -0.0493691    -0.028769   -0.0199444    0.0122591
    0.023413   0.00456883   -0.0504975  -0.00541669    0.0558666    0.0297702    0.0475444   -0.0437719
  -0.0312803    0.0369223     0.146095  -0.00478569    0.0137979     0.080849    -0.134325   -0.0242773
  -0.0166227    0.0670273   -0.0154354   -0.0715665  0.000965506    0.0842242    0.0131299   -0.0216134
   0.0592821  -0.00693299   -0.0400677     0.046009     0.040264    0.0535365    0.0588903    0.0261128
  -0.0543574     0.076173    0.0786385    -0.103891   0.00841524     0.036569   -0.0778862    0.0170781
 -0.00344843   -0.0398916   -0.0011217   -0.0779066    0.0743491   -0.0693078   -0.0645016   0.00195639
  -0.0722134  -0.00163448    0.0158249   -0.0382553    0.0204144    0.0150028    -0.124418  -0.00789583
   0.0104533   -0.0573593   -0.0479147    0.0704996   -0.0437315  -0.00339368     0.119484    0.0112086
  -0.0585902     0.113559     0.125042    0.0889628   -0.0491184   0.00354078   -0.0895582    0.0391121
   0.0506524   -0.0444317    0.0348593   0.00793583    0.0764481 -0.000848307    0.0450731   -0.0399853
  0.00170786   -0.0461235   0.00897031    -0.014124   -0.0333706    0.0291353     0.059992   -0.0210017
 0.000249551    0.0521204    0.0249764    0.0244915   0.00192275   -0.0836649    0.0137423   -0.0267002
  -0.0741237    0.0209117    0.0327807   -0.0389454   -0.0159564   -0.0253905   -0.0305968   -0.0709626
  -0.0179572    0.0375416   -0.0167368   -0.0257124    0.0774526    0.0237519    0.0352049    0.0140104
  -0.0772687   -0.0153063   -0.0352051   -0.0867081    0.0532015   -0.0324122    0.0612274    0.0183878
   -0.017394    0.0178442     0.111037   -0.0713676    0.0390258     0.039574   -0.0394481     -0.10134
  -0.0600503   -0.0576415   -0.0771066   -0.0320817   -0.0381647   -0.0513258   -0.0139268   -0.0426393
  -0.0137323   -0.0265178     0.034852    0.0484459    0.0524063    -0.063154   0.00172437   0.00911817
   0.0620517   -0.0338796   -0.0392445    0.0707087    0.0508986   -0.0452534   -0.0697927   -0.0017601
   -0.115638   -0.0249735    0.0127305   -0.0657309    0.0200789    0.0619168    0.0383129   -0.0582696
  0.00946646   -0.0156904   -0.0268559    0.0362499    0.0398812   -0.0574205    0.0752836    0.0244366
   0.0429979    0.0538833   -0.0329862    0.0631373    0.0225863   -0.0533863    0.0126291   -0.0567282
   0.0760122   -0.0556261   -0.0106944     0.043942   -0.0169771    0.0261279    0.0025683   -0.0138182
  -0.0116246    0.0537773   -0.0386705   -0.0450524    0.0687905    -0.107647    0.0539439    0.0383326
   0.0623664    -0.027091    0.0318777    0.0204822    0.0823091    -0.063235    0.0417565    0.0132196
   -0.100966   -0.0351194   -0.0158107   -0.0384686    0.0189539    0.0364738   -0.0185877   -0.0648155
  -0.0386954     0.109208   -0.0013215    0.0178899   -0.0135635   -0.0144601   -0.0336502   -0.0358366
   0.0693515  -0.00891328   -0.0573447    0.0161588    0.0304199   -0.0199837  0.000272931    0.0450722
   0.0866159    0.0578932    0.0295591    0.0549899   -0.0137935   -0.0616845      0.10624    0.0195805
  -0.0138723    0.0453467   -0.0641339    0.0312408    0.0444236    -0.079911   -0.0134447   -0.0406217
 -0.00524629   0.00660858    0.0202345   -0.0663431   0.00121396   -0.0304881    0.0252352    0.0239319
   0.0299375   -0.0443268     0.058137  -0.00139232   -0.0438039    0.0473249    0.0320848    0.0570793
   0.0333434   -0.0339624    0.0843654   -0.0614479  -0.00349447   -0.0422495   -0.0420194    0.0171685
  -0.0500298    0.0905028   0.00533984   -0.0197926   -0.0509673     0.109339   -0.0565459    0.0172655
 -0.00809973  -0.00301774   -0.0281342   -0.0496773    0.0335309    0.0367396    0.0384256  0.000258441
  -0.0102955    0.0536107    0.0603202   -0.0274194   -0.0713266   0.00963626   -0.0131998    0.0360309
  -0.0516798    0.0865958    0.0357112    0.0166788   -0.0648774    0.0624657   -0.0169999  -0.00800819
   0.0627549    0.0389742   -0.0238387  -0.00464595    0.0590763   -0.0869593    0.0405298   -0.0288012
   0.0131904    0.0134395   0.00669547    0.0226219    0.0130028   -0.0991055    0.0446828  -0.00242334
  0.00374714    0.0719951    0.0490307    0.0511767   -0.0371623  -0.00032216   -0.0188926   -0.0251022
   0.0273975    0.0331861   -0.0739229   -0.0443495    0.0377741    0.0137505    0.0266668     0.040424
  -0.0444602    0.0341305     0.027227   -0.0118748  -0.00894909   -0.0252379    0.0170205    0.0760953
    0.130723   -0.0072007   -0.0680854    0.0391224    0.0507565    -0.103775    0.0578878    0.0317947
   0.0510388    -0.036309    0.0186031   -0.0339044    0.0574973   -0.0677741     0.026787    0.0298126
   0.0173135     0.077071  -0.00870467    0.0371446   0.00754946   -0.0505807   -0.0419629   -0.0362885
    0.034534   -0.0954934    -0.011508  -0.00137985    0.0267403   -0.0395712    0.0590697  -0.00955699
   0.0290067    -0.021193    0.0198827    0.0269859    0.0312805   -0.0258839  -0.00430806    0.0508768
 -0.00706155   -0.0275469    0.0177965   -0.0324021     0.016316    -0.051264    0.0123829   -0.0245177
  -0.0105808   -0.0422869   -0.0700691   -0.0398375   -0.0140996    0.0234116     0.119266    0.0511057
   0.0192519    0.0586578    0.0868868    -0.015142     0.029234   0.00596178   -0.0694166   0.00269286
 -0.00195894   -0.0238104    -0.042616    0.0300796   -0.0259058    0.0246157    0.0517317    0.0109542
  -0.0100159   -0.0608198    0.0126131    0.0136943   -0.0347296   -0.0238629    0.0696748   -0.0168432
   0.0469107   -0.0541459    0.0436706   -0.0399845   -0.0248142    0.0589953     0.075417   0.00960605
  -0.0060234   0.00459043   -0.0128191  0.000405954   -0.0287442  -0.00228987    0.0242639   -0.0699654
   0.0387178    0.0777487    0.0624071    0.0490935   -0.0528524   -0.0234702  -0.00655762   -0.0159646
   0.0624743   -0.0632607  -0.00458858     0.060346   -0.0607146    -0.070226    0.0462607   -0.0123942
   0.0507185    0.0515738    0.0301438  -0.00308348     0.070173    0.0506053   -0.0127793   -0.0466801
   0.0136093    0.0585779    0.0505875    0.0245968   -0.0232356  -0.00760367     0.046021   -0.0486153
   0.0312743     0.058383   0.00517553    0.0120615    0.0162525    0.0270759 -0.000255191   -0.0398146
  -0.0467651   -0.0500858   -0.0736608    -0.062517    -0.048568   -0.0287215    0.0271518   -0.0346088
   0.0870643    0.0185858   -0.0668475  -0.00115224   -0.0538193 -1.13247e-05    0.0952477  -0.00650708
  -0.0249775    0.0307736   0.00106565    0.0411663   -0.0111302    0.0504717    0.0212436    0.0446261
  -0.0389035    0.0192986   -0.0839682  -0.00259611    0.0205669    0.0558787    0.0152496   -0.0560613
  -0.0600412    0.0580293   -0.0504106   -0.0699197   -0.0165299    0.0931101   -0.0500611   -0.0764859
  0.00101342   -0.0483598   -0.0167975    0.0081695    0.0289035   0.00752301    0.0240467    0.0197379
 -0.00306468   -0.0119846   -0.0442113   -0.0254655    0.0184854    0.0422199     0.117498    0.0253645
  -0.0453665   -0.0380387    0.0366697    0.0270739  0.000469242   -0.0390964    0.0738993   -0.0382079
   0.0532238    -0.072337   -0.0465117   -0.0328881    0.0151245    0.0132782     0.101583   -0.0504854
   0.0738628   -0.0421486    0.0248877     0.109589   -0.0192221  0.000173817   -0.0133954   -0.0639433
  -0.0289619   -0.0499114     0.041633   -0.0156406   -0.0034579   -0.0318794   -0.0132095  -0.00192353
  -0.0254842    0.0800995    -0.058142      0.04912    0.0632966   -0.0534283    0.0126176   0.00764322
  0.00517463   0.00516875    0.0449819     0.113054   -0.0461861  -0.00101689    0.0335561    0.0379951
   0.0701433   -0.0201268     0.120453    0.0832909    0.0658621   -0.0223711    -0.074355    -0.009064
   -0.116624     0.086276    0.0228026   -0.0579629  -0.00353793    0.0531523    -0.155688    -0.012038
   0.0567771   -0.0377168   -0.0339789   0.00663699    0.0598612  -0.00362329    0.0377033    0.0197827
  -0.0283176    0.0350859    0.0267945    0.0574105  -0.00807574   -0.0235837    0.0730324   -0.0308444
   -0.064671    0.0680937    0.0355432   -0.0117022    -0.050244   -0.0110552    0.0345932    0.0184228
   0.0485075   -0.0779336   -0.0240768   0.00629541    0.0363485     -0.10048    0.0767281   0.00626824
   0.0286269    0.0347962    -0.027189   0.00526055    0.0377121  -0.00378142  -0.00938958    0.0175297
   0.0017368     0.135899     0.107288    0.0238239   -0.0112614     0.104367   -0.0532216    0.0234226
   0.0282303    0.0749263   -0.0262067    -0.026474   0.00931807    0.0348579   -0.0409252   -0.0876571
  -0.0644729    0.0729144   0.00142301    -0.045445    0.0755336   0.00287154   -0.0567024   -0.0181705
   0.0233777    0.0647318   -0.0245954  -0.00606246    0.0353331   -0.0485627    0.0412329   -0.0429504
 -0.00990904    0.0733582   -0.0654185    0.0375923   -0.0185516    0.0654978   -0.0206122    0.0182958
   0.0348349   -0.0417926   -0.0299696   0.00835898   -0.0092208   -0.0113447    0.0889402   0.00783856
 -0.00128274    0.0968131    0.0267953   -0.0242739    0.0289598    0.0167633   -0.0786504    0.0210688
-0.000847048   -0.0335145    0.0122536    0.0424065     0.018557    -0.109432     0.128568   -0.0548159
   0.0166545    0.0340037    0.0462094   -0.0586645   -0.0188989   -0.0168654   0.00935776   -0.0467038
    0.103729    0.0428439   0.00337448    0.0556081   -0.0535465   -0.0686821   -0.0321199    0.0438506
  -0.0385805    0.0614605   -0.0716327   -0.0791465   -0.0518499    0.0699586    0.0308062   -0.0239042
   0.0108283   -0.0330828   -0.0275131   -0.0243687    0.0053948  -0.00101144    0.0843723   -0.0336772
  0.00426892   -0.0519896   -0.0425218    0.0782616   -0.0612135    0.0174078   -0.0153423   -0.0217198
   0.0809135    0.0907035     0.065225    0.0674677   0.00585205    0.0366126   -0.0805249   -0.0542276
   0.0168607 -0.000486654   -0.0662136   -0.0643987    0.0565704  -0.00495229  -0.00199759   0.00657569
  -0.0395477    0.0401263    -0.038453   -0.0396333      0.00174    0.0493316   0.00923922   -0.0276502
  -0.0154789     0.125216     0.016295 -0.000542047    0.0867374    0.0375021   0.00267678    -0.113453
 -0.00558416 -0.000439405    0.0248266  -0.00132149   0.00611337   0.00954921   -0.0589594   -0.0450054
   0.0346933    0.0155454   0.00579207    0.0694894    0.0334616   -0.0508016    -0.094987  -0.00273556
    0.037606   -0.0558482   0.00327082   0.00534336    0.0181314    0.0151934   -0.0510829   -0.0192053
   0.0567331   0.00961298    0.0796509    0.0333738    0.0310023   -0.0538097    0.0474715   -0.0214086
   0.0476698    0.0302463    -0.046192   -0.0373785    0.0130426    0.0165013   -0.0499747   -0.0570664
  0.00685494    0.0754574    0.0380742    0.0258554    0.0051979   0.00806586    0.0185578   -0.0576218
  -0.0229442   -0.0386687   -0.0074947   -0.0392594    0.0335583   -0.0407032    0.0279397   -0.0578989
   -0.184366   -0.0321361  -0.00792976    -0.169544   -0.0241359    0.0429559    0.0789904    0.0513481
  -0.0253912    0.0857099     0.113216    0.0849563   -0.0362399   -0.0428879   -0.0196482   -0.0536014
  -0.0288463    0.0540402   -0.0966755    0.0083242    0.0227242    0.0518338    0.0455599    0.0109607
   0.0595733     0.014828    0.0270508    0.0853534    0.0470793   0.00123347    0.0407361    0.0591727
  -0.0405547   -0.0572532   -0.0302342   -0.0510174   -0.0444738   -0.0268453     0.049886   -0.0113513
    0.143303    0.0406899   -0.0354719     0.103012  -0.00644852    -0.111337    0.0610511   -0.0432008
  -0.0519617   -0.0427096    0.0485701   -0.0377611  -0.00568857   -0.0272703   -0.0489586    0.0230019
  -0.0466532   -0.0343725    -0.018117   -0.0408718     0.038738   -0.0497792     0.019063   -0.0734986
  0.00876513   -0.0220295   -0.0509635   -0.0122528    0.0507879    0.0495239    0.0725147    0.0218662
   0.0528258   -0.0648619   -0.0225757   -0.0370391    0.0063391   -0.0373324 -0.000688492  -0.00839677
  0.00442106    0.0431048    0.0617625    0.0107168    0.0144507  -0.00577269   -0.0850948   -0.0359216
   -0.082352     0.017801  -0.00704846   -0.0317683   -0.0657935    0.0180849    0.0470631   -0.0503001
   0.0619684   -0.0361454    0.0504285    0.0635105  -0.00203022   -0.0346058    0.0919693    0.0527762
  -0.0850458     0.093591    0.0457032    -0.013694   -0.0425324    0.0709245   0.00472319   -0.0135328