    0.067394    0.0320533    0.0809556    0.0134543
   0.0211135    0.0113086    0.0010036   -0.0239772
  0.00720683    0.0425388     0.028647   -0.0353485
  -0.0400959   -0.0657201   -0.0195227   -0.0408447
   0.0223081   -0.0427195   -0.0363458    0.0891302
   0.0945832    0.0297856   0.00610681    0.0189646
   0.0017794  -0.00950328    0.0338744    0.0561913
   0.0312614  -0.00396146  -0.00474738   -0.0429576
   -0.065299   -0.0573604    0.0237947    0.0608989
  -0.0482877    -0.062894    -0.111651     0.119933
   0.0196378    0.0598158    0.0372176    0.0351521
  -0.0201294   -0.0527758    0.0137996    0.0541025
  -0.0272583   0.00156869   -0.0285388    -0.147485
  0.00931655    0.0301233    0.0356729   -0.0115947
   0.0310754    0.0139925  -0.00605409     0.105948
   0.0211954    0.0360292    0.0093862   -0.0411996
    0.031148   -0.0320672   0.00795493    -0.112311
   0.0904346    0.0045342    0.0532803     0.017651
-0.000335918   -0.0170627    0.0052257   -0.0100167
   0.0479889   -0.0407556   -0.0532743   -0.0373541
   0.0512103    0.0139013     0.063402   -0.0271227
   -0.042288   -0.0305242    0.0413978   -0.0112727
    0.005588   -0.0164588    0.0456173   -0.0631728
  -0.0480086   -0.0063002   -0.0273159   -0.0590531
   0.0640903    0.0302327   -0.0174345   -0.0221222
   0.0212406  -0.00316648   -0.0110607    0.0524504
  -0.0740854    0.0471642   -0.0317552   -0.0453778
  -0.0345186   -0.0204096   0.00708291   -0.0470016
   0.0068149    0.0740271   -0.0199384    0.0138133
  -0.0428996   -0.0314244   -0.0161427    0.0461484
   0.0535958    0.0614536   -0.0201326    0.0785035
  -0.0133066     0.055415   -0.0457362    0.0239925
   0.0193887    0.0423095    0.0185162   -0.0355895
  -0.0202407   -0.0162685    0.0549554   -0.0258695
     0.02474    0.0581804   -0.0142512  -0.00985299
  -0.0634663    0.0843056  -0.00668719   -0.0487971
  -0.0565073    0.0678464   -0.0243189  -0.00814946
  -0.0369146    0.0835501   -0.0477179   -0.0701492
   0.0575141   0.00222879    0.0159392  -0.00780386
  -0.0478555    0.0627696   -0.0282947    0.0432689
  -0.0159226 -0.000458992   0.00614125    0.0244878
   0.0343795   -0.0106126    0.0170132   0.00950204
   0.0569835    0.0336856   -0.0114809    0.0302708
 -0.00082079    0.0181817   0.00339575    0.0303454
  -0.0131146   -0.0272947   -0.0584807    0.0266833
  -0.0375543    0.0172916   -0.0199891    0.0506492
  -0.0178644   0.00425302    0.0681815    0.0251735
   0.0425445  -0.00169711  0.000960991    0.0153177
  0.00676786    0.0119372   0.00433816   -0.0428863
    0.063459   0.00901733   -0.0465422   -0.0277618
  -0.0147198    0.0788815    0.0407241   -0.0595142
  -0.0193275   -0.0778589    -0.059546    0.0369418
  -0.0583286    0.0523007 -0.000985135     0.100027
  -0.0355583   -0.0196945   -0.0234963   -0.0465677
  -0.0195958    0.0378495   0.00599718    0.0170005
   -0.031197   -0.0158069    0.0581376   -0.0502707
  -0.0544582    0.0899446    0.0703836    -0.119374
 -0.00252732   -0.0256394  0.000846326    0.0876563
  0.00153298    0.0169307   -0.0468422    0.0165549
  -0.0353173    0.0309328    0.0246123     0.092859
   0.0436248    0.0363989    -0.069588    0.0397269
  -0.0347273    0.0792803    0.0128289   0.00957343
   0.0530665    -0.038636   -0.0847068    0.0252547
   0.0292775  -0.00480544    0.0487332   0.00756149
   0.0298643    0.0164391   -0.0765464   -0.0554883
   0.0400602   -0.0206824   -0.0169974    0.0140392
  -0.0514067    0.0298051    0.0740643    -0.112016
  -0.0444007  -0.00252463    0.0506566   -0.0876441
  0.00228341   0.00625172    0.0118328    0.0561425
 -0.00217739   0.00718755    0.0582055   -0.0756209
  -0.0144494   -0.0188471   -0.0148806   -0.0025548
  -0.0169476    0.0587621    0.0995151    -0.104753
   0.0121578  -0.00664147    0.0288596    0.0480458
  -0.0895937   -0.0435001   -0.0293332   -0.0398156
   0.0548025    0.0321964    0.0176348   -0.0692276
  -0.0125514    0.0232094    0.0195124     0.056797
  0.00338445   -0.0550893    0.0105396    0.0666427
   0.0195472    0.0385647   -0.0102325   -0.0774579
  -0.0484402   -0.0495699  -0.00330577   -0.0256603
   0.0264241    0.0293044    0.0793823   -0.0135003
  0.00640402   -0.0182827    -0.038904    0.0608313
  -0.0193863   -0.0343434    0.0406546     -0.02536
  -0.0747337    0.0669276  -0.00493085     0.037299
   0.0351416    0.0349362     0.103161   -0.0235208
   0.0429414      0.01502    0.0406602    0.0299026
-4.27186e-05    0.0350025    0.0296816   0.00721407
   0.0748897    0.0626451    0.0479178    0.0482852
   0.0472897    -0.022003   0.00131421    0.0395073
  -0.0482973   -0.0514856   -0.0148732    0.0225814
  -0.0196001    0.0190069    0.0400115    0.0331546
  -0.0179917   -0.0524553  -0.00820029    0.0358716
   0.0549645    0.0650839   -0.0193356   -0.0254902
   0.0418438   -0.0303612   -0.0193426   -0.0760685
  -0.0597092    0.0508671    0.0074017   0.00755554
   0.0257068   -0.0214136    -0.064961    0.0339384
  -0.0409621   -0.0620761   0.00628388   -0.0239542
  -0.0887061   -0.0637551    0.0763066   -0.0843534
   0.0616261   -0.0549382     0.014267   0.00276562
  0.00088133    0.0351634   -0.0438618  -0.00089723
  -0.0980402    0.0132145   0.00505927     0.085912
  0.00530315    0.0412316    0.0106155     0.094338
   0.0186992   -0.0233424   0.00917824    0.0238409
  -0.0243464   -0.0101969   -0.0210944   -0.0351261
   0.0702457   -0.0229905  -0.00683633    0.0128719
  -0.0761768   -0.0414375    0.0462805    0.0986418
  -0.0122159   -0.0801913    0.0735781   -0.0294341
  -0.0563339     0.044497   -0.0355983    0.0219612
  -0.0131075   -0.0186958   0.00423368    0.0373606
   0.0684583     0.077707   -0.0403886   -0.0670567
  -0.0125601   -0.0420287    0.0445977   -0.0586414
  -0.0230043   0.00256737   -0.0269197   -0.0285437
   0.0540241   -0.0525692   -0.0613501    0.0326457
  -0.0879776   -0.0189621   -0.0763356    0.0555493
  0.00408066    0.0063986    0.0130167   -0.0564945
  -0.0739993  -0.00411332   -0.0680369     0.012615
  -0.0599568    0.0457763   -0.0292788    0.0219528
   0.0100444   -0.0858256   -0.0124495    0.0544739
  -0.0701894   -0.0489882    0.0650472   -0.0420862
   0.0903312   -0.0928031  5.28768e-06     0.035629
   0.0473676    0.0153565     0.033912   -0.0262884
   0.0240054    0.0687243    0.0410987   -0.0836338
   0.0213686   -0.0258336   -0.0354984   -0.0274684
   0.0471901   -0.0353649    0.0260699    0.0836604
  -0.0570745   -0.0476158   -0.0457368   -0.0611385
   0.0618508  -0.00787782    0.0524021   -0.0355198
  0.00182356    0.0823017   -0.0313181   -0.0667085
   0.0110625   -0.0278146    0.0376039   -0.0161346
   0.0242515    0.0108143   0.00873652      0.07783
   -0.061591    0.0792353     0.114459   -0.0673976
  -0.0468663  -0.00200211    0.0777068    0.0106773
   0.0274447   -0.0189746   -0.0255544     0.067223
  -0.0501041    -0.024911  -0.00805389    0.0323479
  -0.0118791   -0.0197065    0.0190443   -0.0787531
   -0.022717    0.0910421    0.0592801   -0.0427748
  -0.0162567    0.0624793     0.039853    -0.024397
   0.0357572   0.00214428    -0.016319   -0.0709859
  0.00130642   -0.0244308    0.0267815   0.00922197
   0.0337491   -0.0284271    0.0478934   -0.0085882
  -0.0362516      0.10232     0.118762  -0.00592336
   0.0147961    0.0563154   0.00771011    0.0217494
  -0.0465176    0.0260099  0.000576014    0.0106276
   0.0272417  -0.00254832   -0.0239045    0.0368365
   0.0275702   0.00748003    0.0687468   0.00875331
  -0.0181339   -0.0142201    0.0207021    0.0251799
  -0.0335387    0.0545968    0.0100155    0.0737918
  -0.0059279   0.00141078   -0.0762176   -0.0126095
  -0.0106726   -0.0433788    0.0196356   0.00151832
   0.0568748   -0.0153168    -0.023941    0.0382696
     0.02402    0.0245495     0.038166    0.0289145
   0.0208967    0.0039787    0.0461514    -0.075312
   0.0259489    0.0202197    0.0664745    -0.082188
   0.0378152  -0.00211114    0.0460534   -0.0833772
   0.0442022    0.0411493    0.0787419   -0.0263797
   0.0195668    0.0570237    0.0235396   -0.0387198
   0.0788054    0.0308118    0.0696847   -0.0578467
  -0.0271414    0.0235846   -0.0581911    0.0671009
  -0.0809229    0.0398074    0.0435827  -0.00183059
   0.0183993    0.0842994    0.0296639    0.0503855
  -0.0211527    -0.054717    0.0256533   -0.0243865
 -0.00918505    0.0677464     0.034256   -0.0825932
   0.0162204   -0.0552409    0.0655983    -0.115297
  -0.0581847   0.00184613    0.0529773   -0.0361208
  -0.0051894  -0.00659228 -0.000218678   -0.0360794
  -0.0290598    0.0618987   -0.0374018    0.0969148
   0.0130694  -0.00464778  -0.00196058     0.061045
  -0.0318419   0.00357465    0.0383955    0.0153826
   -0.101903    0.0052746    0.0647339   0.00317758
  0.00661684    0.0253483    -0.036717    0.0518369
  -0.0266245     0.021117   0.00190867    -0.034957
 -0.00683705   -0.0226736  0.000694454   0.00308713
   0.0394458  1.72577e-05    0.0393566    0.0331267
  -0.0121965    0.0840429    0.0657681    0.0661931
   0.0925693    0.0307787     0.062177    -0.082238
 -0.00494568   0.00939592    0.0301264    0.0348645
   0.0216448   -0.0524504   -0.0104411    0.0509337
  -0.0687565    0.0258367    0.0676825   -0.0720169
 -0.00907287   -0.0691647    0.0341504    0.0449643
 -0.00411445   -0.0358313   0.00844665    0.0123579
   0.0584958    0.0159496    0.0438744   -0.0491814
  -0.0116305     0.036364    0.0669161   -0.0827716
   0.0549736    0.0508503     0.118454   -0.0126761
  -0.0253265     0.039867    0.0720669   -0.0375198
   0.0322096  -0.00240199   -0.0206664    0.0708578
  -0.0209406  0.000255551    0.0389117     0.026729
 -0.00705612   -0.0107584     0.012335   -0.0141755
   0.0249317   -0.0576807   -0.0231369  -0.00381853
 0.000557509    0.0898673    0.0784051    0.0209851
   0.0194092   -0.0243526    0.0251404   -0.0145662
   -0.025417   -0.0506237    0.0690403   -0.0514858
  -0.0193621   -0.0486665   -0.0249414    0.0354309
   0.0543085   -0.0302617  -0.00329504    -0.022782
  -0.0220911   -0.0440986   0.00977331    0.0474266
  0.00554146     0.042017   0.00841158   -0.0488402
  -0.0741939   -0.0132794   -0.0267371    0.0132345
   0.0295704    0.0972883    0.0527344   -0.0158765
    0.134261  -0.00512389    0.0405016   -0.0896191
  -0.0169016    0.0348549   -0.0463059    -0.050383
   0.0415132    -0.018266    0.0131549   -0.0566112
  -0.0630051    0.0245821    0.0380981   0.00800475
   0.0435128   -0.0243585    0.0171083   -0.0237852
  -0.0369668    0.0125477   -0.0479594    0.0302624
-0.000879426    0.0835415   -0.0503349   -0.0226372
   0.0601961  -0.00655688    -0.017076   -0.0352074
  -0.0208671    0.0779295    0.0454433   -0.0658611
  -0.0358337   -0.0227553   -0.0473984     0.043865
   0.0236065  -0.00230968    0.0645995    0.0847338
  -0.0340051    0.0185665    0.0384569   -0.0397324
  0.00883842    0.0219727    0.0473592    0.0554743
  -0.0510433   0.00366559   -0.0146128   -0.0167444
  -0.0809488    0.0259515 -0.000298877    0.0795899
  -0.0010643    0.0363913   -0.0113634    0.0306653
-0.000979393   -0.0621853   0.00454193   -0.0283255
   0.0329366   0.00179769  -0.00850755    0.0292738
   0.0396204    0.0535794    0.0441625    0.0744389
   0.0279721     0.014156    0.0330911   -0.0125762
 -0.00425593   -0.0303618    0.0559103    0.0347818
  -0.0284384    -0.052839    -0.041025  -0.00131725
   0.0526966  -0.00656816    0.0570778  0.000545399
  -0.0835814    0.0163937    0.0125122 -0.000112998
  0.00317095    -0.038538   -0.0191998    0.0453887
  -0.0451968   0.00150839   -0.0101775   -0.0631131
   0.0531795    0.0149964    0.0608378   0.00570317
   0.0387035  -0.00628594    0.0282254    0.0398046
  -0.0695512   -0.0481486    0.0846291   -0.0383242
  0.00532675    0.0996617    0.0382446    -0.125773
   0.0397751    0.0829991    0.0104294   -0.0403207
  -0.0636252   -0.0723989   -0.0491534   -0.0709897
   0.0182219  -0.00898618   -0.0652194   0.00749559
   0.0504154   -0.0394407    0.0664249   -0.0149911
  -0.0140379     0.013261   0.00262141    0.0528782
 -0.00946753   -0.0662664    0.0563188    0.0187378
    0.156978    0.0120072    0.0445047   -0.0598181
   0.0689999    0.0178448    0.0312252    0.0780821
  -0.0592086    0.0125791   -0.0164426   -0.0336802
  -0.0117676   -0.0332933    -0.035427   -0.0154355
   -0.034376    -0.060483    0.0342018    0.0445685
   -0.053244   0.00140743   -0.0491069    0.0288127
  -0.0471684   -0.0644193   -0.0459604    0.0345094
    0.084783    0.0273917    0.0441216   -0.0598234
  -0.0220593   -0.0631078    0.0128834   -0.0714627
 -0.00618305   -0.0144452    0.0361527   -0.0049328
  -0.0560336   -0.0345602   -0.0499843    0.0210569
  -0.0277129  -0.00877488   0.00789251    0.0572709
 -0.00637794   -0.0250009    0.0831997    0.0323894
   -0.056654   -0.0216156   -0.0524275   -0.0358323
   0.0425977   -0.0483237    0.0308366    -0.110277
   0.0062556    0.0170216    0.0662893    0.0600198
   0.0511427    0.0335949 -0.000226054    0.0449063
   0.0636152    0.0171868    -0.024297    -0.075989
   0.0505606    0.0767158  -0.00583171    0.0716959
  0.00682671   -0.0432475    0.0199248   -0.0569906
  -0.0550255    0.0489045    0.0224779   -0.0886853
    0.064701   -0.0160867   -0.0607686    0.0310802
  -0.0275227   -0.0503973   -0.0258987    0.0249681
  -0.0176922    0.0506158   -0.0193939   -0.0269579
  -0.0492922   -0.0601005   -0.0145459    0.0134016
   0.0244345  -0.00733479   0.00429952   -0.0165161
  -0.0314741   0.00546793   -0.0182926    0.0428916
   0.0713096   -0.0487564    0.0548865    0.0462616
   0.0226239     0.027482   -0.0047011    0.0144415
  -0.0352545   -0.0113877     0.058297    0.0119551
  -0.0427746    0.0122047     0.030454    0.0260911
   0.0518465     0.117252   -0.0249483   -0.0320307
  -0.0411074   -0.0322479    0.0115143    0.0324889
 -0.00919036   -0.0206282   -0.0473083   -0.0347326
  -0.0168348   0.00861833    0.0326275    0.0600168
  -0.0361151   -0.0491789    -0.028622    0.0325364
 -0.00234179   -0.0156305   -0.0480446    0.0559009
  -0.0491495    0.0133271   -0.0478968    0.0509392
  -0.0183762     0.048676   -0.0326797    0.0352632
   0.0810917    0.0203587    0.0478421   -0.0526417
  -0.0363724    0.0879047    0.0675212    0.0389337
  -0.0113252   -0.0715908   -0.0481161   0.00475975
 0.000407368    0.0904421    0.0832972    -0.096256
    0.010466    -0.038101    0.0869561  -0.00535686
 -0.00207244    0.0177969    0.0356693   -0.0208365
   0.0767107   -0.0420875    0.0608709   -0.0118849
   0.0663471  -0.00512631    0.0298767   -0.0780927
  -0.0275118  -0.00043366     0.055705    0.0223108
   0.0113545     0.011438   -0.0326348    0.0171836
    0.101847   -0.0272634   -0.0225047   -0.0108949
 -0.00534953   0.00456884   -0.0526444   0.00874136
  0.00972197    -0.053458   -0.0231557    0.0276009
   0.0216663    0.0202485   0.00305708  -0.00910927
   0.0406353  2.06517e-06  -0.00910298   -0.0582101
   -0.053445   -0.0205137    0.0834834   -0.0485755
   0.0316635      0.10404    0.0862149    -0.120615
      0.1016    0.0351523    -0.086948  -0.00839438
   0.0233642    -0.050983   0.00125751    0.0155715
    0.018773   -0.0315529    0.0483377    0.0637532
 -0.00323584   -0.0695667    0.0101897   -0.0186425
    0.043173    0.0358431  -0.00775647  -0.00527263
  -0.0496917   -0.0509499    0.0405499   -0.0490862
  -0.0791464    0.0357364   0.00248549    0.0574493
  -0.0350018     0.036852    0.0529463   -0.0255815
   0.0188956    0.0827288     0.061926   0.00339783
   0.0705209    -0.067977 -0.000674934   -0.0556656
   0.0216551   0.00269325  -0.00377099   -0.0321926
  -0.0437776    0.0228042    0.0926958   -0.0476287
   0.0814477    0.0617096    0.0175517   -0.0576989
   0.0866827     0.014046   -0.0345412   -0.0356199
  -0.0253982    0.0785594    0.0210601    0.0694118
  -0.0077842    0.0249101    -0.008324   -0.0569515
 -0.00116153    0.0351937   0.00258284   0.00875998
  0.00143913    0.0554126   -0.0290813  -0.00521891
  -0.0843316   0.00208096   -0.0388343    0.0254766
  -0.0509819    0.0237282   -0.0270014    -0.038319
   -0.016709    0.0231699    0.0461035   -0.0391666
  -0.0567296   -0.0501458     0.043634    0.0698909
   0.0108259    0.0688123    0.0805547    0.0126202
 -0.00816902   -0.0254722     0.054908  -0.00850002
  -0.0432809   -0.0574577   -0.0815955    0.0274711
   -0.070073    0.0863534   0.00468107   -0.0540862
  -0.0644505    0.0544893    0.0226874   -0.0151563
   0.0390431    0.0624054  -0.00314396   -0.0462304
   0.0624031   -0.0671698     0.067523    -0.095939
 -0.00246315    0.0225613   -0.0173252    0.0626343
   0.0201206    0.0547159   -0.0454348   -0.0131516
 0.000717959    0.0291735   -0.0451044  0.000912258
   0.0228564    0.0586624     0.055195   0.00476151
  -0.0139729    0.0831934    0.0231077   -0.0126567
   0.0537529    0.0172556    0.0132575    0.0476235
   0.0149214   -0.0140759   -0.0239386    0.0344062
  0.00584088    0.0185247    0.0500804   0.00168041
  -0.0543752   0.00262257  -0.00275097    -0.036403
   0.0611958    0.0629662     0.128546    -0.110418
   -0.020975    0.0274304     0.034917   -0.0512847
   0.0665531    0.0519143    0.0169869    -0.067448
  -0.0253762    0.0158338   -0.0494561    0.0226597
   0.0122713    0.0577068    0.0190894    0.0111046
   0.0212301    0.0441608   -0.0414563    0.0234446
  -0.0492598   -0.0144788 -0.000703297    0.0489725
   0.0232954    0.0217434   -0.0292412   0.00756363
  -0.0355288   0.00540188    0.0094233   -0.0121239
   0.0762921   -0.0562074   -0.0452953   -0.0332713
  -0.0244771    0.0156149  -0.00857755   -0.0516214
   0.0480907   -0.0542903    0.0108305   -0.0206699
  -0.0550599   0.00216261   -0.0370234    0.0079281
   0.0404053  -0.00833934   -0.0357813   -0.0296094
   -0.118309   -0.0142656    0.0179317    0.0645908
   0.0403271   -0.0306339   -0.0789192   -0.0424003
  -0.0599365    0.0320385   -0.0349287   -0.0740211
  -0.0554805   -0.0525376   -0.0383811    0.0363289
   0.0429313   -0.0602448   0.00997907   -0.0653206
  -0.0331374   -0.0245147   -0.0121715    0.0292175
   0.0583413   -0.0307903    0.0451267    0.0668246
   0.0444206   -0.0125892    0.0119639   -0.0813099
   0.0182911   -0.0224767   -0.0247791   -0.0815507
 -0.00501257   -0.0402651  0.000801523     0.107668
   0.0754775    0.0609589     0.022964  -0.00377023
  -0.0232385  -0.00845329     0.050839     0.016528
 -0.00030854    0.0926842   0.00792372    0.0498217
  0.00941962  -0.00712701     0.028168    0.0823515
   0.0414956    -0.032081    0.0790112   0.00414851
  -0.0611836    0.0308323   0.00556422  -0.00108423
   0.0280832   -0.0595017   -0.0656737  -0.00014104
   0.0320045    0.0575508    0.0789812   0.00183021
   0.0173413   -0.0719847   -0.0788597    0.0451147
  0.00273381   -0.0632327     0.034671    0.0313013
  -0.0154237    0.0143169   -0.0379244    -0.060508
  -0.0200138    0.0749317    0.0630431   -0.0540688
  -0.0093448    0.0518053    0.0712707   -0.0417718
   0.0120227    0.0233552    0.0164889   -0.0930466
  -0.0954115    0.0674359    0.0840173    0.0551034
  -0.0275778   -0.0586424   -0.0365437    0.0670731
 0.000190499    0.0586345    0.0667329   -0.0564397
  0.00991211  -0.00451336   -0.0588996     0.114314
 -0.00349483   -0.0203705   -0.0277644   -0.0966353
   0.0296997   -0.0732044    0.0308904    0.0274551
  0.00554391    0.0323701    0.0228053   -0.0687917
  -0.0327961   0.00941018    0.0517228   -0.0801774
  -0.0338659   0.00832585    0.0713936   -0.0280005
   0.0405945      0.01385    0.0338727   -0.0477807
  0.00118565    0.0126413   -0.0359342    0.0332278
   0.0618442     -0.06705   -0.0197488   -0.0729534
  0.00972494    0.0452058   -0.0362656    0.0504455
 0.000486632   -0.0272226   -0.0535214    0.0205147
  -0.0873375   0.00151524    0.0192486    0.0547587
  -0.0606877    0.0662151     0.013146    0.0413795
  -0.0543972    0.0118465    0.0264679   -0.0582272
   0.0570993   0.00943135   -0.0151254   -0.0262765
  -0.0592571    0.0155271  -0.00879332    0.0350932
  0.00987031   0.00126278     0.113357   -0.0794129
   0.0496121    0.0157974   -0.0370227   -0.0444259
  -0.0464443    0.0406991   -0.0254638   0.00662645
   -0.017573    0.0413347   -0.0262824    0.0648197
  -0.0019633    0.0392981   -0.0317655    0.0294743
   0.0296775    0.0341318   -0.0397623   -0.0516937
  -0.0303064     0.065875   -0.0245529    0.0259227
  -0.0918017    0.0453194     0.022714    0.0990589
    0.110013   -0.0373562    0.0232299   -0.0989459
  -0.0117698    0.0593349   -0.0618055    0.0303688
   0.0164452    0.0119541    0.0520767   -0.0989672
   0.0210265    0.0245788    0.0655949   -0.0308363
   0.0315482   0.00410599   -0.0505095    0.0189045
  -0.0278125    0.0405602   -0.0327533    0.0536689
   -0.065245   -0.0566838    0.0126053   0.00820586
 -0.00568405    0.0350706   0.00270135   -0.0108681
   0.0558851   -0.0686289   -0.0285102   -0.0931689
 -0.00685466    0.0183132    0.0311375   -0.0123388
   0.0425271   -0.0230722    0.0238046    0.0649785
  -0.0341087    0.0142301    0.0622466    -0.101479
   0.0237759    0.0124442  -0.00913994    0.0176924
   -0.060916   -0.0724515    0.0193163   -0.0545697
    0.032428   -0.0326216   -0.0630618    0.0587798
   0.0119585    0.0626039    0.0291049   -0.0385392
   0.0380941    0.0542018    0.0617963     0.029558
  -0.0707057    0.0323452   -0.0260814   -0.0108499
   0.0366573   -0.0276819   -0.0184115    0.0557735
   0.0507251  0.000138101   -0.0602887    0.0666761
 -0.00366324    0.0941392    0.0532994     0.019269
     0.06847  -0.00399413     0.034276   -0.0676825
  -0.0122379   -0.0297605   -0.0152335    0.0247269
 -0.00324922   -0.0194423    0.0332693   -0.0313512
  0.00852498   0.00349882    0.0435133    0.0388667
 -0.00645012    0.0228361   -0.0298302    0.0797691
   0.0296946   -0.0478636     0.100075  -0.00140556
  -0.0798243   -0.0583159    0.0484754     0.042545
  -0.0683283  -0.00900356    0.0124478   -0.0467488
   0.0310287    0.0650529  -0.00809365     0.056047
  -0.0230364    0.0136827   0.00688664    0.0289973
    0.018498    0.0406885    0.0648413   -0.0406415
   0.0281543    0.0633368   -0.0247893    0.0869979
   0.0297487   0.00738299    0.0216496  -0.00294361
   0.0106675   -0.0511454    0.0304391    0.0308881
   -0.040538    0.0119039    0.0300549   -0.0595808
  -0.0515646   -0.0348038    0.0108379    0.0100802
 7.49977e-05    0.0412616    0.0242745  -0.00416721
  -0.0289682  -0.00795793    0.0544869   -0.0222529
   0.0713055   -0.0296668    0.0310653    0.0577492
  -0.0430199    0.0755611   -0.0338508    0.0750417
  -0.0227499    0.0833286    0.0929844   -0.0469461
   0.0256109    0.0665403    0.0712101   0.00635701
  -0.0764866    0.0399772     0.053879   -0.0150113
   -0.013233    0.0480797    0.0116667    0.0220782
   0.0514889   -0.0327674    0.0448202   0.00785235
   0.0386012    0.0116438   -0.0450042    0.0561346
   -0.068135   -0.0115945   -0.0367856    0.0738941
    0.059638    0.0861928   -0.0725569     0.120221
  -0.0572161    0.0723421    0.0660852    0.0503434
  -0.0415518    -0.033845    -0.016902    0.0568137
   0.0104823    0.0387322    0.0193996   -0.0170749
  0.00514441    0.0101521    0.0140516    -0.106569
  0.00475346  -0.00383271     0.032221  -0.00957921
  0.00282073   -0.0564394    0.0416108    -0.111908
  0.00708266   0.00128175   -0.0562213     0.109115
   0.0239388   -0.0266809   -0.0440893   -0.0262998
  -0.0511602  0.000381016  -0.00570102    0.0783422
  0.00868251    0.0294049    0.0734655    0.0541728
   0.0398672    0.0423243    0.0381097   -0.0252674
  -0.0438448   -0.0416933    0.0517668   0.00426529
  -0.0896533    0.0117487  0.000967714    0.0426949
   -0.032353     -0.01012    0.0377598   -0.0277842
   0.0211463    0.0236848   -0.0449235    0.0259354
   0.0453787    -0.072219   -0.0351099    0.0235806
 -0.00984752  -0.00135342   -0.0124252   -0.0180693
   0.0545491  -0.00516666    0.0116677     0.096894
   0.0642304   -0.0206444   -0.0560537    0.0184378
  -0.0679223    0.0311454    0.0411755    0.0558077
   0.0341036    0.0381567   -0.0067184   -0.0811442
  0.00116893    0.0643456    0.0753144    0.0295697
  0.00536575    0.0522264   -0.0680273    0.0361157
   -0.021182    0.0219674   -0.0102677    0.0634887
   0.0414016    0.0319277    0.0491219   -0.0327154
   0.0390314  -0.00301771    0.0179287   -0.0317219
   0.0215231  0.000780107     0.056411    0.0421759
  -0.0446964   -0.0387608     0.053394    0.0375226
  -0.0215786  -0.00585802   0.00881682    0.0603572
  -0.0582361    -0.086547   -0.0820821    0.0588949
 -0.00535468    0.0622094    0.0120111    0.0107805
   0.0528958    0.0747015    0.0638801     -0.07726
  -0.0633675     0.022971    0.0436053   -0.0227149
   0.0517647   0.00899219   -0.0226132   -0.0583363
  -0.0319684   -0.0110824 -0.000222063   -0.0805026
  -0.0075922   -0.0225898   -0.0286272    0.0621669
  -0.0788202     0.135959    0.0515256    0.0674095
  -0.0179916   0.00404201   -0.0246231   -0.0784313
   -0.032209    0.0193876   -0.0307337    -0.039734
  -0.0150234   -0.0253945    0.0594817   -0.0174977
    0.017902   -0.0108872  -0.00653046    0.0148452
  -0.0295544     0.048482  -0.00691982   -0.0578026
-0.000476148   -0.0336496    0.0142163  9.24811e-05
   0.0233375    0.0777509   -0.0235462   -0.0709018
  -0.0252823    0.0511511    0.0259245    0.0772963
  -0.0326369   -0.0739396  -0.00541123     0.085206
   0.0244955    0.0887383    0.0187758    -0.065689
   -0.108915   -0.0544766   -0.0611307    0.0157217
   -0.131809    0.0405992  -0.00416614    0.0871618
  -0.0405286   -0.0264708  -0.00171345     0.068297
  -0.0346704   -0.0493515   -0.0437029    0.0403971
 -0.00655959   -0.0307637    0.0531876   -0.0112874
  -0.0652745   -0.0452043   -0.0227394   -0.0390806
    0.064367    0.0655721   0.00464565   -0.0376513
   0.0344675    0.0240233   -0.0499163    0.0451281
   0.0106263    0.0584776   -0.0376523   0.00708377
   0.0438748   -0.0440775    0.0718646  -0.00369969
  -0.0123266   -0.0189507   -0.0622673    0.0308916
   0.0254047    0.0337953    0.0373006   -0.0326388
  -0.0494309   -0.0200876    0.0500719   -0.0477284
    0.033517    0.0265373   -0.0206592   -0.0219729
  -0.0637661    0.0057088   -0.0088627   -0.0814567
  -0.0403672     0.101584    0.0478154   -0.0751499
     0.09642  -0.00322227     0.143327    -0.138573
   0.0417812    0.0447037    0.0111601    0.0310544
 -0.00542692   -0.0470344    0.0497355   -0.0380185
  0.00252653   0.00331024   -0.0384813    0.0208821
  -0.0775724  -0.00170872   -0.0470384    0.0637619
   0.0305264    0.0365843  -0.00532609   -0.0630804
   0.0824573    0.0636357     0.103172   -0.0505287
   -0.052896    0.0684524   -0.0178636   -0.0222482
  -0.0331489   0.00737327   -0.0210471    0.0402038
  -0.0852118    0.0644323    0.0129649     0.113578