   0.0529227   -0.0507995    0.0641592   -0.0202794    0.0262766   -0.0122502  0.000284781     0.025404
   -0.061822     0.253571    0.0119504   -0.0803337    -0.166331     0.161612    -0.131778    0.0871702
   0.0663343   -0.0488201    0.0333244   -0.0965552  -0.00242353   -0.0734373    -0.072737    0.0317746
    -0.12969     0.113961   0.00510161   -0.0734276   -0.0191623    0.0747643    0.0328268     0.118064
    0.074295    0.0631961    0.0207606    0.0172248   -0.0835993     0.119737    -0.116473   -0.0511125
    0.106805    -0.143091   -0.0250556    -0.111327    0.0831748    -0.151941    0.0499495   -0.0940456
   -0.116817    -0.199358   -0.0396976     0.182479    0.0383929    -0.056213  -0.00265549     0.013814
   0.0925019   -0.0894437    0.0645603   0.00328809   -0.0331815   0.00384676 -0.000428611    0.0769835
  -0.0725867    -0.033269   -0.0309111    0.0206423   -0.0511755   0.00566382  -0.00294714    -0.116222
   0.0296754    0.0707793    0.0441914    -0.045194   -0.0295007    0.0198186   -0.0605828     0.145899
  -0.0241983     0.108419    0.0601236     -0.07675    -0.130157    0.0409388   -0.0138903    0.0372023
    0.009394    -0.083071    0.0591102   -0.0828773   -0.0579311   -0.0669915   -0.0373416   -0.0566949
 -0.00404216   -0.0223524   -0.0218491    0.0334831   -0.0122685   -0.0567251    0.0446084   0.00345424
   0.0284721    -0.136564    0.0512169  -0.00761726    0.0561281   -0.0166887   -0.0530579   -0.0790108
   0.0340621    -0.060176    0.0326807    0.0830291   -0.0429156   -0.0572255   -0.0649844   -0.0340125
  -0.0189466    -0.085828   -0.0275923    0.0265493      0.10764   -0.0662463   0.00201692    -0.113933
   0.0370628    0.0772822  -0.00525305   -0.0213888    0.0154151    0.0488618    0.0758899   -0.0431234
   0.0766795     -0.17504     0.116485   -0.0262066   -0.0566368   0.00567483   -0.0834172   -0.0220995
   0.0641593   -0.0955584   -0.0558726    0.0376608    0.0769349    0.0444563    0.0505364   -0.0869006
   0.0332988     -0.34034     0.111797    0.0840999   -0.0355751   -0.0928797    -0.112367    -0.235692
  -0.0635616     0.059552   -0.0586878   -0.0975413   -0.0800795   -0.0576069   0.00476932      0.13054
   -0.148249    0.0233457    0.0391375   -0.0651179    -0.183861    0.0300279    0.0163692   -0.0478088
  -0.0573593    0.0459083   -0.0362492    -0.027767    -0.047031   -0.0170127   -0.0307679  -0.00764331
   0.0748927   -0.0107229   -0.0147564    0.0439692    0.0217756    -0.117737     0.172154     0.103437
    0.022602    0.0697435    0.0753967   -0.0762731   -0.0538454   -0.0353238   -0.0754682    -0.009178
  -0.0928038    0.0856673   -0.0851444   -0.0853583    0.0480587    0.0577244   -0.0142996     0.113279
  -0.0370994    -0.107042   -0.0817925   -0.0891639    0.0222589     -0.11985    0.0304536    0.0464807
   0.0961037   -0.0892414     0.115212  -0.00619117    0.0442115    0.0341311    0.0139121   -0.0557852
  -0.0241694   -0.0104338   -0.0762379   -0.0109078     0.112361   -0.0595874    0.0942578    0.0310722
  0.00273624    0.0120936  -0.00843622   -0.0653911    0.0427948  -0.00455812    0.0480015   -0.0301914
   0.0248094    0.0399817   -0.0411848   -0.0277796   -0.0207932    0.0122513    0.0278414    0.0863846
   0.0180347    0.0297441   -0.0101958    -0.162475   -0.0336506   -0.0775043    0.0663614       0.1629
   0.0150538   -0.0815977    0.0325676    0.0196571     0.062688 -0.000419864   -0.0473914   -0.0156813
   0.0251473    -0.127074    -0.050494    0.0002207   -0.0320385   -0.0387124    0.0314491    0.0245051
  -0.0601139     0.201756    -0.114655   -0.0781003   -0.0819961    0.0184244     0.129986     0.131406
   0.0303269     0.154306     0.132812    -0.140083    -0.130679     0.053707   -0.0515467     0.218879
   0.0730563    0.0666367    0.0184154   -0.0517974   -0.0267589   -0.0777163   -0.0218379    0.0636905
    0.128601      0.05757     0.064048   -0.0491987     0.027412    0.0212253    -0.100455    0.0660435
  0.00374165    0.0786141   -0.0410729   -0.0193602   -0.0681109    0.0723401   -0.0665866    0.0483401
    0.103127    0.0531851    0.0483937   0.00347121   -0.0238217    0.0937423   -0.0832152    -0.075311
  -0.0216012    0.0891755   -0.0725485   -0.0773053   -0.0770802     0.116788   -0.0570728    0.0296981
   0.0876554    -0.174199   -0.0826773     0.135238     0.119189   -0.0841325  -0.00880574    -0.204149
   0.0591954    -0.177213    0.0864863  -0.00105972    0.0462161    -0.118155   -0.0278946  -0.00943505
  -0.0648584     0.105206   -0.0646562     -0.10424    0.0297016   -0.0331117    0.0931041    0.0414049
   -0.144391   -0.0315812    -0.108065     0.110322     0.112891   -0.0698146  -0.00666343    -0.186832
    0.159857    -0.404048    0.0490871     0.145163    0.0427084  -0.00557193   -0.0335593    -0.190869
  0.00749638    0.0668577   -0.0105737   -0.0761882    0.0106905   -0.0493805    0.0147377    0.0998079
   0.0658233  -0.00450529    0.0690996   -0.0208627   -0.0900301   -0.0354613   -0.0323826    0.0647632
  0.00407952    -0.253362  -0.00734382    0.0554397    0.0335948    -0.227905    0.0242592   -0.0768219
   -0.165265     0.102404    0.0422504   -0.0112582    -0.105184    0.0933615   -0.0767072   0.00144177
   -0.165602     0.363179    0.0213071   -0.0226278    -0.218566     0.120106    -0.110844     0.131747
  -0.0860784    0.0902783   -0.0676414 -0.000565372    0.0391284    0.0729693     0.027331    0.0585537
  0.00774798    0.0188169    0.0675552  -0.00726626    -0.055559    0.0274038    0.0270908    0.0252667
   -0.010994   0.00533738   0.00604358   -0.0544829    0.0111194    0.0317941    0.0363874   -0.0421633
   -0.136058      0.14947    -0.166109    0.0107785    -0.013455   -0.0103851      0.12059     0.167945
  -0.0499797     0.209448   -0.0446897   -0.0838357   -0.0526267   -0.0202952   -0.0488682    0.0418758
   -0.181578     0.253945     -0.11027    0.0211872   -0.0106472     0.137879   -0.0467894     0.116812
  -0.0042115    0.0792537    0.0548416   -0.0183101     -0.04874    0.0445403   0.00283106   -0.0162451
   0.0894578    -0.304776    0.0116721     0.113454   -0.0265011   0.00300859     -0.12084     -0.13354
    0.062296    0.0259239    0.0476101    0.0682947    0.0257421    0.0752029    0.0226923   -0.0388247
   0.0244551    -0.028879    -0.056523    0.0546211   -0.0261902   -0.0422789    0.0224139   -0.0474619
  -0.0104618    0.0381372    0.0198264     0.106916   -0.0420265  0.000269698    0.0225212  -0.00596543
   0.0124589     0.149287   -0.0969344    0.0182064  -0.00830443    0.0278772     0.120848   -0.0155555
  -0.0304993    -0.141447    -0.039056    0.0918361    0.0770345    -0.132708     0.094293    -0.114555
   -0.155027    0.0936819    0.0458869    -0.145649    -0.185359    0.0380678    0.0172212     0.170414
  -0.0199404   -0.0312118   -0.0677566   -0.0314618    0.0154052    -0.111642    0.0668584    0.0659754
  0.00828208     0.168529   0.00256301    -0.130094   -0.0596908    0.0748694   -0.0593704     0.114418
  -0.0678399    -0.063675    -0.046299    0.0966528     0.039131   -0.0126587    0.0140933   -0.0772705
    0.134485   -0.0705565     0.200447    0.0458582   -0.0230015     0.077279    -0.130948    -0.124458
   -0.258057     0.082372    -0.289686    0.0152206   -0.0298345    -0.132131     0.156642     0.149886
  -0.0384348   -0.0942437   -0.0135234    0.0148231   -0.0519635   -0.0846637   0.00983023   -0.0915409
     0.11237   -0.0196114     0.069096   -0.0612457   -0.0499048   0.00812423    0.0623595    0.0654195
    0.039368    0.0824195    -0.108587    0.0532215   -0.0494447     0.107097   0.00543765     0.110774
   -0.074986     0.250423    0.0137517   -0.0419831   -0.0121542    0.0348835    0.0677425     0.196127
  0.00404444   -0.0761644   -0.0426539   -0.0207095     0.089236     -0.10828   0.00203145     0.083235
  -0.0857452    0.0740466  -1.7024e-05    0.0265634 -0.000880189    0.0990618    0.0559722     0.147168
   0.0751836    -0.117244   -0.0706902    0.0435764    0.0762296   -0.0653945    0.0432506     -0.10132
   0.0717479      0.11761   -0.0427561    -0.023219   -0.0428814   0.00444224   -0.0658331     0.045464
   0.0139981   -0.0795173    0.0127373   0.00817877     0.082113    -0.113017    0.0654558   0.00614305
   0.0444886  0.000260298    -0.049661   -0.0115706    0.0375185    -0.116338    0.0191189    0.0316689
  -0.0671397   0.00123564    0.0540323   -0.0420659   -0.0580669   -0.0112859   -0.0374877   -0.0130373
  -0.0693038   -0.0758443    -0.116369     0.170504    0.0872019    -0.118297    0.0419025    -0.154953
    0.150484    0.0471216    0.0380425    -0.135294   -0.0515944    0.0244395    0.0594682    0.0533711
   0.0314933    0.0501521   -0.0176986   -0.0240794   -0.0604916   -0.0969898   0.00652023    0.0400991
   0.0857242   -0.0836072    0.0764333    -0.031192    0.0630472    -0.013796  -0.00893895   -0.0614893
  -0.0842186   -0.0670686   -0.0957694     0.125189     0.031058   -0.0158382   0.00705952    -0.157379
  -0.0404277   0.00917464   -0.0845106   -0.0567475    0.0513752    -0.112728    0.0316167    0.0579034
    0.104222    0.0413325    0.0622804    0.0210551   0.00405956     0.072918    0.0656545    0.0299136
  0.00628056   -0.0159803   -0.0128537    0.0303648    0.0293076    0.0242176   -0.0205276   0.00814183
   0.0102383    0.0256724    -0.168348  3.49331e-05   0.00165384    0.0355232    0.0389199     0.108284
   -0.122732     0.134876   -0.0245105   0.00111166    0.0895189   -0.0221146    0.0843478    0.0482035
  -0.0410058      0.10705   -0.0031212    0.0159693   -0.0934613   -0.0126456   -0.0693483   -0.0713527
     0.14092   -0.0954035     0.139175   -0.0376719     0.117091   -0.0611811   -0.0950883    -0.180314
   0.0399737     0.192543   -0.0360222    -0.087383    -0.169085      0.21695   -0.0104465     0.160872
    0.117822    -0.228394    0.0977429    0.0753352   -0.0509057     0.016744    -0.130895    -0.141404
   -0.028561      0.02477   0.00940301    0.0875945   0.00698311   -0.0620692  -0.00371002     -0.10539
  -0.0470194    0.0274184     0.111487     -0.10895    -0.151171     0.019039    -0.176881    0.0504264
   0.0370872    -0.307901    0.0576426     0.118804     0.143852    -0.194566    -0.073923    -0.140747
   0.0512224     0.192412    0.0191878    -0.145073    0.0058471    0.0902893   -0.0384836    0.0549835
   0.0208068   -0.0519559   -0.0956508   0.00137905   0.00310985   -0.0714619    0.0537964    0.0922725
   0.0791327     0.109079    -0.123412    0.0449274     0.117948    0.0387874    0.0148172  0.000794888
   0.0225484    -0.177248     0.065267    0.0423617    0.0325083    -0.108614   -0.0185574   -0.0956304
   0.0403459    0.0109783      0.10536   -0.0613074   -0.0352294    0.0618641   -0.0224437  -0.00929237
  -0.0280288   -0.0642969   -0.0807363   -0.0353406    0.0120769   -0.0713566    0.0683285     0.075871
    0.015069   -0.0406888    0.0682707   -0.0802002    0.0777744    0.0203877   -0.0253612    0.0810617
  -0.0837306     0.033109    0.0463182    -0.146742    -0.166901   -0.0904504    0.0620611    0.0978237
   0.0534594    0.0397347    0.0543754    0.0315567     0.002695    0.0323287   -0.0712323   -0.0457625
   0.0537173   -0.0240022    0.0122854    0.0150113   -0.0340413    0.0970226   -0.0909196   -0.0797494
  -0.0591578      0.35288    0.0110968    -0.232912    -0.245545   0.00529343     0.127351     0.372808
    -0.13389     0.175208   -0.0408547    0.0111917   -0.0554121   -0.0226643   -0.0124766    0.0815955
  -0.0390103    0.0208898   -0.0603042    0.0156299  -0.00812208    0.0179615   -0.0670305    -0.108264
   0.0858785    -0.115397     0.133137    0.0136926    -0.161557    0.0628398    -0.172055   -0.0438773
  -0.0981028     0.222193    -0.143302   -0.0541225     -0.15579   -0.0504388     0.112996     0.222224
  -0.0482036  -0.00911186    0.0231241   -0.0672641    0.0124491   -0.0970345       0.0175   0.00830036
   0.0427088   -0.0258158   -0.0307486     0.109209    0.0795334    0.0337692   -0.0510305  -0.00863478
   0.0502857     0.115761     0.151829    -0.108809    -0.105734     0.182009    -0.121166    0.0951717
   0.0363159   -0.0570481    0.0494714    0.0874763    0.0579926   -0.0160495     0.053076   -0.0826758
   0.0412129   -0.0587237   -0.0294204     0.081274    0.0965013   -0.0207603  -0.00753455     -0.17477
  -0.0179796   -0.0107175   -0.0218148     0.080854     0.183375    0.0133194   -0.0193612   0.00176765
  -0.0584598     0.110816   -0.0950374    -0.060134    0.0616723    -0.141773    0.0953633     0.165776
    0.108966   -0.0588771    0.0159393    -0.014766    -0.016553  -0.00366654   -0.0841017     0.111681
   -0.145939  -0.00523255   -0.0928542     0.188147     0.140745    0.0971912    -0.061357    -0.121091
    0.127126     0.162942   -0.0231799    -0.292769   -0.0961824   -0.0278864   0.00853392     0.307763
   0.0721347  -0.00685354    0.0564945    0.0804833    0.0746517     0.106453    -0.119799    -0.157148
    0.240055    0.0165792     0.168666    -0.122887    -0.105246    0.0615408    -0.109121    0.0925419
   0.0394021     0.164275   -0.0410112    -0.213247    0.0448886    -0.056536    0.0444803     0.223152
  -0.0373819    0.0511018   -0.0717711    -0.088378   -0.0909748    0.0226818    0.0260384    0.0866586
     0.17211   -0.0410362  -0.00223436    -0.202349     0.141874     -0.16735    0.0395682   -0.0256283
  -0.0847741    -0.097659   -0.0326064    0.0686421    0.0551748    0.0190533   -0.0266333   -0.0993253
  0.00422665   -0.0532764 -0.000716443   -0.0363509   -0.0201538  -0.00313326    0.0165882    0.0281428
   0.0414869    0.0423925     0.039208  -0.00971949    0.0434949    0.0156247    0.0300348    0.0158389
   -0.153116     0.179894    -0.121512    0.0709976    0.0303109     0.154971     0.039325    0.0308706
   0.0349246     -0.14904     0.114659    0.0136174  -0.00212215    0.0162007    -0.104871    -0.114579
    0.132859     0.104327   -0.0137095    -0.030085    0.0317255     0.171229   -0.0893967  -0.00712497
   0.0977477   -0.0494344    0.0506482    -0.123234  -0.00589872   -0.0613237     0.056909    0.0820527
     0.01808    0.0872572    0.0520859    -0.067918    -0.109384     0.103982   -0.0468453   -0.0365067
    0.115516   -0.0686399    0.0597233   -0.0975738   -0.0723118   -0.0873735    0.0143358    0.0280879
   0.0443905   -0.0920255   0.00442876    -0.020003    0.0377415   0.00260363   -0.0246801   -0.0385748
   0.0625512     0.225631   -0.0317852   -0.0384348    0.0742977   -0.0280243    0.0611606     0.114303
   0.0374771    0.0563948   -0.0361765   -0.0886463    0.0746358    -0.195099     0.078024     0.189534
   0.0786443    0.0484323    0.0257016    -0.157376   0.00396974  -0.00557271   -0.0622494    0.0536036
   -0.179581     0.186173    0.0526006   -0.0918451   -0.0941714    -0.031555   0.00114446    0.0565456
   0.0693034    -0.138639   -0.0382404    0.0620681    0.0522707  -0.00987149    0.0160675    0.0196486
  -0.0330354    0.0460447   -0.0584964    0.0405405  -0.00990344   -0.0532379   -0.0354326    0.0494041
  -0.0684266   -0.0505762   -0.0829656    0.0709985     0.129371   -0.0533311     0.150831    0.0134202
  0.00662048     0.154528  -0.00778323   -0.0524911   -0.0411168     0.162179    0.0130063    0.0772539
   0.0434168    -0.329353     0.055649   -0.0155938    0.0284816    -0.221676    0.0838428    0.0239376
   -0.202694    0.0500921    -0.185272     0.194669    0.0466479    0.0410577     0.130775   -0.0126459
  -0.0603108   -0.0111637    0.0134784    0.0176219   -0.0901086   -0.0129688    0.0100202    0.0167913
   0.0511614     -0.17438    0.0509121    0.0572307   -0.0158787   -0.0127784     0.034145   -0.0398882
    0.071437    0.0115007   -0.0525165   -0.0789918    0.0547987   -0.0519825    0.0521749    0.0396646
  -0.0833819     0.142562   -0.0973057   -0.0282708   0.00777766   -0.0592217     0.114227    0.0292015
  -0.0493016     0.243272   -0.0898295   -0.0878166   -0.0343554     0.103348   -0.0616997      0.11217
   0.0146791    0.0870763   -0.0363192    -0.137521   -0.0878011  -0.00185028    0.0091126    0.0915602
  -0.0115608    0.0360834   -0.0367139    0.0629411  0.000946063     0.119799   -0.0274255   -0.0710105
   0.0378012    0.0434919     0.106727   -0.0445985    0.0403896    0.0561243   -0.0383558    0.0148049
   0.0705448  -0.00771857   -0.0398521   -0.0420127    0.0676148   -0.0701912    0.0668627    0.0487349
   0.0696746  -0.00967808    0.0178905    0.0413049   -0.0135441   -0.0354439   -0.0537851   -0.0129251
  -0.0651971  -0.00733455    -0.097775    0.0570859    0.0342216   -0.0946896     0.127707    0.0313899
   0.0283822    -0.143072   0.00160553    0.0929796    0.0569126   -0.0628276   -0.0390218    -0.129041
  -0.0902343    0.0515801   -0.0176137   -0.0644287    0.0131798    -0.138804     0.107271     0.120901
   -0.049033   -0.0668052   -0.0557946   0.00295423  -0.00082968   -0.0689706    0.0169697 -0.000760765
  -0.0012311    -0.125258     0.012103    0.0590841    0.0404286   0.00933314    0.0328179   0.00223334
     0.12662     -0.39678     0.067911     0.184044    0.0175493    0.0286668    -0.062525    -0.234452
   0.0814435    -0.310783   -0.0584821    0.0368207     0.020962      -0.1591   -0.0130695    -0.107196
  -0.0618454   0.00507076   -0.0484482     0.109539    0.0938977   0.00742426   -0.0255375   -0.0403341
    0.057957   -0.0078122   -0.0316944     0.132764     0.144694    0.0455188   0.00012963   -0.0511782
  0.00966402    -0.156096    0.0683955   -0.0879599     0.113181    -0.189121    0.0652038   -0.0818974
   0.0348583   -0.0527672    0.0197798    0.0523158    0.0377325    0.0243643   0.00382037  -0.00117748
    0.141023   -0.0904373    0.0479813    -0.029533   -0.0561436     0.068366   -0.0546847     0.023957
   0.0244278     0.105664   -0.0230003    -0.151685    -0.125443   -0.0815726    0.0924767     0.217127
   -0.163491     0.208025   -0.0688228    -0.012679    0.0876829    0.0125067    0.0775332    0.0367105
    0.200646    -0.144405    0.0803208   -0.0512895    0.0698377   -0.0609363    0.0204986   0.00512701
   0.0417876    -0.107927    0.0877132   -0.0174964    0.0486232   -0.0103402   -0.0669508    0.0380986
   0.0708813     0.146675   -0.0732142    -0.141061  -0.00252876    -0.138787    0.0932557    0.0925451
 -0.00931845    0.0087965   -0.0738197    0.0432822  -0.00758808  0.000544429    0.0144963    0.0551476
  -0.0623035   -0.0198388   -0.0279467    0.0836764     0.122769    0.0316648    0.0566096   -0.0938097
   -0.165928    0.0641611    0.0240967    0.0782733   -0.0557958   0.00210029   -0.0276691   -0.0776637
 0.000177751    0.0266991     0.118866   -0.0530989    -0.052118   -0.0506758    -0.106184   -0.0913057
  -0.0963202     0.281291   -0.0160643    0.0542687    0.0165241     0.137139   -0.0108896   0.00415406
   0.0474092   -0.0443353   0.00251316     -0.18111   0.00754003    0.0128552    0.0951575    0.0593528
   0.0219977     0.223756    0.0286901    -0.180719    -0.199107   -0.0473613    0.0451323     0.229088
  -0.0859256    0.0564461    0.0204184    0.0429096    0.0287618   -0.0117334   -0.0217842    0.0464101
   -0.264128     0.255406    -0.193676  -0.00953017   -0.0878283   -0.0665062     0.116277      0.21566
   -0.072028      0.11839   -0.0920551   -0.0221316    0.0447093   -0.0218433     0.111854     0.164929
  -0.0499987    -0.186561    -0.011807     0.103166  0.000709189   -0.0382627   -0.0420671    -0.128171
   0.0462992     0.190363    0.0529726   -0.0830192    -0.208793   -0.0494622    0.0256199     0.291129
   -0.104626   -0.0402269   -0.0186644    0.0515988    0.0177744   -0.0463408     0.054525    -0.052116
   0.0920612    0.0634494    0.0784986    -0.138279   -0.0870383     0.054469   -0.0408717    0.0831251
    0.042833    0.0307004    0.0141928 -0.000276558    0.0584377  -0.00600557    0.0154883    0.0486373
 -0.00776112    0.0330749    0.0296734   -0.0228753   -0.0298859    0.0581443   -0.0723232   -0.0470058
   0.0252073    0.0810688   0.00499673    0.0248076    0.0553404     0.125354   -0.0562963   0.00529526
   0.0656507    0.0726457   -0.0601901    0.0762374    0.0298705  -0.00148085     0.071286   -0.0248585
  -0.0262205    0.0287983    0.0522504   0.00710652   -0.0448461   -0.0526267   -0.0814464    0.0710267
   0.0575553    0.0304663   -0.0278199    -0.114827    -0.072791   -0.0444072    0.0341367     0.147572
    0.167823   -0.0198364    0.0243027    -0.125206    -0.154728  -0.00996527   -0.0894341       0.1792
  -0.0134193    0.0793621   -0.0232837    0.0459043   -0.0850312   0.00908686   0.00852027    0.0213989
   0.0798649   -0.0636189    0.0151359   -0.0352866     0.063722   -0.0760394     0.115675     0.121134
   0.0147817     0.209868   -0.0574204   -0.0127455   -0.0320154   0.00993824   -0.0120598   -0.0178369
   -0.163615     0.241174      -0.0655    0.0303297   -0.0218641      0.17833   -0.0275803   -0.0806299
  -0.0468996    -0.126769   -0.0411792     0.111614    0.0432267   -0.0746531  -0.00408285   -0.0998344
   0.0268657     -0.24307   -0.0176789     0.111134     0.189345   -0.0708728   -0.0193827   -0.0936077
   0.0199581   -0.0602996    0.0123948     0.026871    0.0107444    0.0180485    0.0294879    -0.013509
   -0.117323    -0.168528    0.0207325   0.00291479   0.00227303    0.0338497      -0.1147    -0.144665
  -0.0362782     0.103086   -0.0421868    0.0104552   -0.0446609   0.00934105  -0.00802399    0.0696236
   0.0290299    -0.211928    0.0142013     0.134756    0.0676861   -0.0168181    -0.044429   -0.0802314
    -0.13793     0.222302    0.0656078   -0.0580077      -0.1003     0.109599    0.0062695    0.0108197
   0.0173229   -0.0371367    -0.100645    0.0387627     0.057205    -0.032015    0.0855421    0.0288573
   0.0759666   -0.0808814    0.0415125     0.143354   0.00292374    0.0560733    -0.100245    -0.100937
    0.102459   -0.0376917    0.0356412   -0.0443699 -0.000134124   0.00546749    0.0729043     0.062775
  -0.0392199    -0.162112    0.0922283    0.0511911   0.00970063   -0.0372915     0.013084      -0.1214
   -0.111744    0.0515939    -0.160851    0.0699991    0.0236077 -0.000280216     0.153307    0.0138034
  -0.0244109   -0.0758919    0.0276393     0.090508    0.0313164    -0.026368   -0.0926737     -0.09769
  -0.0202356    0.0360531    0.0310031     0.013721   -0.0935918    0.0610259   -0.0221842    0.0688821
  -0.0575648  -0.00929289   0.00769711   -0.0421568     0.014465  -0.00395253    0.0772459   -0.0413667
  -0.0144327    0.0183947   -0.0114883   0.00790128    0.0452492   -0.0377103   -0.0216188   -0.0247233
  -0.0609296    0.0122789   -0.0813277   -0.0442573   -0.0748544   -0.0936261    0.0431734    0.0925438
    0.185105   -0.0880737    0.0923781   -0.0111512   -0.0566811    0.0941466   -0.0770598  -0.00179779
   0.0185874   -0.0231159   -0.0851149   -0.0587286    0.0274056    -0.133297    0.0256749    0.0290906
  -0.0735487     0.037258   -0.0220094     0.126307    0.0513335    0.0551385  -0.00626171   -0.0619656
  -0.0267724    -0.115037   -0.0270866    0.0959212    0.0947364    -0.148951    0.0225061   -0.0940167
   0.0137966    -0.138383    0.0172549    0.0617338     0.059323    -0.101402    0.0499896   -0.0571844
   0.0192472   -0.0885581    0.0510758    0.0346508     0.040115   -0.0551592    0.0771845    0.0163151
  -0.0280286    0.0411779   -0.0253517   -0.0936139    0.0898527   -0.0523386    0.0417972   -0.0860941
   0.0811073    -0.116859   -0.0742668   -0.0194616    0.0415419    -0.026692    0.0661913     0.015054
    0.013599  -0.00836464   -0.0100842    0.0213865   -0.0402058     0.114034   -0.0750064   -0.0537375
    -0.19013     0.070307    0.0271506    0.0275193  0.000618861    0.0321592    0.0236962   -0.0606207
   -0.118752     0.181295    0.0324974    0.0121537    0.0294359     0.154801   -0.0703703   -0.0274145
   0.0214084    -0.250903  0.000806578    0.0457556     0.115667    -0.151516    0.0420831   -0.0969086
   -0.114908    0.0247115    0.0165401  -0.00430324   -0.0237289    0.0493267   -0.0321631   -0.0694897
   0.0832113    0.0870113    0.0802409    -0.147678    -0.141988    0.0659319    -0.119001     0.026571
  -0.0944066   -0.0634923   -0.0635989   -0.0268774    0.0539614   -0.0811166    0.0277359    0.0549024
    0.108063   -0.0719518  -0.00332406   -0.0205412    0.0704642   -0.0438196    0.0427955     0.048363
   0.0132447    -0.117458    0.0467833    0.0390313    0.0549671    -0.114333   -0.0247808   -0.0110343
  -0.0155501    -0.127653  -0.00497019    0.0152017     0.099964   -0.0275595   -0.0785866    -0.131989
  -0.0915591     0.148896    0.0189216   -0.0623937    -0.124171    0.0760396    0.0352014    0.0226391
   0.0791203   -0.0345398    0.0198757  0.000794711    0.0742271   0.00769299   -0.0501954   -0.0358722
    0.116576    -0.103499     0.030174    0.0384675   -0.0166652   -0.0830216    -0.107672    0.0184703
   -0.103991     0.176109    0.0403526   -0.0843018    -0.144134     0.146214    0.0363565    0.0942842
  -0.0927926   -0.0380519    0.0366568  -0.00117319   -0.0300651    0.0525636   -0.0635517    -0.035672
  0.00581627   -0.0174241  0.000818217    0.0796305    0.0460122   -0.0170888    0.0574402    -0.038439
   -0.011611    0.0224181    0.0390031   0.00498936   -0.0325714    0.0399574    0.0195116    0.0318326
   0.0756655    0.0239104    0.0116799    0.0263009    0.0699688    0.0112358   -0.0784519   0.00397604
    0.153496    -0.110031   -0.0282704    0.0851427     0.178631   -0.0213356    0.0757584   -0.0154639
  0.00176326     0.048678    -0.057803    0.0334769    0.0282136    0.0977346  -0.00199338   -0.0504251
   0.0677161    0.0140485    0.0723112    -0.144774   -0.0646555   -0.0469802   -0.0486652    0.0646598
  -0.0390603    0.0254128    0.0250191   -0.0462593    0.0393321   -0.0596798    0.0374646  -0.00863715
    0.147391   -0.0880502      0.10489    0.0494139   -0.0403422    0.0884491   -0.0401772   -0.0350189
 0.000851401    0.0976408   -0.0418824    -0.103995   -0.0406645    0.0257399 -0.000550608    0.0600473
   -0.253339      0.21227    -0.205673   -0.0809916    0.0201325   -0.0872145     0.242056     0.253874
 -0.00306351    0.0593556    0.0456777   -0.0160277  -0.00418552   -0.0235977    0.0762975    0.0153689
   0.0783401     -0.15527      0.03843     0.034566    0.0618163    -0.106169   0.00905019     -0.12842
   0.0657288     0.039718   -0.0598821   -0.0331593    0.0906526    -0.110548    0.0870998     0.118283
 -0.00615289   -0.0128305     0.111005   -0.0273933  -0.00743123     0.013158   -0.0613097   -0.0314043
  -0.0695894     0.090483    0.0461637   0.00973567   0.00995201    0.0436139  -0.00385327   0.00053835
 -0.00653683  -0.00999069   -0.0315891   0.00522377    0.0265476   -0.0285217    -0.024405   -0.0467611
   0.0684599    0.0240411    -0.131305   -0.0279703   -0.0671535   -0.0542929    0.0999237     0.052492
   0.0376244   -0.0136374    0.0468302   0.00530596    0.0858433   -0.0432865   -0.0194878   -0.0706994
  -0.0525226  -0.00757004    0.0235378   0.00586925   -0.0651392   -0.0606561   -0.0181776    0.0159219
  -0.0499686    -0.163868   -0.0128583    0.0280442    0.0737025   -0.0651176   0.00192583   -0.0492868
   -0.106913     0.122898    -0.103211    0.0597279   -0.0149454   -0.0295466     0.114947    0.0616714
  -0.0963824     0.233484   -0.0904687    -0.112735    -0.169914     0.117922   0.00375774    0.0942525
 -0.00508972     0.171875   -0.0329791    -0.120148    0.0402329   -0.0315266     0.199392     0.243128
   0.0583774    -0.150869   -0.0551639    0.0414514     0.103256    -0.073038    -0.024025   -0.0237734
    0.115173   -0.0301477      0.10315   -0.0724965    -0.126013    0.0660473   -0.0254686     0.135879
   0.0722247   -0.0578678    0.0602578   -0.0590683   -0.0803062  -0.00226414   -0.0855236  -0.00988403
  -0.0540384     0.129961    0.0785033    -0.171792    -0.220352    0.0847319   -0.0696588    0.0964141
   -0.151149     0.208145   -0.0415775   0.00123174    0.0497292    0.0898744  -0.00637888   -0.0177051
    0.110968   -0.0872357   -0.0422457    -0.124768    0.0145505   -0.0216583     0.022802    0.0260572
   0.0138096   -0.0748731   -0.0585792   0.00621788    0.0358369   -0.0628421    0.0128949    -0.106251
    0.032634    0.0384173   -0.0403652    0.0804056   0.00536028    0.0399089   -0.0143628   -0.0682844
   0.0784136    -0.107118   0.00668862    0.0376749   -0.0470225     -0.11293  -0.00584403    0.0441264
  0.00215868   -0.0359527   -0.0898693    -0.212028    -0.242305   -0.0398236    0.0655781     0.207026
 -0.00477449    0.0240407   -0.0134295   -0.0377944   -0.0138258     0.114248   -0.0280271    0.0520639
   -0.124021   -0.0252223   -0.0347302   0.00306688    0.0647656    0.0469757   -0.0259227    -0.026847
   0.0940723    -0.105268   -0.0441349     0.170799     0.150757   -0.0168271    0.0789206    -0.131406
   0.0604464     0.183677   -0.0372191    -0.127697    -0.050944   -0.0702362    0.0491425     0.102659
   0.0524911   0.00717429    0.0148568   0.00730476    0.0607659    -0.112843    0.0256707    0.0339829
   -0.023545    0.0122294    0.0469402   -0.0732757   -0.0318318    -0.065895    0.0427291      0.14995
  -0.0829439    0.0145211   -0.0587272   -0.0293024    0.0113601   -0.0225109   -0.0364561   -0.0975368
   0.0079686     0.160136    -0.136498   -0.0874572    0.0175952     0.109823    0.0422599     0.268641
   0.0462896     0.159706    0.0283836   -0.0112205    -0.070549     0.110598   0.00828341   0.00687217
   0.0900261      -0.1506    0.0908967    0.0108185   0.00826926   -0.0378893    0.0389813   -0.0522947
  0.00309141    -0.113805    0.0526198     0.037274    0.0287486   -0.0450139   -0.0282767   -0.0657151
     0.10945    0.0337089   -0.0180658    -0.014198   0.00922184   -0.0258354  -0.00905896    0.0420287
   -0.132371    0.0650691   -0.0602403   0.00754688    0.0651511    0.0415002   -0.0186483    0.0266726
    -0.03699   -0.0366533   -0.0409833     0.134653      0.10125    0.0714443    -0.026356   -0.0985344
    0.084495    0.0369148    0.0731083     -0.18281   -0.0122924    0.0442089    0.0291697     0.035328
    0.107562  -0.00857428    0.0611162    0.0346159    0.0570801  -0.00522277   -0.0780684   -0.0259961
  -0.0177008     0.058529     0.077121   -0.0311995    0.0381158   -0.0398482    0.0563965   -0.0587717
   0.0488849    0.0260035    0.0463733   -0.0287457   0.00512889     0.016955   -0.0506158 -0.000582251
  -0.0562421    0.0638472    -0.120719   -0.0904968   -0.0353377   -0.0184279   0.00518524    0.0953133
   0.0189717    -0.186748    0.0184548     0.105577     0.015149   -0.0662103    0.0257485    0.0252117
  -0.0469458   -0.0394348    0.0416613    -0.136016   -0.0331515   -0.0425484   -0.0168359    0.0949301
  -0.0716085    0.0873654    -0.172402    -0.032647    0.0210052   -0.0944523    0.0822589    0.0821659
   0.0505627  -0.00313439    0.0061839     0.144617    0.0711232    0.0609001    0.0303563   -0.0697818
 -0.00762865    -0.117632   -0.0544764    -0.130487     -0.13038    -0.031543    0.0383776  -0.00403877
    0.103132   -0.0358426    0.0885498    -0.108186    -0.156468     0.020752    0.0288346     0.125818
   0.0102571   -0.0837227    -0.155446  -0.00259973    0.0429544    -0.076076     0.142091     0.128927
  -0.0558899    0.0932756    0.0135926   -0.0229878   -0.0258959     0.190893   -0.0734294    0.0522937
    -0.11498    -0.233625   -0.0473856      0.16783    0.0330646    -0.101589    0.0382084    -0.111345
   0.0780735    -0.101247    0.0473042   0.00521145  -0.00407358   -0.0398382   -0.0486072   -0.0338087
  0.00626909   -0.0784783    0.0238427  -0.00839789  -0.00436625   -0.0624314    0.0428271   -0.0565504
   -0.115264      0.02126   -0.0903179    0.0566471   -0.0677306    0.0475576    0.0226959     0.165075
   0.0503971     -0.26745    0.0246945     0.125539      0.17169    -0.165533    0.0957904   -0.0805235
  -0.0140762    -0.090646    0.0236612   -0.0148363   0.00151427   -0.0509856   -0.0703046    -0.124737
   0.0526935   -0.0588276    0.0643689   -0.0826829   -0.0775582   -0.0423658    0.0844474    0.0707531
  -0.0267005    0.0279502    -0.018077   0.00417592    0.0434075   -0.0210036    0.0114981   0.00291666
  0.00706158   -0.0818076    0.0153648     0.073475     0.114366    -0.147518     0.106061     0.016419
    0.159406    -0.188117    0.0825518    0.0587386     0.109237    0.0223986   -0.0702185   -0.0738406
   0.0857012    -0.192153    0.0388352    0.0216189    0.0637505   -0.0308892    0.0259025   -0.0118622
   0.0100636   -0.0548158    0.0125115    0.0153182     0.101289   -0.0346779    0.0853292   -0.0130949
   0.0448586   -0.0263428   -0.0642336   -0.0424312    0.0261507    -0.170589    0.0894941     0.191234
    0.147655    0.0667143     0.155407    -0.151023   -0.0184542    0.0646237   -0.0712963    0.0365129
   0.0335652     0.127555   0.00602115   -0.0698664   -0.0281332    0.0048782    0.0224988     0.129925
  -0.0774124    0.0737266   -0.0748679    0.0552407    -0.129904     0.100705   -0.0502166    0.0644675
   0.0302823    -0.101443   -0.0293208     0.067873    0.0196211   -0.0313726  -0.00311388     -0.10704
  -0.0100558     0.133781    -0.099919     -0.10193   -0.0142093    0.0943219      0.10334    0.0819497
   0.0722813    0.0175432  -0.00468219    0.0267488   -0.0622874   0.00240944   -0.0201733    0.0390844
    0.134315     0.113409     0.174049    -0.120089    -0.151324     0.127127   -0.0922402     0.126579
     0.11255    -0.164045   -0.0590711    0.0397872    0.0594824   -0.0460648    0.0286422    -0.157395
   0.0277106    -0.109145    0.0135836    0.0169337   -0.0216395    -0.055842   -0.0534265    -0.133899
  -0.0648253     0.161281    -0.103913   0.00209842   -0.0151106    0.0630823    0.0332284    0.0571043
 -0.00716091    -0.140525   -0.0582253    0.0734233     0.142889   -0.0981324    0.0307161    -0.113241
  -0.0366111   -0.0390171    0.0206443   -0.0873281   -0.0148076    0.0428844   -0.0354074    0.0244552
  -0.0167422     0.134987   -0.0801004   -0.0362008   -0.0371951   -0.0395607    0.0453495    0.0234086
   0.0620326   -0.0664604    0.0313558    0.0160469     -0.03088   -0.0611739    0.0889305  -0.00879892
   0.0596945   -0.0745627    0.0395691   0.00949824     0.097467   0.00840174    -0.134453    -0.104927
  -0.0183262   -0.0497454    0.0647187    0.0365629  -0.00667236   -0.0656232     0.014771    0.0698489
   0.0388923   -0.0409451   -0.0169478   -0.0063461  0.000783112   -0.0886889  -0.00746717   0.00598565
   -0.053014   -0.0610376  -0.00826187    0.0709065    0.0918806   -0.0763042    0.0737729    0.0505571
   0.0156407    -0.166971  -0.00221018    0.0911886     0.130589    -0.057404   -0.0536927   -0.0793898
   0.0970965    0.0235417    0.0267838   -0.0980904    -0.104458    0.0325203   -0.0731648     0.127684
  0.00320867  -0.00873823  -0.00127033    0.0299179   -0.0154516    0.0325322    0.0416861   0.00182687
  -0.0516702    0.0329407    0.0226436   -0.0120516     -0.02787   -0.0344487   -0.0108931   -0.0845897
  0.00954536      -0.0129   -0.0657148   -0.0730589    -0.034822   -0.0870574    0.0247881    0.0541601
   0.0961934   -0.0380583   -0.0228862    0.0188254   0.00980916    0.0703311   -0.0290957    0.0144765
   0.0718617   0.00686282     0.041767   0.00279983    0.0389067    0.0140783   -0.0307025     0.121398
   0.0633666    -0.196542    0.0416639    0.0486492    0.0769321    -0.118773  -0.00552748    -0.120911
     0.00268   -0.0287282    0.0204582    0.0705329    0.0174719    0.0823552  -0.00390611    0.0487842
   -0.156858    -0.123306   -0.0834114     0.135243     0.021303    -0.054558    0.0217924    -0.106075
   0.0223045    0.0305503  -0.00419483   -0.0660073    0.0411868    -0.071177   -0.0171816    0.0995528
    0.136338    -0.104105    0.0636011    0.0822006    -0.123169    0.0788341   -0.0452796   -0.0495047
   0.0495801    -0.161901   -0.0341018    0.0157669    0.0507591    -0.118878   0.00850505   -0.0204142
  -0.0400018    0.0361659   0.00984752    0.0565259   -0.0267953    0.0833415    -0.111552   -0.0684559
    -0.12575    0.0982499   -0.0590017    0.0413882   -0.0187679    -0.128916     0.140899   -0.0607082
  -0.0481805     0.165204    -0.132351   -0.0108836   -0.0990919      0.11645   -0.0862685    0.0089145
   0.0864728    -0.026029    0.0515011   0.00320703    0.0569942    0.0332462   -0.0354106    0.0405362
  -0.0652408   -0.0982081   -0.0191064    0.0673928    0.0246057   -0.0118703    0.0349994     -0.17396
   0.0832156    0.0750166    0.0366694   -0.0524856    -0.123053    0.0344375   -0.0433183    0.0537878
  -0.0664263     0.105795   0.00225647    0.0631196    -0.032335     0.040524   -0.0179567   -0.0175733
    0.172621    0.0702493     0.139784     -0.17651    0.0094376   -0.0589428    0.0624918    0.0275063
   0.0230388   -0.0677791   0.00405773   -0.0591995   -0.0645549    0.0191139   -0.0959117   -0.0862621
   0.0671456    -0.163045     0.077987   0.00712813      0.06043    -0.141185    0.0625558    -0.142562
   0.0723006    0.0295311   -0.0364852    0.0890893    0.0247768  -0.00853538  -0.00898252    0.0413823
    0.129626    -0.150298    0.0432089    0.0376413   -0.0371068   -0.0867643   -0.0176459    -0.112354
    0.052555     0.126856    0.0347365    0.0024443   -0.0179166   0.00681042    0.0884871    0.0320394
 -0.00781417    0.0129623   -0.0179473     0.099164   -0.0256879   -0.0520461   -0.0956459   -0.0926247
    0.193448   0.00842015     0.191076   -0.0271684   -0.0407919    0.0690116   -0.0314954    0.0972963
  -0.0150936     0.203767    0.0470687  -0.00339172   -0.0299348  0.000737515   -0.0437006     0.183902
    0.133825   0.00904345     0.056169   -0.0484245    0.0931709   -0.0366683   -0.0273357    0.0498129
   0.0720941   -0.0342819   0.00315674    -0.032385    0.0171551   -0.0403784    0.0647141    0.0308203
  -0.0053648   -0.0394044     0.119016  -0.00130897  -0.00656598     0.087463  -0.00759909   -0.0434415
  -0.0293659     0.225517    0.0605442    -0.163938   -0.0625893    0.0961939    0.0729931     0.109371
   0.0884514    0.0607498   -0.0382137    0.0696256    0.0209826     0.108314   -0.0623238   -0.0258408
   0.0707852   -0.0265478   -0.0477025    0.0266485   -0.0514621   -0.0634998    0.0368694    0.0525341
    0.274085    -0.176637     0.184301    -0.047963   -0.0160856   -0.0132013   -0.0924578    -0.140475
 -0.00506964     0.206065    0.0123528    -0.164058   -0.0840987   -0.0397392   -0.0193555     0.118466
   0.0145662    0.0153474   -0.0706343   -0.0183623    0.0474362   -0.0453195    0.0768446    0.0220543
    0.038587   -0.0110871    -0.020943     0.130065    0.0164888   -0.0186289    0.0370559     -0.02964
    0.114582    -0.130387   0.00832897   -0.0440091    0.0254683    0.0241607   0.00305067   -0.0371509
   0.0763966  -0.00135201    0.0816242     0.118755    -0.012486    0.0511458   -0.0520699    -0.121852
  -0.0428827   -0.0228948    0.0190501   -0.0318221   -0.0318705  -0.00139646   -0.0158356   -0.0586298
   -0.109551     0.111122    0.0766746    -0.175048   -0.0611534    0.0665438  -0.00331271    0.0303054
   0.0539093    -0.152748    0.0439518     0.142073    0.0792223    0.0824364   -0.0491958    -0.138861
   0.0939077    -0.153774    0.0853614  -0.00523256    0.0124039   -0.0519848   -0.0889313    -0.119362
 -0.00859664    0.0671819    0.0653091   -0.0455658     -0.15371    0.0972429    -0.102223  -0.00722696
 -0.00254047     0.094721     0.040688   -0.0355229     -0.05939    0.0537222   -0.0270503    0.0102715
    -0.22937     0.397157    -0.105153    -0.163815    -0.298619     0.235607   -0.0498612     0.222101
  -0.0863064      0.12701     0.055025   -0.0403885   -0.0111272    0.0904263   -0.0660633   -0.0397863
   -0.137083     0.251644    -0.129011    -0.132852   -0.0470934   -0.0418942     0.096125     0.160557
   0.0718106    0.0325276   -0.0513191   -0.0412699   0.00542764   -0.0454407    0.0367187    0.0666018
  -0.0216262   -0.0248599   -0.0200874   -0.0412306  -0.00854506   -0.0441983   -0.0663283    0.0287477
   -0.031285  -0.00281833     0.035203     0.031567   0.00210162    0.0577347   -0.0554519    -0.124396
  -0.0264306     0.191863    0.0406685    -0.142951   -0.0869025   -0.0249884    0.0776263     0.170382
  -0.0731808     -0.10565   -0.0404274     0.188667      0.11613    0.0475944   -0.0244587   -0.0936524
  -0.0006107    0.0390577  -0.00662675    0.0105902   -0.0867441   -0.0151831     0.118188     0.044038
   0.0845064    -0.116114    0.0963897     0.016508   -0.0277384    0.0109854  0.000570416   -0.0487833
  -0.0167502   -0.0358488   -0.0006891    0.0379567    0.0717658    0.0631786    -0.108214   -0.0362733
   0.0942263     0.234822   -0.0300963   -0.0175499  -0.00713003     0.107066    0.0319868     0.148711
    -0.15334    0.0973642   -0.0732222    0.0132835     0.060429    -0.052347    0.0634215    0.0417637
 -0.00361968   -0.0210344   -0.0153498     -0.10325   -0.0150657    -0.117747    0.0482089     0.112672
  -0.0108535     0.143976   -0.0369335   -0.0622382   -0.0093613   0.00876315    -0.092987     0.121272
  -0.0278039 -0.000950946    0.0308569   -0.0317127    0.0231876   0.00189756   -0.0390071    -0.055972
   0.0242927     0.126356   -0.0247542   -0.0617495   -0.0373398     0.110726   -0.0152384    0.0329349
  -0.0464458    -0.208617    -0.102522     0.139199      0.18018   -0.0676415  -0.00350512    -0.262235
  -0.0259617   0.00548367   -0.0479795    0.0299379    0.0104103    0.0206475   -0.0389234     0.093002
  -0.0205628   -0.0690704    -0.088793     0.128478   0.00490247    0.0489987  -0.00665979   -0.0859991
 -0.00745096    0.0284354   -0.0590415    0.0829546   -0.0116782    0.0481881    0.0161779   -0.0547809
   -0.053439     0.076631    -0.010861  -0.00595677    0.0389171   -0.0946443  -0.00361217    0.0324128
   0.0849228    -0.287727    0.0989267     0.124233    0.0656874   -0.0744215   -0.0689582    -0.161097
   0.0394768     0.143428     0.108223    -0.152301   0.00231017    0.0698214   -0.0500437    0.0706569
    0.142427   -0.0166165  -0.00522142    0.0234716  -0.00536159    0.0500516   -0.0487723    0.0278257
   -0.031679   -0.0865298    -0.042151    0.0331719    0.0888973   -0.0418116    0.0850119    -0.111839
   0.0624954     -0.29292    0.0165969     0.128687     0.184957    -0.151049    0.0394599    -0.152103
  -0.0371398   -0.0414805  -0.00477516    0.0942393    0.0864643  -0.00768074   0.00308409    -0.109167
   -0.017116   -0.0563611   -0.0430155     0.121291    0.0916953   -0.0329734     0.103589   -0.0633836
  0.00159403    0.0502419    0.0342663   -0.0797394   -0.0938936    0.0701238   -0.0777391    0.0398099
  -0.0391168     0.110311  -0.00163204    -0.047715   -0.0551405    0.0198277    -0.107218    -0.027356
   -0.050062    0.0405439    -0.108016 -0.000802636  -0.00227384  -0.00933835   0.00881293     0.126731
   0.0569171    -0.121058   -0.0585919   0.00660593     0.102628   -0.0369562    0.0366405   -0.0324543
  -0.0755947   -0.0379807   -0.0165913   -0.0371259   -0.0557721   -0.0673676   -0.0226859    0.0399899
  -0.0603037    0.0750254  -0.00703014   0.00459509    0.0518119    0.0648693    0.0485141    0.0714256
  -0.0823257    -0.239281    -0.043715     0.140175    0.0257372     -0.14808    0.0397717    -0.152421
 -0.00401963    0.0757994    0.0416462    0.0146696   -0.0463821    0.0836178    -0.070761    0.0223038
   -0.106516    -0.195902   -0.0141447    0.0941777   0.00023006    -0.119187    0.0194453    -0.122502
  -0.0907548    0.0803586   -0.0566819    0.0572215    0.0292866  -0.00189014    0.0751813  -0.00437951
   0.0467719   -0.0249968   -0.0267834  -0.00244103    0.0161823    0.0446594    0.0507854   -0.0412994
  -0.0281214   -0.0412503  0.000757799   -0.0849115    -0.135047     0.032137   -0.0253233    0.0608615
   0.0264362   -0.0608725    0.0360753     0.117658    0.0598506    0.0825357   -0.0442645    -0.120112
  -0.0386879    -0.321343    0.0226351     0.323569     0.157176   0.00137662    -0.137468    -0.493879
   -0.124207     0.258093   -0.0780702    0.0197983   0.00666365   -0.0126358     0.163921     0.097945
    0.039792     0.193107    0.0138428   -0.0855526    -0.043923    0.0187315    0.0315483    0.0527455
   -0.100236     0.141316   -0.0399977    0.0108188   -0.0734628    -0.038784    0.0576917     0.121495
   0.0409467   -0.0434106    0.0404009   0.00226903     0.140163    0.0151931   -0.0715356    0.0434711
  -0.0367935    0.0749705    0.0961805    -0.129893    -0.100815     0.122125    -0.117162    0.0438831
   -0.133662     0.117782   -0.0509787    0.0427697    -0.082483   -0.0260636    0.0259176    0.0364758
  -0.0344548  -0.00578274    0.0221458    0.0272754    -0.025012     0.033618   -0.0128536     0.100209
   0.0736827      0.21457   -0.0501216   -0.0396481   -0.0161464     0.104182    0.0216688     0.241805
   -0.033044   -0.0313129    0.0272399    0.0486853    0.0391708   -0.0404061   -0.0463053    -0.115532
  -0.0689124     0.151263   -0.0673909    0.0410538   -0.0178116    0.0956564   -0.0512803   -0.0226176
   0.0362256    -0.114052   -0.0792375    0.0473076   -0.0601849    -0.046016   -0.0328159     0.036752
    0.102614    -0.103877    0.0412507    0.0308352   -0.0581216    0.0797681   -0.0901097   -0.0579893
  -0.0336956     0.288438   -0.0438505    -0.215953    -0.176786    0.0352635    0.0264867     0.311477
   0.0761194   -0.0155132   -0.0188044  -0.00187897   -0.0391987   -0.0400513    0.0340653   -0.0288578
  -0.0342807    0.0145292    -0.089523   -0.0340731    0.0891799   -0.0475552    0.0814221     0.060543
   0.0770139   -0.0468331  -0.00780286   -0.0178691  -0.00914113   -0.0366716   0.00698452   -0.0170383
   0.0264502   -0.0786624    -0.021753    -0.106712   -0.0381898   -0.0312524   -0.0370156    0.0302422
  -0.0581219     0.141549    -0.119941   -0.0548598   -0.0760809    0.0584893     0.020535     0.215008
  -0.0518426    0.0743351   -0.0325291    0.0749648   -0.0968315    0.0685211    0.0436964   -0.0133177
   0.0460521    0.0969186    0.0335726   -0.0724691   -0.0522647    0.0656451   -0.0127115    0.0793642
  0.00998404    0.0228759    0.0433268    0.0150708   -0.0925067    0.0383441     -0.10687  -0.00178309
  0.00269121   -0.0343065    0.0367349  -0.00625094   -0.0169774  0.000118432   -0.0306288   -0.0451755
  -0.0591318     0.111158   -0.0671694    0.0328153     0.101074   -0.0752913     0.152315    0.0486329
   0.0727647    0.0721306   -0.0360106    0.0237863    0.0103593    0.0656267    0.0571359     0.056875
   0.0587002   -0.0858678    0.0569762    0.0125765    0.0426289   -0.0673644   -0.0196206    0.0206923
   0.0340832   0.00643815   0.00750456    0.0362159   -0.0134195   -0.0540286   0.00613386    -0.120259
  -0.0375694    -0.166716   -0.0484916    0.0954437   -0.0408671  -0.00816655      0.10246    0.0220776
   0.0176702    0.0262308   -0.0495437   -0.0311095    -0.103681    0.0165003   -0.0812447    0.0932286
   -0.044511   -0.0181821    0.0192276    0.0202796    0.0146626   -0.0711211    0.0950241    0.0382752
  -0.0574772     0.067795   -0.0386089   0.00368443     0.078748    0.0558056   0.00122791   -0.0338757
   0.0661522   -0.0274783    0.0783019   -0.0291126  -0.00696911   0.00411503   -0.0419658    0.0626317
  0.00510598     0.024056   -0.0419601    0.0480069 -0.000174629    -0.106099    0.0870661    0.0671007
  -0.0274037   0.00985651   0.00742845   -0.0660902    0.0408982     0.014853    -0.035188    -0.024964
  -0.0115598   -0.0520176    0.0721427    0.0495308    0.0681508  -0.00954881    -0.106649   -0.0972241
    0.120409   -0.0603774     0.100852   -0.0299958     0.026833   -0.0125882   -0.0856209   -0.0606773
    0.052414     0.104605    0.0115193    -0.159481   -0.0430275    0.0646711    -0.038057     0.198765
   0.0404362    0.0431353     0.106467    -0.136419    -0.216912  0.000495266   -0.0669853    0.0513985
 -0.00486066    -0.174151   -0.0530155    0.0169926    0.0842752    0.0184807  -0.00423417   0.00595566
  -0.0627914   -0.0279086  -0.00322334    0.0533607    0.0348045   -0.0194171   -0.0085576   -0.0509624
   0.0942782   -0.0223257   -0.0366339   -0.0551739    0.0642497   -0.0507369    0.0275296   -0.0114036
  -0.0309985    -0.125299   -0.0887707     0.176753     0.189137    0.0358215   0.00489902    -0.126067
     0.02223   -0.0572655     0.030344   -0.0707841   -0.0980987     0.023132   -0.0539648  -0.00960278
   0.0132061    0.0757697   0.00885079   -0.0326263   -0.0844757   -0.0440264    0.0932248     0.134881
   0.0391611    -0.159851   -0.0478304  -0.00618579    0.0502137    -0.116889    0.0540744   -0.0190098
   0.0367054   -0.0190429    0.0176071    -0.044714    0.0859441    0.0765473   0.00864009     0.055814
 -0.00204307    0.0408303    0.0908318   0.00231307    0.0161019    0.0107001    0.0191053    0.0425546
   0.0473886     0.200216   0.00695724    -0.121912   -0.0687037   -0.0079088    0.0358464     0.180147
   0.0166179   -0.0391833   -0.0187988    0.0905393      0.15055   -0.0799079     0.099599   -0.0442692
   -0.078666    0.0477082    0.0233631   -0.0956643    -0.117539  -0.00671555   -0.0250451    0.0257288
   0.0103313    0.0606555    0.0120232    -0.105544    -0.133198   -0.0271685    0.0393335    0.0475117
     0.13411    -0.127984      0.10411   -0.0340753  -0.00445312   -0.0219054    -0.100606   -0.0935129
  -0.0372121   -0.0294862   -0.0113242   0.00795576    0.0641903     0.062516    0.0457698   -0.0619098
  -0.0511193   -0.0600545   -0.0196086    0.0530661    0.0036067   0.00821519    0.0364475    0.0238604
  -0.0370816     0.203477   -0.0693598    0.0701874   -0.0482748     0.124062    0.0600223    0.0885593
  -0.0319667    0.0680792   -0.0354966    0.0935638    0.0267647   -0.0603085     0.109681   -0.0404335
 -0.00256785   -0.0946576   -0.0245845    0.0218682   0.00635065   -0.0101459   -0.0431095   -0.0846741
  -0.0274346    -0.157753     0.154641   -0.0429376   -0.0802696   -0.0745417    -0.109888   -0.0443317
   0.0743476     0.178204    0.0013675    -0.228267    -0.028293   -0.0134975    0.0709292     0.176658
  -0.0253051   -0.0510654   -0.0110056    0.0958192    0.0196267    0.0772258   -0.0193224   -0.0244026
  -0.0386145      0.10568   -0.0778302   -0.0884323    0.0206403   -0.0304527    0.0441695    0.0501781
   -0.163537     0.194896   -0.0476571    0.0377859   -0.0774821    0.0529215   -0.0303291     0.107307
  -0.0318144     0.171541   -0.0205347   -0.0545071   -0.0764857     0.105654   -0.0463633    0.0552881
  -0.0148398   -0.0453866   -0.0782738      0.15996     0.144699  -0.00236786   -0.0169005   -0.0221617
   -0.111318    -0.120965   -0.0647403     0.119766   -0.0410452     0.102712   -0.0186841        -0.18
   -0.167488   -0.0222712    -0.173693    0.0263484    -0.111228   -0.0743084    0.0246754     0.124011
  -0.0594164    0.0954956     0.104746  -0.00151004   -0.0600417    0.0414786   -0.0230705    0.0237751
 -0.00306175    0.0429025   -0.0585231   -0.0298429    0.0519237   -0.0697214   0.00431025    -0.010332
   0.0637956   -0.0270874    0.0343831   -0.0269342    0.0488145   -0.0325915   0.00416415    0.0014143
    0.052448    0.0292468     0.027205    -0.178651   0.00576276    -0.023989    0.0720382     0.113163
 -0.00635458   -0.0299266    0.0242959    0.0780614    0.0483214    0.0189778   -0.0308342   0.00536898
    0.106581     0.146387    0.0105004     0.020127    0.0334087     0.183764   -0.0713484  -0.00556539
   0.0899574    0.0929284    0.0584566    0.0970608    0.0190001     0.130568   -0.0366425    0.0736107
   0.0122104    0.0878486   -0.0786403   -0.0245034   -0.0708963    0.0128569    0.0852136    0.0811408
   0.0337193   -0.0239013    0.0311268  -0.00128117    0.0122089  -0.00247668    0.0263313   -0.0221939
   -0.161075     0.155037    0.0375667    0.0040268    -0.148656     0.119159   -0.0906917    0.0947536
  -0.0888819     0.136641   -0.0772238   -0.0860309   0.00820965    0.0833019    -0.027976   0.00873913
    0.103499   -0.0137117     0.175492    -0.136604      0.02254    0.0767167    -0.125064   -0.0634821
   -0.100504    0.0697267    0.0460432    0.0379039   -0.0678067   0.00959792   0.00300804  -0.00814631
  -0.0830179   -0.0578696   -0.0011143    0.0651041    0.0202802   -0.0654208    0.0129356    0.0293677
   0.0728667   0.00124444    0.0253741   -0.0785022   -0.0521369    0.0247719    -0.109691    0.0560726
   -0.101388     0.104876    0.0190265    -0.161124    -0.121369    0.0104587   -0.0146851     0.108225
   0.0439027    -0.204225    -0.048242    0.0543839    0.0593734   -0.0952085    0.0420518      -0.1808
  0.00459063     0.112699     0.026233    -0.121455    -0.079211     0.102498    -0.015247     0.127484
  -0.0311355   -0.0112555   -0.0590492   0.00465888    0.0157527   -0.0290308    0.0494904    0.0129364
  -0.0824101     0.109871   -0.0836215    0.0761325    0.0358207    0.0476415   -0.0279944   -0.0142019
  -0.0438621      0.06273    0.0425195   -0.0358542   -0.0873168     0.014702    0.0244732   -0.0771809
   0.0411332    -0.194165  -0.00244806    0.0442151     0.139062    0.0169026   -0.0215648    -0.187113
   -0.240535    0.0310256    -0.232323     0.113736    -0.184244    0.0212256     0.131315     0.175693
  -0.0232289    0.0886168     -0.10589    -0.107241    -0.103646   -0.0780137     0.169805     0.210254
   0.0192985   -0.0659145     0.043944     0.142633   -0.0156924   -0.0529629   -0.0125798   -0.0690849
  -0.0630701  -0.00570895    0.0313674    0.0447119   0.00453902   0.00889051   0.00723485   -0.0415305