   0.0270336     0.063931     -0.13706    -0.118667
    0.047743   -0.0681796    0.0703912   -0.0914414
  -0.0196237    -0.081028   -0.0409926   -0.0981344
    0.197241    0.0182329     0.139955  -0.00197061
  -0.0544063   -0.0274801   -0.0265326   -0.0285689
  -0.0301088   -0.0576115    0.0249814   -0.0422908
    0.043726     0.099822    -0.157088     0.102824
    -0.11917     0.119793    0.0843624     0.285756
  -0.0842131     0.122441   -0.0646978     0.195222
   -0.027831    0.0079057    0.0853389    -0.100942
 0.000499956    0.0400858   -0.0565716     0.014512
  -0.0281019    0.0171067    0.0031789     0.081424
   0.0416404   -0.0091326   -0.0982815    0.0335924
   0.0150674   -0.0235633     0.149048     0.104892
   0.0333008   0.00796472   -0.0703776  -0.00646708
   0.0991213   -0.0504886     0.051968    0.0881365
    0.203961    0.0532308    -0.144446     0.158674
   0.0582013    -0.118534    -0.140283    -0.171848
   0.0359355  -0.00649926     -0.11563   -0.0191902
   -0.157391    -0.130739     0.145721    -0.160364
  -0.0700467   -0.0630546   -0.0965232     -0.12442
   -0.100208    0.0891833   -0.0762172     0.128849
  -0.0127119   -0.0406188    -0.012269    0.0190974
    0.031836     0.172834    -0.219694     0.175635
     0.12891   -0.0471066   -0.0272351  -0.00518253
    0.277368   0.00867394    -0.095154     0.210861
   0.0786815    0.0818682    0.0259014     0.112864
   0.0158278   -0.0012239     0.100647     0.051491
    0.077181   -0.0484045   -0.0931717    0.0109014
   -0.157188    0.0521043    0.0724833     0.118528
  -0.0110079   0.00422708    0.0304449    -0.103705
   0.0326614   -0.0370424    -0.037611   -0.0502347
  -0.0370288   -0.0586971    0.0321242   -0.0789915
    0.051453    -0.101873   -0.0383397 -0.000697364
    0.100312    -0.149538    -0.117306    -0.129973
    0.107562   -0.0696745   -0.0633516   -0.0483028
   0.0863615   -0.0417426    0.0614835    -0.033745
   0.0724451   -0.0598557   -0.0159427    0.0856063
  -0.0336234   -0.0376528     0.142332    -0.124415
   0.0146411    0.0350131   -0.0754653    0.0704398
  -0.0170944     0.165547    -0.106226    0.0229304
   -0.155419    0.0149679   -0.0698289    0.0701003
   0.0921896    0.0945208    0.0433002     0.307208
   0.0311022  -0.00467913   -0.0482331     0.126577
   0.0971569   -0.0193765    0.0900046     0.178271
   0.0779157    0.0125742   -0.0379644    0.0191391
  -0.0644008    0.0380271  -0.00698417    0.0579675
   0.0572794    -0.124275    0.0925605    0.0186068
   0.0275212  -0.00363864    0.0761351   -0.0193436
   -0.147664     0.130963     0.105004     0.328739
   0.0478176   -0.0116124    0.0523161   -0.0311779
 -0.00686279    -0.143207      0.11884    -0.260001
   0.0428679    0.0191843   -0.0420792    0.0327295
  0.00814479     0.011473    0.0157744   -0.0392956
  -0.0552439     0.183954  -0.00314067     0.324311
  -0.0841129    0.0702938   -0.0299761    0.0468487
   0.0582135   -0.0253791   -0.0360216   -0.0879489
  -0.0262301    0.0387729    0.0106774  -0.00699293
  0.00892988    0.0448099     -0.15754     0.206276
  -0.0501825   -0.0570126   -0.0955382    -0.158487
   0.0188388 -0.000118505   -0.0118925    0.0887544
  -0.0200066   -0.0587755     0.189948    0.0321402
   -0.180549    0.0820448    0.0535656   -0.0610997
   0.0556557     -0.01924    -0.205839     -0.13512
 -0.00606428   -0.0916386    0.0683881    -0.139175
  -0.0786841   0.00755014    0.0134461  0.000135615
  -0.0610757    0.0438513    0.0607422   -0.0349088
  -0.0783615    -0.109358    0.0883425    -0.204015
 0.000891938    0.0110509   -0.0997446     0.125937
  -0.0203877    0.0784498     0.101786    0.0732527
  -0.0964088   -0.0554641    0.0735669  -0.00899296
  -0.0358154   -0.0304288  -0.00803655   -0.0351798
   -0.038489   -0.0808062   -0.0492359    -0.141348
  -0.0521044    0.0406596   -0.0710861     0.108191
   0.0173587   -0.0178371  -0.00573917    -0.125097
  -0.0226041   -0.0471697    -0.105348    -0.102249
   0.0390947    0.0507364   -0.0226549    0.0455465
  -0.0160866   -0.0215847    -0.160125    -0.050068
  -0.0144712    0.0211063    0.0321608     0.110776
   0.0624926     0.129301    0.0856412    0.0464093
   -0.119886    0.0624971   -0.0645357    -0.026519
 -0.00747609  -0.00537812   0.00683267   -0.0771702
  -0.0073901     0.147147     -0.21552    0.0631426
  -0.0762239    -0.106229    0.0631899    0.0198122
   0.0679681   -0.0241893    0.0563572      0.10254
   0.0836845   -0.0302603   -0.0747628   -0.0210894
  -0.0744264   -0.0525526     0.042305   -0.0379762
  -0.0880545    0.0759621   -0.0899621    0.0120329
   0.0518721     0.155365    -0.127128     0.128512
  0.00776414    0.0640583    0.0508355    0.0968224
   0.0192731    0.0175248  -0.00289902   -0.0886315
   -0.111066     0.132618    -0.033812     0.165885
   0.0326791    -0.121507     0.146234    -0.113203
 -0.00190706  -0.00336812     0.072128    0.0332163
   0.0166551     0.022684    0.0228684      0.18263
   0.0770491    0.0347414   -0.0659279    0.0248844
    0.037725   -0.0434415    0.0473346    -0.165057
   -0.116049   -0.0544305    0.0890813   -0.0362281
  -0.0354163    0.0490921   -0.0904815     0.195009
  -0.0378642    0.0203538   -0.0447755    0.0112615
  -0.0847937    0.0600379   -0.0614841    -0.160923
  -0.0193598    0.0116215    -0.163167   -0.0856163
  -0.0723299     0.044263     0.138376    0.0786808
   0.0101633   -0.0191162    -0.044362   -0.0783562
-0.000135114    0.0737331   -0.0357537      0.14831
  -0.0454513   0.00280368   -0.0349748   -0.0852513
  -0.0508227    -0.095327    0.0004258    -0.282709
   0.0496648   -0.0295717      0.01697    0.0631674
    0.099536    -0.181495   -0.0851026    -0.182304
   -0.080905   -0.0385138   -0.0208064   -0.0950881
   0.0881197    0.0123285     0.038996    -0.113645
 0.000427706     0.151798    -0.131432     0.132233
   0.0270987    0.0277813    -0.191779    0.0090468
    0.058853    0.0154578    0.0350846  6.84668e-05
   0.0112139     -0.12099     0.118536    -0.117045
   -0.284045     0.214281      0.12091      0.34106
  -0.0590294   -0.0197498    -0.139887    0.0767343
   -0.076876   -0.0109281   0.00194059    0.0227924
   0.0830129   -0.0746766   -0.0410928   -0.0379922
     -0.2096     0.062025    0.0296485    0.0554676
   -0.168604    0.0577025    0.0357697     0.103917
  -0.0987855   -0.0629041   -0.0552592  -0.00319045
 -0.00530609    0.0569046   -0.0766961    0.0410326
   0.0308937     -0.05297   -0.0193626  -0.00420042
     0.18038   -0.0193248    0.0301753    0.0265431
   0.0880477   -0.0322595     0.112227     0.239137
  -0.0309445   -0.0596089     0.165111    0.0208665
  -0.0765325    -0.133951     0.132107   -0.0780086
   0.0677619   -0.0997596    -0.194326    -0.095624
  -0.0177571    0.0241935    0.0473494   -0.0235334
   -0.028556   -0.0332518    0.0247565   -0.0339969
  -0.0121445    0.0490369    -0.142322     0.150052
    0.107885    -0.162664    0.0957045   -0.0462653
  -0.0369397    -0.118981    0.0722575    -0.152991
   0.0710492    0.0932016    -0.161522     0.108185
   0.0391783    0.0767512   -0.0036847   -0.0183663
    0.030771    0.0221976   -0.0445441    0.0696857
 -0.00505201  -0.00499134   -0.0454574   0.00992807
 -0.00340479  -0.00910931    -0.114106   -0.0803794
  -0.0893837    0.0767495    0.0535428     0.106599
 -0.00155054    0.0060036   -0.0580415  -0.00189197
   0.0590983   -0.0516663   -0.0130444   -0.0687016
  0.00461915   0.00991346   -0.0681433   -0.0338516
  -0.0813956   -0.0527918  -0.00264928     0.002993
   -0.115259   -0.0533231   -0.0219477    0.0195809
  -0.0215554    0.0860355    0.0978287       0.1392
  -0.0787996    0.0417656     0.112886   -0.0835166
   0.0808044    -0.033382   -0.0331889  -0.00483256
   0.0224338    0.0296744  -0.00286764     0.120187
  -0.0145808    0.0279071  -0.00677478    0.0493974
    0.131675    0.0756186    0.0198511       0.1296
    0.087709   -0.0200622   0.00442802     0.213935
    0.103434    -0.044253     0.058037    -0.131072
   0.0472253    0.0234756    0.0540986    0.0342834
  -0.0248319   -0.0688532    0.0755542     -0.14498
   0.0240786    0.0184268     0.064245     0.142071
  -0.0646381    0.0891356    -0.035406     0.130519
   0.0219215    0.0928655  -0.00279564    0.0223273
   0.0359331     0.100642   -0.0859211    0.0579378
    0.136384     0.159909   -0.0115463       0.2404
    0.122012    0.0390844    -0.022095     0.156136
  -0.0257372    0.0517257     0.083515    0.0253188
    0.198919    0.0369567     0.149316     0.189442
   0.0566981    0.0856386    -0.291532     -0.17182
  -0.0583785     0.143424    -0.129833    0.0881899
    -0.02569   -0.0281042   -0.0237769    0.0257012
   0.0792838     0.153502    0.0196304     0.186227
    0.044272   -0.0392815     0.124239    0.0236078
  -0.0217923    0.0830139     0.029879    0.0116156
  -0.0257506     0.110083     0.103435     0.328796
 -0.00543132     0.033061    0.0484532      0.13609
   0.0463854     0.018639     0.106014   -0.0247211
  -0.0249202   -0.0605164   -0.0165508   -0.0682008
   0.0189249    0.0355428   -0.0800339    0.0421691
   -0.201035     0.143417    0.0149885     0.237581
   0.0724015   -0.0113892     0.132097    -0.119031
   0.0220102   -0.0126804  -0.00273279    0.0071252
  -0.0515034     0.132331    -0.139863     0.104906
   0.0677804   -0.0221755   -0.0953388    0.0346528
  -0.0048026   -0.0599719    0.0126699    -0.238128
    0.020848    0.0544801    0.0651754    0.0361842
   -0.108793     0.050959  -0.00465058    0.0143637
   0.0177339    0.0340516     -0.16819   -0.0299413
   -0.098531     0.165685    0.0338992     0.324052
   0.0196004      0.14029     -0.09207     0.123174
  -0.0916371   -0.0195939    -0.114165    0.0697575
    0.061094    0.0953019     0.139207      0.11127
  -0.0522566    0.0823729    0.0810505    0.0906073
  -0.0385088    0.0333898    0.0936486   -0.0292987
  -0.0459241    0.0133694    0.0718208   -0.0577413
   0.0040775    0.0521398   -0.0572677    0.0567057
   0.0055674    0.0931145   -0.0756977     0.156643
   -0.174662     0.152582     -0.26341     0.174957
   0.0976538    0.0820001   -0.0406256      0.06445
   -0.123608   -0.0327812    0.0639513    0.0801639
   0.0250498      0.17751   -0.0383252     0.158694
   0.0561739    -0.123612   -0.0150847    -0.143103
   0.0339387    0.0478151    -0.155134   -0.0298017
  0.00328693    -0.106905     0.154776   -0.0213568
   0.0875405     0.050142  -0.00078028      0.09444
   -0.126805    0.0930368    0.0449558    -0.053818
  -0.0881292     0.141235   -0.0432805     0.233149
   0.0111042   -0.0271574  -0.00072252    0.0135693
    0.191259   -0.0891024    0.0460252    -0.030054
   0.0817039   -0.0810141   -0.0898687     0.018378
  -0.0118262     0.041705  -0.00633777   -0.0390729
  -0.0324045     0.205773    0.0843665     0.277237
-6.31819e-05   -0.0441197    0.0761117    -0.158918
  -0.0883144   -0.0182477   0.00361299    -0.033192
   -0.068209    -0.113778     0.120191    -0.220648
  -0.0905688 -4.80367e-05    0.0582443   -0.0226931
   0.0522361   -0.0227254   -0.0616865   -0.0240249
    0.122374    0.0788474     -0.11903    0.0760078
  -0.0554413    0.0630931    0.0184827    0.0300972
   0.0254749   -0.0275422  0.000861925    0.0161042
  -0.0104941   -0.0133282   -0.0569493  -0.00239952
   0.0345449     0.126728    0.0909003     0.110757
  -0.0226927    0.0551546   -0.0681946   -0.0161922
   0.0402603   -0.0258194    0.0614254    0.0334924
   0.0308637    0.0238254  -0.00907309   -0.0979289
  -0.0338586     0.116879    0.0138521    0.0847781
  -0.0795471   -0.0939595     0.111464    0.0417067
   0.0394211     0.105618    0.0541511     0.270672
  -0.0876126     0.026703   -0.0163197    0.0727888
   -0.089929   -0.0804896    0.0696137   -0.0653289
   0.0313571    0.0265247    0.0369432    0.0315568
  -0.0105818    0.0821117    0.0365881    0.0795988
     0.12903   -0.0823784   -0.0244273    -0.024951
   0.0292717   -0.0440778     -0.15306   -0.0251843
  -0.0305663   -0.0507426    0.0550058    0.0227041
  -0.0235219     0.149443     0.013146     0.149349
   0.0525979   -0.0362801    0.0296667     0.110541
   -0.101985    0.0726422   -0.0396731     0.190307
   0.0711983   -0.0182486   -0.0692427    0.0924265
   0.0615539    -0.088119     0.116523     0.101806
  -0.0433026     0.034028     0.021679   -0.0504602
   0.0204446     0.148373    0.0044849     0.121067
   0.0770736     -0.11719     0.186345     0.058565
    0.011046     0.118364    0.0174898   0.00454428
   -0.257053     0.145374     0.110785     0.231735
   0.0495103  -0.00310708   -0.0316392  -0.00803712
  0.00998857   -0.0611428    0.0361595   -0.0662682
  -0.0894959     0.071232    0.0734482     0.155243
     0.16324    0.0102915    -0.211286      0.13057
 -0.00909721    -0.193951    0.0412206    -0.219812
  -0.0108285    -0.104949     0.020915    -0.119991
   -0.019361   -0.0164454  -0.00473849   -0.0481478
   0.0604505     0.115602    -0.143504     0.108729
  -0.0558041    0.0295791    0.0664811    0.0233432
  -0.0641148    0.0474998 -0.000472102     0.083731
  -0.0289391     0.105226    0.0124286    0.0518958
   0.0105402   -0.0242658   -0.0310267    -0.132236
   0.0991089   -0.0137635   -0.0965781   -0.0261101
   -0.129795   -0.0607508     0.101739    -0.116645
   0.0611795    -0.024956   -0.0523392    0.0185986
   -0.138902    0.0901415       0.1195    0.0482002
   0.0137156    0.0548484    0.0064247    0.0431401
  0.00198906    0.0263943    0.0759115    0.0914594
  -0.0299958    -0.104661   -0.0135458   -0.0526712
   -0.126076    0.0353438    0.0442268     0.228443
   0.0764071    0.0190874    -0.036248   -0.0499228
   0.0164514   -0.0243751     0.102417    -0.117403
   0.0752833    -0.116856    0.0219296   -0.0328162
   0.0145676     0.118338    0.0497528    0.0242455
  -0.0693319    0.0760155     0.117895    0.0354098
   -0.192038     0.104177    0.0590734    0.0998056
  -0.0956569   -0.0728809     0.142697   -0.0807481
   0.0580232    0.0968936    0.0489965     0.124283
   0.0821785    0.0102779     0.058751    0.0305026
   0.0143564   -0.0761974    0.0864409    0.0999261
    0.060192    -0.125878  -0.00717393   -0.0235394
   0.0113465    0.0217266     0.044479  0.000314581
   0.0709082   -0.0150494   -0.0511947   -0.0742938
   0.0105208    -0.116458    0.0580586   -0.0832175
  -0.0282548    0.0279598    0.0398001     0.114572
    0.047101  -0.00191026   -0.0627198    -0.145932
    -0.15345    0.0246317    -0.127456    0.0960652
  -0.0108135   -0.0178279    0.0388474    0.0145623
  -0.0243196     0.150691    0.0459509     0.250309
    0.108724   -0.0869442   -0.0562887    0.0507065
  -0.0475039    0.0844332      0.04997   0.00704271
 -0.00928383    0.0864199  -0.00965983    0.0828326
  -0.0709295    0.0845155    -0.111604    -0.176902
  -0.0206519    0.0260836      -0.0852     0.193914
  -0.0549501    0.0494565   -0.0889508      0.23531
    0.018897    0.0345894   -0.0714043    0.0811455
   0.0915039    0.0511048    0.0134394    0.0507054
  -0.0251304    -0.078084     0.238752   -0.0652897
  -0.0376986     0.158655   -0.0520836     0.109645
   0.0735745     0.121805    -0.128879    0.0901487
  -0.0395079    -0.096664   0.00383026    0.0675862
  0.00395016    0.0895538    0.0174182    0.0024031
   0.0533608    -0.134289     0.307374    -0.108099
   0.0657873  -0.00951986    0.0514447    0.0849197
   0.0043132    -0.122459     0.165375   -0.0224351
   0.0424483    0.0181761   -0.0206703   -0.0497215
  -0.0467786    -0.054499    0.0653731    -0.252531
   0.0349696   -0.0782791     -0.03588    -0.183008
   0.0365463    0.0445358    0.0376199     0.125792
   0.0517523  0.000499994    0.0972092    0.0244627
  -0.0255034    0.0426604    0.0201073   -0.0496066
   -0.111707     0.174155     0.148969     0.291631
   -0.009076    0.0146756   -0.0609204    0.0588187
    0.059966   -0.0899363    -0.122028   -0.0269084
  -0.0153836    0.0570807     0.043604    0.0919329
   0.0227325    0.0584254   -0.0940519    0.0936635
   0.0594854     0.204336    -0.156067     0.237857
   0.0585475    0.0055218    0.0486602    0.0539508
 -0.00334049   -0.0311838   -0.0637222     0.151219
  -0.0530852   -0.0398554      0.11665    0.0846749
   0.0726854     0.025312   -0.0354911    0.0719689
  0.00191452    0.0133898   -0.0940547   -0.0760133
   0.0900051   -0.0484268   -0.0386477    -0.019111
   0.0471279     0.100009    -0.062596     0.194514
  0.00532069    0.0367686    0.0496678     0.203852
   0.0146226  -0.00242011    0.0959337    0.0529144
   0.0490071  -0.00674577    -0.065035     0.138462
  -0.0470138    0.0391016   -0.0458206    0.0686521
    0.011209   -0.0395907   -0.0158767    0.0542386
  -0.0915773     0.104189    -0.111971    0.0742126
   0.0256011   -0.0130035   -0.0107246      0.26739
   0.0666777     -0.10154   0.00600569   -0.0601513
  -0.0167766   0.00468771     0.101136     0.026377
   -0.039526     0.190445   -0.0500775     0.158956
  0.00512872    0.0800203   -0.0602441    0.0662609
  -0.0123726      0.03071    0.0530098     0.161384
  -0.0144476  -0.00765866   -0.0641627   -0.0870426
  -0.0971867     0.206656    -0.128314      0.23369
  -0.0578874    0.0575293   -0.0332778   0.00359722
    0.083435    0.0243304   0.00819362     0.012763
   0.0647121   -0.0249544    0.0904082     0.124468
   -0.027148     0.115627    0.0472234       0.2216
   0.0425178   -0.0641399    0.0348438    0.0150653
   0.0623558   -0.0535034   -0.0574764    -0.128013
  -0.0136663    0.0937681   0.00902105  -0.00369034
  -0.0503226       0.1775    -0.194058     0.166557
   0.0524065   0.00348826    0.0811612   -0.0251099
  -0.0285414    0.0948917    0.0210052    0.0314479
    0.105756    -0.173321    0.0650735   -0.0594948
   0.0495253   -0.0897004   0.00825532   -0.0346654
  -0.0555645     0.107297   -0.0654685    0.0679734
    0.145134   -0.0706273     0.193251     0.141686
   0.0310099   0.00504427     0.091485    0.0596787
   -0.170045    0.0215856    -0.051714     0.142333
   -0.262362     0.128121    0.0656103     0.106711
   0.0959691     0.123349  -0.00288456     0.204654
   -0.144974    0.0308699   -0.0123494   -0.0174219
  -0.0439488    0.0241064   -0.0461979    0.0706602
  -0.0279803    0.0470374   -0.0902137   -0.0321782
    0.105697    0.0514163   -0.0862722    0.0595005
  -0.0326504   0.00405674    0.0957222    -0.112848
   0.0203285    0.0355032   0.00284681    0.0924826
  0.00488506   -0.0694755    0.0157828   -0.0693173
   0.0218436   -0.0532148     0.172683   -0.0721479
   0.0341047   -0.0520149   -0.0264504    -0.105477
  -0.0298721    0.0249025    0.0428534     0.110993
  -0.0418139   -0.0956226    0.0953273    0.0130068
  -0.0516092   -0.0325169   0.00363295   -0.0963215
   0.0284966     0.207236   -0.0685533     0.352184
  -0.0934811   -0.0634602    0.0867488    -0.179991
   0.0567824  0.000220084    0.0390925    0.0235493
    0.134676   -0.0182153   -0.0639033   -0.0948297
   0.0191863    0.0644763    0.0166809    0.0670659
   0.0685614    0.0148687    0.0730397   -0.0460239
  -0.0523715    0.0344545    0.0760623    0.0192591
   0.0660057    0.0475843    0.0777251    0.0165469
   -0.116517    0.0900618    -0.175398    0.0252112
   0.0968712   -0.0837538    0.0193874   -0.0147936
 -0.00808053   -0.0150186   -0.0622778     0.016578
    0.155891     0.112249   -0.0336997     0.233379
  -0.0119765    0.0661035   -0.0712597    0.0462875
   0.0477777     0.118866    0.0014422    0.0359818
  -0.0220633    0.0306549    -0.127774    0.0318346
    0.177451    -0.053173    0.0202292    0.0269226
     0.10283     0.128287  -0.00876104    0.0726736
  -0.0318486    0.0662666    0.0353337    0.0767194
   0.0436906   0.00757382   -0.0560131    0.0174424
  -0.0476578     0.151584   -0.0673511     0.172064
 -0.00344525    0.0832949   -0.0571419    0.0887442
   0.0332917    0.0451435   -0.0655191   -0.0505962
   0.0646943   -0.0254937   -0.0480435   -0.0560569
   0.0725697    -0.111061     0.152891   -0.0917809
    0.124658    0.0331149    0.0994932    0.0689873
  0.00289294   -0.0289173    0.0738924   -0.0448393
   -0.161924     0.139182   -0.0768406     0.106567
  -0.0147027    0.0519574     0.123109     0.128462
   0.0105401    0.0435549     -0.02429    0.0341082
   0.0136245     0.147454   -0.0886126     0.253424
  -0.0654455    0.0240129    -0.126319   -0.0285838
   0.0242388   -0.0939767   -0.0488624  0.000740266
   -0.043616    -0.104339    0.0548903  -0.00737659
    0.161177   -0.0676196    0.0742139    0.0943173
   0.0138731     0.118393   -0.0886737      0.15503
    0.147267   -0.0204933    0.0889397   -0.0540208
 0.000185453    0.0584608    0.0553626   -0.0674565
   0.0487372    0.0762653    0.0191601     0.144594
    0.080276   -0.0368931    -0.137589    0.0209687
    0.125673   -0.0879448    0.0701523    -0.015937
  -0.0778338   -0.0439379   -0.0535257    -0.204247
  -0.0700847     0.123094    -0.153228     0.115103
   0.0525049   0.00220599    -0.126324   -0.0129998
   0.0279267     0.166809    -0.093702     0.172651
   0.0165801    -0.101513     0.125328    0.0637394
   0.0030082    -0.056239    0.0456561  -0.00691362
    0.134242    -0.078674     0.114801   -0.0370189
   -0.189702     0.123912     0.139093     0.118073
  -0.0673784   -0.0974692    -0.124546   -0.0882706
  0.00307722  -0.00506187   -0.0527086   -0.0126232
  -0.0696604 -0.000276598    0.0554308   -0.0616915
   0.0717114    -0.015706   -0.0490274    0.0420971
   0.0713236     0.128211    -0.108901     0.175647
   0.0236237    -0.117315   -0.0772809   -0.0690287
    0.050191    0.0598787   -0.0215342    0.0088133
   0.0891248   -0.0752342    0.0265843    -0.114587
  -0.0579772     0.111371   -0.0440313     0.225969
   0.0741809   -0.0637816    0.0109651   -0.0399514
   0.0140348   -0.0557612     0.167748   -0.0343479
 -0.00453764    0.0613494     0.133916      0.11906
  -0.0143223  -0.00397506   -0.0905494    -0.133555
   0.0802858   -0.0356702   -0.0764681    -0.036559
   -0.143716    0.0503257    -0.144376     0.133309
  -0.0477488     0.149615   0.00458476     0.148127
   -0.100248   0.00595589     0.104816    0.0856239
 -0.00656428   -0.0292771    0.0692437    -0.100274
  -0.0299115    0.0196754   -0.0210343    0.0118511
   -0.013712   -0.0808507    -0.115984    0.0140813
  -0.0137235   -0.0572969   -0.0471476   -0.0407909
 -0.00804793     0.110487    -0.101838   -0.0109224
   -0.128966     0.199844    -0.152512    0.0294111
   0.0371284   -0.0546955  -0.00228037    -0.298552
   0.0697135     0.104225    -0.053915       0.1633
  0.00749375    0.0764765   -0.0721848    -0.117366
   0.0145888   0.00172793    0.0640175      -0.0913
  -0.0774349   -0.0388542   -0.0248627    -0.181236
   0.0792897   -0.0131792   -0.0729571   -0.0203781
   -0.069658   -0.0353034    0.0596593   -0.0941704
    0.125043   -0.0695007   -0.0040737   -0.0370558
    -0.19058    0.0830688      0.12193    0.0982375
  0.00852883   -0.0136865    0.0181404    0.0415834
   -0.127601    0.0850209    0.0464416  -0.00189457
   -0.022934    0.0651891     0.121894     0.102395
  -0.0919643    0.0322063    0.0826746   0.00485082
   0.0978961   -0.0269955   -0.0400623    0.0891963
  -0.0160846   -0.0706989    0.0848547   -0.0133657
   0.0819381    0.0864569    -0.159239     0.218999
   0.0334206    0.0288498    -0.111703   -0.0136195
     0.13053   -0.0198841   -0.0501759   -0.0420519
   0.0754918    0.0290126  -0.00714591    0.0304508
  -0.0497709    0.0319251   -0.0182863    0.0107294
   0.0509977    -0.011873   -0.0860441    0.0535922
  -0.0293749   -0.0761622     0.164803   -0.0384374
   0.0569597 -0.000703463    -0.111478    -0.148397
  -0.0108109    0.0847178    0.0513359    0.0985973
   0.0157775   0.00455148   -0.0735766  -0.00322652
   0.0226582    0.0441444    0.0776636   -0.0200453
   0.0634536   -0.0467203    0.0803658   -0.0718612
   0.0329543    0.0600081   -0.0103218    0.0671377
   -0.108791    -0.109578   -0.0217963   -0.0395748
  -0.0493381    0.0570299   -0.0536228     0.100741
   -0.151478   -0.0279965    0.0487572   -0.0807803
   -0.102709   -0.0341344     0.112469     0.231576
  -0.0531417    0.0986829    0.0549184     0.137082
   0.0197219     -0.12016    0.0843307    -0.138536
   0.0159535    0.0414507    -0.037403    -0.105547
   -0.026512     0.019155    0.0201116    0.0130285
  0.00305627    0.0815674   -0.0508164   -0.0223829
    -0.13439   0.00673506    -0.024096    0.0191409
  -0.0170636    0.0725344   -0.0733279     0.163608
   0.0388388       0.1211    -0.111767     0.237015
  -0.0105642    -0.106325     0.035334    -0.059788
  -0.0531307   -0.0774112     0.156585     0.128165
    0.130864    0.0942887    -0.171596     0.183395
  -0.0840885    0.0595416    0.0890097   -0.0497275
   0.0331114   -0.0255716     0.103363    -0.110851
    0.103498    0.0285531   -0.0552572     0.200627
   0.0686113    -0.100868    0.0825719   -0.0569892
    -0.11306    0.0694394   -0.0391545    0.0235901
   0.0940427   -0.0199688   -0.0299467   -0.0510665
   0.0633094     0.011247    0.0838436   -0.0671742
   -0.045133   -0.0239348    0.0382613    0.0985981
  -0.0697869   -0.0234421    0.0421678    0.0094977
   -0.100023     0.146118      0.11805     0.209112
      0.1426    -0.036808    -0.103329   -0.0212908
  -0.0111454   -0.0064612    0.0134246    0.0398472
  0.00434533   -0.0950529    0.0813103   -0.0232016
  -0.0854272    0.0397136    -0.053026   -0.0255434
  -0.0492718   -0.0414284    0.0734131   -0.0130085
   -0.010398     0.104825    -0.182058     0.163153
  -0.0152791   -0.0274931    0.0539574   -0.0538452
 -0.00352258    -0.087846     0.112542    -0.168304
   -0.141688      0.27979    0.0223303     0.342749
   0.0640663   0.00445323   -0.0399849   -0.0418716
   0.0987399   -0.0211293  -0.00872825     0.100071
  -0.0984902    0.0462355    0.0221619    0.0802044
   0.0257543  -0.00344117  -0.00691115  3.55514e-05
    0.013592 -3.91303e-05   -0.0737329    -0.130761
   0.0576804    -0.131625    0.0791854     -0.38998
  -0.0810441   -0.0531582     0.066474   -0.0558523
    0.119737    -0.080793    -0.128583   -0.0462083
    0.102247   -0.0318547   -0.0480145    -0.113875
    0.102263   -0.0224741  -0.00791189   -0.0272375
  -0.0369461  -0.00328639   -0.0100785   0.00299562
    0.125592    -0.078168   -0.0637031    -0.142279
  -0.0894981    0.0272562     0.108775   -0.0242048
   0.0416495    0.0568966     0.064899    0.0777966
   0.0456395    0.0537103   -0.0848935   -0.0387717
    0.172494   -0.0168061    0.0494893   -0.0184463
  -0.0255782   -0.0712206   -0.0134823    -0.182216
  -0.0527018      0.13493    -0.125015     0.185771
    0.231118    -0.059121    0.0892528     0.130763
 -0.00832825   -0.0168717 -0.000477239   -0.0465355
   0.0666569    -0.134689   -0.0508145    -0.182706